ville,lien,Agriculteurs exploitants,"Artisans, commerçants, chefs d'entreprise",Cadres et professions intellectuelles supérieures,Professions intermédiaires,Employés,Ouvriers,Aucun diplôme,CAP / BEP ,Baccalauréat / brevet professionnel,Diplôme de l'enseignement supérieur,Aucun diplôme (%) hommes,Aucun diplôme (%) femmes,CAP / BEP  (%) hommes,CAP / BEP  (%) femmes,Baccalauréat / brevet professionnel (%) hommes,Baccalauréat / brevet professionnel (%) femmes,Diplôme de l'enseignement supérieur (%) hommes,Diplôme de l'enseignement supérieur (%) femmes
Andelot-Blancheville (52700),/management/ville/andelot-blancheville/ville-52008,30.0,5.0,30.0,71.0,137.0,126.0,255.0,220.0,132.0,95.0,30.2,41.7,37.5,24.0,19.6,18.3,12.7,14.2
Aast (64460),/management/ville/aast/ville-64001,5.0,24.0,19.0,24.0,29.0,10.0,26.0,47.0,23.0,49.0,15.9,18.7,39.1,24.4,14.5,17.3,30.4,37.3
Bauvin (59221),/management/ville/bauvin/ville-59052,15.0,97.0,214.0,627.0,856.0,668.0,1141.0,1111.0,684.0,899.0,24.2,34.7,34.9,22.1,19.0,16.8,21.9,24.9
Alboussière (07440),/management/ville/alboussiere/ville-07007,16.0,32.0,43.0,144.0,91.0,112.0,233.0,192.0,128.0,199.0,26.5,34.7,34.0,17.9,18.0,16.1,21.5,30.8
Aulnat (63510),/management/ville/aulnat/ville-63019,5.0,65.0,80.0,438.0,642.0,671.0,1076.0,1064.0,497.0,448.0,30.5,38.7,41.4,25.5,14.9,17.2,13.2,15.7
Bandol (83150),/management/ville/bandol/ville-83009,15.0,435.0,435.0,770.0,970.0,290.0,1943.0,1619.0,1425.0,2016.0,23.4,31.3,27.4,20.0,19.0,21.5,30.3,27.6
Avocourt (55270),/management/ville/avocourt/ville-55023,25.0,5.0,5.0,0.0,10.0,10.0,32.0,23.0,19.0,16.0,34.0,39.0,28.0,20.5,26.0,14.6,12.0,24.4
Arvieu (12120),/management/ville/arvieu/ville-12011,100.0,40.0,25.0,55.0,45.0,45.0,201.0,146.0,129.0,165.0,24.2,38.6,27.6,17.4,24.5,15.8,23.6,27.8
Blandas (30770),/management/ville/blandas/ville-30040,0.0,0.0,11.0,16.0,16.0,11.0,35.0,23.0,33.0,31.0,28.6,27.6,22.2,16.7,31.7,22.4,17.5,34.5
Bérat (31370),/management/ville/berat/ville-31065,20.0,74.0,168.0,420.0,510.0,312.0,437.0,606.0,398.0,589.0,20.6,22.5,35.7,23.4,19.2,20.0,24.5,33.1
Arcey (25750),/management/ville/arcey/ville-25022,10.0,20.0,65.0,230.0,181.0,125.0,293.0,309.0,156.0,276.0,22.2,34.4,39.0,20.1,13.3,16.8,25.5,27.9
Bonnefoi (61270),/management/ville/bonnefoi/ville-61052,0.0,5.0,5.0,20.0,39.0,15.0,35.0,58.0,21.0,24.0,17.1,33.3,57.1,24.0,12.9,17.4,12.9,23.2
Beauvoir (50170),/management/ville/beauvoir/ville-50042,25.0,20.0,20.0,20.0,24.0,40.0,125.0,97.0,41.0,68.0,34.4,41.1,35.6,20.6,14.4,10.7,15.6,25.0
Arvieux (05350),/management/ville/arvieux/ville-05007,15.0,31.0,10.0,46.0,46.0,10.0,59.0,92.0,61.0,78.0,14.7,25.7,40.6,22.2,23.1,19.6,21.7,31.8
Abainville (55130),/management/ville/abainville/ville-55001,20.0,0.0,10.0,35.0,10.0,45.0,91.0,82.0,33.0,26.0,32.8,46.4,44.3,22.8,14.8,13.6,8.2,14.5
Brion (38590),/management/ville/brion/ville-38060,5.0,0.0,0.0,20.0,15.0,15.0,30.0,26.0,17.0,27.0,28.6,31.9,32.1,18.4,17.9,14.9,21.4,34.0
Bandraboua (97650),/management/ville/bandraboua/ville-97602,,,,,,,,,,,,,,,,,,
Beugneux (02210),/management/ville/beugneux/ville-02082,5.0,0.0,0.0,25.0,5.0,20.0,34.0,17.0,16.0,15.0,47.6,35.0,21.4,20.5,16.7,22.5,14.3,22.5
Archail (04420),/management/ville/archail/ville-04009,0.0,0.0,0.0,5.0,0.0,5.0,6.0,4.0,2.0,2.0,42.9,42.9,28.6,25.0,14.3,14.3,14.3,14.3
Andelot-en-Montagne (39110),/management/ville/andelot-en-montagne/ville-39009,0.0,15.0,25.0,60.0,95.0,80.0,112.0,119.0,69.0,87.0,24.2,33.5,41.6,20.4,14.7,20.8,19.5,25.4
Bourbach-le-Haut (68290),/management/ville/bourbach-le-haut/ville-68046,0.0,10.0,50.0,70.0,55.0,35.0,56.0,106.0,57.0,101.0,12.2,23.1,43.9,21.7,14.6,21.2,29.3,34.0
Castelnau-Pégayrols (12620),/management/ville/castelnau-pegayrols/ville-12062,66.0,10.0,15.0,30.0,35.0,15.0,69.0,74.0,49.0,61.0,27.6,26.8,33.9,23.1,20.5,18.7,18.1,30.1
Bauzemont (54370),/management/ville/bauzemont/ville-54053,0.0,0.0,0.0,44.0,10.0,0.0,18.0,36.0,21.0,33.0,17.9,15.4,37.5,26.8,17.9,21.2,26.8,34.6
0,34.9,23.8,14.4,17.4,19.0,20.8
Avoine (37420),/management/ville/avoine/ville-37011,10.0,30.0,59.0,156.0,289.0,234.0,436.0,476.0,206.0,221.0,26.8,37.7,42.7,25.8,15.0,15.8,15.6,17.2
Blandin (38730),/management/ville/blandin/ville-38047,20.0,0.0,5.0,25.0,25.0,10.0,43.0,25.0,25.0,13.0,40.0,41.1,28.0,20.0,26.0,21.4,6.0,17.9
Albussac (19380),/management/ville/albussac/ville-19004,20.0,25.0,10.0,109.0,54.0,74.0,165.0,167.0,119.0,127.0,24.6,32.3,37.1,21.1,20.0,20.9,18.2,25.6
Béraut (32100),/management/ville/beraut/ville-32044,16.0,16.0,16.0,32.0,59.0,37.0,78.0,93.0,50.0,65.0,25.0,29.6,43.8,21.1,13.9,21.1,17.4,28.2
Campistrous (65300),/management/ville/campistrous/ville-65125,15.0,10.0,15.0,35.0,60.0,35.0,101.0,61.0,34.0,64.0,41.1,36.8,26.6,19.4,11.3,14.7,21.0,27.9
Bonnefond (19170),/management/ville/bonnefond/ville-19027,0.0,0.0,5.0,0.0,10.0,10.0,43.0,27.0,12.0,15.0,36.5,53.3,30.8,22.0,11.5,13.3,21.2,8.9
Charleville-Mézières (08000),/management/ville/charleville-mezieres/ville-08105,16.0,796.0,2191.0,4247.0,6238.0,5029.0,13337.0,9106.0,5221.0,7575.0,31.8,43.0,31.3,19.8,15.6,14.2,21.3,21.7
Champagnat (23190),/management/ville/champagnat/ville-23048,36.0,25.0,5.0,40.0,20.0,41.0,125.0,96.0,63.0,76.0,33.3,36.6,29.0,21.5,21.9,12.6,15.8,26.9
Beauvoir (60120),/management/ville/beauvoir/ville-60058,0.0,11.0,11.0,17.0,56.0,34.0,63.0,55.0,40.0,36.0,31.5,33.0,32.6,24.3,17.4,24.3,18.5,18.4
Arvigna (09100),/management/ville/arvigna/ville-09022,10.0,5.0,25.0,30.0,20.0,20.0,37.0,40.0,39.0,54.0,25.3,18.4,32.5,17.1,18.1,27.6,24.1,39.1
Bandrele (97660),/management/ville/bandrele/ville-97603,,,,,,,,,,,,,,,,,,
Busseaut (21510),/management/ville/busseaut/ville-21117,0.0,0.0,0.0,0.0,5.0,5.0,17.0,12.0,8.0,4.0,30.4,55.6,39.1,16.7,21.7,16.7,8.7,11.1
Brion (48310),/management/ville/brion/ville-48031,25.0,0.0,0.0,5.0,0.0,5.0,27.0,18.0,13.0,10.0,26.3,56.7,36.8,13.3,23.7,13.3,13.2,16.7
Comberanche-et-Épeluche (24600),/management/ville/comberanche-et-epeluche/ville-24128,0.0,0.0,0.0,0.0,35.0,35.0,47.0,40.0,24.0,20.0,23.3,46.5,43.3,18.9,21.7,15.5,11.7,18.3
Cerisy-Buleux (80140),/management/ville/cerisy-buleux/ville-80183,20.0,5.0,15.0,35.0,25.0,40.0,78.0,50.0,24.0,46.0,33.3,45.5,37.4,13.7,7.1,17.2,22.2,24.2
Courléon (49390),/management/ville/courleon/ville-49114,0.0,5.0,0.0,15.0,5.0,10.0,51.0,24.0,29.0,16.0,34.4,49.2,19.7,20.3,31.1,16.4,14.8,13.1
Beugnies (59216),/management/ville/beugnies/ville-59078,15.0,10.0,40.0,55.0,85.0,130.0,109.0,142.0,84.0,124.0,18.4,29.5,40.6,19.7,20.1,16.5,20.9,33.5
Abancourt (59268),/management/ville/abancourt/ville-59001,0.0,25.0,5.0,90.0,40.0,60.0,70.0,96.0,58.0,108.0,18.3,23.9,36.1,21.1,15.4,19.6,30.2,35.0
Châtillon-sur-Broué (51290),/management/ville/chatillon-sur-broue/ville-51135,15.0,0.0,5.0,19.0,10.0,0.0,19.0,20.0,14.0,8.0,30.3,33.3,33.3,30.3,21.2,23.3,15.2,10.0
Brans (39290),/management/ville/brans/ville-39074,5.0,15.0,0.0,34.0,20.0,29.0,41.0,46.0,25.0,47.0,24.1,28.0,38.0,19.5,11.4,19.5,26.6,32.9
Alby-sur-Chéran (74540),/management/ville/alby-sur-cheran/ville-74002,5.0,73.0,131.0,440.0,335.0,388.0,395.0,455.0,295.0,564.0,23.4,22.8,31.1,21.4,15.1,19.6,30.5,35.7
Cornay (08250),/management/ville/cornay/ville-08131,0.0,5.0,0.0,5.0,0.0,0.0,23.0,13.0,10.0,7.0,33.3,51.9,25.9,22.6,25.9,11.1,14.8,11.1
4.2,27.8,36.7
Chermisey (88630),/management/ville/chermisey/ville-88102,0.0,0.0,0.0,0.0,20.0,20.0,23.0,33.0,14.0,8.0,20.5,39.5,46.2,31.1,17.9,18.4,15.4,5.3
Blandouet-Saint Jean (53270),/management/ville/blandouet-saint-jean/ville-53228,36.0,5.0,20.0,61.0,71.0,102.0,151.0,144.0,72.0,86.0,29.7,36.7,38.9,22.2,15.5,16.7,15.9,22.8
Campitello (20252),/management/ville/campitello/ville-2B055,0.0,7.0,3.0,14.0,4.0,10.0,30.0,27.0,24.0,22.0,24.0,34.0,32.0,20.8,26.0,20.8,18.0,24.5
Arvillard (73110),/management/ville/arvillard/ville-73021,15.0,39.0,39.0,144.0,73.0,78.0,140.0,185.0,109.0,199.0,17.9,26.0,37.0,20.9,17.5,16.8,27.6,35.2
Bonnefont (65220),/management/ville/bonnefont/ville-65095,11.0,21.0,21.0,32.0,42.0,26.0,93.0,101.0,46.0,57.0,27.7,35.2,40.6,24.1,15.5,15.5,16.1,22.5
Archamps (74160),/management/ville/archamps/ville-74016,10.0,96.0,382.0,453.0,347.0,166.0,263.0,369.0,308.0,860.0,13.5,15.7,23.6,17.2,18.2,16.1,44.7,50.8
Aulnay (17470),/management/ville/aulnay/ville-17024,36.0,57.0,26.0,88.0,187.0,125.0,401.0,384.0,186.0,189.0,29.2,39.4,41.7,23.5,13.8,18.2,15.2,17.2
Beauvoir (77390),/management/ville/beauvoir/ville-77029,0.0,15.0,5.0,25.0,40.0,15.0,30.0,61.0,27.0,37.0,18.4,20.3,48.7,27.3,15.8,19.0,17.1,30.4
Bourberain (21610),/management/ville/bourberain/ville-21094,5.0,5.0,10.0,70.0,50.0,35.0,65.0,91.0,52.0,62.0,14.9,33.1,46.3,21.0,18.7,19.9,20.1,25.7
Charleville-sous-Bois (57220),/management/ville/charleville-sous-bois/ville-57128,0.0,10.0,20.0,35.0,25.0,35.0,83.0,64.0,41.0,62.0,25.4,41.1,36.5,15.5,11.9,21.0,26.2,23.4
Châtillon-sur-Chalaronne (01400),/management/ville/chatillon-sur-chalaronne/ville-01093,5.0,166.0,221.0,664.0,538.0,629.0,1362.0,991.0,591.0,802.0,29.1,42.3,32.0,20.5,16.8,14.9,22.1,20.8
Champagnat (71480),/management/ville/champagnat/ville-71079,15.0,15.0,10.0,45.0,45.0,79.0,132.0,121.0,49.0,51.0,35.2,39.7,38.5,25.5,15.1,12.6,11.2,17.8
Berbérust-Lias (65100),/management/ville/berberust-lias/ville-65082,5.0,5.0,0.0,0.0,0.0,0.0,12.0,8.0,7.0,7.0,42.1,26.7,31.6,16.7,10.5,33.3,15.8,26.7
Comberjon (70000),/management/ville/comberjon/ville-70166,0.0,5.0,21.0,10.0,26.0,21.0,44.0,50.0,28.0,18.0,28.6,34.8,50.0,23.4,11.4,29.0,10.0,14.5
Castelnau-Picampeau (31430),/management/ville/castelnau-picampeau/ville-31119,0.0,15.0,30.0,25.0,35.0,15.0,40.0,49.0,31.0,42.0,23.8,25.6,38.8,22.0,16.3,22.0,21.3,30.5
Beugnon (89570),/management/ville/beugnon/ville-89041,5.0,5.0,5.0,36.0,46.0,41.0,85.0,87.0,35.0,35.0,29.7,41.0,39.8,27.2,16.1,12.3,14.4,13.9
Bonnefontaine (39800),/management/ville/bonnefontaine/ville-39065,0.0,0.0,0.0,24.0,14.0,5.0,19.0,7.0,11.0,31.0,25.7,29.4,11.4,9.7,17.1,17.6,45.7,44.1
Andelu (78770),/management/ville/andelu/ville-78013,0.0,20.0,55.0,80.0,50.0,25.0,49.0,73.0,60.0,135.0,15.3,15.5,21.0,23.5,18.5,19.3,45.2,40.4
Alçay-Alçabéhéty-Sunharette (64470),/management/ville/alcay-alcabehety-sunharette/ville-64015,15.0,0.0,10.0,5.0,15.0,30.0,70.0,61.0,18.0,38.0,36.5,38.5,40.6,20.6,12.5,6.6,10.4,30.8
Cornebarrieu (31700),/management/ville/cornebarrieu/ville-31150,5.0,177.0,946.0,1025.0,777.0,458.0,777.0,983.0,794.0,2114.0,14.5,18.7,24.7,17.6,15.7,18.2,45.0,45.5
Claix (16440),/management/ville/claix/ville-16101,10.0,35.0,65.0,136.0,181.0,90.0,166.0,254.0,133.0,165.0,18.6,27.5,40.7,27.0,19.2,17.9,21.5,24.2
Bransat (03500),/management/ville/bransat/ville-03038,0.0,15.0,34.0,64.0,39.0,59.0,120.0,124.0,66.0,84.0,27.0,34.2,36.0,24.1,18.5,15.0,18.5,23.8
Berbezit (43160),/management/ville/berbezit/ville-43027,5.0,0.0,0.0,0.0,5.0,10.0,16.0,10.0,11.0,8.0,33.3,38.9,22.2,23.5,22.2,27.8,22.2,11.1
Bavans (25550),/management/ville/bavans/ville-25048,15.0,75.0,233.0,339.0,378.0,522.0,944.0,810.0,432.0,576.0,30.6,37.7,32.0,24.4,14.4,16.8,23.0,18.7
Busséol (63270),/management/ville/busseol/ville-63059,0.0,20.0,20.0,20.0,46.0,10.0,22.0,53.0,17.0,66.0,13.4,14.9,37.8,24.1,11.0,10.8,37.8,45.9
Avoise (72430),/management/ville/avoise/ville-72021,26.0,5.0,26.0,62.0,47.0,118.0,145.0,171.0,69.0,77.0,27.5,35.9,45.1,24.9,13.5,16.6,13.9,19.8
Camplong (34260),/management/ville/camplong/ville-34049,0.0,5.0,15.0,5.0,35.0,20.0,72.0,60.0,36.0,26.0,34.4,39.6,33.3,26.4,17.2,19.8,15.1,11.9
Chermizy-Ailles (02860),/management/ville/chermizy-ailles/ville-02178,0.0,5.0,5.0,5.0,20.0,15.0,20.0,23.0,12.0,22.0,25.0,27.0,42.5,16.7,12.5,18.9,20.0,37.8
Blandy (77115),/management/ville/blandy/ville-77034,5.0,59.0,78.0,108.0,103.0,59.0,121.0,142.0,87.0,195.0,19.5,24.7,32.1,20.1,13.4,18.4,35.1,36.4
Castelnau-Rivière-Basse (65700),/management/ville/castelnau-riviere-basse/ville-65130,5.0,30.0,10.0,35.0,95.0,80.0,278.0,124.0,61.0,93.0,47.9,51.9,27.9,16.5,8.7,13.1,15.5,17.9
Crion (54300),/management/ville/crion/ville-54147,5.0,0.0,5.0,0.0,25.0,20.0,17.0,29.0,6.0,16.0,15.2,34.3,48.5,28.3,12.1,5.7,24.2,22.9
Arville (77890),/management/ville/arville/ville-77009,0.0,0.0,5.0,20.0,15.0,10.0,23.0,31.0,20.0,25.0,22.4,24.0,30.6,28.1,22.4,18.0,24.5,26.0
Brion (71190),/management/ville/brion/ville-71062,20.0,0.0,15.0,36.0,20.0,15.0,50.0,89.0,59.0,57.0,12.5,26.4,39.1,27.5,26.6,20.2,21.9,23.3
Cerisy-la-Forêt (50680),/management/ville/cerisy-la-foret/ville-50110,25.0,25.0,29.0,93.0,98.0,98.0,266.0,221.0,113.0,145.0,29.6,41.2,37.7,20.9,14.7,15.5,18.0,21.0
Bourbévelle (70500),/management/ville/bourbevelle/ville-70086,0.0,0.0,5.0,11.0,5.0,16.0,30.0,23.0,7.0,11.0,32.4,54.8,43.2,19.4,10.8,6.5,13.5,16.1
Archelange (39290),/management/ville/archelange/ville-39014,0.0,0.0,5.0,15.0,36.0,31.0,34.0,48.0,32.0,55.0,19.5,19.8,35.6,21.3,14.9,22.2,29.9,37.0
Baneins (01990),/management/ville/baneins/ville-01028,10.0,20.0,25.0,80.0,85.0,104.0,114.0,150.0,83.0,95.0,26.0,25.6,40.2,26.2,16.0,21.5,17.8,25.1
Aulnay (86330),/management/ville/aulnay/ville-86013,15.0,5.0,5.0,5.0,5.0,0.0,36.0,23.0,10.0,14.0,36.6,48.8,24.4,25.0,19.5,4.9,19.5,14.6
Branscourt (51140),/management/ville/branscourt/ville-51081,0.0,5.0,29.0,58.0,29.0,34.0,33.0,45.0,40.0,88.0,15.5,16.0,23.7,20.2,16.5,21.7,44.3,42.5
Bavay (59570),/management/ville/bavay/ville-59053,35.0,60.0,80.0,296.0,475.0,499.0,858.0,749.0,402.0,528.0,25.5,40.9,36.6,21.7,17.1,14.8,20.9,20.8
Blandy (91150),/management/ville/blandy/ville-91067,5.0,5.0,0.0,10.0,35.0,20.0,23.0,35.0,20.0,11.0,10.4,43.9,54.2,22.0,22.9,22.0,12.5,12.2
Comberouger (82600),/management/ville/comberouger/ville-82043,10.0,10.0,15.0,15.0,40.0,60.0,66.0,68.0,43.0,34.0,26.8,36.4,39.3,22.6,23.2,17.2,10.7,22.2
Beauvoir (89240),/management/ville/beauvoir/ville-89033,0.0,5.0,15.0,81.0,45.0,40.0,70.0,78.0,60.0,67.0,23.7,27.8,34.5,22.3,19.4,24.1,22.3,26.3
Criquebeuf-en-Caux (76111),/management/ville/criquebeuf-en-caux/ville-76194,0.0,0.0,19.0,48.0,62.0,19.0,82.0,80.0,60.0,71.0,23.9,31.8,34.1,20.8,21.7,19.7,20.3,27.4
Arvillers (80910),/management/ville/arvillers/ville-80031,41.0,36.0,20.0,127.0,117.0,71.0,172.0,149.0,97.0,155.0,28.0,32.3,35.0,17.3,15.0,18.8,22.0,31.9
Courlon (21580),/management/ville/courlon/ville-21207,0.0,0.0,15.0,5.0,10.0,5.0,8.0,21.0,14.0,20.0,10.8,15.4,35.1,27.6,24.3,19.2,29.7,34.6
Bonnegarde (40330),/management/ville/bonnegarde/ville-40047,40.0,0.0,10.0,30.0,10.0,20.0,65.0,70.0,39.0,45.0,25.9,33.6,39.3,23.0,17.0,18.7,17.9,23.4
Charlieu (42190),/management/ville/charlieu/ville-42052,0.0,117.0,143.0,314.0,574.0,577.0,1221.0,681.0,514.0,464.0,37.0,46.7,31.7,17.6,15.9,19.4,15.4,16.7
Castelnau-sur-Gupie (47180),/management/ville/castelnau-sur-gupie/ville-47056,5.0,47.0,31.0,119.0,108.0,83.0,220.0,208.0,104.0,150.0,29.0,35.4,37.6,22.2,13.4,17.0,20.0,23.9
Andernay (55800),/management/ville/andernay/ville-55011,5.0,10.0,0.0,25.0,30.0,44.0,59.0,76.0,30.0,31.0,36.5,24.2,37.5,32.0,14.6,16.2,11.5,20.2
Claix (38640),/management/ville/claix/ville-38111,5.0,275.0,1210.0,1217.0,751.0,386.0,989.0,1190.0,962.0,2655.0,15.2,18.8,23.4,17.7,16.0,17.2,45.4,46.2
Cerisy-la-Salle (50210),/management/ville/cerisy-la-salle/ville-50111,20.0,15.0,30.0,101.0,126.0,157.0,300.0,223.0,137.0,138.0,33.2,42.1,32.9,21.4,17.7,16.9,16.2,18.4
Arches (15200),/management/ville/arches/ville-15010,5.0,0.0,5.0,14.0,15.0,10.0,61.0,31.0,20.0,26.0,43.3,43.1,26.9,18.2,16.4,12.5,13.4,25.0
Baneuil (24150),/management/ville/baneuil/ville-24023,20.0,10.0,15.0,25.0,40.0,55.0,88.0,114.0,46.0,39.0,30.1,31.2,43.8,30.7,12.3,19.9,13.7,13.5
Bavelincourt (80260),/management/ville/bavelincourt/ville-80056,5.0,0.0,5.0,11.0,16.0,11.0,20.0,24.0,16.0,23.0,32.6,10.8,26.1,30.8,15.2,27.0,26.1,29.7
Abancourt (60220),/management/ville/abancourt/ville-60001,15.0,30.0,0.0,35.0,85.0,165.0,204.0,177.0,53.0,37.0,36.9,49.8,42.8,26.0,14.4,8.1,5.9,9.8
Champagnat-le-Jeune (63580),/management/ville/champagnat-le-jeune/ville-63079,0.0,0.0,0.0,20.0,10.0,25.0,30.0,40.0,28.0,26.0,18.8,30.0,40.6,23.7,20.3,25.0,20.3,21.7
Châtillon-sur-Cher (41130),/management/ville/chatillon-sur-cher/ville-41043,35.0,75.0,30.0,135.0,209.0,315.0,552.0,417.0,181.0,164.0,36.1,48.0,40.2,21.0,14.2,13.4,9.5,15.5
Beugnon-Thireuil (79130),/management/ville/beugnon-thireuil/ville-79077,40.0,20.0,10.0,50.0,60.0,50.0,187.0,171.0,85.0,113.0,30.5,37.2,37.6,22.4,14.0,16.2,17.9,22.4
Chéronnac (87600),/management/ville/cheronnac/ville-87044,5.0,25.0,0.0,10.0,20.0,39.0,118.0,68.0,53.0,51.0,33.6,47.3,32.9,15.8,14.3,22.0,19.3,16.0
Aldudes (64430),/management/ville/aldudes/ville-64016,39.0,10.0,0.0,24.0,24.0,34.0,72.0,83.0,50.0,51.0,30.1,25.8,36.1,25.9,21.8,16.9,12.0,28.2
Bourbon-l'Archambault (03160),/management/ville/bourbon-l-archambault/ville-03036,40.0,109.0,84.0,159.0,325.0,273.0,916.0,478.0,309.0,392.0,36.6,49.2,31.2,16.0,15.4,14.3,16.9,20.2
Brion (86160),/management/ville/brion/ville-86038,10.0,0.0,15.0,31.0,31.0,31.0,36.0,74.0,32.0,37.0,17.4,23.0,45.7,30.8,17.4,17.2,19.6,23.0
Aulnay-l'Aître (51240),/management/ville/aulnay-l-aitre/ville-51022,5.0,0.0,5.0,9.0,33.0,19.0,34.0,30.0,22.0,36.0,22.4,32.8,37.9,14.0,12.1,23.4,27.6,31.3
Castelnau-sur-l'Auvignon (32100),/management/ville/castelnau-sur-l-auvignon/ville-32080,10.0,10.0,0.0,10.0,25.0,5.0,37.0,27.0,26.0,27.0,31.7,31.6,26.7,20.4,20.0,24.6,21.7,24.6
Clam (17500),/management/ville/clam/ville-17108,5.0,10.0,25.0,66.0,25.0,46.0,99.0,99.0,53.0,62.0,32.9,30.6,34.8,25.6,18.7,14.6,13.5,25.5
Corneilhan (34490),/management/ville/corneilhan/ville-34084,25.0,60.0,60.0,100.0,310.0,105.0,407.0,369.0,259.0,341.0,29.2,29.9,30.5,22.7,18.2,19.3,22.0,27.2
Berbiguières (24220),/management/ville/berbiguieres/ville-24036,5.0,5.0,10.0,10.0,20.0,15.0,40.0,44.0,33.0,33.0,24.6,29.1,37.7,23.4,17.4,25.3,20.3,22.8
Bransles (77620),/management/ville/bransles/ville-77050,21.0,5.0,26.0,36.0,77.0,42.0,143.0,117.0,61.0,78.0,35.8,35.8,34.3,22.9,12.4,17.9,17.4,21.9
Avolsheim (67120),/management/ville/avolsheim/ville-67016,5.0,15.0,40.0,118.0,138.0,102.0,114.0,201.0,95.0,153.0,14.2,26.9,42.2,25.5,17.6,16.0,26.0,28.4
Combertault (21200),/management/ville/combertault/ville-21185,0.0,15.0,55.0,45.0,70.0,59.0,85.0,90.0,72.0,121.0,22.2,24.0,26.5,21.1,22.7,16.4,28.6,37.2
Criquebeuf-la-Campagne (27110),/management/ville/criquebeuf-la-campagne/ville-27187,30.0,5.0,10.0,25.0,30.0,40.0,53.0,68.0,37.0,42.0,21.1,31.1,43.2,23.2,21.1,16.5,14.7,27.2
Beauvoir-de-Marc (38440),/management/ville/beauvoir-de-marc/ville-38035,5.0,92.0,61.0,183.0,153.0,71.0,230.0,253.0,159.0,203.0,25.2,29.2,38.3,21.2,18.3,19.3,18.1,29.7
Blangerval-Blangermont (62270),/management/ville/blangerval-blangermont/ville-62137,11.0,0.0,6.0,17.0,22.0,11.0,24.0,27.0,14.0,19.0,19.1,41.0,36.2,23.3,19.1,15.4,25.5,17.9
Châtillon-sur-Cluses (74300),/management/ville/chatillon-sur-cluses/ville-74064,0.0,71.0,145.0,172.0,160.0,115.0,207.0,249.0,166.0,314.0,19.1,25.3,34.4,18.8,16.1,19.3,30.4,36.7
Bonneil (02400),/management/ville/bonneil/ville-02098,45.0,5.0,50.0,40.0,45.0,60.0,81.0,100.0,47.0,52.0,27.3,30.7,38.8,28.0,16.5,17.1,17.3,20.0
Abaucourt (54610),/management/ville/abaucourt/ville-54001,0.0,10.0,10.0,45.0,25.0,25.0,62.0,84.0,30.0,57.0,21.5,31.0,44.9,25.2,10.3,15.1,23.4,25.4
Bavent (14860),/management/ville/bavent/ville-14046,0.0,54.0,138.0,232.0,222.0,217.0,342.0,412.0,202.0,334.0,23.6,29.3,36.6,24.4,15.6,15.8,24.1,27.6
Chéronvilliers (27250),/management/ville/cheronvilliers/ville-27156,0.0,25.0,25.0,55.0,85.0,105.0,151.0,121.0,59.0,51.0,37.3,41.5,35.2,25.1,15.0,16.0,12.4,14.4
Busserolles (24360),/management/ville/busserolles/ville-24070,20.0,45.0,25.0,38.0,38.0,63.0,204.0,83.0,68.0,75.0,41.6,52.9,24.4,14.4,17.7,14.0,16.3,18.6
Corneilla-de-Conflent (66820),/management/ville/corneilla-de-conflent/ville-66057,10.0,5.0,10.0,35.0,60.0,65.0,122.0,113.0,60.0,60.0,33.7,34.6,36.6,25.0,16.3,17.6,13.4,20.3
Cerizay (79140),/management/ville/cerizay/ville-79062,30.0,85.0,135.0,340.0,476.0,936.0,1487.0,1101.0,485.0,504.0,35.8,47.0,37.4,22.0,13.9,13.2,12.8,15.2
Arches (88380),/management/ville/arches/ville-88011,10.0,60.0,85.0,240.0,200.0,230.0,333.0,420.0,210.0,307.0,19.7,32.2,37.8,25.4,17.6,15.6,24.8,23.6
Bangor (56360),/management/ville/bangor/ville-56009,15.0,55.0,74.0,69.0,104.0,114.0,165.0,235.0,167.0,197.0,20.1,22.9,37.0,24.6,19.3,24.4,23.5,28.1
Camplong-d'Aude (11200),/management/ville/camplong-d-aude/ville-11064,15.0,15.0,15.0,25.0,51.0,81.0,110.0,77.0,50.0,38.0,38.7,42.0,32.1,22.1,19.7,15.9,9.5,18.1
Champagne (07340),/management/ville/champagne/ville-07051,10.0,26.0,31.0,84.0,73.0,73.0,101.0,146.0,98.0,108.0,19.8,24.7,39.7,23.8,19.4,24.2,21.1,27.4
Beugny (62124),/management/ville/beugny/ville-62122,0.0,5.0,5.0,36.0,50.0,85.0,99.0,76.0,47.0,48.0,36.8,37.0,29.3,24.2,18.8,16.3,15.0,20.0
Bourbon-Lancy (71140),/management/ville/bourbon-lancy/ville-71047,34.0,145.0,85.0,381.0,605.0,805.0,1867.0,1381.0,472.0,470.0,34.1,53.3,44.9,20.5,11.6,11.0,9.4,12.8
Alembon (62850),/management/ville/alembon/ville-62020,5.0,10.0,20.0,65.0,126.0,75.0,149.0,106.0,83.0,95.0,31.8,37.2,29.4,19.0,21.5,16.7,17.3,26.5
Courlon-sur-Yonne (89140),/management/ville/courlon-sur-yonne/ville-89124,5.0,95.0,25.0,131.0,176.0,203.0,279.0,307.0,146.0,165.0,28.0,34.1,42.4,24.8,12.6,19.8,17.0,19.6
Charly (18350),/management/ville/charly/ville-18054,15.0,10.0,10.0,15.0,30.0,15.0,74.0,57.0,32.0,40.0,36.3,38.4,29.4,23.9,14.7,16.2,19.6,19.2
Arx (40310),/management/ville/arx/ville-40015,0.0,0.0,0.0,13.0,7.0,7.0,22.0,13.0,13.0,12.0,34.6,38.2,34.6,13.8,15.4,26.5,15.4,23.5
Brion (89400),/management/ville/brion/ville-89056,0.0,20.0,15.0,90.0,85.0,80.0,120.0,167.0,89.0,98.0,24.9,25.7,39.1,28.6,16.3,21.2,19.7,21.6
Clamanges (51130),/management/ville/clamanges/ville-51154,24.0,15.0,5.0,20.0,10.0,44.0,46.0,47.0,22.0,36.0,23.7,36.4,36.8,22.4,15.8,14.3,23.7,24.7
Andernos-les-Bains (33510),/management/ville/andernos-les-bains/ville-33005,46.0,562.0,751.0,1227.0,1195.0,577.0,2569.0,2576.0,1955.0,2816.0,21.4,29.6,29.4,22.3,20.3,19.3,29.0,27.9
Aulnay-la-Rivière (45390),/management/ville/aulnay-la-riviere/ville-45014,10.0,46.0,0.0,41.0,46.0,81.0,123.0,137.0,60.0,75.0,29.2,33.2,44.6,23.3,10.9,19.7,15.3,22.8
Bercenay-en-Othe (10190),/management/ville/bercenay-en-othe/ville-10037,5.0,20.0,10.0,61.0,76.0,40.0,88.0,106.0,63.0,80.0,20.2,32.3,36.9,24.4,18.5,18.6,24.4,22.8
Castelnau-Tursan (40320),/management/ville/castelnau-tursan/ville-40072,15.0,5.0,10.0,25.0,10.0,15.0,52.0,55.0,27.0,28.0,31.3,32.9,40.0,25.3,16.3,17.1,12.5,22.0
Blangy-le-Château (14130),/management/ville/blangy-le-chateau/ville-14077,0.0,10.0,30.0,74.0,109.0,59.0,162.0,140.0,80.0,140.0,26.4,35.3,36.8,17.5,14.0,16.9,22.8,30.1
Brantes (84390),/management/ville/brantes/ville-84021,10.0,5.0,0.0,10.0,20.0,0.0,20.0,11.0,17.0,18.0,25.8,34.3,22.6,13.3,25.8,25.7,25.8,28.6
Avon (77210),/management/ville/avon/ville-77014,0.0,209.0,1553.0,1909.0,1961.0,837.0,2626.0,1949.0,1719.0,3971.0,23.8,27.0,20.8,17.6,15.7,17.6,39.8,37.8
Châtillon-sur-Colmont (53100),/management/ville/chatillon-sur-colmont/ville-53064,76.0,36.0,10.0,96.0,91.0,133.0,330.0,218.0,128.0,91.0,38.6,47.8,33.2,21.7,18.4,14.9,9.8,13.6
Archettes (88380),/management/ville/archettes/ville-88012,0.0,30.0,20.0,136.0,131.0,151.0,230.0,234.0,166.0,222.0,22.2,31.5,33.7,20.9,20.2,18.9,23.9,28.1
Champagne (17620),/management/ville/champagne/ville-17083,25.0,25.0,15.0,89.0,84.0,69.0,116.0,132.0,84.0,119.0,26.5,24.6,37.6,20.6,18.1,19.2,17.7,35.3
Beauvoir-en-Lyons (76220),/management/ville/beauvoir-en-lyons/ville-76067,10.0,10.0,41.0,88.0,77.0,114.0,145.0,156.0,89.0,83.0,32.0,29.0,39.8,25.4,14.1,23.8,14.1,21.2
Courmangoux (01370),/management/ville/courmangoux/ville-01127,0.0,25.0,15.0,80.0,70.0,50.0,84.0,128.0,57.0,111.0,19.3,25.3,40.1,24.2,14.2,15.6,26.4,32.3
Cérizols (09230),/management/ville/cerizols/ville-09094,5.0,5.0,0.0,20.0,10.0,5.0,37.0,29.0,26.0,31.0,29.1,30.9,34.5,16.1,18.2,23.5,18.2,30.9
Chéroy (89690),/management/ville/cheroy/ville-89100,0.0,85.0,55.0,130.0,295.0,125.0,498.0,379.0,203.0,172.0,33.2,45.4,37.5,22.4,15.4,16.9,13.8,13.6
Brion-près-Thouet (79290),/management/ville/brion-pres-thouet/ville-79056,10.0,25.0,25.0,61.0,132.0,132.0,172.0,234.0,76.0,90.0,26.9,33.0,43.5,30.6,12.9,14.0,16.7,15.1
Busserotte-et-Montenaille (21580),/management/ville/busserotte-et-montenaille/ville-21118,0.0,0.0,0.0,5.0,10.0,0.0,2.0,4.0,9.0,7.0,7.7,11.1,7.7,33.3,46.2,33.3,38.5,22.2
Corneilla-del-Vercol (66200),/management/ville/corneilla-del-vercol/ville-66059,10.0,75.0,80.0,235.0,360.0,255.0,489.0,469.0,304.0,419.0,27.4,30.7,33.6,21.9,17.0,19.0,22.0,27.6
Combes (34240),/management/ville/combes/ville-34083,0.0,5.0,10.0,44.0,45.0,15.0,108.0,72.0,51.0,69.0,35.3,36.3,26.9,20.8,15.4,19.2,22.4,23.3
Criquebeuf-sur-Seine (27340),/management/ville/criquebeuf-sur-seine/ville-27188,19.0,34.0,73.0,224.0,185.0,151.0,247.0,295.0,162.0,307.0,20.2,28.3,36.2,20.9,17.2,15.0,26.5,34.2
Bercenay-le-Hayer (10290),/management/ville/bercenay-le-hayer/ville-10038,5.0,0.0,10.0,10.0,39.0,20.0,42.0,44.0,23.0,26.0,26.2,34.7,36.9,25.0,18.5,16.7,18.5,20.8
Baverans (39100),/management/ville/baverans/ville-39042,5.0,20.0,60.0,80.0,65.0,40.0,56.0,103.0,61.0,127.0,15.2,17.0,35.8,22.9,16.4,18.7,32.7,40.1
Banios (65200),/management/ville/banios/ville-65060,20.0,5.0,0.0,0.0,0.0,5.0,10.0,7.0,4.0,16.0,21.1,33.3,10.5,22.7,15.8,5.6,52.6,33.3
Bonnelles (78830),/management/ville/bonnelles/ville-78087,5.0,65.0,346.0,248.0,189.0,132.0,242.0,272.0,258.0,620.0,15.1,19.6,23.3,16.4,17.9,19.2,43.8,45.4
Campneuseville (76340),/management/ville/campneuseville/ville-76154,5.0,15.0,0.0,35.0,65.0,115.0,187.0,118.0,36.0,25.0,42.0,59.5,43.8,19.7,7.4,12.1,6.8,6.8
Abaucourt-Hautecourt (55400),/management/ville/abaucourt-hautecourt/ville-55002,0.0,0.0,0.0,11.0,16.0,16.0,23.0,36.0,20.0,10.0,17.0,34.9,53.2,24.4,25.5,20.9,4.3,18.6
Arzacq-Arraziguet (64410),/management/ville/arzacq-arraziguet/ville-64063,10.0,26.0,46.0,138.0,184.0,102.0,278.0,228.0,154.0,163.0,28.4,38.6,32.5,22.3,18.8,18.8,20.3,19.3
Aulnay-sous-Bois (93600),/management/ville/aulnay-sous-bois/ville-93005,2.0,2021.0,4348.0,8294.0,12504.0,9355.0,22200.0,11209.0,9793.0,12721.0,39.2,40.2,22.0,18.1,16.8,18.2,21.9,23.5
Castelnau-Valence (30190),/management/ville/castelnau-valence/ville-30072,21.0,26.0,10.0,46.0,75.0,57.0,95.0,82.0,57.0,72.0,35.2,26.7,32.1,21.3,16.4,21.3,16.4,30.7
Blangy-sous-Poix (80290),/management/ville/blangy-sous-poix/ville-80106,0.0,5.0,10.0,26.0,36.0,16.0,35.0,41.0,33.0,32.0,22.9,27.8,40.0,20.0,18.6,27.8,18.6,26.4
Charly (69390),/management/ville/charly/ville-69046,10.0,214.0,721.0,597.0,331.0,152.0,626.0,583.0,557.0,1477.0,16.2,22.2,20.3,16.1,16.9,17.4,46.6,44.6
Clamart (92140),/management/ville/clamart/ville-92023,3.0,1401.0,8810.0,6894.0,6435.0,2522.0,8153.0,5969.0,5794.0,17318.0,21.1,22.6,17.3,15.1,15.0,16.1,46.6,46.4
Alençon (61000),/management/ville/alencon/ville-61001,26.0,527.0,1216.0,2327.0,3555.0,2781.0,7346.0,4989.0,2737.0,4192.0,33.3,42.0,31.2,20.2,14.3,14.2,21.2,22.2
Anderny (54560),/management/ville/anderny/ville-54015,0.0,10.0,20.0,40.0,30.0,25.0,53.0,63.0,26.0,40.0,26.3,32.2,43.2,22.4,15.8,12.6,14.7,29.9
Beuil (06470),/management/ville/beuil/ville-06016,0.0,68.0,29.0,34.0,59.0,54.0,100.0,125.0,99.0,96.0,19.9,28.2,35.4,23.8,21.2,26.2,23.5,22.6
Brantigny (88130),/management/ville/brantigny/ville-88073,0.0,10.0,10.0,20.0,35.0,35.0,35.0,44.0,17.0,55.0,18.2,28.4,37.7,18.3,13.0,9.5,31.2,41.9
Bourbonne-les-Bains (52400),/management/ville/bourbonne-les-bains/ville-52060,29.0,107.0,40.0,115.0,283.0,222.0,915.0,462.0,218.0,261.0,41.1,55.8,33.7,16.9,11.4,12.0,13.9,14.2
Avon (79800),/management/ville/avon/ville-79023,10.0,0.0,0.0,5.0,15.0,10.0,21.0,18.0,9.0,6.0,48.3,29.6,44.8,23.1,6.9,25.9,0.0,22.2
Archiac (17520),/management/ville/archiac/ville-17016,46.0,15.0,31.0,65.0,94.0,96.0,258.0,177.0,95.0,79.0,37.2,46.5,35.7,22.0,16.2,15.2,10.9,14.3
Criquetot-l'Esneval (76280),/management/ville/criquetot-l-esneval/ville-76196,35.0,40.0,96.0,256.0,372.0,352.0,618.0,553.0,310.0,343.0,28.6,38.6,36.2,22.9,18.3,15.8,16.9,20.5
Courmas (51390),/management/ville/courmas/ville-51188,24.0,5.0,15.0,63.0,15.0,5.0,22.0,37.0,31.0,62.0,16.2,13.8,25.7,22.9,21.6,20.0,36.5,42.5
Aulnay-sur-Iton (27180),/management/ville/aulnay-sur-iton/ville-27023,10.0,20.0,53.0,103.0,84.0,60.0,134.0,147.0,99.0,155.0,19.9,30.1,32.7,21.4,18.8,18.2,28.6,29.4
Banize (23120),/management/ville/banize/ville-23016,16.0,10.0,10.0,16.0,16.0,21.0,52.0,42.0,32.0,30.0,32.5,33.3,28.9,23.4,20.5,21.3,18.1,21.3
Cherré-Au (72400),/management/ville/cherre-au/ville-72080,45.0,30.0,155.0,264.0,357.0,312.0,702.0,618.0,288.0,400.0,30.3,39.4,37.5,22.1,14.3,14.4,17.9,21.9
Brion-sur-Ource (21570),/management/ville/brion-sur-ource/ville-21109,5.0,5.0,10.0,5.0,50.0,61.0,60.0,70.0,28.0,34.0,28.4,33.7,44.2,25.2,13.7,15.8,13.7,22.1
Berche (25420),/management/ville/berche/ville-25054,0.0,0.0,30.0,90.0,55.0,40.0,97.0,111.0,64.0,82.0,21.9,32.6,37.6,23.5,18.0,18.3,22.5,24.0
Champagné (72470),/management/ville/champagne/ville-72054,0.0,55.0,131.0,387.0,928.0,528.0,891.0,909.0,535.0,473.0,29.0,35.2,36.2,24.8,20.9,16.6,13.9,20.7
Busset (03270),/management/ville/busset/ville-03045,31.0,44.0,56.0,102.0,127.0,101.0,206.0,230.0,106.0,146.0,29.7,30.1,38.7,25.7,12.5,18.6,19.2,23.2
Châtillon-sur-Indre (36700),/management/ville/chatillon-sur-indre/ville-36045,30.0,70.0,45.0,79.0,303.0,392.0,1200.0,578.0,247.0,240.0,44.6,60.0,34.6,16.7,11.2,10.7,9.7,11.4
Arzal (56190),/management/ville/arzal/ville-56004,34.0,34.0,49.0,133.0,182.0,300.0,291.0,429.0,229.0,257.0,19.7,28.9,41.2,26.5,19.7,18.2,19.4,23.4
Beauvoir-en-Royans (38160),/management/ville/beauvoir-en-royans/ville-38036,5.0,0.0,15.0,15.0,5.0,5.0,29.0,16.0,12.0,18.0,38.1,39.4,23.8,18.8,11.9,21.2,26.2,21.2
Bonnemain (35270),/management/ville/bonnemain/ville-35029,15.0,41.0,51.0,179.0,174.0,236.0,353.0,369.0,194.0,191.0,26.9,36.9,41.7,23.6,15.7,19.3,15.7,18.8
Bavilliers (90800),/management/ville/bavilliers/ville-90008,0.0,113.0,302.0,479.0,536.0,505.0,894.0,1075.0,703.0,984.0,19.4,28.9,37.3,22.3,16.4,21.7,26.9,27.0
Combiers (16320),/management/ville/combiers/ville-16103,0.0,20.0,0.0,20.0,5.0,10.0,40.0,29.0,20.0,17.0,35.7,40.0,32.1,21.2,19.6,18.0,12.5,20.0
Abbans-Dessous (25320),/management/ville/abbans-dessous/ville-25001,5.0,5.0,25.0,20.0,30.0,40.0,45.0,56.0,21.0,56.0,20.7,30.2,39.1,21.1,10.9,12.8,29.3,33.7
Cerizy (02240),/management/ville/cerizy/ville-02149,0.0,0.0,5.0,5.0,10.0,0.0,10.0,11.0,13.0,11.0,23.8,20.8,19.0,26.9,38.1,20.8,19.0,29.2
Corneilla-la-Rivière (66550),/management/ville/corneilla-la-riviere/ville-66058,5.0,91.0,112.0,299.0,279.0,162.0,359.0,407.0,283.0,408.0,22.9,26.3,31.6,23.3,20.4,18.5,25.1,30.5
Castelnaud-de-Gratecambe (47290),/management/ville/castelnaud-de-gratecambe/ville-47055,19.0,53.0,0.0,34.0,34.0,29.0,140.0,120.0,66.0,72.0,31.1,38.8,35.8,23.3,14.5,18.4,18.7,18.0
Blangy-sur-Bresle (76340),/management/ville/blangy-sur-bresle/ville-76101,15.0,60.0,55.0,130.0,299.0,548.0,1299.0,597.0,228.0,223.0,47.5,62.1,33.3,17.1,9.6,9.8,9.6,9.4
Andert-et-Condon (01300),/management/ville/andert-et-condon/ville-01009,0.0,26.0,5.0,78.0,41.0,26.0,54.0,84.0,41.0,78.0,18.8,23.3,37.5,25.5,14.1,18.6,29.7,30.2
Alénya (66200),/management/ville/alenya/ville-66002,5.0,146.0,122.0,405.0,493.0,346.0,713.0,744.0,463.0,696.0,25.5,28.7,32.6,23.2,17.4,17.9,24.4,28.5
Courmelles (02200),/management/ville/courmelles/ville-02226,5.0,35.0,55.0,184.0,248.0,223.0,514.0,428.0,208.0,220.0,31.8,42.8,37.2,22.9,17.7,12.7,13.3,18.6
Archignac (24590),/management/ville/archignac/ville-24012,29.0,20.0,15.0,39.0,24.0,20.0,83.0,68.0,46.0,72.0,25.8,36.0,34.8,16.2,17.4,16.2,22.0,31.6
Brionne (27800),/management/ville/brionne/ville-27116,10.0,65.0,110.0,336.0,540.0,677.0,1564.0,885.0,424.0,406.0,42.2,52.4,32.6,20.2,13.1,12.7,12.0,12.7
Berchères-les-Pierres (28630),/management/ville/bercheres-les-pierres/ville-28035,15.0,35.0,86.0,116.0,152.0,142.0,201.0,228.0,114.0,195.0,24.2,30.1,35.7,23.8,14.6,16.5,25.5,27.2
Clamecy (02880),/management/ville/clamecy/ville-02198,0.0,5.0,20.0,30.0,35.0,15.0,52.0,59.0,31.0,29.0,29.0,31.6,39.8,26.7,16.1,20.3,15.1,19.0
Brantôme en Périgord (24310),/management/ville/brantome-en-perigord/ville-24064,86.0,198.0,147.0,314.0,416.0,419.0,1030.0,928.0,509.0,614.0,28.4,38.0,36.9,22.1,17.1,16.0,17.6,22.1
Bavinchove (59670),/management/ville/bavinchove/ville-59054,5.0,39.0,39.0,112.0,112.0,132.0,228.0,192.0,129.0,146.0,29.0,36.3,32.2,21.8,20.4,16.8,18.3,23.7
Bourbourg (59630),/management/ville/bourbourg/ville-59094,45.0,70.0,190.0,695.0,925.0,1065.0,1953.0,1637.0,783.0,819.0,31.3,43.3,36.7,23.9,15.8,14.5,16.2,15.4
Champagne-au-Mont-d'Or (69410),/management/ville/champagne-au-mont-d-or/ville-69040,0.0,137.0,593.0,614.0,761.0,395.0,904.0,774.0,639.0,1804.0,18.8,24.8,21.1,16.7,14.7,16.3,45.5,42.2
Bussiares (02810),/management/ville/bussiares/ville-02137,0.0,0.0,10.0,25.0,20.0,45.0,23.0,34.0,19.0,21.0,20.4,27.1,38.8,28.8,16.3,22.9,24.5,18.8
Corneillan (32400),/management/ville/corneillan/ville-32108,0.0,0.0,9.0,14.0,23.0,9.0,22.0,27.0,22.0,36.0,14.8,26.4,27.8,23.2,22.2,18.9,35.2,30.2
Criquetot-le-Mauconduit (76540),/management/ville/criquetot-le-mauconduit/ville-76195,0.0,25.0,5.0,30.0,15.0,15.0,36.0,47.0,17.0,24.0,28.6,29.5,41.3,28.4,14.3,13.1,15.9,23.0
Beulotte-Saint-Laurent (70310),/management/ville/beulotte-saint-laurent/ville-70071,5.0,0.0,0.0,5.0,0.0,0.0,22.0,13.0,4.0,9.0,40.9,50.0,40.9,14.3,9.1,7.7,9.1,26.9
Cherrueix (35120),/management/ville/cherrueix/ville-35078,46.0,51.0,10.0,81.0,137.0,86.0,321.0,294.0,153.0,143.0,30.5,39.1,39.6,24.3,14.3,18.9,15.5,15.9
Aulnay-sur-Marne (51150),/management/ville/aulnay-sur-marne/ville-51023,0.0,20.0,5.0,44.0,29.0,25.0,36.0,56.0,37.0,58.0,20.2,19.1,34.0,25.0,17.0,23.4,28.7,31.9
Andeville (60570),/management/ville/andeville/ville-60012,0.0,75.0,90.0,500.0,520.0,510.0,675.0,765.0,457.0,411.0,26.1,32.3,42.0,23.8,18.3,21.3,13.7,21.8
Campo (20142),/management/ville/campo/ville-2A056,2.0,4.0,1.0,11.0,16.0,14.0,22.0,19.0,20.0,29.0,30.2,18.4,27.9,18.2,18.6,26.5,23.3,38.8
Avon-la-Pèze (10290),/management/ville/avon-la-peze/ville-10023,0.0,0.0,5.0,50.0,60.0,5.0,44.0,45.0,26.0,28.0,22.2,37.5,39.7,23.3,19.0,17.5,19.0,20.0
Aléria (20270),/management/ville/aleria/ville-2B009,48.0,99.0,65.0,162.0,296.0,239.0,597.0,345.0,270.0,512.0,37.2,31.6,24.2,15.6,13.9,17.7,24.7,35.6
Briord (01470),/management/ville/briord/ville-01064,5.0,25.0,40.0,114.0,114.0,248.0,214.0,297.0,121.0,100.0,29.1,29.5,44.8,30.7,14.8,17.9,11.3,16.3
Courmemin (41230),/management/ville/courmemin/ville-41068,5.0,21.0,16.0,57.0,62.0,155.0,136.0,142.0,77.0,59.0,28.8,37.4,44.7,23.3,14.9,21.8,11.5,17.0
Beauvoir-sur-Mer (85230),/management/ville/beauvoir-sur-mer/ville-85018,111.0,146.0,55.0,166.0,499.0,570.0,1315.0,1225.0,441.0,352.0,32.2,45.9,44.8,25.5,13.0,13.4,9.9,11.1
Bonnemaison (14260),/management/ville/bonnemaison/ville-14084,5.0,20.0,15.0,61.0,66.0,56.0,93.0,86.0,53.0,63.0,28.1,35.1,35.6,21.3,20.5,14.9,15.8,27.0
Charly-Oradour (57640),/management/ville/charly-oradour/ville-57129,5.0,30.0,90.0,95.0,105.0,45.0,49.0,124.0,88.0,237.0,9.8,9.9,26.3,22.4,16.5,18.9,47.5,47.7
Comblanchien (21700),/management/ville/comblanchien/ville-21186,26.0,5.0,47.0,73.0,104.0,109.0,128.0,169.0,87.0,116.0,24.5,26.1,39.5,25.4,17.8,17.3,18.2,28.5
Arzano (29300),/management/ville/arzano/ville-29002,25.0,40.0,70.0,135.0,230.0,140.0,327.0,324.0,212.0,254.0,23.9,34.3,35.4,22.1,19.2,18.8,21.5,23.9
Branville (14430),/management/ville/branville/ville-14093,0.0,0.0,10.0,5.0,31.0,42.0,39.0,34.0,39.0,27.0,24.3,31.4,30.0,21.5,28.6,27.1,17.1,21.4
Champagne-en-Valromey (01260),/management/ville/champagne-en-valromey/ville-01079,40.0,5.0,20.0,80.0,106.0,70.0,152.0,265.0,103.0,125.0,19.1,27.6,45.2,30.3,18.5,13.5,17.2,21.2
Castelnaud-la-Chapelle (24250),/management/ville/castelnaud-la-chapelle/ville-24086,0.0,36.0,31.0,46.0,87.0,31.0,104.0,83.0,84.0,84.0,26.0,32.6,28.8,19.0,23.7,23.6,21.5,25.8
Archignat (03380),/management/ville/archignat/ville-03005,35.0,5.0,0.0,40.0,43.0,20.0,75.0,95.0,43.0,33.0,24.6,36.7,42.9,29.1,18.3,16.7,14.3,12.5
Châtillon-sur-Lison (25440),/management/ville/chatillon-sur-lison/ville-25134,0.0,0.0,0.0,0.0,9.0,0.0,1.0,4.0,2.0,2.0,20.0,0.0,40.0,40.0,20.0,25.0,20.0,25.0
Clamecy (58500),/management/ville/clamecy/ville-58079,5.0,73.0,34.0,269.0,511.0,447.0,1371.0,758.0,385.0,520.0,40.4,49.1,31.8,18.4,11.8,13.4,16.0,18.1
Abbans-Dessus (25440),/management/ville/abbans-dessus/ville-25002,5.0,5.0,15.0,45.0,30.0,50.0,46.0,57.0,43.0,70.0,19.0,23.4,35.2,18.5,19.0,20.7,26.7,37.8
Bannalec (29380),/management/ville/bannalec/ville-29004,66.0,157.0,167.0,573.0,729.0,890.0,1403.0,1224.0,803.0,841.0,26.9,38.3,35.3,21.5,20.0,17.7,17.8,21.4
Berchères-Saint-Germain (28300),/management/ville/bercheres-saint-germain/ville-28034,5.0,5.0,64.0,167.0,103.0,84.0,125.0,161.0,123.0,172.0,20.1,22.9,33.1,22.3,19.8,22.6,27.0,32.3
Beure (25720),/management/ville/beure/ville-25058,0.0,51.0,123.0,143.0,215.0,128.0,245.0,272.0,179.0,324.0,21.9,26.3,30.4,21.7,17.1,18.1,30.6,32.9
Cernans (39110),/management/ville/cernans/ville-39084,5.0,5.0,10.0,0.0,10.0,25.0,37.0,26.0,14.0,25.0,23.5,49.0,37.3,13.5,15.7,11.8,23.5,25.5
Avon-les-Roches (37220),/management/ville/avon-les-roches/ville-37012,15.0,10.0,20.0,35.0,40.0,95.0,123.0,148.0,52.0,84.0,26.0,34.7,47.1,22.6,11.5,14.1,15.4,26.1
Courmes (06620),/management/ville/courmes/ville-06049,15.0,0.0,5.0,25.0,25.0,10.0,32.0,31.0,16.0,23.0,26.4,36.7,37.7,21.6,13.2,18.4,22.6,22.4
Criquetot-sur-Longueville (76590),/management/ville/criquetot-sur-longueville/ville-76197,10.0,0.0,5.0,25.0,51.0,15.0,45.0,36.0,26.0,49.0,25.3,32.0,25.3,20.0,19.0,14.7,30.4,32.0
Corneville-la-Fouquetière (27300),/management/ville/corneville-la-fouquetiere/ville-27173,5.0,0.0,5.0,20.0,20.0,0.0,20.0,23.0,17.0,23.0,31.0,17.1,38.1,19.4,11.9,29.3,19.0,36.6
Aulnay-sur-Mauldre (78126),/management/ville/aulnay-sur-mauldre/ville-78033,5.0,75.0,141.0,231.0,141.0,65.0,163.0,190.0,138.0,329.0,18.5,21.1,29.8,17.1,14.8,18.7,36.9,43.4
Cherval (24320),/management/ville/cherval/ville-24119,5.0,10.0,0.0,40.0,25.0,35.0,107.0,48.0,35.0,43.0,40.9,50.4,25.5,16.0,15.5,14.6,18.2,18.7
Archigny (86210),/management/ville/archigny/ville-86009,26.0,26.0,36.0,82.0,144.0,134.0,302.0,249.0,141.0,160.0,32.4,38.7,34.5,22.5,15.5,17.7,17.6,19.8
Bussière-Badil (24360),/management/ville/bussiere-badil/ville-24071,15.0,10.0,0.0,20.0,25.0,60.0,133.0,83.0,60.0,59.0,35.2,43.4,27.0,21.4,20.1,16.0,17.6,17.7
Andillac (81140),/management/ville/andillac/ville-81012,5.0,5.0,5.0,20.0,15.0,5.0,29.0,21.0,19.0,32.0,31.5,25.5,22.2,19.1,18.5,19.1,27.8,36.2
Beauvoir-sur-Niort (79360),/management/ville/beauvoir-sur-niort/ville-79031,5.0,65.0,130.0,135.0,294.0,215.0,410.0,410.0,198.0,315.0,25.6,35.3,36.9,23.0,14.1,15.5,23.4,23.9
Bavincourt (62158),/management/ville/bavincourt/ville-62086,10.0,5.0,25.0,50.0,30.0,45.0,68.0,78.0,60.0,65.0,20.6,29.3,32.8,23.3,26.7,17.9,19.8,27.9
Campôme (66500),/management/ville/campome/ville-66034,10.0,15.0,0.0,15.0,10.0,0.0,24.0,25.0,18.0,27.0,22.2,28.6,28.9,22.2,24.4,14.3,24.4,32.7
Bourbriac (22390),/management/ville/bourbriac/ville-22013,80.0,100.0,49.0,189.0,216.0,256.0,655.0,457.0,385.0,301.0,31.0,41.4,33.1,19.0,21.1,21.7,14.8,18.5
Briosne-lès-Sables (72110),/management/ville/briosne-les-sables/ville-72048,16.0,11.0,11.0,84.0,74.0,90.0,105.0,167.0,60.0,65.0,25.4,28.0,48.3,29.6,14.1,16.1,12.2,20.7
Alès (30100),/management/ville/ales/ville-30007,30.0,1146.0,1240.0,3292.0,5317.0,3533.0,11515.0,7774.0,4884.0,6145.0,34.2,40.9,30.5,20.8,15.3,16.7,20.0,20.5
Champagne-et-Fontaine (24320),/management/ville/champagne-et-fontaine/ville-24097,19.0,30.0,0.0,25.0,44.0,29.0,148.0,76.0,57.0,63.0,39.9,45.7,27.2,17.8,13.3,19.7,19.7,17.3
Bannans (25560),/management/ville/bannans/ville-25041,32.0,5.0,5.0,49.0,65.0,81.0,64.0,98.0,58.0,51.0,14.6,33.1,46.0,23.7,27.7,14.7,11.7,25.7
Charly-sur-Marne (02310),/management/ville/charly-sur-marne/ville-02163,82.0,36.0,71.0,194.0,433.0,286.0,683.0,573.0,332.0,323.0,32.5,38.6,34.0,24.4,16.2,18.5,17.2,16.6
Clamensane (04250),/management/ville/clamensane/ville-04057,0.0,0.0,5.0,15.0,30.0,20.0,28.0,41.0,31.0,38.0,23.5,17.1,33.8,24.3,25.0,20.0,17.6,37.1
Cernay (14290),/management/ville/cernay/ville-14147,0.0,0.0,0.0,20.0,26.0,41.0,36.0,33.0,17.0,22.0,35.2,30.8,35.2,23.6,13.0,19.2,16.7,25.0
Castelnaudary (11400),/management/ville/castelnaudary/ville-11076,28.0,259.0,665.0,842.0,1758.0,1085.0,2888.0,1898.0,1673.0,2050.0,30.6,37.1,27.3,18.1,18.7,20.6,23.4,24.7
Arzembouy (58700),/management/ville/arzembouy/ville-58014,10.0,0.0,10.0,0.0,0.0,5.0,24.0,10.0,8.0,10.0,30.4,58.6,30.4,10.7,17.4,13.8,21.7,17.2
Braquis (55400),/management/ville/braquis/ville-55072,0.0,5.0,0.0,5.0,21.0,21.0,24.0,32.0,25.0,11.0,18.8,34.9,39.6,27.7,33.3,20.9,8.3,14.0
Combles (80360),/management/ville/combles/ville-80204,15.0,31.0,15.0,46.0,82.0,128.0,219.0,196.0,95.0,78.0,26.4,47.4,39.4,24.2,19.0,13.5,15.1,11.5
Bonnemazon (65130),/management/ville/bonnemazon/ville-65096,0.0,5.0,0.0,5.0,5.0,0.0,16.0,20.0,10.0,7.0,22.2,37.0,48.1,24.1,22.2,18.5,7.4,18.5
Abbaretz (44170),/management/ville/abbaretz/ville-44001,91.0,40.0,60.0,127.0,263.0,303.0,436.0,452.0,245.0,279.0,27.6,34.2,37.8,23.8,18.3,16.4,16.3,23.3
Châtillon-sur-Loire (45360),/management/ville/chatillon-sur-loire/ville-45087,15.0,115.0,155.0,266.0,350.0,507.0,865.0,724.0,365.0,488.0,30.3,40.1,37.2,21.1,15.9,14.1,16.7,22.9
Beurey (10140),/management/ville/beurey/ville-10045,10.0,10.0,0.0,1.0,27.0,15.0,54.0,42.0,22.0,25.0,36.2,41.1,36.2,21.8,13.0,16.4,14.5,19.2
Corneville-sur-Risle (27500),/management/ville/corneville-sur-risle/ville-27174,10.0,51.0,41.0,184.0,173.0,168.0,358.0,296.0,163.0,176.0,33.5,38.6,35.5,22.8,14.9,17.9,16.1,19.3
Andilly (17230),/management/ville/andilly/ville-17008,11.0,42.0,128.0,328.0,329.0,349.0,417.0,528.0,284.0,376.0,22.1,29.9,40.1,23.9,17.1,18.3,20.7,26.1
Berchères-sur-Vesgre (28260),/management/ville/bercheres-sur-vesgre/ville-28036,0.0,30.0,109.0,74.0,94.0,69.0,103.0,174.0,127.0,210.0,13.7,19.9,32.2,23.7,20.2,20.9,33.9,34.6
Campouriez (12140),/management/ville/campouriez/ville-12048,15.0,21.0,5.0,21.0,51.0,36.0,116.0,79.0,50.0,57.0,31.8,44.4,33.8,17.6,19.2,14.4,15.2,22.9
Bussière-Dunoise (23320),/management/ville/bussiere-dunoise/ville-23036,30.0,20.0,15.0,55.0,140.0,85.0,287.0,273.0,139.0,164.0,23.6,41.5,43.7,20.0,17.8,14.6,14.8,22.6
Briot (60210),/management/ville/briot/ville-60108,5.0,15.0,0.0,29.0,24.0,34.0,70.0,70.0,39.0,33.0,29.4,37.3,37.6,25.7,18.3,17.6,14.7,16.7
Aulnois (88300),/management/ville/aulnois/ville-88017,14.0,10.0,14.0,5.0,24.0,5.0,37.0,34.0,17.0,22.0,23.6,42.9,41.8,18.6,18.2,14.3,16.4,23.2
Courmont (02130),/management/ville/courmont/ville-02227,0.0,5.0,5.0,16.0,16.0,31.0,34.0,31.0,18.0,23.0,26.8,40.0,33.9,22.8,19.6,12.0,19.6,22.0
Blangy-sur-Ternoise (62770),/management/ville/blangy-sur-ternoise/ville-62138,0.0,15.0,15.0,49.0,108.0,113.0,248.0,146.0,83.0,72.0,38.7,51.1,31.6,20.3,16.5,14.1,13.2,13.0
Bourcefranc-le-Chapus (17560),/management/ville/bourcefranc-le-chapus/ville-17058,70.0,129.0,85.0,199.0,478.0,364.0,1003.0,892.0,467.0,461.0,32.6,38.1,35.6,25.3,15.6,17.4,16.2,16.5
Avondance (62310),/management/ville/avondance/ville-62066,0.0,5.0,0.0,0.0,0.0,0.0,6.0,9.0,2.0,8.0,28.6,18.2,35.7,28.6,7.1,9.1,28.6,36.4
Bax (31310),/management/ville/bax/ville-31047,10.0,0.0,5.0,5.0,25.0,10.0,16.0,16.0,17.0,22.0,30.8,12.5,17.9,27.3,23.1,25.0,28.2,34.4
Beauvoir-Wavans (62390),/management/ville/beauvoir-wavans/ville-62881,20.0,10.0,0.0,20.0,45.0,86.0,101.0,86.0,63.0,59.0,28.5,38.0,35.2,20.1,18.8,21.8,17.6,20.4
Archingeay (17380),/management/ville/archingeay/ville-17017,15.0,15.0,0.0,55.0,80.0,65.0,161.0,171.0,96.0,79.0,29.8,33.7,39.3,25.9,18.7,19.2,12.3,18.8
Criquetot-sur-Ouville (76760),/management/ville/criquetot-sur-ouville/ville-76198,10.0,25.0,50.0,81.0,116.0,136.0,137.0,180.0,110.0,135.0,19.5,29.1,40.4,23.1,19.5,19.4,20.6,27.3
Cherveix-Cubas (24390),/management/ville/cherveix-cubas/ville-24120,45.0,25.0,45.0,40.0,60.0,25.0,135.0,140.0,93.0,116.0,21.1,34.7,34.3,22.4,19.8,18.6,24.8,23.1
Clamerey (21390),/management/ville/clamerey/ville-21177,5.0,10.0,10.0,30.0,35.0,0.0,36.0,51.0,27.0,30.0,25.7,24.3,40.0,28.8,14.3,23.0,20.0,21.6
Champagné-le-Sec (86510),/management/ville/champagne-le-sec/ville-86051,10.0,5.0,10.0,10.0,45.0,25.0,48.0,60.0,26.0,30.0,21.0,37.3,45.7,24.0,19.8,12.0,13.6,22.9
Alet-les-Bains (11580),/management/ville/alet-les-bains/ville-11008,11.0,11.0,11.0,54.0,76.0,32.0,117.0,80.0,71.0,89.0,34.4,31.1,27.6,19.8,12.9,26.4,25.2,24.4
Cernay (28120),/management/ville/cernay/ville-28067,0.0,0.0,5.0,15.0,20.0,15.0,11.0,21.0,13.0,13.0,13.8,24.1,37.9,29.4,27.6,17.2,20.7,24.1
Charmauvillers (25470),/management/ville/charmauvillers/ville-25124,5.0,15.0,0.0,25.0,10.0,69.0,61.0,61.0,30.0,29.0,34.3,33.3,32.3,29.4,18.2,14.3,15.2,16.7
Berck (62600),/management/ville/berck/ville-62108,7.0,251.0,353.0,1239.0,2231.0,1215.0,4497.0,2873.0,1750.0,2066.0,34.5,44.9,33.3,19.1,13.3,17.6,18.9,18.1
Andilly (54200),/management/ville/andilly/ville-54016,0.0,10.0,35.0,30.0,45.0,25.0,51.0,58.0,35.0,62.0,26.9,22.8,33.3,21.1,18.5,14.9,21.3,39.6
Beurey-Bauguay (21320),/management/ville/beurey-bauguay/ville-21068,0.0,6.0,6.0,6.0,6.0,6.0,19.0,31.0,12.0,27.0,14.0,27.7,44.2,22.6,16.3,12.8,25.6,34.0
Castelnavet (32290),/management/ville/castelnavet/ville-32081,25.0,0.0,5.0,0.0,0.0,15.0,32.0,27.0,26.0,24.0,27.3,31.5,25.5,22.8,29.1,18.5,18.2,25.9
Bourcq (08400),/management/ville/bourcq/ville-08077,0.0,5.0,0.0,14.0,5.0,5.0,14.0,10.0,11.0,9.0,25.0,37.5,20.8,24.0,29.2,20.8,25.0,16.7
Bras (83149),/management/ville/bras/ville-83021,5.0,100.0,156.0,347.0,353.0,226.0,522.0,508.0,398.0,520.0,24.7,28.8,30.6,21.3,21.0,19.9,23.7,29.6
Aulnois-en-Perthois (55170),/management/ville/aulnois-en-perthois/ville-55015,5.0,30.0,25.0,50.0,90.0,50.0,102.0,112.0,64.0,79.0,22.7,34.1,37.2,23.5,20.3,15.7,19.8,24.3
Arzenc-d'Apcher (48310),/management/ville/arzenc-d-apcher/ville-48007,10.0,0.0,5.0,0.0,5.0,5.0,10.0,14.0,12.0,8.0,16.0,31.6,40.0,22.2,28.0,26.3,16.0,21.1
Abbécourt (02300),/management/ville/abbecourt/ville-02001,0.0,10.0,5.0,50.0,85.0,100.0,122.0,136.0,55.0,52.0,26.6,40.7,45.2,25.2,15.4,14.7,12.8,15.8
Bannay (18300),/management/ville/bannay/ville-18020,5.0,16.0,21.0,109.0,162.0,103.0,225.0,240.0,111.0,134.0,25.1,37.9,42.6,22.9,16.9,14.5,15.4,22.3
Cornier (74800),/management/ville/cornier/ville-74090,5.0,49.0,98.0,210.0,181.0,191.0,162.0,271.0,167.0,362.0,14.6,19.0,33.5,21.5,18.5,16.3,33.3,41.8
19.4,19.6,23.6,26.9
Bonnencontre (21250),/management/ville/bonnencontre/ville-21089,11.0,21.0,5.0,46.0,71.0,67.0,83.0,112.0,61.0,76.0,21.2,28.7,39.4,24.9,21.8,15.0,17.6,28.1
Châtillon-sur-Marne (51700),/management/ville/chatillon-sur-marne/ville-51136,54.0,32.0,16.0,75.0,75.0,54.0,167.0,183.0,100.0,100.0,25.9,34.9,41.7,23.3,17.6,18.8,14.7,21.7
Avord (18520),/management/ville/avord/ville-18018,10.0,25.0,95.0,314.0,648.0,345.0,478.0,537.0,515.0,369.0,19.8,31.8,28.1,26.3,32.7,20.1,19.4,19.5
Bussière-Galant (87230),/management/ville/bussiere-galant/ville-87027,26.0,52.0,42.0,104.0,172.0,104.0,367.0,353.0,226.0,203.0,23.5,40.0,37.5,22.5,22.4,17.0,16.5,18.9
Bay (70150),/management/ville/bay/ville-70057,5.0,25.0,0.0,5.0,35.0,10.0,22.0,27.0,15.0,21.0,19.0,32.6,38.1,23.9,16.7,18.6,26.2,23.3
Courmont (70400),/management/ville/courmont/ville-70182,0.0,5.0,20.0,20.0,15.0,5.0,25.0,25.0,16.0,26.0,19.6,34.8,34.8,19.1,17.4,17.4,28.3,28.3
Cherves (86170),/management/ville/cherves/ville-86073,25.0,21.0,20.0,30.0,87.0,46.0,163.0,140.0,81.0,69.0,31.5,39.7,37.9,22.9,18.3,17.9,12.3,17.9
Briou (41370),/management/ville/briou/ville-41027,0.0,0.0,15.0,26.0,31.0,15.0,30.0,27.0,19.0,26.0,26.5,32.0,28.6,23.1,18.4,20.0,26.5,24.0
Alette (62650),/management/ville/alette/ville-62021,15.0,30.0,10.0,50.0,30.0,30.0,76.0,69.0,46.0,82.0,24.6,31.3,28.9,20.4,16.9,16.8,29.6,30.5
Beurey-sur-Saulx (55000),/management/ville/beurey-sur-saulx/ville-55049,0.0,10.0,10.0,54.0,24.0,44.0,75.0,135.0,49.0,63.0,20.5,26.3,46.0,30.8,16.1,14.4,17.4,21.3
Campoussy (66730),/management/ville/campoussy/ville-66035,0.0,5.0,10.0,0.0,0.0,0.0,13.0,6.0,4.0,8.0,18.8,66.7,25.0,12.5,18.8,6.7,37.5,13.3
Clans (06420),/management/ville/clans/ville-06042,0.0,28.0,46.0,83.0,83.0,42.0,137.0,128.0,83.0,109.0,31.3,28.7,32.6,22.6,16.7,19.6,19.4,28.3
Archon (02360),/management/ville/archon/ville-02021,5.0,5.0,5.0,10.0,0.0,10.0,25.0,23.0,4.0,16.0,23.5,50.0,50.0,16.2,2.9,8.8,23.5,23.5
Criquiers (76390),/management/ville/criquiers/ville-76199,10.0,25.0,25.0,40.0,85.0,130.0,205.0,163.0,58.0,51.0,38.5,47.3,41.0,24.1,11.1,13.2,9.4,11.9
Champagné-les-Marais (85450),/management/ville/champagne-les-marais/ville-85049,20.0,75.0,35.0,105.0,225.0,275.0,494.0,476.0,190.0,184.0,30.5,42.6,43.8,24.6,12.8,15.3,12.8,14.5
Beauvois (62130),/management/ville/beauvois/ville-62101,10.0,0.0,0.0,15.0,20.0,20.0,36.0,29.0,17.0,17.0,28.3,46.8,41.5,15.2,17.0,17.0,13.2,21.3
Blangy-Tronville (80440),/management/ville/blangy-tronville/ville-80107,10.0,14.0,43.0,72.0,92.0,39.0,85.0,89.0,76.0,159.0,17.7,24.0,23.4,19.4,20.1,17.0,38.8,39.0
Cernay (68700),/management/ville/cernay/ville-68063,6.0,184.0,562.0,1252.0,1496.0,1681.0,2843.0,2500.0,1249.0,2055.0,30.5,35.1,31.2,24.0,13.8,15.0,24.5,23.1
Charmé (16140),/management/ville/charme/ville-16083,0.0,45.0,5.0,20.0,35.0,20.0,110.0,76.0,53.0,43.0,31.6,45.3,30.8,22.4,21.1,16.7,16.5,14.0
Castelner (40700),/management/ville/castelner/ville-40073,0.0,0.0,0.0,15.0,15.0,10.0,33.0,20.0,20.0,14.0,39.1,34.9,21.7,25.0,23.9,23.3,15.2,16.3
Andilly (74350),/management/ville/andilly/ville-74009,5.0,41.0,107.0,142.0,102.0,61.0,85.0,127.0,105.0,278.0,11.1,17.8,27.7,15.2,17.3,18.1,44.0,49.5
Arzenc-de-Randon (48170),/management/ville/arzenc-de-randon/ville-48008,27.0,11.0,0.0,11.0,27.0,32.0,46.0,49.0,33.0,41.0,24.1,30.5,40.2,17.5,19.5,19.5,16.1,32.9
Châtillon-sur-Morin (51310),/management/ville/chatillon-sur-morin/ville-51137,15.0,25.0,5.0,10.0,35.0,25.0,32.0,69.0,31.0,29.0,13.1,27.3,54.8,27.7,16.7,22.1,15.5,20.8
Bercloux (17770),/management/ville/bercloux/ville-17042,5.0,20.0,5.0,41.0,40.0,131.0,110.0,115.0,55.0,54.0,28.0,37.6,46.0,22.5,14.3,18.5,11.8,20.2
Bras-d'Asse (04270),/management/ville/bras-d-asse/ville-04031,51.0,36.0,10.0,46.0,46.0,46.0,123.0,119.0,106.0,92.0,24.6,30.6,34.6,21.6,22.7,25.3,18.0,23.6
Bourdainville (76760),/management/ville/bourdainville/ville-76132,5.0,10.0,20.0,31.0,90.0,86.0,122.0,100.0,58.0,56.0,33.5,39.0,34.1,23.7,17.1,17.4,15.2,18.0
Avosnes (21350),/management/ville/avosnes/ville-21040,14.0,0.0,5.0,10.0,14.0,5.0,11.0,21.0,13.0,17.0,14.3,21.4,40.0,25.0,17.1,25.0,28.6,28.6
Bannay (51270),/management/ville/bannay/ville-51034,0.0,0.0,0.0,0.0,0.0,5.0,5.0,7.0,3.0,3.0,30.0,25.0,30.0,36.4,20.0,12.5,20.0,12.5
Cornil (19150),/management/ville/cornil/ville-19061,5.0,15.0,46.0,149.0,169.0,67.0,424.0,271.0,217.0,209.0,24.8,48.6,31.5,17.2,27.3,12.8,16.4,20.4
Brioude (43100),/management/ville/brioude/ville-43040,5.0,194.0,264.0,624.0,812.0,836.0,2050.0,1418.0,823.0,1068.0,30.6,44.4,33.9,19.5,15.6,15.1,19.9,20.0
Abbecourt (60430),/management/ville/abbecourt/ville-60002,0.0,52.0,84.0,129.0,70.0,76.0,192.0,150.0,88.0,136.0,32.7,34.7,27.3,23.4,15.5,16.0,24.5,23.6
Bonnes (16390),/management/ville/bonnes/ville-16049,0.0,21.0,10.0,9.0,69.0,49.0,105.0,91.0,79.0,58.0,26.4,36.4,34.0,22.3,22.0,25.4,17.6,16.8
Cournanel (11300),/management/ville/cournanel/ville-11105,10.0,35.0,30.0,115.0,90.0,50.0,89.0,172.0,120.0,146.0,18.3,15.6,38.1,26.9,20.6,24.7,23.0,32.0
Comblessac (35330),/management/ville/comblessac/ville-35084,15.0,15.0,20.0,55.0,65.0,140.0,151.0,164.0,97.0,70.0,23.8,39.8,38.7,25.3,24.6,15.0,12.9,16.4
Bay-sur-Aube (52160),/management/ville/bay-sur-aube/ville-52040,10.0,10.0,10.0,0.0,5.0,5.0,19.0,13.0,9.0,7.0,30.8,50.0,30.8,20.0,26.9,9.1,11.5,18.2
Bussière-Nouvelle (23700),/management/ville/bussiere-nouvelle/ville-23037,11.0,0.0,11.0,0.0,0.0,0.0,26.0,26.0,10.0,17.0,27.0,36.4,43.2,20.4,16.2,11.4,13.5,29.5
Cherves-Châtelars (16310),/management/ville/cherves-chatelars/ville-16096,20.0,10.0,5.0,44.0,35.0,69.0,76.0,131.0,66.0,57.0,17.5,28.6,46.2,28.6,21.1,19.3,15.2,19.9
Cernay (86140),/management/ville/cernay/ville-86047,0.0,20.0,5.0,68.0,39.0,117.0,114.0,126.0,50.0,62.0,28.8,36.8,44.6,23.9,14.1,13.8,12.4,22.4
Blannay (89200),/management/ville/blannay/ville-89044,5.0,5.0,10.0,20.0,15.0,20.0,35.0,29.0,10.0,18.0,30.4,44.7,41.3,20.0,15.2,6.4,13.0,25.5
Arcinges (42460),/management/ville/arcinges/ville-42007,0.0,15.0,15.0,15.0,25.0,30.0,33.0,39.0,28.0,47.0,19.5,25.7,35.1,17.1,20.8,17.1,24.7,40.0
Beauvois-en-Cambrésis (59157),/management/ville/beauvois-en-cambresis/ville-59063,10.0,50.0,55.0,150.0,294.0,328.0,562.0,503.0,220.0,234.0,32.1,41.4,39.4,24.4,13.5,15.3,14.9,15.9
Clans (70000),/management/ville/clans/ville-70158,10.0,5.0,5.0,5.0,10.0,16.0,19.0,24.0,17.0,21.0,15.8,30.0,44.7,18.4,18.4,22.5,21.1,30.0
Crisenoy (77390),/management/ville/crisenoy/ville-77145,5.0,25.0,93.0,98.0,111.0,62.0,95.0,116.0,88.0,149.0,19.7,23.1,32.0,19.5,19.3,19.9,28.9,37.6
Beurières (63220),/management/ville/beurieres/ville-63039,10.0,10.0,5.0,20.0,25.0,56.0,72.0,89.0,32.0,46.0,27.9,32.2,44.3,26.9,9.8,17.4,18.0,20.0
Aleu (09320),/management/ville/aleu/ville-09005,5.0,5.0,5.0,0.0,19.0,9.0,15.0,36.0,21.0,37.0,10.9,17.0,34.5,28.3,18.2,18.9,36.4,32.1
Aulnois-sous-Laon (02000),/management/ville/aulnois-sous-laon/ville-02037,0.0,25.0,35.0,176.0,277.0,190.0,312.0,356.0,183.0,170.0,25.9,34.9,43.0,24.8,17.4,18.5,13.7,19.7
Campremy (60480),/management/ville/campremy/ville-60123,5.0,5.0,5.0,36.0,52.0,113.0,138.0,91.0,69.0,52.0,38.9,40.2,28.0,22.3,21.7,17.8,11.4,18.4
Champagne-Mouton (16350),/management/ville/champagne-mouton/ville-16076,5.0,14.0,24.0,78.0,111.0,92.0,346.0,231.0,109.0,84.0,33.8,54.0,41.7,19.3,14.6,13.8,9.9,11.5
Charmeil (03110),/management/ville/charmeil/ville-03060,5.0,53.0,43.0,63.0,144.0,125.0,190.0,222.0,132.0,157.0,24.7,29.1,39.1,24.1,15.9,21.6,20.3,24.4
Châtillon-sur-Oise (02240),/management/ville/chatillon-sur-oise/ville-02170,0.0,5.0,10.0,20.0,15.0,10.0,29.0,27.0,16.0,29.0,20.4,36.5,34.7,18.5,16.3,15.4,28.6,28.8
Berd'huis (61340),/management/ville/berd-huis/ville-61043,10.0,35.0,20.0,96.0,142.0,182.0,339.0,255.0,102.0,127.0,34.8,47.0,38.4,21.6,12.8,12.2,14.1,16.6
Bras-Panon (97412),/management/ville/bras-panon/ville-97402,164.0,266.0,430.0,1186.0,2208.0,1471.0,3645.0,2052.0,1397.0,1499.0,40.7,44.0,27.5,19.8,15.7,16.8,16.1,18.7
Arzens (11290),/management/ville/arzens/ville-11018,10.0,35.0,39.0,145.0,174.0,166.0,291.0,269.0,153.0,230.0,27.8,33.7,34.4,22.1,14.0,18.3,23.8,24.8
Castelnou (66300),/management/ville/castelnou/ville-66044,5.0,17.0,35.0,49.0,25.0,51.0,81.0,62.0,52.0,69.0,31.5,30.1,28.5,19.2,17.7,21.1,22.3,30.1
Abbenans (25340),/management/ville/abbenans/ville-25003,0.0,10.0,10.0,15.0,45.0,50.0,123.0,93.0,29.0,26.0,36.8,53.7,43.4,22.1,11.0,10.4,8.8,10.4
Bourdalat (40190),/management/ville/bourdalat/ville-40052,25.0,5.0,5.0,10.0,25.0,46.0,55.0,59.0,49.0,21.0,20.8,39.5,44.8,20.5,25.0,27.9,9.4,14.0
Brioux-sur-Boutonne (79170),/management/ville/brioux-sur-boutonne/ville-79057,5.0,73.0,63.0,111.0,216.0,161.0,538.0,317.0,165.0,151.0,39.6,51.2,36.2,18.5,13.6,14.6,10.6,14.8
Courniou (34220),/management/ville/courniou/ville-34086,5.0,30.0,0.0,40.0,80.0,75.0,162.0,152.0,74.0,95.0,30.7,36.1,38.1,23.0,13.5,17.2,17.6,21.8
Bussière-Saint-Georges (23600),/management/ville/bussiere-saint-georges/ville-23038,15.0,5.0,15.0,15.0,35.0,30.0,69.0,67.0,34.0,34.0,28.4,40.0,37.6,24.3,18.3,14.7,15.6,17.9
Bayac (24150),/management/ville/bayac/ville-24027,0.0,15.0,5.0,40.0,60.0,56.0,94.0,76.0,55.0,45.0,33.6,36.1,32.0,23.3,20.8,20.1,13.6,19.4
Andilly (95580),/management/ville/andilly/ville-95014,0.0,75.0,390.0,365.0,250.0,95.0,431.0,329.0,324.0,783.0,19.9,25.8,18.6,16.6,19.3,15.7,42.1,41.8
Avot (21580),/management/ville/avot/ville-21041,0.0,11.0,0.0,0.0,27.0,27.0,44.0,49.0,29.0,19.0,23.9,38.6,49.3,20.0,21.1,20.0,5.6,21.4
Beauvois-en-Vermandois (02590),/management/ville/beauvois-en-vermandois/ville-02060,11.0,0.0,5.0,37.0,42.0,53.0,80.0,62.0,36.0,40.0,33.3,40.4,37.7,19.0,11.4,22.1,17.5,19.2
Alex (74290),/management/ville/alex/ville-74003,14.0,92.0,188.0,111.0,82.0,63.0,89.0,144.0,146.0,374.0,10.9,12.6,22.9,16.0,19.0,19.7,47.3,52.5
Combleux (45800),/management/ville/combleux/ville-45100,0.0,15.0,87.0,72.0,31.0,5.0,56.0,64.0,44.0,205.0,12.6,17.4,20.0,14.9,11.4,12.3,56.0,54.9
Clansayes (26130),/management/ville/clansayes/ville-26093,20.0,5.0,54.0,84.0,49.0,69.0,69.0,122.0,81.0,138.0,15.6,18.8,31.7,25.7,18.8,20.3,33.9,33.3
Arcins (33460),/management/ville/arcins/ville-33010,0.0,15.0,5.0,87.0,87.0,77.0,108.0,113.0,63.0,66.0,31.5,30.1,35.2,26.3,18.8,17.5,14.5,23.0
Bannay (57220),/management/ville/bannay/ville-57048,0.0,5.0,5.0,5.0,15.0,5.0,12.0,14.0,15.0,17.0,17.9,23.3,35.7,17.4,14.3,36.7,32.1,26.7
Cernay-en-Dormois (51800),/management/ville/cernay-en-dormois/ville-51104,9.0,0.0,0.0,0.0,30.0,31.0,50.0,27.0,18.0,14.0,40.7,52.7,29.6,17.2,20.4,12.7,9.3,16.4
Blanot (21430),/management/ville/blanot/ville-21083,10.0,0.0,5.0,0.0,21.0,26.0,46.0,24.0,17.0,21.0,45.3,41.5,26.4,18.9,11.3,18.9,17.0,20.8
Cherves-Richemont (16370),/management/ville/cherves-richemont/ville-16097,36.0,88.0,98.0,197.0,301.0,280.0,558.0,613.0,349.0,379.0,24.6,34.0,37.6,24.5,20.3,16.6,17.5,22.4
Champagné-Saint-Hilaire (86160),/management/ville/champagne-saint-hilaire/ville-86052,31.0,49.0,21.0,76.0,146.0,121.0,243.0,198.0,116.0,147.0,33.3,35.8,33.0,22.0,15.8,17.2,17.8,23.7
Cornillac (26510),/management/ville/cornillac/ville-26104,5.0,5.0,0.0,0.0,10.0,5.0,28.0,14.0,17.0,11.0,35.3,44.4,26.5,15.6,23.5,25.0,14.7,16.7
Charmensac (15500),/management/ville/charmensac/ville-15043,0.0,0.0,0.0,10.0,5.0,10.0,39.0,19.0,6.0,12.0,46.5,57.6,30.2,16.7,7.0,9.1,16.3,15.2
Berdoues (32300),/management/ville/berdoues/ville-32045,10.0,21.0,26.0,42.0,63.0,31.0,97.0,122.0,52.0,83.0,26.3,28.1,39.4,26.4,11.4,18.5,22.9,24.2
Arzillières-Neuville (51290),/management/ville/arzillieres-neuville/ville-51017,5.0,5.0,10.0,15.0,29.0,74.0,89.0,88.0,37.0,35.0,28.5,43.3,43.8,23.3,15.4,15.0,12.3,15.8
Bras-sur-Meuse (55100),/management/ville/bras-sur-meuse/ville-55073,5.0,15.0,44.0,109.0,111.0,77.0,118.0,146.0,103.0,137.0,21.0,25.6,35.4,22.8,18.5,22.5,25.1,29.0
Aulnois-sur-Seille (57590),/management/ville/aulnois-sur-seille/ville-57040,0.0,0.0,23.0,67.0,33.0,28.0,45.0,51.0,42.0,62.0,17.3,27.7,31.6,19.8,21.4,19.8,29.6,32.7
Châtillon-sur-Saône (88410),/management/ville/chatillon-sur-saone/ville-88096,0.0,0.0,15.0,5.0,10.0,10.0,55.0,31.0,14.0,20.0,37.9,57.4,31.8,14.8,18.2,3.7,12.1,22.2
Bourdeau (73370),/management/ville/bourdeau/ville-73050,0.0,54.0,44.0,65.0,60.0,40.0,82.0,94.0,64.0,182.0,15.5,23.3,27.7,16.0,17.4,13.1,39.4,47.1
Abbeville (80100),/management/ville/abbeville/ville-80001,17.0,361.0,859.0,1839.0,3201.0,2776.0,7721.0,4319.0,2459.0,3121.0,38.2,48.4,30.2,18.8,13.6,14.2,18.0,17.5
Castelreng (11300),/management/ville/castelreng/ville-11078,0.0,15.0,10.0,29.0,19.0,0.0,42.0,36.0,29.0,55.0,23.2,27.5,29.3,15.4,19.5,17.5,28.0,40.0
Andilly-en-Bassigny (52360),/management/ville/andilly-en-bassigny/ville-52009,10.0,5.0,0.0,10.0,15.0,25.0,29.0,25.0,17.0,14.0,25.6,42.9,37.2,20.5,23.3,16.7,14.0,19.0
Beurizot (21350),/management/ville/beurizot/ville-21069,5.0,0.0,10.0,5.0,5.0,15.0,22.0,19.0,11.0,34.0,23.3,27.9,20.9,20.4,16.3,9.3,39.5,39.5
Cournols (63450),/management/ville/cournols/ville-63123,10.0,5.0,20.0,25.0,25.0,10.0,26.0,37.0,50.0,74.0,11.3,18.3,20.9,18.6,31.3,19.7,36.5,43.7
Crisolles (60400),/management/ville/crisolles/ville-60181,0.0,40.0,30.0,90.0,145.0,170.0,252.0,240.0,119.0,104.0,30.4,39.9,40.1,24.4,17.6,15.7,11.9,17.1
Avoudrey (25690),/management/ville/avoudrey/ville-25039,10.0,15.0,25.0,100.0,115.0,190.0,162.0,244.0,118.0,154.0,19.7,28.1,43.5,25.9,16.2,18.6,20.6,24.9
Briouze (61220),/management/ville/briouze/ville-61063,10.0,40.0,25.0,116.0,216.0,190.0,576.0,320.0,133.0,208.0,43.1,49.6,29.9,19.7,13.7,8.2,13.3,19.7
Comblot (61400),/management/ville/comblot/ville-61113,5.0,5.0,5.0,10.0,0.0,10.0,9.0,18.0,11.0,11.0,11.1,27.3,40.7,28.0,25.9,18.2,22.2,22.7
Bonnes (86300),/management/ville/bonnes/ville-86031,20.0,55.0,100.0,290.0,290.0,135.0,332.0,378.0,215.0,359.0,22.5,29.0,35.1,22.2,17.6,16.0,24.8,31.0
Alexain (53240),/management/ville/alexain/ville-53002,25.0,10.0,15.0,65.0,75.0,70.0,122.0,136.0,64.0,80.0,24.9,35.2,42.3,23.7,16.4,15.5,16.4,23.0
Bayard-sur-Marne (52170),/management/ville/bayard-sur-marne/ville-52265,10.0,20.0,10.0,142.0,132.0,233.0,371.0,403.0,141.0,143.0,29.5,40.7,44.7,26.9,12.0,14.7,13.9,13.2
Cernay-l'Église (25120),/management/ville/cernay-l-eglise/ville-25108,5.0,15.0,5.0,30.0,25.0,60.0,56.0,94.0,44.0,36.0,18.8,29.7,46.4,30.0,21.4,16.9,13.4,17.8
Beauvoisin (26170),/management/ville/beauvoisin/ville-26043,10.0,5.0,5.0,5.0,30.0,10.0,24.0,26.0,25.0,46.0,23.0,16.9,23.0,20.3,21.3,20.3,32.8,42.4
Clapiers (34830),/management/ville/clapiers/ville-34077,0.0,215.0,810.0,680.0,530.0,290.0,593.0,569.0,631.0,2121.0,13.7,16.4,16.5,13.3,15.7,16.5,54.1,54.2
Camprond (50210),/management/ville/camprond/ville-50094,10.0,20.0,10.0,25.0,71.0,61.0,87.0,126.0,37.0,48.0,24.3,34.9,45.3,31.1,12.2,12.1,18.2,13.4
Brasc (12550),/management/ville/brasc/ville-12035,24.0,14.0,5.0,10.0,5.0,10.0,50.0,30.0,18.0,32.0,38.9,37.9,30.6,14.8,9.7,20.7,20.8,27.6
Arzon (56640),/management/ville/arzon/ville-56005,0.0,113.0,40.0,98.0,228.0,167.0,523.0,497.0,362.0,524.0,20.0,34.0,31.1,21.1,19.1,18.9,29.8,25.5
Cornille (24750),/management/ville/cornille/ville-24135,10.0,56.0,30.0,60.0,95.0,50.0,116.0,196.0,101.0,117.0,20.9,22.9,42.1,27.8,19.8,18.6,17.2,27.1
Cherveux (79410),/management/ville/cherveux/ville-79086,15.0,35.0,155.0,255.0,310.0,180.0,307.0,386.0,258.0,390.0,19.2,26.3,35.3,22.1,18.4,20.0,27.0,31.0
Banne (07460),/management/ville/banne/ville-07024,20.0,60.0,15.0,51.0,50.0,71.0,142.0,140.0,108.0,165.0,23.2,27.9,27.9,21.9,19.3,19.9,29.6,29.7
Charmentray (77410),/management/ville/charmentray/ville-77094,24.0,5.0,14.0,58.0,29.0,24.0,33.0,55.0,45.0,62.0,16.3,16.7,33.7,22.2,24.0,22.2,26.0,38.9
Blanot (71250),/management/ville/blanot/ville-71039,14.0,19.0,10.0,5.0,10.0,38.0,19.0,35.0,32.0,51.0,9.0,18.8,32.8,18.6,28.4,17.4,29.9,44.9
Bérelles (59740),/management/ville/berelles/ville-59066,0.0,0.0,10.0,5.0,25.0,15.0,27.0,26.0,28.0,27.0,29.1,20.8,32.7,17.4,23.6,28.3,14.5,35.8
Champagne-sur-Loue (39600),/management/ville/champagne-sur-loue/ville-39095,15.0,5.0,5.0,25.0,5.0,0.0,27.0,20.0,18.0,26.0,35.9,25.0,23.1,19.6,28.2,13.5,12.8,40.4
Bussières (21580),/management/ville/bussieres/ville-21119,5.0,5.0,0.0,5.0,0.0,11.0,11.0,18.0,4.0,5.0,16.7,36.8,66.7,27.3,5.6,15.8,11.1,15.8
Arcis-le-Ponsart (51170),/management/ville/arcis-le-ponsart/ville-51014,5.0,14.0,15.0,14.0,19.0,34.0,84.0,56.0,44.0,62.0,28.0,38.3,31.0,17.3,20.0,16.8,21.0,27.5
Châtillon-sur-Seine (21400),/management/ville/chatillon-sur-seine/ville-21154,15.0,185.0,85.0,365.0,595.0,675.0,1975.0,1111.0,564.0,634.0,42.8,48.7,29.8,20.8,13.0,13.3,14.4,15.1
Castels et Bézenac (24220),/management/ville/castels-et-bezenac/ville-24087,0.0,70.0,10.0,40.0,90.0,60.0,237.0,186.0,121.0,138.0,31.3,37.7,33.5,21.6,14.2,20.8,20.9,19.7
Bourdeaux (26460),/management/ville/bourdeaux/ville-26056,33.0,29.0,43.0,62.0,62.0,57.0,141.0,114.0,87.0,144.0,25.7,32.0,31.2,16.7,15.6,20.0,27.4,32.0
Briquemesnil-Floxicourt (80540),/management/ville/briquemesnil-floxicourt/ville-80142,0.0,0.0,12.0,21.0,37.0,46.0,32.0,38.0,26.0,67.0,16.3,22.9,33.8,14.5,16.3,14.5,33.8,48.2
Aulnoy (77120),/management/ville/aulnoy/ville-77013,5.0,10.0,20.0,84.0,45.0,24.0,67.0,71.0,55.0,76.0,22.1,27.6,33.1,20.5,16.2,24.6,28.7,28.4
Cournon (56200),/management/ville/cournon/ville-56044,0.0,40.0,25.0,60.0,99.0,159.0,164.0,224.0,90.0,104.0,23.6,32.2,45.8,27.6,13.4,17.4,17.3,18.8
Avrainville (54385),/management/ville/avrainville/ville-54034,5.0,15.0,15.0,50.0,15.0,20.0,37.0,38.0,35.0,63.0,16.7,26.5,30.0,15.1,15.6,25.3,37.8,34.9
9,18.4
Andiran (47170),/management/ville/andiran/ville-47009,0.0,5.0,10.0,20.0,30.0,25.0,43.0,60.0,38.0,35.0,20.2,29.3,41.5,24.7,21.3,22.0,17.0,23.2
Abbéville-la-Rivière (91150),/management/ville/abbeville-la-riviere/ville-91001,10.0,15.0,29.0,28.0,50.0,35.0,48.0,55.0,58.0,54.0,21.7,22.9,32.1,21.6,23.6,30.3,22.6,27.5
Beurlay (17250),/management/ville/beurlay/ville-17045,5.0,35.0,30.0,70.0,145.0,120.0,240.0,253.0,131.0,133.0,25.6,37.8,40.4,24.3,17.2,17.5,16.9,18.3
Beauvoisin (30640),/management/ville/beauvoisin/ville-30033,25.0,158.0,203.0,751.0,697.0,554.0,822.0,917.0,667.0,950.0,23.9,25.0,31.7,22.6,18.8,20.9,25.6,30.9
Combloux (74920),/management/ville/combloux/ville-74083,15.0,119.0,144.0,273.0,273.0,199.0,353.0,406.0,294.0,501.0,21.6,23.9,31.7,20.4,18.1,19.7,28.7,35.8
Aleyrac (26770),/management/ville/aleyrac/ville-26003,10.0,5.0,0.0,0.0,0.0,0.0,14.0,9.0,4.0,8.0,27.8,52.9,38.9,12.5,5.6,17.6,27.8,17.6
Bayas (33230),/management/ville/bayas/ville-33034,0.0,44.0,5.0,39.0,74.0,39.0,115.0,116.0,50.0,66.0,28.7,37.3,34.5,26.9,17.0,12.4,19.9,18.1
Cernay-la-Ville (78720),/management/ville/cernay-la-ville/ville-78128,0.0,50.0,272.0,252.0,136.0,50.0,132.0,162.0,191.0,646.0,10.5,12.8,16.5,13.1,15.3,18.6,57.7,56.3
Champagne-sur-Oise (95660),/management/ville/champagne-sur-oise/ville-95134,0.0,130.0,350.0,875.0,680.0,420.0,764.0,959.0,684.0,1079.0,19.5,24.1,31.6,23.0,18.5,20.7,30.4,31.5
Cornillé (35500),/management/ville/cornille/ville-35087,20.0,15.0,25.0,106.0,171.0,206.0,162.0,211.0,139.0,134.0,21.5,28.8,41.4,23.6,19.9,23.1,17.2,24.4
Arzviller (57405),/management/ville/arzviller/ville-57033,5.0,25.0,25.0,76.0,81.0,81.0,110.0,135.0,55.0,94.0,19.9,36.0,43.4,22.6,14.8,13.2,21.9,25.4
Bérengeville-la-Campagne (27110),/management/ville/berengeville-la-campagne/ville-27055,0.0,10.0,10.0,43.0,38.0,43.0,57.0,62.0,42.0,64.0,24.1,27.3,31.0,22.8,17.2,20.0,27.6,29.1
Camps-en-Amiénois (80540),/management/ville/camps-en-amienois/ville-80165,10.0,0.0,10.0,5.0,35.0,35.0,56.0,35.0,23.0,29.0,31.1,47.8,31.1,16.4,20.3,11.6,17.6,23.2
Blanquefort (32270),/management/ville/blanquefort/ville-32056,0.0,0.0,0.0,5.0,5.0,20.0,7.0,8.0,11.0,9.0,21.1,18.8,36.8,10.0,21.1,43.8,21.1,31.3
Bonnesvalyn (02400),/management/ville/bonnesvalyn/ville-02099,0.0,10.0,15.0,25.0,66.0,50.0,47.0,57.0,30.0,35.0,24.2,32.1,41.8,22.9,17.6,17.9,16.5,25.6
Bannegon (18210),/management/ville/bannegon/ville-18021,10.0,19.0,5.0,19.0,34.0,10.0,74.0,80.0,31.0,37.0,28.8,37.8,44.1,25.0,11.7,16.2,15.3,18.0
Chervey (10110),/management/ville/chervey/ville-10097,15.0,5.0,5.0,15.0,15.0,45.0,39.0,54.0,19.0,20.0,22.2,36.2,60.3,22.2,9.5,18.8,7.9,21.7
Clara-Villerach (66500),/management/ville/clara-villerach/ville-66051,0.0,25.0,15.0,45.0,25.0,10.0,45.0,49.0,40.0,63.0,28.0,17.5,30.0,21.3,13.0,27.8,29.0,35.1
Charmes (02800),/management/ville/charmes/ville-02165,0.0,40.0,45.0,139.0,219.0,194.0,404.0,416.0,188.0,218.0,28.7,36.8,39.2,25.9,14.5,15.9,17.6,17.8
Arcis-sur-Aube (10700),/management/ville/arcis-sur-aube/ville-10006,20.0,55.0,55.0,221.0,332.0,357.0,1002.0,639.0,271.0,265.0,39.7,51.4,34.9,21.8,12.8,12.2,12.6,11.9
Brasles (02400),/management/ville/brasles/ville-02114,10.0,49.0,64.0,137.0,186.0,137.0,432.0,344.0,171.0,227.0,28.0,43.8,35.9,21.9,15.0,14.1,21.1,18.0
Châtillon-sur-Thouet (79200),/management/ville/chatillon-sur-thouet/ville-79080,15.0,78.0,59.0,204.0,264.0,375.0,1049.0,577.0,272.0,298.0,40.8,53.8,32.7,19.0,13.0,11.9,13.6,13.6
Aulnoy-lez-Valenciennes (59300),/management/ville/aulnoy-lez-valenciennes/ville-59032,10.0,140.0,349.0,676.0,1211.0,747.0,1615.0,1365.0,768.0,985.0,25.7,41.4,35.6,21.6,16.3,16.2,22.4,19.4
Andlau (67140),/management/ville/andlau/ville-67010,35.0,39.0,84.0,231.0,152.0,278.0,399.0,416.0,229.0,316.0,22.2,35.9,38.1,22.2,17.1,16.6,22.7,23.8
Castelsagrat (82400),/management/ville/castelsagrat/ville-82032,31.0,40.0,10.0,36.0,76.0,57.0,159.0,119.0,89.0,68.0,34.1,38.7,31.8,22.4,20.9,20.0,13.3,18.2
Avrainville (88130),/management/ville/avrainville/ville-88024,0.0,0.0,5.0,29.0,10.0,5.0,13.0,31.0,15.0,16.0,12.5,22.2,50.0,27.3,27.5,11.1,10.0,33.3
Bussières (42510),/management/ville/bussieres/ville-42029,20.0,51.0,35.0,202.0,162.0,212.0,422.0,365.0,208.0,207.0,29.1,40.5,37.6,22.3,17.3,17.3,15.9,18.4
Abbéville-lès-Conflans (54800),/management/ville/abbeville-les-conflans/ville-54002,10.0,10.0,15.0,30.0,45.0,40.0,40.0,45.0,46.0,43.0,20.2,25.9,28.1,24.1,27.0,25.9,24.7,24.7
Cournon-d'Auvergne (63800),/management/ville/cournon-d-auvergne/ville-63124,8.0,489.0,1284.0,2435.0,2731.0,1799.0,4015.0,4278.0,2773.0,4097.0,23.8,28.7,32.9,23.0,17.8,18.7,25.5,28.3
Bourdeilles (24310),/management/ville/bourdeilles/ville-24055,17.0,27.0,48.0,72.0,82.0,60.0,242.0,152.0,105.0,128.0,31.0,45.0,29.3,18.9,19.5,14.4,20.2,20.6
Crissé (72140),/management/ville/crisse/ville-72109,20.0,15.0,15.0,29.0,95.0,111.0,143.0,162.0,61.0,53.0,28.2,40.0,48.8,25.5,12.4,16.7,10.5,14.8
Briquenay (08240),/management/ville/briquenay/ville-08086,11.0,0.0,0.0,16.0,16.0,5.0,22.0,28.0,20.0,13.0,11.9,40.0,42.9,24.4,26.2,22.5,19.0,12.5
Beaux (43200),/management/ville/beaux/ville-43024,0.0,29.0,34.0,77.0,87.0,126.0,212.0,209.0,104.0,136.0,31.2,33.2,37.6,23.2,14.2,17.4,17.1,24.4
Beurville (52110),/management/ville/beurville/ville-52047,10.0,0.0,5.0,5.0,5.0,10.0,41.0,23.0,9.0,15.0,38.1,54.3,28.6,20.8,11.9,8.7,21.4,13.0
Baye (29300),/management/ville/baye/ville-29005,10.0,50.0,45.0,135.0,106.0,131.0,215.0,252.0,186.0,223.0,21.2,27.9,34.7,22.2,22.4,20.3,21.7,29.0
Cernay-lès-Reims (51420),/management/ville/cernay-les-reims/ville-51105,15.0,39.0,171.0,176.0,102.0,73.0,238.0,224.0,153.0,439.0,19.9,25.0,22.3,19.1,15.1,13.9,42.6,40.8
Cornillé-les-Caves (49140),/management/ville/cornille-les-caves/ville-49107,5.0,20.0,40.0,40.0,55.0,35.0,94.0,111.0,61.0,91.0,25.1,27.4,36.0,24.4,17.1,16.8,21.7,29.1
Asasp-Arros (64660),/management/ville/asasp-arros/ville-64064,10.0,15.0,5.0,26.0,87.0,56.0,90.0,155.0,80.0,50.0,18.6,29.3,50.3,28.2,25.7,17.3,5.5,20.9
Berentzwiller (68130),/management/ville/berentzwiller/ville-68027,10.0,0.0,10.0,50.0,25.0,65.0,50.0,92.0,49.0,47.0,13.3,28.0,44.2,29.8,20.4,20.8,22.1,17.6
Alfortville (94140),/management/ville/alfortville/ville-94002,4.0,1003.0,5516.0,6155.0,6937.0,3422.0,9006.0,5305.0,5144.0,11429.0,29.6,28.7,17.2,16.9,17.7,15.7,35.5,38.4
Blanquefort (33290),/management/ville/blanquefort/ville-33056,13.0,478.0,1263.0,2079.0,2388.0,1389.0,2654.0,3085.0,2058.0,3348.0,22.2,25.2,30.0,24.2,17.4,19.4,30.4,29.7
Clarac (31210),/management/ville/clarac/ville-31147,0.0,15.0,25.0,96.0,120.0,65.0,122.0,161.0,112.0,89.0,21.0,29.6,39.9,26.0,21.8,24.2,17.3,19.6
Arcisses (28400),/management/ville/arcisses/ville-28236,20.0,76.0,66.0,284.0,278.0,328.0,637.0,534.0,229.0,333.0,30.8,42.5,40.0,20.1,13.0,13.4,16.2,22.2
Champagne-sur-Seine (77430),/management/ville/champagne-sur-seine/ville-77079,0.0,135.0,239.0,767.0,1038.0,684.0,1501.0,1309.0,747.0,827.0,31.1,36.9,34.5,23.8,16.5,17.5,17.9,19.7
Charmes (03800),/management/ville/charmes/ville-03061,10.0,10.0,30.0,35.0,60.0,45.0,69.0,99.0,56.0,65.0,19.9,27.5,41.2,26.2,17.6,20.9,21.3,23.5
Bonnet (55130),/management/ville/bonnet/ville-55059,32.0,5.0,5.0,5.0,16.0,16.0,59.0,46.0,36.0,20.0,34.6,38.0,35.8,21.5,23.5,21.5,6.2,19.0
Camps-la-Source (83170),/management/ville/camps-la-source/ville-83030,10.0,81.0,112.0,218.0,248.0,132.0,353.0,354.0,245.0,434.0,23.4,27.4,30.9,20.3,15.7,19.6,30.0,32.5
Combon (27170),/management/ville/combon/ville-27164,10.0,15.0,76.0,136.0,111.0,106.0,146.0,164.0,121.0,138.0,24.5,26.9,39.2,19.4,18.2,24.5,18.2,30.4
Cherville (51150),/management/ville/cherville/ville-51150,0.0,5.0,10.0,5.0,20.0,15.0,20.0,14.0,16.0,14.0,24.2,38.7,21.2,21.2,33.3,16.1,21.2,22.6
Châtin (58120),/management/ville/chatin/ville-58066,5.0,5.0,0.0,0.0,0.0,10.0,28.0,27.0,14.0,16.0,27.9,39.0,44.2,18.6,18.6,14.6,9.3,26.8
Bannes (46400),/management/ville/bannes/ville-46017,9.0,0.0,5.0,14.0,5.0,23.0,26.0,25.0,21.0,32.0,22.6,27.5,30.2,17.6,22.6,17.6,24.5,37.3
Braslou (37120),/management/ville/braslou/ville-37034,10.0,5.0,5.0,20.0,35.0,65.0,99.0,77.0,38.0,36.0,33.1,46.0,36.3,22.7,16.9,13.5,13.7,15.1
Beussent (62170),/management/ville/beussent/ville-62123,15.0,5.0,35.0,66.0,81.0,91.0,139.0,84.0,85.0,103.0,28.2,40.0,26.7,14.5,24.3,16.6,20.9,29.3
Briscous (64240),/management/ville/briscous/ville-64147,9.0,109.0,147.0,323.0,413.0,309.0,387.0,700.0,336.0,611.0,17.5,20.5,40.5,25.5,15.8,17.3,26.2,33.9
Cournonsec (34660),/management/ville/cournonsec/ville-34087,34.0,112.0,224.0,571.0,434.0,307.0,466.0,517.0,476.0,801.0,20.1,21.2,27.9,19.0,20.4,21.7,31.7,38.8
Bourdelles (33190),/management/ville/bourdelles/ville-33066,0.0,0.0,15.0,5.0,5.0,30.0,24.0,45.0,6.0,8.0,19.0,39.0,69.0,29.6,7.1,7.3,4.8,14.6
Bussières (63330),/management/ville/bussieres/ville-63060,10.0,5.0,5.0,5.0,0.0,5.0,27.0,21.0,12.0,17.0,28.6,42.9,35.7,17.1,14.3,17.1,21.4,22.9
Aulnoy-sur-Aube (52160),/management/ville/aulnoy-sur-aube/ville-52028,10.0,0.0,10.0,0.0,5.0,5.0,11.0,12.0,7.0,8.0,23.8,35.3,47.6,14.3,9.5,29.4,19.0,23.5
Avrainville (91630),/management/ville/avrainville/ville-91041,0.0,55.0,141.0,136.0,61.0,86.0,141.0,150.0,124.0,231.0,21.5,22.3,28.2,18.3,18.8,19.8,31.5,39.9
Beauzac (43590),/management/ville/beauzac/ville-43025,25.0,96.0,136.0,342.0,327.0,503.0,632.0,731.0,393.0,392.0,24.5,34.4,40.4,25.3,18.5,18.1,16.6,19.8
Baye (51270),/management/ville/baye/ville-51042,25.0,5.0,5.0,25.0,61.0,87.0,142.0,94.0,50.0,53.0,36.2,47.4,35.0,19.5,17.2,12.6,11.7,18.9
Andoins (64420),/management/ville/andoins/ville-64021,10.0,20.0,10.0,118.0,103.0,36.0,92.0,136.0,85.0,158.0,18.1,20.9,33.6,23.3,16.8,18.9,31.4,35.7
Crissey (39100),/management/ville/crissey/ville-39182,5.0,0.0,34.0,77.0,53.0,101.0,116.0,131.0,103.0,141.0,22.2,25.4,29.8,22.9,20.6,21.3,27.4,30.0
Castelsarrasin (82100),/management/ville/castelsarrasin/ville-82033,100.0,341.0,362.0,1119.0,2206.0,1632.0,4320.0,2813.0,1722.0,1608.0,36.9,45.5,32.7,20.4,16.0,16.9,14.4,16.3
Cerneux (77320),/management/ville/cerneux/ville-77066,10.0,10.0,10.0,55.0,40.0,40.0,69.0,78.0,38.0,39.0,27.9,33.6,43.2,25.6,10.8,23.0,18.0,16.8
Ascain (64310),/management/ville/ascain/ville-64065,25.0,276.0,226.0,467.0,537.0,367.0,626.0,977.0,633.0,989.0,16.8,21.8,37.2,23.6,16.9,22.2,29.2,32.0
Abbeville-Saint-Lucien (60480),/management/ville/abbeville-saint-lucien/ville-60003,5.0,10.0,30.0,90.0,82.0,49.0,115.0,112.0,63.0,77.0,29.3,33.7,36.5,23.0,16.6,17.6,17.7,24.1
Cornillon (30630),/management/ville/cornillon/ville-30096,0.0,35.0,30.0,70.0,140.0,95.0,220.0,184.0,129.0,171.0,28.6,33.5,29.5,22.4,16.6,19.8,25.2,23.5
Bérenx (64300),/management/ville/berenx/ville-64112,5.0,5.0,5.0,25.0,55.0,60.0,93.0,138.0,67.0,58.0,21.9,30.3,44.9,28.4,19.7,18.0,13.5,19.1
Combourg (35270),/management/ville/combourg/ville-35085,95.0,100.0,303.0,650.0,688.0,528.0,1448.0,1137.0,760.0,1015.0,28.6,37.2,33.0,19.5,17.9,17.0,20.5,25.7
Arcizac-Adour (65360),/management/ville/arcizac-adour/ville-65019,0.0,15.0,26.0,61.0,81.0,51.0,109.0,109.0,64.0,132.0,28.5,24.4,29.0,22.5,13.5,17.2,29.0,34.4
Brasparts (29190),/management/ville/brasparts/ville-29016,25.0,40.0,25.0,116.0,111.0,116.0,147.0,197.0,161.0,261.0,15.8,22.4,30.3,21.1,21.9,20.3,31.9,36.0
Châtonnay (38440),/management/ville/chatonnay/ville-38094,15.0,103.0,93.0,246.0,257.0,278.0,517.0,433.0,260.0,283.0,31.1,38.0,35.6,21.7,16.3,18.5,17.0,21.0
Charmes (21310),/management/ville/charmes/ville-21146,15.0,15.0,5.0,10.0,5.0,26.0,28.0,36.0,13.0,16.0,24.5,34.9,49.0,25.0,12.2,16.3,14.3,20.9
Champagne-sur-Vingeanne (21310),/management/ville/champagne-sur-vingeanne/ville-21135,20.0,5.0,15.0,15.0,35.0,30.0,64.0,70.0,43.0,53.0,24.4,31.5,34.5,24.6,19.3,17.6,21.8,24.1
Camps-Saint-Mathurin-Léobazel (19430),/management/ville/camps-saint-mathurin-leobazel/ville-19034,25.0,15.0,0.0,30.0,20.0,30.0,73.0,48.0,44.0,34.0,30.4,41.4,29.4,20.2,20.6,24.2,19.6,15.2
Bonnétable (72110),/management/ville/bonnetable/ville-72039,10.0,135.0,90.0,264.0,429.0,634.0,1533.0,864.0,317.0,334.0,43.8,55.8,35.7,19.8,10.1,10.7,10.5,11.4
Blanquefort-sur-Briolance (47500),/management/ville/blanquefort-sur-briolance/ville-47029,30.0,25.0,0.0,49.0,34.0,45.0,168.0,85.0,65.0,69.0,39.1,47.0,31.0,14.9,12.5,20.8,17.4,18.3
Bannes (51230),/management/ville/bannes/ville-51035,17.0,0.0,0.0,17.0,33.0,66.0,64.0,79.0,29.0,39.0,26.5,34.3,45.1,26.4,9.7,18.2,18.6,18.2
Clarac (65190),/management/ville/clarac/ville-65149,20.0,10.0,0.0,10.0,30.0,20.0,34.0,28.0,32.0,38.0,23.1,28.4,30.8,14.0,21.5,26.9,24.6,32.8
Chéry (18120),/management/ville/chery/ville-18064,0.0,10.0,0.0,15.0,34.0,34.0,42.0,63.0,32.0,29.0,17.9,32.5,48.8,25.9,14.3,24.1,19.0,16.9
Algajola (20220),/management/ville/algajola/ville-2B010,2.0,29.0,6.0,31.0,56.0,35.0,94.0,50.0,62.0,78.0,37.1,29.2,22.1,15.1,17.9,25.7,22.9,31.9
Beuste (64800),/management/ville/beuste/ville-64119,5.0,15.0,40.0,65.0,90.0,100.0,89.0,131.0,89.0,158.0,16.7,21.3,34.2,21.5,18.9,19.2,30.3,37.2
Cournonterral (34660),/management/ville/cournonterral/ville-34088,14.0,247.0,422.0,806.0,920.0,512.0,1099.0,1060.0,800.0,1368.0,23.7,27.0,29.7,19.8,17.1,19.7,29.5,33.5
Castelvieilh (65350),/management/ville/castelvieilh/ville-65131,10.0,0.0,10.0,10.0,35.0,25.0,43.0,68.0,28.0,59.0,19.4,24.0,39.8,24.4,18.4,10.0,22.4,37.0
Bussières (70190),/management/ville/bussieres/ville-70107,0.0,10.0,34.0,58.0,73.0,24.0,61.0,72.0,46.0,99.0,19.0,25.2,28.5,22.0,16.8,15.8,35.8,35.3
Avranches (50300),/management/ville/avranches/ville-50025,5.0,239.0,559.0,1112.0,1282.0,1059.0,2618.0,2011.0,1236.0,1993.0,27.7,37.8,30.6,20.3,16.3,15.3,25.4,25.3
Bourdenay (10290),/management/ville/bourdenay/ville-10054,5.0,5.0,5.0,11.0,16.0,11.0,39.0,37.0,16.0,15.0,41.5,32.7,34.0,30.2,13.2,15.4,11.3,15.4
Aulnoye-Aymeries (59620),/management/ville/aulnoye-aymeries/ville-59033,5.0,126.0,197.0,753.0,1218.0,1137.0,2178.0,2108.0,1194.0,992.0,25.8,40.4,40.1,24.1,19.2,17.8,14.9,15.7
Crissey (71530),/management/ville/crissey/ville-71154,0.0,69.0,160.0,313.0,353.0,315.0,513.0,551.0,328.0,405.0,25.1,31.8,36.3,24.0,16.4,20.1,22.3,22.8
Beauzelle (31700),/management/ville/beauzelle/ville-31056,0.0,138.0,769.0,961.0,926.0,429.0,969.0,1044.0,767.0,1794.0,17.9,24.1,25.0,20.1,16.4,17.1,40.6,37.9
Brison-Saint-Innocent (73100),/management/ville/brison-saint-innocent/ville-73059,5.0,101.0,231.0,236.0,196.0,131.0,352.0,408.0,298.0,608.0,16.6,25.3,26.9,21.8,15.2,20.3,41.3,32.2
Bayecourt (88150),/management/ville/bayecourt/ville-88040,0.0,5.0,19.0,19.0,34.0,43.0,45.0,60.0,38.0,41.0,20.7,28.4,39.1,24.8,24.1,16.8,16.1,27.4
Abbévillers (25310),/management/ville/abbevillers/ville-25004,0.0,25.0,50.0,126.0,126.0,192.0,222.0,265.0,144.0,157.0,23.9,32.6,42.6,23.7,15.7,20.6,17.8,22.1
Cernex (74350),/management/ville/cernex/ville-74052,5.0,66.0,117.0,133.0,96.0,50.0,109.0,159.0,131.0,283.0,16.1,15.9,25.7,20.5,19.0,19.8,39.2,43.7
Ascarat (64220),/management/ville/ascarat/ville-64066,30.0,25.0,0.0,40.0,25.0,25.0,78.0,73.0,38.0,56.0,30.8,32.8,29.2,26.2,16.7,14.4,23.3,22.4
Cornillon-Confoux (13250),/management/ville/cornillon-confoux/ville-13029,35.0,55.0,150.0,175.0,110.0,140.0,180.0,249.0,200.0,433.0,16.6,17.3,24.9,20.9,20.5,17.1,38.0,43.7
Combourtillé (35210),/management/ville/combourtille/ville-35086,5.0,10.0,35.0,50.0,105.0,80.0,114.0,128.0,78.0,86.0,30.5,25.8,32.5,27.8,17.8,20.6,19.3,23.0
Béréziat (01340),/management/ville/bereziat/ville-01040,31.0,10.0,10.0,61.0,77.0,102.0,83.0,121.0,72.0,68.0,19.2,29.1,46.7,23.0,17.6,24.8,16.5,23.6
Algans (81470),/management/ville/algans/ville-81006,10.0,5.0,30.0,20.0,15.0,5.0,39.0,35.0,30.0,66.0,22.5,23.8,27.0,14.7,15.7,20.0,34.8,42.5
Chatonrupt-Sommermont (52300),/management/ville/chatonrupt-sommermont/ville-52118,10.0,10.0,19.0,15.0,45.0,68.0,84.0,79.0,33.0,28.0,32.5,42.7,41.2,25.2,15.8,13.6,10.5,14.5
Champagne-Vigny (16250),/management/ville/champagne-vigny/ville-16075,5.0,5.0,0.0,40.0,30.0,45.0,48.0,48.0,38.0,50.0,24.7,27.5,29.0,22.1,22.6,18.7,23.7,30.8
Bonnétage (25210),/management/ville/bonnetage/ville-25074,20.0,5.0,30.0,81.0,102.0,193.0,166.0,193.0,171.0,115.0,23.8,27.6,32.5,26.6,28.8,24.1,14.9,20.7
Charmes (52360),/management/ville/charmes/ville-52108,0.0,19.0,5.0,48.0,10.0,29.0,27.0,37.0,23.0,22.0,21.1,26.9,40.4,25.9,19.3,23.1,19.3,23.1
Claracq (64330),/management/ville/claracq/ville-64190,20.0,0.0,5.0,25.0,39.0,15.0,46.0,44.0,40.0,39.0,26.4,28.0,22.0,26.9,29.7,17.1,22.0,24.4
Brassac (09000),/management/ville/brassac/ville-09066,5.0,15.0,35.0,124.0,89.0,79.0,105.0,135.0,111.0,144.0,16.3,25.9,34.3,20.6,22.7,22.2,26.7,31.7
Chéry-Chartreuve (02220),/management/ville/chery-chartreuve/ville-02179,0.0,15.0,25.0,45.0,25.0,70.0,86.0,101.0,48.0,52.0,26.9,33.1,42.8,25.7,13.1,20.4,17.2,19.0
Blanzac (43350),/management/ville/blanzac/ville-43030,6.0,11.0,23.0,49.0,82.0,49.0,62.0,84.0,65.0,82.0,20.4,22.7,32.9,23.3,23.7,20.6,23.0,32.6
Camps-sur-l'Agly (11190),/management/ville/camps-sur-l-agly/ville-11065,5.0,0.0,0.0,0.0,5.0,10.0,11.0,17.0,8.0,13.0,25.0,20.8,41.7,25.0,8.3,25.0,25.0,29.2
Arcizac-ez-Angles (65100),/management/ville/arcizac-ez-angles/ville-65020,15.0,5.0,0.0,40.0,40.0,20.0,45.0,76.0,28.0,43.0,25.0,22.5,46.7,28.8,10.9,17.6,17.4,26.5
Castelviel (33540),/management/ville/castelviel/ville-33105,0.0,5.0,0.0,15.0,15.0,25.0,47.0,47.0,23.0,41.0,32.9,26.8,30.3,24.7,18.4,11.0,18.4,32.9
Avranville (88630),/management/ville/avranville/ville-88025,5.0,0.0,10.0,5.0,10.0,0.0,25.0,16.0,10.0,7.0,30.0,57.1,30.0,21.2,26.7,7.1,13.3,10.7
Courouvre (55260),/management/ville/courouvre/ville-55129,0.0,9.0,0.0,0.0,0.0,5.0,10.0,6.0,4.0,8.0,46.7,20.0,6.7,30.0,20.0,6.7,26.7,33.3
Andon (06750),/management/ville/andon/ville-06003,9.0,14.0,27.0,82.0,95.0,68.0,109.0,151.0,93.0,95.0,25.4,23.0,37.5,27.7,18.5,23.0,18.5,24.4
Beutal (25250),/management/ville/beutal/ville-25059,0.0,16.0,11.0,68.0,16.0,42.0,46.0,58.0,40.0,57.0,22.1,24.0,33.7,23.5,18.3,21.9,26.0,30.2
Aschbach (67250),/management/ville/aschbach/ville-67012,0.0,10.0,20.0,75.0,85.0,140.0,169.0,176.0,73.0,91.0,26.0,40.2,44.5,22.6,13.8,15.0,15.7,20.1
Bayel (10310),/management/ville/bayel/ville-10035,10.0,5.0,10.0,46.0,117.0,117.0,325.0,179.0,87.0,44.0,45.3,56.5,36.6,19.2,14.1,13.4,4.0,9.5
Bussières (71960),/management/ville/bussieres/ville-71069,4.0,19.0,75.0,104.0,64.0,25.0,105.0,125.0,78.0,141.0,15.2,32.1,34.6,19.8,18.2,16.5,32.0,30.7
Abeilhan (34290),/management/ville/abeilhan/ville-34001,35.0,76.0,15.0,198.0,277.0,162.0,413.0,339.0,269.0,229.0,31.3,34.6,30.4,23.6,21.5,21.5,16.9,19.6
Cristinacce (20126),/management/ville/cristinacce/ville-2A100,2.0,4.0,1.0,4.0,7.0,4.0,21.0,7.0,16.0,12.0,41.9,30.8,12.9,16.7,32.3,23.1,12.9,30.8
Brissac (34190),/management/ville/brissac/ville-34042,5.0,30.0,45.0,80.0,54.0,65.0,124.0,98.0,88.0,158.0,24.3,28.9,26.7,15.5,19.3,17.8,29.6,38.2
Cerniébaud (39250),/management/ville/cerniebaud/ville-39085,0.0,10.0,0.0,0.0,10.0,19.0,13.0,19.0,13.0,13.0,28.6,16.1,28.6,32.4,25.0,19.4,17.9,25.8
Beauziac (47700),/management/ville/beauziac/ville-47026,0.0,26.0,16.0,26.0,21.0,16.0,61.0,50.0,35.0,50.0,26.3,35.6,32.6,19.4,13.7,21.8,27.4,23.8
Bourdettes (64800),/management/ville/bourdettes/ville-64145,5.0,25.0,35.0,60.0,50.0,60.0,69.0,115.0,67.0,98.0,17.0,22.7,39.8,24.7,17.5,21.0,25.7,30.4
Cornillon-en-Trièves (38710),/management/ville/cornillon-en-trieves/ville-38127,5.0,0.0,15.0,10.0,15.0,15.0,29.0,30.0,31.0,39.0,22.7,22.2,31.8,17.0,18.2,30.2,27.3,33.3
Aulon (23210),/management/ville/aulon/ville-23011,5.0,5.0,0.0,15.0,35.0,5.0,58.0,46.0,17.0,20.0,35.2,47.1,40.8,21.8,11.3,12.9,12.7,15.7
Combovin (26120),/management/ville/combovin/ville-26100,16.0,15.0,46.0,61.0,40.0,55.0,93.0,71.0,51.0,102.0,26.1,32.3,29.9,14.4,17.8,14.9,26.1,38.5
Berfay (72320),/management/ville/berfay/ville-72032,0.0,15.0,5.0,25.0,34.0,94.0,87.0,110.0,34.0,32.0,29.7,36.8,52.9,26.4,8.7,17.6,8.7,16.0
Arcizans-Avant (65400),/management/ville/arcizans-avant/ville-65021,0.0,20.0,10.0,30.0,85.0,30.0,61.0,89.0,62.0,96.0,17.2,22.3,35.8,21.9,19.9,20.4,27.2,35.0
Champagneux (73240),/management/ville/champagneux/ville-73070,15.0,40.0,15.0,90.0,70.0,95.0,149.0,162.0,76.0,97.0,28.3,33.3,38.9,24.9,15.4,16.0,17.4,22.8
Bannes (53340),/management/ville/bannes/ville-53019,5.0,0.0,0.0,10.0,10.0,36.0,22.0,32.0,21.0,18.0,20.0,27.7,42.2,27.5,22.2,21.3,15.6,21.3
Chatou (78400),/management/ville/chatou/ville-78146,3.0,758.0,6303.0,4141.0,3004.0,983.0,3441.0,2617.0,3117.0,12397.0,14.1,17.5,13.4,11.5,13.9,15.0,58.6,56.5
Blanzac (87300),/management/ville/blanzac/ville-87017,15.0,20.0,10.0,61.0,56.0,61.0,99.0,121.0,78.0,83.0,21.9,30.4,42.7,20.7,19.3,22.0,16.1,27.2
Bonnetan (33370),/management/ville/bonnetan/ville-33061,0.0,56.0,62.0,169.0,108.0,41.0,123.0,179.0,125.0,244.0,16.9,19.7,32.8,20.8,17.5,19.7,32.8,39.6
Algolsheim (68600),/management/ville/algolsheim/ville-68001,5.0,15.0,50.0,124.0,214.0,184.0,204.0,261.0,177.0,193.0,20.5,28.7,34.9,25.2,23.7,18.6,20.9,25.2
Clarafond-Arcine (74270),/management/ville/clarafond-arcine/ville-74077,15.0,30.0,45.0,190.0,145.0,135.0,124.0,240.0,137.0,208.0,14.5,20.4,40.8,25.4,18.8,19.8,26.0,32.5
Chéry-lès-Pouilly (02000),/management/ville/chery-les-pouilly/ville-02180,0.0,15.0,50.0,80.0,55.0,105.0,169.0,148.0,82.0,96.0,31.6,36.7,36.8,21.6,16.0,17.1,15.6,23.3
Camps-sur-l'Isle (33660),/management/ville/camps-sur-l-isle/ville-33088,0.0,21.0,15.0,72.0,67.0,98.0,188.0,148.0,58.0,47.0,37.9,47.0,39.3,24.3,14.2,12.2,8.5,12.6
Brassac (81260),/management/ville/brassac/ville-81037,19.0,29.0,25.0,104.0,184.0,186.0,435.0,253.0,158.0,228.0,35.0,45.9,30.9,16.1,14.2,15.2,19.9,22.6
Charmes (88130),/management/ville/charmes/ville-88090,5.0,95.0,175.0,515.0,650.0,600.0,1210.0,1084.0,533.0,643.0,28.3,40.5,37.6,23.3,15.5,15.3,18.6,18.4
Avrechy (60130),/management/ville/avrechy/ville-60034,10.0,25.0,50.0,175.0,235.0,85.0,239.0,203.0,142.0,251.0,25.6,31.7,31.8,16.5,18.1,15.9,24.5,35.9
Castéra-Bouzet (82120),/management/ville/castera-bouzet/ville-82034,15.0,0.0,0.0,5.0,15.0,20.0,38.0,30.0,20.0,4.0,40.9,41.3,36.4,28.3,15.9,28.3,6.8,2.2
Courpalay (77540),/management/ville/courpalay/ville-77135,0.0,46.0,119.0,253.0,232.0,108.0,235.0,299.0,194.0,256.0,26.6,21.2,33.2,26.1,17.6,21.8,22.5,29.4
Bayencourt (80560),/management/ville/bayencourt/ville-80057,5.0,5.0,0.0,10.0,14.0,9.0,18.0,17.0,14.0,8.0,18.5,43.3,37.0,21.9,33.3,16.7,11.1,16.7
Abelcourt (70300),/management/ville/abelcourt/ville-70001,15.0,10.0,25.0,10.0,80.0,60.0,62.0,103.0,40.0,49.0,17.2,31.7,50.0,26.7,16.4,15.1,16.4,22.2
Andonville (45480),/management/ville/andonville/ville-45005,10.0,5.0,10.0,53.0,53.0,19.0,34.0,49.0,36.0,37.0,19.8,24.0,37.0,25.0,22.2,24.0,21.0,26.7
Cernion (08260),/management/ville/cernion/ville-08094,5.0,0.0,0.0,0.0,0.0,0.0,21.0,6.0,8.0,9.0,35.0,58.3,20.0,8.3,30.0,8.3,15.0,25.0
Aschères-le-Marché (45170),/management/ville/ascheres-le-marche/ville-45009,15.0,20.0,20.0,135.0,154.0,180.0,272.0,251.0,140.0,175.0,30.1,34.6,34.7,23.6,15.4,18.0,19.8,22.0
Beutin (62170),/management/ville/beutin/ville-62124,5.0,10.0,15.0,79.0,88.0,39.0,93.0,93.0,67.0,72.0,22.8,34.1,35.2,20.9,24.1,17.1,17.9,26.8
Bourdic (30190),/management/ville/bourdic/ville-30049,25.0,20.0,5.0,25.0,49.0,45.0,62.0,86.0,52.0,71.0,23.7,22.0,38.1,23.9,18.0,20.5,20.1,32.6
Cristot (14250),/management/ville/cristot/ville-14205,5.0,0.0,10.0,34.0,10.0,24.0,41.0,38.0,27.0,38.0,24.3,31.4,32.4,19.4,21.6,17.1,21.6,31.4
Bussières (77750),/management/ville/bussieres/ville-77057,0.0,20.0,15.0,44.0,91.0,70.0,135.0,90.0,54.0,58.0,40.7,39.9,32.0,21.2,11.6,20.2,15.7,18.4
Aulon (31420),/management/ville/aulon/ville-31023,5.0,15.0,5.0,29.0,29.0,24.0,90.0,73.0,40.0,54.0,32.8,37.3,32.1,22.2,15.3,16.7,19.8,22.2
Cornillon-sur-l'Oule (26510),/management/ville/cornillon-sur-l-oule/ville-26105,0.0,0.0,0.0,0.0,5.0,10.0,23.0,25.0,8.0,9.0,25.8,44.1,54.8,22.2,6.5,17.6,12.9,14.7
Brissac Loire Aubance (49250),/management/ville/brissac-loire-aubance/ville-49050,190.0,355.0,743.0,1429.0,1515.0,1115.0,1796.0,2080.0,1337.0,2288.0,21.9,25.9,32.3,22.1,18.1,17.6,27.7,33.2
Bébing (57830),/management/ville/bebing/ville-57056,5.0,0.0,10.0,20.0,20.0,30.0,48.0,44.0,24.0,44.0,28.0,32.1,30.5,22.1,15.9,14.1,25.6,29.5
Combrailles (63380),/management/ville/combrailles/ville-63115,30.0,5.0,10.0,15.0,15.0,25.0,54.0,62.0,32.0,17.0,25.9,40.0,50.6,22.9,18.8,20.0,4.7,16.3
Bonneuil (16120),/management/ville/bonneuil/ville-16050,35.0,15.0,5.0,15.0,30.0,30.0,72.0,63.0,36.0,32.0,34.0,36.9,41.0,21.2,15.0,20.4,10.0,21.4
Blanzac-lès-Matha (17160),/management/ville/blanzac-les-matha/ville-17048,5.0,31.0,11.0,37.0,37.0,47.0,87.0,86.0,50.0,51.0,28.1,35.3,35.6,25.5,16.3,20.1,20.0,17.3
Chéry-lès-Rozoy (02360),/management/ville/chery-les-rozoy/ville-02181,5.0,0.0,0.0,0.0,0.0,10.0,35.0,16.0,6.0,7.0,53.1,56.3,31.3,16.7,12.5,6.3,3.1,18.8
Clarbec (14130),/management/ville/clarbec/ville-14161,0.0,25.0,10.0,25.0,49.0,84.0,99.0,85.0,52.0,56.0,32.5,35.5,33.8,22.2,19.9,15.6,13.9,24.8
Champagney (25170),/management/ville/champagney/ville-25115,5.0,15.0,10.0,50.0,45.0,15.0,52.0,65.0,31.0,70.0,19.0,28.0,33.0,23.4,18.0,11.0,30.0,33.9
Berg (67320),/management/ville/berg/ville-67029,5.0,5.0,14.0,47.0,29.0,92.0,116.0,85.0,42.0,52.0,25.5,53.8,45.0,12.9,12.1,16.6,17.4,17.2
29.2
Algrange (57440),/management/ville/algrange/ville-57012,0.0,100.0,185.0,685.0,1016.0,730.0,1298.0,1541.0,860.0,1026.0,21.7,32.8,38.6,25.0,17.3,19.1,22.3,21.1
Arcizans-Dessus (65400),/management/ville/arcizans-dessus/ville-65022,5.0,5.0,5.0,20.0,20.0,15.0,17.0,26.0,13.0,33.0,17.4,21.4,37.0,22.0,6.5,23.8,39.1,33.3
Châtres (10510),/management/ville/chatres/ville-10089,20.0,15.0,15.0,80.0,125.0,75.0,170.0,174.0,76.0,87.0,29.1,37.7,41.3,24.8,13.8,16.2,15.8,18.5
Campsas (82370),/management/ville/campsas/ville-82027,10.0,52.0,98.0,216.0,186.0,159.0,230.0,265.0,158.0,241.0,24.4,26.9,34.9,23.2,16.0,19.4,24.7,29.3
Charmes-en-l'Angle (52110),/management/ville/charmes-en-l-angle/ville-52109,0.0,0.0,0.0,0.0,0.0,0.0,4.0,1.0,0.0,5.0,33.3,50.0,16.7,0.0,0.0,0.0,50.0,50.0
Banneville-la-Campagne (14940),/management/ville/banneville-la-campagne/ville-14036,0.0,5.0,15.0,10.0,35.0,35.0,18.0,37.0,22.0,32.0,20.4,12.7,38.9,26.7,20.4,20.0,20.4,38.2
Avrecourt (52140),/management/ville/avrecourt/ville-52033,5.0,0.0,0.0,16.0,11.0,21.0,36.0,36.0,15.0,12.0,34.6,40.0,42.3,27.5,11.5,17.8,11.5,11.1
Castéra-Lanusse (65190),/management/ville/castera-lanusse/ville-65132,0.0,0.0,0.0,10.0,15.0,5.0,13.0,15.0,3.0,6.0,41.2,30.0,47.1,28.0,5.9,10.0,5.9,25.0
Courpiac (33760),/management/ville/courpiac/ville-33135,0.0,0.0,15.0,10.0,30.0,5.0,25.0,24.0,15.0,25.0,28.6,27.7,33.3,20.4,16.7,17.0,21.4,34.0
Abère (64160),/management/ville/abere/ville-64002,5.0,5.0,5.0,30.0,25.0,10.0,32.0,32.0,25.0,22.0,27.3,30.4,38.2,21.6,16.4,28.6,18.2,21.4
Bayenghem-lès-Éperlecques (62910),/management/ville/bayenghem-les-eperlecques/ville-62087,15.0,40.0,36.0,137.0,132.0,116.0,190.0,216.0,128.0,172.0,21.5,32.4,36.5,23.0,19.0,17.3,22.9,25.6
Combrand (79140),/management/ville/combrand/ville-79096,35.0,10.0,45.0,116.0,146.0,236.0,235.0,306.0,141.0,174.0,23.4,31.7,43.6,25.2,15.9,16.8,17.1,23.5
Cornimont (88310),/management/ville/cornimont/ville-88116,35.0,100.0,69.0,194.0,363.0,567.0,1205.0,745.0,357.0,296.0,38.3,53.6,37.2,19.4,13.6,13.8,10.9,11.8
Criteuil-la-Magdeleine (16300),/management/ville/criteuil-la-magdeleine/ville-16116,52.0,0.0,16.0,52.0,10.0,83.0,107.0,91.0,55.0,67.0,31.3,35.8,34.4,20.5,20.0,14.5,14.4,27.7
Beblenheim (68980),/management/ville/beblenheim/ville-68023,46.0,56.0,40.0,91.0,121.0,116.0,161.0,235.0,121.0,233.0,17.3,25.3,37.2,23.3,17.6,15.0,27.8,33.8
Brissay-Choigny (02240),/management/ville/brissay-choigny/ville-02123,0.0,25.0,10.0,35.0,30.0,55.0,70.0,78.0,38.0,46.0,31.6,29.1,41.9,24.2,12.8,19.7,13.7,25.6
Bourdon (80310),/management/ville/bourdon/ville-80123,0.0,11.0,37.0,53.0,79.0,106.0,61.0,95.0,49.0,78.0,17.1,26.1,45.9,21.2,13.0,21.7,24.0,31.2
Andornay (70200),/management/ville/andornay/ville-70021,0.0,0.0,15.0,40.0,40.0,30.0,33.0,46.0,29.0,37.0,18.9,26.8,32.4,27.8,20.3,19.7,28.4,22.5
Cernon (39240),/management/ville/cernon/ville-39086,0.0,0.0,5.0,15.0,31.0,51.0,73.0,58.0,31.0,37.0,29.6,45.0,37.8,20.4,12.2,18.0,20.4,16.0
Beuvardes (02130),/management/ville/beuvardes/ville-02083,5.0,30.0,54.0,79.0,64.0,118.0,156.0,180.0,93.0,111.0,26.5,31.4,38.5,25.1,17.8,16.3,17.1,24.2
Aulon (65240),/management/ville/aulon/ville-65046,10.0,15.0,0.0,10.0,15.0,5.0,19.0,17.0,12.0,23.0,26.3,27.3,28.9,18.8,13.2,21.2,31.6,33.3
Bussières (89630),/management/ville/bussieres/ville-89058,0.0,0.0,5.0,5.0,10.0,15.0,30.0,25.0,20.0,25.0,28.8,31.3,25.0,23.1,23.1,16.7,23.1,27.1
Asco (20276),/management/ville/asco/ville-2B023,3.0,8.0,4.0,5.0,9.0,6.0,31.0,26.0,30.0,19.0,34.7,24.6,22.4,25.9,32.7,24.6,10.2,24.6
Charmes-la-Côte (54113),/management/ville/charmes-la-cote/ville-54120,0.0,5.0,20.0,56.0,56.0,36.0,50.0,64.0,49.0,93.0,14.5,24.6,28.2,21.1,21.4,16.7,35.9,36.5
Campsegret (24140),/management/ville/campsegret/ville-24077,0.0,35.0,0.0,44.0,44.0,20.0,96.0,83.0,40.0,76.0,27.2,38.2,32.5,20.7,17.2,9.7,23.2,28.5
Chesley (10210),/management/ville/chesley/ville-10098,5.0,15.0,0.0,30.0,25.0,40.0,108.0,69.0,39.0,43.0,38.7,44.4,31.5,20.5,16.1,14.1,13.7,19.3
Champagney (39290),/management/ville/champagney/ville-39096,21.0,20.0,5.0,67.0,76.0,41.0,91.0,109.0,60.0,54.0,25.5,32.1,40.5,26.3,19.6,18.5,14.4,20.4
Brassac-les-Mines (63570),/management/ville/brassac-les-mines/ville-63050,5.0,110.0,45.0,223.0,418.0,328.0,1028.0,900.0,372.0,333.0,29.0,47.0,43.8,23.5,14.7,13.7,12.5,12.7
Blanzaguet-Saint-Cybard (16320),/management/ville/blanzaguet-saint-cybard/ville-16047,15.0,15.0,10.0,30.0,40.0,15.0,54.0,72.0,52.0,47.0,22.6,25.5,35.7,27.7,20.0,26.4,21.7,20.0
Bonneuil (36310),/management/ville/bonneuil/ville-36020,0.0,5.0,0.0,0.0,5.0,5.0,26.0,19.0,16.0,7.0,39.4,37.1,27.3,26.3,27.3,20.0,6.1,14.3
Bannières (81500),/management/ville/bannieres/ville-81022,5.0,10.0,30.0,20.0,15.0,5.0,39.0,30.0,19.0,59.0,26.0,27.0,20.5,18.5,15.1,10.8,38.4,41.9
Berg-sur-Moselle (57570),/management/ville/berg-sur-moselle/ville-57062,0.0,0.0,35.0,40.0,61.0,66.0,50.0,103.0,62.0,103.0,11.1,20.0,37.0,26.0,19.1,19.4,32.7,32.3
Arcomps (18200),/management/ville/arcomps/ville-18009,10.0,11.0,5.0,61.0,26.0,26.0,91.0,67.0,40.0,48.0,36.7,36.7,33.6,20.0,16.4,16.7,13.3,25.8
Clarens (65300),/management/ville/clarens/ville-65150,21.0,16.0,31.0,78.0,67.0,52.0,85.0,129.0,65.0,123.0,21.9,20.8,37.2,24.6,15.3,16.9,25.5,35.3
Castéra-Lectourois (32700),/management/ville/castera-lectourois/ville-32082,10.0,20.0,10.0,50.0,20.0,20.0,58.0,60.0,50.0,96.0,19.0,24.8,29.9,16.4,16.8,20.9,34.3,38.8
Avrée (58170),/management/ville/avree/ville-58019,20.0,0.0,5.0,0.0,5.0,10.0,26.0,23.0,11.0,10.0,37.5,37.5,40.0,22.9,15.0,15.6,7.5,21.9
Châtres (24120),/management/ville/chatres/ville-24116,0.0,0.0,5.0,10.0,15.0,25.0,43.0,56.0,21.0,25.0,32.9,26.8,45.2,27.8,9.6,19.7,12.3,22.5
Abergement-la-Ronce (39500),/management/ville/abergement-la-ronce/ville-39001,0.0,30.0,20.0,105.0,100.0,115.0,155.0,220.0,122.0,106.0,22.7,28.8,41.2,28.3,20.5,20.0,15.6,19.7
Courpière (63120),/management/ville/courpiere/ville-63125,31.0,154.0,164.0,261.0,471.0,507.0,1283.0,984.0,498.0,557.0,33.6,43.0,37.2,21.7,12.7,17.0,16.4,17.1
Alièze (39270),/management/ville/alieze/ville-39007,5.0,0.0,5.0,5.0,30.0,20.0,28.0,37.0,18.0,34.0,20.3,27.6,35.6,23.5,20.3,10.3,23.7,34.5
Bourdonnay (57810),/management/ville/bourdonnay/ville-57099,25.0,5.0,5.0,25.0,40.0,15.0,62.0,61.0,15.0,27.0,38.3,36.9,35.8,30.2,6.2,11.9,19.8,13.1
Andouillé (53240),/management/ville/andouille/ville-53005,95.0,60.0,130.0,210.0,285.0,290.0,502.0,476.0,254.0,380.0,26.9,35.4,36.4,21.3,15.2,16.3,21.5,25.6
Cornod (39240),/management/ville/cornod/ville-39166,0.0,15.0,0.0,30.0,20.0,30.0,48.0,61.0,22.0,39.0,24.4,31.8,42.7,25.2,13.4,12.5,19.5,26.1
Bayenghem-lès-Seninghem (62380),/management/ville/bayenghem-les-seninghem/ville-62088,0.0,10.0,10.0,30.0,15.0,30.0,70.0,56.0,47.0,62.0,27.7,31.9,29.4,18.6,19.3,20.7,23.5,29.3
Cernon (51240),/management/ville/cernon/ville-51106,5.0,0.0,5.0,10.0,20.0,20.0,19.0,34.0,18.0,21.0,15.9,25.5,43.2,26.4,22.7,17.0,18.2,27.7
Aulos-Sinsat (09310),/management/ville/aulos-sinsat/ville-09296,0.0,16.0,5.0,16.0,26.0,20.0,47.0,46.0,30.0,18.0,32.0,36.4,37.3,26.1,18.7,22.7,12.0,13.6
Bec-de-Mortagne (76110),/management/ville/bec-de-mortagne/ville-76068,10.0,5.0,68.0,88.0,88.0,99.0,111.0,161.0,102.0,120.0,20.1,25.1,34.6,27.8,20.9,20.5,24.4,23.8
Beuveille (54620),/management/ville/beuveille/ville-54067,15.0,0.0,15.0,95.0,80.0,150.0,169.0,185.0,84.0,115.0,27.2,33.9,38.7,24.8,15.4,15.0,18.6,23.0
Brissy-Hamégicourt (02240),/management/ville/brissy-hamegicourt/ville-02124,0.0,10.0,20.0,125.0,50.0,80.0,184.0,138.0,80.0,102.0,34.1,38.9,35.3,19.0,14.7,17.1,15.9,24.6
Combray (14220),/management/ville/combray/ville-14171,10.0,5.0,10.0,30.0,10.0,5.0,36.0,35.0,14.0,19.0,29.4,39.6,43.1,21.7,15.7,11.3,11.8,24.5
Critot (76680),/management/ville/critot/ville-76200,5.0,5.0,30.0,80.0,40.0,85.0,100.0,110.0,62.0,68.0,27.2,31.5,38.3,24.4,20.4,16.3,14.2,25.3
Bussières-et-Pruns (63260),/management/ville/bussieres-et-pruns/ville-63061,10.0,20.0,15.0,35.0,65.0,35.0,63.0,80.0,77.0,91.0,14.8,25.6,32.3,20.0,26.5,23.1,26.5,32.1
Ascou (09110),/management/ville/ascou/ville-09023,0.0,5.0,5.0,22.0,11.0,16.0,27.0,30.0,24.0,29.0,23.0,27.1,29.5,23.1,26.2,16.7,21.3,31.3
Blanzat (63112),/management/ville/blanzat/ville-63042,5.0,85.0,230.0,320.0,515.0,365.0,788.0,832.0,515.0,799.0,21.3,31.6,34.5,21.8,17.8,17.3,26.3,28.0
Bannoncourt (55300),/management/ville/bannoncourt/ville-55027,0.0,5.0,0.0,10.0,19.0,33.0,48.0,29.0,19.0,18.0,43.1,41.1,32.8,18.5,12.1,21.4,12.1,19.6
Clarensac (30870),/management/ville/clarensac/ville-30082,5.0,181.0,365.0,693.0,542.0,178.0,709.0,686.0,625.0,980.0,23.7,23.6,26.4,20.0,19.9,21.7,30.0,35.2
Campuac (12580),/management/ville/campuac/ville-12049,50.0,10.0,0.0,20.0,55.0,40.0,112.0,116.0,66.0,66.0,26.5,36.1,42.5,21.2,17.1,19.4,13.8,22.8
Berganty (46090),/management/ville/berganty/ville-46027,0.0,0.0,0.0,10.0,15.0,20.0,24.0,20.0,16.0,28.0,24.4,29.8,31.7,15.6,17.1,19.1,26.8,36.2
Brassempouy (40330),/management/ville/brassempouy/ville-40054,15.0,5.0,10.0,36.0,25.0,41.0,57.0,69.0,33.0,53.0,24.1,29.8,38.0,25.4,12.0,18.3,25.9,24.0
Arçon (25300),/management/ville/arcon/ville-25024,5.0,20.0,41.0,107.0,77.0,143.0,116.0,208.0,118.0,152.0,17.7,21.3,41.8,26.5,17.4,22.3,23.1,28.4
1,17.2,19.7
Chesnois-Auboncourt (08270),/management/ville/chesnois-auboncourt/ville-08117,5.0,10.0,5.0,25.0,20.0,29.0,45.0,38.0,19.0,22.0,32.2,40.3,39.0,22.2,13.6,16.4,15.3,19.4
Avremesnil (76730),/management/ville/avremesnil/ville-76050,10.0,20.0,50.0,90.0,139.0,209.0,262.0,255.0,107.0,138.0,30.1,38.4,39.2,24.2,15.1,13.2,15.6,20.6
Castéra-Lou (65350),/management/ville/castera-lou/ville-65133,0.0,10.0,10.0,24.0,39.0,19.0,29.0,56.0,33.0,39.0,19.8,18.2,42.0,25.3,23.5,19.5,14.8,35.1
Bonneuil-en-France (95500),/management/ville/bonneuil-en-france/ville-95088,5.0,25.0,35.0,125.0,220.0,170.0,221.0,175.0,149.0,177.0,34.1,27.2,25.3,22.5,20.6,20.8,20.1,28.9
Alignan-du-Vent (34290),/management/ville/alignan-du-vent/ville-34009,56.0,103.0,56.0,134.0,236.0,139.0,479.0,353.0,215.0,292.0,33.7,37.6,30.5,21.5,14.8,17.3,21.1,22.4
Andouillé-Neuville (35250),/management/ville/andouille-neuville/ville-35003,26.0,26.0,41.0,102.0,138.0,143.0,115.0,171.0,109.0,183.0,16.8,22.8,38.1,20.5,18.2,19.6,26.8,36.8
Charmes-la-Grande (52110),/management/ville/charmes-la-grande/ville-52110,5.0,5.0,5.0,15.0,20.0,30.0,44.0,33.0,25.0,18.0,27.6,45.2,37.9,18.6,19.0,22.6,15.5,14.5
Châtres (77610),/management/ville/chatres/ville-77104,5.0,19.0,68.0,82.0,97.0,48.0,72.0,112.0,102.0,163.0,17.6,14.5,32.0,19.5,21.2,23.8,29.3,43.2
Cernoy (60190),/management/ville/cernoy/ville-60137,0.0,10.0,10.0,41.0,67.0,41.0,50.0,53.0,42.0,50.0,27.9,23.2,30.8,22.9,21.2,22.1,20.2,31.6
Bayet (03500),/management/ville/bayet/ville-03018,15.0,30.0,10.0,56.0,90.0,115.0,144.0,182.0,88.0,75.0,26.4,32.5,42.7,27.7,18.7,17.3,12.2,18.5
Abergement-le-Grand (39600),/management/ville/abergement-le-grand/ville-39002,0.0,5.0,14.0,0.0,0.0,0.0,14.0,10.0,10.0,10.0,43.5,16.7,21.7,26.1,17.4,29.2,17.4,29.2
Courpignac (17130),/management/ville/courpignac/ville-17129,26.0,21.0,10.0,36.0,61.0,55.0,123.0,95.0,66.0,45.0,29.4,45.0,36.3,21.6,19.4,20.7,15.0,12.4
Cornot (70120),/management/ville/cornot/ville-70175,25.0,0.0,5.0,5.0,25.0,15.0,53.0,30.0,15.0,17.0,51.7,41.1,23.3,25.0,11.7,14.3,13.3,16.1
Bourdonné (78113),/management/ville/bourdonne/ville-78096,0.0,25.0,70.0,105.0,60.0,20.0,78.0,68.0,74.0,165.0,19.6,20.9,17.3,18.4,17.9,20.4,45.3,40.8
Ault (80460),/management/ville/ault/ville-80039,0.0,48.0,15.0,77.0,164.0,260.0,654.0,326.0,148.0,128.0,43.8,59.5,34.2,17.3,12.3,11.3,9.8,10.6
Beccas (32730),/management/ville/beccas/ville-32039,0.0,5.0,5.0,20.0,20.0,10.0,30.0,24.0,19.0,16.0,37.0,30.2,26.1,25.5,23.9,18.6,13.0,23.3
Beuvezin (54115),/management/ville/beuvezin/ville-54068,15.0,0.0,0.0,10.0,5.0,5.0,25.0,27.0,18.0,4.0,21.6,44.7,43.2,26.8,29.7,21.1,5.4,5.3
Bannost-Villegagnon (77970),/management/ville/bannost-villegagnon/ville-77020,5.0,26.0,26.0,139.0,77.0,98.0,116.0,153.0,85.0,113.0,26.2,23.4,42.2,22.9,12.7,24.3,18.9,29.7
Croce (20237),/management/ville/croce/ville-2B101,3.0,2.0,2.0,2.0,10.0,4.0,25.0,14.0,11.0,8.0,40.7,43.8,37.0,14.8,7.4,28.1,14.8,15.6
Ascoux (45300),/management/ville/ascoux/ville-45010,5.0,35.0,30.0,141.0,132.0,218.0,250.0,260.0,119.0,143.0,28.1,36.5,39.3,25.7,12.7,18.0,19.9,17.2
Busson (52700),/management/ville/busson/ville-52084,5.0,0.0,0.0,0.0,0.0,15.0,15.0,6.0,3.0,3.0,53.8,57.1,30.8,14.3,7.7,14.3,7.7,14.3
Blanzay (86400),/management/ville/blanzay/ville-86029,40.0,15.0,15.0,65.0,89.0,105.0,246.0,152.0,97.0,121.0,37.4,42.1,27.9,20.6,15.0,16.4,19.7,19.8
Claret (05110),/management/ville/claret/ville-04058,20.0,10.0,15.0,25.0,35.0,40.0,57.0,51.0,45.0,44.0,27.2,30.9,29.1,22.1,24.3,21.3,19.4,25.5
Brive-la-Gaillarde (19100),/management/ville/brive-la-gaillarde/ville-19031,42.0,1194.0,2348.0,4910.0,6246.0,4596.0,11367.0,9005.0,6631.0,8831.0,27.1,35.5,29.7,20.8,18.6,18.4,24.6,24.7
Bergbieten (67310),/management/ville/bergbieten/ville-67030,5.0,44.0,39.0,103.0,84.0,94.0,80.0,167.0,81.0,170.0,11.4,20.7,43.1,22.3,16.7,15.5,28.9,39.4
Campugnan (33390),/management/ville/campugnan/ville-33089,15.0,15.0,10.0,25.0,55.0,75.0,133.0,131.0,50.0,57.0,32.3,39.5,41.4,25.5,12.4,14.6,14.0,16.8
Arcon (42370),/management/ville/arcon/ville-42008,5.0,5.0,5.0,10.0,5.0,15.0,23.0,21.0,23.0,19.0,23.1,32.4,30.8,17.2,25.0,29.4,21.2,23.5
Chesny (57245),/management/ville/chesny/ville-57140,0.0,10.0,57.0,145.0,72.0,31.0,76.0,84.0,84.0,166.0,14.2,22.8,24.0,16.8,25.0,16.0,36.8,44.2
Combre (42840),/management/ville/combre/ville-42068,0.0,35.0,0.0,71.0,61.0,70.0,73.0,112.0,56.0,50.0,24.5,26.1,49.0,26.8,15.0,23.2,11.6,22.5
Brasseuse (60810),/management/ville/brasseuse/ville-60100,0.0,10.0,10.0,10.0,0.0,10.0,27.0,9.0,13.0,22.0,30.6,45.7,19.4,6.3,22.2,14.3,27.8,34.3
Champagnier (38800),/management/ville/champagnier/ville-38068,0.0,50.0,155.0,170.0,125.0,65.0,143.0,201.0,120.0,442.0,13.9,17.7,25.3,18.0,12.9,13.6,47.9,49.7
Bayeux (14400),/management/ville/bayeux/ville-14047,30.0,340.0,636.0,1091.0,1862.0,1604.0,4216.0,2629.0,1481.0,2257.0,33.9,44.4,30.8,19.1,13.6,14.3,21.7,21.1
Courquetaine (77390),/management/ville/courquetaine/ville-77136,0.0,10.0,26.0,21.0,10.0,15.0,19.0,40.0,28.0,53.0,12.9,13.0,31.4,25.3,20.0,18.8,35.7,40.6
Avressieux (73240),/management/ville/avressieux/ville-73025,10.0,20.0,45.0,101.0,66.0,56.0,98.0,92.0,79.0,111.0,21.8,29.9,29.5,19.1,20.2,20.9,28.5,30.5
Bonneuil-en-Valois (60123),/management/ville/bonneuil-en-valois/ville-60083,0.0,44.0,55.0,156.0,121.0,176.0,243.0,223.0,142.0,131.0,30.3,36.0,36.1,23.1,18.4,19.8,15.3,20.1
Bourdons-sur-Rognon (52700),/management/ville/bourdons-sur-rognon/ville-52061,5.0,10.0,15.0,20.0,49.0,29.0,66.0,60.0,35.0,47.0,21.2,40.9,40.4,17.4,21.2,13.6,17.2,27.3
Béceleuf (79160),/management/ville/beceleuf/ville-79032,15.0,10.0,44.0,84.0,89.0,109.0,203.0,163.0,80.0,117.0,24.5,45.6,40.9,18.3,13.2,15.1,21.4,20.3
Andouque (81350),/management/ville/andouque/ville-81013,15.0,5.0,10.0,34.0,34.0,54.0,99.0,68.0,52.0,74.0,33.8,34.5,27.6,18.4,17.9,17.2,20.7,29.7
Cernoy-en-Berry (45360),/management/ville/cernoy-en-berry/ville-45064,0.0,15.0,5.0,50.0,45.0,80.0,101.0,114.0,72.0,65.0,21.7,34.9,42.2,23.7,16.9,23.7,19.3,17.7
Alincourt (08310),/management/ville/alincourt/ville-08005,10.0,5.0,5.0,20.0,29.0,0.0,22.0,25.0,15.0,33.0,21.3,25.0,31.9,20.0,14.9,16.7,31.9,37.5
Abergement-le-Petit (39800),/management/ville/abergement-le-petit/ville-39003,4.0,0.0,4.0,4.0,4.0,0.0,7.0,2.0,3.0,13.0,27.3,21.4,9.1,14.3,9.1,14.3,54.5,50.0
Aulus-les-Bains (09140),/management/ville/aulus-les-bains/ville-09029,0.0,19.0,0.0,0.0,29.0,14.0,24.0,35.0,40.0,33.0,19.1,19.0,30.9,23.2,29.4,31.7,20.6,28.6
Charmes-Saint-Valbert (70120),/management/ville/charmes-saint-valbert/ville-70135,11.0,6.0,0.0,6.0,0.0,6.0,10.0,11.0,12.0,4.0,9.5,50.0,33.3,23.5,42.9,18.8,14.3,6.3
Castéra-Loubix (64460),/management/ville/castera-loubix/ville-64174,5.0,0.0,0.0,0.0,10.0,10.0,10.0,18.0,5.0,11.0,20.8,25.0,41.7,32.0,8.3,15.0,29.2,20.0
Châtres-sur-Cher (41320),/management/ville/chatres-sur-cher/ville-41044,5.0,55.0,15.0,95.0,115.0,100.0,354.0,328.0,97.0,111.0,31.1,47.4,44.6,25.0,12.3,9.7,12.0,12.8
Cornus (12540),/management/ville/cornus/ville-12077,45.0,20.0,15.0,45.0,89.0,45.0,96.0,101.0,105.0,132.0,20.9,23.7,25.6,21.1,27.0,21.5,26.5,33.8
Banogne-Recouvrance (08220),/management/ville/banogne-recouvrance/ville-08046,5.0,0.0,10.0,5.0,20.0,25.0,22.0,33.0,29.0,31.0,12.9,26.4,37.1,20.0,25.8,24.5,24.2,30.2
Ascros (06260),/management/ville/ascros/ville-06005,14.0,14.0,10.0,10.0,15.0,15.0,65.0,33.0,27.0,15.0,44.0,48.5,32.0,15.3,14.7,24.2,9.3,13.6
Campuzan (65230),/management/ville/campuzan/ville-65126,11.0,11.0,11.0,11.0,16.0,11.0,41.0,39.0,28.0,35.0,18.8,38.4,36.2,18.9,21.7,17.8,23.2,24.7
Blanzay-sur-Boutonne (17470),/management/ville/blanzay-sur-boutonne/ville-17049,11.0,0.0,0.0,17.0,6.0,11.0,20.0,19.0,13.0,21.0,20.7,31.1,24.1,24.0,24.1,15.6,31.0,26.7
Brassy (58140),/management/ville/brassy/ville-58037,5.0,39.0,30.0,55.0,70.0,35.0,187.0,149.0,77.0,94.0,30.7,42.2,39.5,19.4,15.5,14.9,14.3,22.4
Bergerac (24100),/management/ville/bergerac/ville-24037,55.0,728.0,1109.0,2520.0,3499.0,2552.0,7646.0,5431.0,3492.0,5030.0,31.6,38.4,28.5,21.1,17.2,15.4,22.8,23.7
Beuvillers (14100),/management/ville/beuvillers/ville-14069,5.0,26.0,71.0,163.0,230.0,173.0,279.0,343.0,171.0,201.0,23.3,32.3,42.2,25.4,14.9,19.3,19.5,20.9
Champagnole (39300),/management/ville/champagnole/ville-39097,10.0,170.0,210.0,736.0,977.0,1126.0,2581.0,1778.0,885.0,1051.0,36.7,44.6,32.6,22.2,14.4,13.8,16.3,17.0
Claret (34270),/management/ville/claret/ville-34078,16.0,64.0,121.0,195.0,155.0,105.0,291.0,244.0,193.0,399.0,24.9,26.7,26.4,17.5,16.3,17.9,32.5,38.0
Chessenaz (74270),/management/ville/chessenaz/ville-74071,15.0,5.0,25.0,15.0,25.0,15.0,35.0,46.0,33.0,36.0,20.5,26.4,43.6,18.5,17.9,26.4,17.9,30.6
Bussu (80200),/management/ville/bussu/ville-80154,0.0,5.0,0.0,20.0,44.0,35.0,68.0,42.0,29.0,24.0,42.4,41.3,29.4,20.9,20.0,15.0,8.2,21.3
Crochte (59380),/management/ville/crochte/ville-59162,25.0,10.0,65.0,111.0,35.0,91.0,85.0,117.0,101.0,180.0,13.9,21.3,30.7,17.8,19.9,21.7,35.5,40.0
Brives (36100),/management/ville/brives/ville-36027,0.0,10.0,5.0,25.0,25.0,59.0,31.0,69.0,33.0,56.0,16.3,16.1,47.1,23.3,12.5,24.1,24.0,36.8
Arconcey (21320),/management/ville/arconcey/ville-21020,10.0,10.0,5.0,10.0,20.0,35.0,54.0,47.0,30.0,29.0,28.9,38.7,33.7,22.0,22.9,14.7,14.5,22.7
Combres (28480),/management/ville/combres/ville-28105,5.0,20.0,30.0,46.0,83.0,70.0,141.0,107.0,69.0,82.0,33.2,37.7,31.2,21.3,17.6,16.6,18.1,23.1
Avreuil (10130),/management/ville/avreuil/ville-10024,5.0,0.0,5.0,10.0,19.0,34.0,37.0,44.0,20.0,20.0,20.3,39.7,49.2,22.7,13.6,19.0,16.9,17.5
Aulx-lès-Cromary (70190),/management/ville/aulx-les-cromary/ville-70036,0.0,10.0,5.0,36.0,21.0,10.0,30.0,33.0,35.0,23.0,16.1,33.9,32.1,23.7,30.4,27.4,21.4,16.1
Bonneuil-les-Eaux (60120),/management/ville/bonneuil-les-eaux/ville-60082,20.0,10.0,5.0,77.0,128.0,117.0,212.0,179.0,80.0,127.0,33.8,37.2,35.5,22.5,11.5,15.3,19.3,22.9
Bayon (54290),/management/ville/bayon/ville-54054,0.0,40.0,65.0,226.0,252.0,106.0,422.0,310.0,200.0,281.0,24.5,42.7,32.3,19.5,17.0,16.1,26.2,20.9
Bourecq (62190),/management/ville/bourecq/ville-62162,0.0,15.0,31.0,61.0,71.0,92.0,118.0,164.0,61.0,81.0,23.6,31.9,46.2,26.8,13.7,15.5,16.5,21.6
Charmes-sur-l'Herbasse (26260),/management/ville/charmes-sur-l-herbasse/ville-26077,15.0,10.0,90.0,110.0,110.0,135.0,161.0,201.0,121.0,192.0,22.6,25.1,37.0,22.1,15.0,21.0,25.5,31.4
Cornusse (18350),/management/ville/cornusse/ville-18072,5.0,15.0,10.0,15.0,35.0,30.0,83.0,72.0,28.0,21.0,36.6,44.7,43.6,24.6,10.9,16.5,8.9,11.7
Cernusson (49310),/management/ville/cernusson/ville-49057,16.0,20.0,5.0,31.0,51.0,57.0,75.0,60.0,41.0,53.0,27.2,38.3,35.1,17.2,18.4,16.5,19.3,27.8
Châtrices (51800),/management/ville/chatrices/ville-51138,10.0,0.0,0.0,5.0,0.0,5.0,6.0,3.0,7.0,7.0,18.2,33.3,18.2,9.1,45.5,16.7,18.2,41.7
Andrein (64390),/management/ville/andrein/ville-64022,10.0,5.0,15.0,0.0,30.0,25.0,20.0,30.0,21.0,30.0,18.5,21.3,31.5,27.7,14.8,27.7,35.2,23.4
Alincthun (62142),/management/ville/alincthun/ville-62022,31.0,0.0,15.0,46.0,15.0,25.0,92.0,58.0,49.0,52.0,34.5,38.8,27.6,19.9,19.8,18.7,18.1,22.4
Abergement-lès-Thésy (39110),/management/ville/abergement-les-thesy/ville-39004,5.0,5.0,0.0,5.0,10.0,0.0,14.0,13.0,5.0,7.0,26.3,45.0,52.6,13.6,21.1,5.0,0.0,35.0
Béchamps (54800),/management/ville/bechamps/ville-54058,5.0,0.0,5.0,10.0,10.0,5.0,20.0,15.0,15.0,15.0,31.4,30.0,20.0,25.0,25.7,20.0,22.9,23.3
Castéra-Verduzan (32410),/management/ville/castera-verduzan/ville-32083,5.0,40.0,30.0,85.0,140.0,105.0,279.0,212.0,153.0,157.0,28.7,40.0,33.7,20.5,17.1,20.7,20.4,18.9
Courrensan (32330),/management/ville/courrensan/ville-32110,30.0,5.0,5.0,45.0,35.0,50.0,90.0,90.0,79.0,69.0,23.3,31.5,31.9,22.9,25.8,22.4,19.0,23.0
Brassy (80160),/management/ville/brassy/ville-80134,0.0,0.0,0.0,21.0,5.0,10.0,14.0,17.0,13.0,6.0,23.1,33.3,42.3,25.0,26.9,25.0,7.7,16.7
Combres-sous-les-Côtes (55160),/management/ville/combres-sous-les-cotes/ville-55121,10.0,0.0,10.0,25.0,0.0,5.0,30.0,20.0,15.0,27.0,27.3,37.5,25.0,18.4,15.9,16.7,31.8,27.1
Bergères (10200),/management/ville/bergeres/ville-10039,30.0,0.0,5.0,10.0,10.0,20.0,28.0,33.0,18.0,15.0,28.6,31.1,44.9,25.0,12.2,26.7,14.3,17.8
Bussunarits-Sarrasquette (64220),/management/ville/bussunarits-sarrasquette/ville-64154,25.0,0.0,0.0,25.0,20.0,20.0,31.0,42.0,32.0,48.0,17.5,23.3,37.5,17.9,17.5,24.7,27.5,35.6
Crocicchia (20290),/management/ville/crocicchia/ville-2B102,0.0,7.0,5.0,2.0,7.0,4.0,31.0,10.0,12.0,8.0,48.3,53.1,17.2,16.1,20.7,18.8,13.8,12.5
Arçonnay (72610),/management/ville/arconnay/ville-72006,5.0,30.0,80.0,265.0,255.0,155.0,410.0,439.0,220.0,304.0,24.7,34.7,38.3,23.8,15.0,16.9,22.0,22.3
Asfeld (08190),/management/ville/asfeld/ville-08024,5.0,55.0,44.0,75.0,120.0,185.0,285.0,247.0,135.0,145.0,30.4,39.6,37.0,22.4,16.6,16.7,16.1,19.6
Banon (04150),/management/ville/banon/ville-04018,25.0,60.0,25.0,90.0,120.0,55.0,274.0,235.0,125.0,174.0,30.8,36.4,33.2,23.5,14.9,16.2,21.1,21.6
20.9,17.4,17.4,20.9,22.7
Clary (59225),/management/ville/clary/ville-59149,5.0,46.0,30.0,86.0,202.0,182.0,276.0,211.0,164.0,176.0,29.2,37.5,30.2,20.5,20.5,19.1,20.0,22.5
Blanzée (55400),/management/ville/blanzee/ville-55055,19.0,0.0,0.0,0.0,0.0,0.0,6.0,3.0,4.0,1.0,28.6,57.1,42.9,0.0,28.6,28.6,0.0,14.3
Champagnolles (17240),/management/ville/champagnolles/ville-17084,43.0,14.0,19.0,38.0,101.0,86.0,127.0,173.0,90.0,82.0,18.7,34.7,47.0,24.9,19.1,19.0,15.2,19.4
Chessy (69380),/management/ville/chessy/ville-69056,5.0,65.0,190.0,300.0,295.0,180.0,271.0,347.0,261.0,503.0,16.8,22.2,28.9,21.1,18.9,18.9,35.4,37.3
Camurac (11340),/management/ville/camurac/ville-11066,0.0,15.0,0.0,0.0,15.0,5.0,34.0,26.0,16.0,19.0,26.5,45.8,38.8,16.3,18.4,14.6,16.3,22.9
Beuvillers (54560),/management/ville/beuvillers/ville-54069,5.0,10.0,24.0,39.0,58.0,44.0,60.0,86.0,54.0,102.0,18.1,21.6,30.9,25.3,14.8,20.9,36.2,30.7
Avricourt (54450),/management/ville/avricourt/ville-54035,0.0,0.0,5.0,10.0,80.0,50.0,126.0,101.0,46.0,39.0,36.5,43.9,38.5,24.2,13.5,15.9,11.5,13.4
Castéra-Vignoles (31350),/management/ville/castera-vignoles/ville-31121,0.0,15.0,5.0,5.0,5.0,5.0,16.0,12.0,12.0,9.0,28.0,37.5,40.0,10.0,24.0,25.0,8.0,29.2
Bayon-sur-Gironde (33710),/management/ville/bayon-sur-gironde/ville-33035,10.0,5.0,20.0,74.0,123.0,93.0,193.0,168.0,72.0,112.0,30.0,40.8,38.2,21.5,12.4,14.1,19.5,21.7

Bonneuil-Matours (86210),/management/ville/bonneuil-matours/ville-86032,5.0,75.0,95.0,311.0,296.0,201.0,407.0,421.0,298.0,396.0,24.6,28.8,34.3,20.9,19.3,20.0,21.9,30.1
Aumagne (17770),/management/ville/aumagne/ville-17025,25.0,10.0,10.0,70.0,120.0,70.0,199.0,143.0,85.0,126.0,29.3,42.6,33.3,18.0,14.8,16.0,22.6,23.0
Abidos (64150),/management/ville/abidos/ville-64003,0.0,5.0,5.0,47.0,32.0,26.0,35.0,74.0,31.0,43.0,15.9,22.1,47.7,29.9,12.5,21.1,23.9,23.2
Charmes-sur-Rhône (07800),/management/ville/charmes-sur-rhone/ville-07055,5.0,100.0,154.0,440.0,351.0,340.0,628.0,558.0,394.0,521.0,26.5,32.9,33.9,20.0,17.3,20.0,22.3,27.0
Cerny (91590),/management/ville/cerny/ville-91129,5.0,109.0,307.0,505.0,396.0,312.0,595.0,602.0,511.0,740.0,22.4,26.2,30.2,19.8,19.7,21.9,27.7,32.7
Andres (62340),/management/ville/andres/ville-62031,10.0,35.0,50.0,165.0,250.0,199.0,349.0,309.0,202.0,226.0,26.9,37.2,32.2,23.1,19.3,18.0,21.5,20.1
Bouresches (02400),/management/ville/bouresches/ville-02105,5.0,10.0,5.0,20.0,10.0,56.0,59.0,39.0,23.0,21.0,34.2,48.5,32.9,20.8,16.4,16.2,16.4,13.2
26.3
Courrières (62710),/management/ville/courrieres/ville-62250,0.0,146.0,362.0,1074.0,1468.0,1285.0,2730.0,2118.0,1310.0,1455.0,28.4,42.3,34.5,21.0,17.4,17.0,19.7,18.6
Bécherel (35190),/management/ville/becherel/ville-35022,5.0,35.0,29.0,35.0,104.0,94.0,154.0,135.0,74.0,140.0,25.3,35.2,35.9,18.3,14.3,15.0,24.5,30.7
Corny-Machéroménil (08270),/management/ville/corny-macheromenil/ville-08132,0.0,10.0,10.0,5.0,31.0,42.0,42.0,43.0,19.0,26.0,30.6,34.5,36.1,24.6,18.1,10.3,15.3,25.9
Brives-sur-Charente (17800),/management/ville/brives-sur-charente/ville-17069,0.0,0.0,16.0,31.0,36.0,31.0,44.0,49.0,26.0,50.0,21.0,31.8,34.6,21.4,17.3,12.5,27.2,31.8
Bussus-Bussuel (80135),/management/ville/bussus-bussuel/ville-80155,15.0,5.0,25.0,35.0,30.0,25.0,63.0,60.0,39.0,59.0,25.9,31.0,38.0,17.4,14.8,20.4,21.3,31.9
Bergères-lès-Vertus (51130),/management/ville/bergeres-les-vertus/ville-51049,72.0,26.0,21.0,67.0,82.0,82.0,186.0,127.0,78.0,81.0,34.2,44.3,35.5,18.9,14.0,19.3,16.2,17.6
Chessy (77700),/management/ville/chessy/ville-77111,0.0,189.0,823.0,903.0,928.0,296.0,647.0,617.0,823.0,1414.0,18.3,18.7,20.0,16.6,23.9,23.2,37.8,42.8
Bratte (54610),/management/ville/bratte/ville-54095,0.0,0.0,4.0,15.0,15.0,0.0,7.0,6.0,5.0,14.0,20.0,23.5,33.3,6.7,13.3,17.6,33.3,52.9
Banos (40500),/management/ville/banos/ville-40024,11.0,0.0,16.0,43.0,43.0,48.0,45.0,58.0,44.0,68.0,13.3,28.4,33.3,19.5,24.8,16.5,28.6,34.9
Crocq (23260),/management/ville/crocq/ville-23069,10.0,5.0,5.0,10.0,60.0,50.0,124.0,110.0,42.0,58.0,26.9,46.6,48.8,17.7,10.6,14.4,13.8,20.7
Aslonnes (86340),/management/ville/aslonnes/ville-86010,15.0,20.0,35.0,157.0,204.0,133.0,180.0,225.0,190.0,201.0,20.9,24.4,36.2,21.3,22.9,24.9,20.1,30.4
Arconsat (63250),/management/ville/arconsat/ville-63008,10.0,39.0,10.0,20.0,100.0,96.0,218.0,146.0,66.0,64.0,39.1,49.2,33.5,22.7,14.1,12.6,13.3,12.6
Blanzy (71450),/management/ville/blanzy/ville-71040,20.0,86.0,228.0,661.0,726.0,696.0,1601.0,1757.0,748.0,813.0,26.3,38.3,43.4,25.4,14.8,15.6,15.5,17.5
Beuvrages (59192),/management/ville/beuvrages/ville-59079,5.0,88.0,103.0,571.0,825.0,1055.0,1582.0,1454.0,863.0,701.0,28.1,40.1,36.8,24.8,19.5,18.1,15.7,14.8
Combressol (19250),/management/ville/combressol/ville-19058,10.0,5.0,30.0,55.0,30.0,35.0,68.0,77.0,40.0,85.0,23.0,27.5,38.8,17.2,14.4,15.3,23.7,39.7
Classun (40320),/management/ville/classun/ville-40082,25.0,0.0,10.0,40.0,55.0,35.0,48.0,75.0,35.0,41.0,22.4,25.7,40.8,30.7,13.3,21.8,23.5,17.8
Canale-di-Verde (20230),/management/ville/canale-di-verde/ville-2B057,8.0,15.0,5.0,15.0,46.0,33.0,117.0,60.0,58.0,48.0,43.7,39.0,20.4,22.0,19.0,22.0,16.9,17.0
Champagny (21440),/management/ville/champagny/ville-21136,0.0,0.0,0.0,0.0,10.0,0.0,6.0,8.0,2.0,4.0,25.0,33.3,37.5,31.3,12.5,8.3,25.0,16.7
Abilly (37160),/management/ville/abilly/ville-37001,5.0,40.0,10.0,80.0,145.0,170.0,326.0,350.0,132.0,123.0,31.7,37.9,42.1,28.0,14.9,13.5,11.3,14.9
Aumale (76390),/management/ville/aumale/ville-76035,0.0,42.0,62.0,93.0,296.0,348.0,767.0,512.0,219.0,232.0,36.3,51.2,37.3,20.9,12.6,12.7,13.9,13.0
Chatte (38160),/management/ville/chatte/ville-38095,55.0,55.0,155.0,224.0,269.0,315.0,623.0,527.0,289.0,469.0,28.6,36.3,33.1,21.1,14.7,15.5,23.6,25.5
Bayonne (64100),/management/ville/bayonne/ville-64102,34.0,1424.0,3130.0,6272.0,7831.0,4814.0,9540.0,9038.0,6889.0,13015.0,20.9,28.0,27.3,19.8,18.0,17.8,33.8,33.8
Bouresse (86410),/management/ville/bouresse/ville-86034,31.0,41.0,15.0,41.0,87.0,56.0,64.0,203.0,85.0,100.0,13.7,15.0,50.2,33.0,17.6,19.9,18.5,25.7
Courris (81340),/management/ville/courris/ville-81071,5.0,0.0,9.0,5.0,14.0,9.0,26.0,13.0,18.0,12.0,40.0,34.5,27.5,9.1,20.0,31.0,12.5,27.6
Charmoille (25380),/management/ville/charmoille/ville-25125,5.0,10.0,10.0,56.0,30.0,41.0,69.0,80.0,51.0,49.0,23.0,32.8,41.0,23.1,20.5,20.0,15.6,23.2
Andrest (65390),/management/ville/andrest/ville-65007,5.0,25.0,45.0,184.0,165.0,148.0,257.0,381.0,175.0,242.0,17.9,30.7,46.5,24.3,14.4,18.6,21.2,24.6
Bécheresse (16250),/management/ville/becheresse/ville-16036,10.0,5.0,5.0,30.0,50.0,35.0,60.0,62.0,33.0,53.0,25.7,32.0,35.2,21.7,19.0,12.6,20.0,31.1
Avricourt (57810),/management/ville/avricourt/ville-57042,10.0,5.0,0.0,15.0,109.0,139.0,209.0,172.0,58.0,51.0,35.0,49.4,42.3,24.3,12.4,11.7,10.3,10.5
Castéras (09130),/management/ville/casteras/ville-09083,5.0,5.0,0.0,0.0,5.0,5.0,11.0,3.0,8.0,1.0,50.0,44.4,16.7,16.7,25.0,44.4,8.3,0.0
Cerny-en-Laonnois (02860),/management/ville/cerny-en-laonnois/ville-02150,0.0,10.0,5.0,10.0,10.0,15.0,13.0,22.0,5.0,10.0,16.0,36.0,64.0,21.4,8.0,12.0,12.0,28.0
Alissas (07210),/management/ville/alissas/ville-07008,5.0,30.0,101.0,223.0,238.0,147.0,235.0,321.0,199.0,308.0,20.8,23.3,37.9,22.4,16.2,21.1,25.2,32.7
Bonneuil-sur-Marne (94380),/management/ville/bonneuil-sur-marne/ville-94011,1.0,324.0,761.0,1810.0,3281.0,1842.0,4801.0,2717.0,1839.0,2436.0,40.1,41.3,24.4,20.6,15.8,15.4,19.8,21.4
Arconville (10200),/management/ville/arconville/ville-10007,0.0,0.0,0.0,5.0,31.0,15.0,34.0,26.0,8.0,13.0,30.0,52.5,47.5,15.9,12.5,7.5,10.0,22.5
Corny-sur-Moselle (57680),/management/ville/corny-sur-moselle/ville-57153,5.0,90.0,223.0,327.0,284.0,134.0,340.0,513.0,286.0,494.0,15.5,25.7,35.0,25.5,17.1,18.0,32.4,28.3
Braud-et-Saint-Louis (33820),/management/ville/braud-et-saint-louis/ville-33073,26.0,26.0,16.0,173.0,209.0,218.0,545.0,369.0,162.0,143.0,42.4,47.0,34.0,23.7,11.8,14.7,11.7,11.8
Crocy (14620),/management/ville/crocy/ville-14206,5.0,15.0,25.0,25.0,55.0,40.0,97.0,68.0,32.0,41.0,34.7,46.2,33.9,20.7,16.9,10.1,14.4,20.2
Clastres (02440),/management/ville/clastres/ville-02199,15.0,30.0,5.0,71.0,56.0,113.0,171.0,134.0,83.0,82.0,36.2,36.6,31.5,23.9,16.8,18.5,15.5,19.3
Combret (12370),/management/ville/combret/ville-12069,55.0,24.0,5.0,14.0,20.0,5.0,79.0,44.0,37.0,53.0,29.3,45.4,30.2,9.4,23.3,10.3,17.2,35.1
Blanzy-la-Salonnaise (08190),/management/ville/blanzy-la-salonnaise/ville-08070,25.0,0.0,4.0,19.0,59.0,30.0,93.0,82.0,39.0,38.0,35.2,38.4,35.2,25.9,18.0,12.8,11.7,18.4
Bussy (18130),/management/ville/bussy/ville-18040,10.0,15.0,25.0,25.0,55.0,50.0,66.0,88.0,46.0,73.0,17.8,29.9,41.1,22.6,17.1,16.7,24.0,29.2
Brix (50700),/management/ville/brix/ville-50087,45.0,85.0,145.0,265.0,335.0,225.0,402.0,561.0,270.0,367.0,20.4,29.7,42.1,25.4,16.9,16.9,20.7,25.2
Asnan (58420),/management/ville/asnan/ville-58015,0.0,0.0,5.0,15.0,20.0,15.0,49.0,32.0,14.0,21.0,35.5,48.1,33.9,20.0,12.9,11.1,17.7,18.5
Chessy-les-Prés (10130),/management/ville/chessy-les-pres/ville-10099,15.0,5.0,25.0,70.0,84.0,69.0,147.0,124.0,62.0,64.0,31.8,42.0,37.5,22.8,15.6,15.6,15.1,17.6
Bergères-sous-Montmirail (51210),/management/ville/bergeres-sous-montmirail/ville-51050,5.0,0.0,0.0,0.0,14.0,10.0,32.0,27.0,20.0,13.0,37.2,32.7,27.9,26.9,20.9,22.4,14.0,16.3
Bans (39380),/management/ville/bans/ville-39037,5.0,0.0,5.0,30.0,40.0,10.0,35.0,45.0,24.0,37.0,21.9,27.3,32.8,27.3,17.2,16.9,28.1,24.7
Beuvraignes (80700),/management/ville/beuvraignes/ville-80101,10.0,15.0,15.0,70.0,145.0,175.0,221.0,205.0,123.0,79.0,33.1,37.4,39.0,24.7,18.3,21.0,9.6,15.7
Canals (82170),/management/ville/canals/ville-82028,0.0,44.0,44.0,78.0,136.0,78.0,112.0,170.0,95.0,152.0,20.7,21.3,37.6,24.7,16.6,19.8,25.1,32.6
Courry (30500),/management/ville/courry/ville-30097,0.0,20.0,10.0,15.0,15.0,10.0,66.0,65.0,38.0,58.0,24.5,33.1,35.8,21.6,14.2,19.0,25.5,25.6
Cerny-lès-Bucy (02870),/management/ville/cerny-les-bucy/ville-02151,0.0,0.0,10.0,15.0,20.0,5.0,14.0,35.0,15.0,25.0,10.4,22.0,47.9,26.1,16.7,17.1,25.0,31.7
Champagny-en-Vanoise (73350),/management/ville/champagny-en-vanoise/ville-73071,16.0,21.0,16.0,100.0,100.0,63.0,86.0,152.0,92.0,139.0,15.7,20.9,42.6,21.9,17.9,21.3,23.8,35.7
Chatuzange-le-Goubet (26300),/management/ville/chatuzange-le-goubet/ville-26088,19.0,202.0,299.0,843.0,636.0,583.0,885.0,1151.0,738.0,1207.0,20.7,23.7,34.5,22.7,17.7,19.3,27.1,33.3
Béchy (57580),/management/ville/bechy/ville-57057,10.0,10.0,53.0,74.0,116.0,79.0,116.0,133.0,84.0,110.0,22.1,30.5,40.1,20.5,14.9,23.3,23.0,26.5
Bouret-sur-Canche (62270),/management/ville/bouret-sur-canche/ville-62163,10.0,5.0,5.0,10.0,20.0,46.0,70.0,50.0,39.0,44.0,31.3,38.6,29.3,19.0,22.2,15.8,17.2,25.7
Andrésy (78570),/management/ville/andresy/ville-78015,0.0,230.0,1976.0,2036.0,1519.0,627.0,1680.0,1669.0,1647.0,4205.0,17.5,19.0,20.2,16.7,16.7,19.0,45.7,45.7
Abitain (64390),/management/ville/abitain/ville-64004,0.0,5.0,0.0,9.0,18.0,27.0,16.0,29.0,14.0,21.0,20.5,17.6,38.6,29.3,18.2,14.7,22.7,32.4
Avricourt (60310),/management/ville/avricourt/ville-60035,10.0,10.0,0.0,5.0,5.0,60.0,55.0,58.0,28.0,36.0,28.4,33.7,36.4,25.5,17.0,14.6,18.2,22.5
Charmoille (70000),/management/ville/charmoille/ville-70136,0.0,20.0,30.0,40.0,79.0,49.0,95.0,117.0,72.0,70.0,27.7,25.4,35.3,28.1,19.1,22.1,17.9,22.1
Casterets (65230),/management/ville/casterets/ville-65134,0.0,0.0,0.0,0.0,0.0,0.0,6.0,4.0,2.0,0.0,50.0,50.0,33.3,28.6,16.7,16.7,0.0,0.0
Bonneval (28800),/management/ville/bonneval/ville-28051,40.0,92.0,138.0,479.0,703.0,636.0,1636.0,1110.0,484.0,729.0,34.3,47.5,36.7,18.8,12.9,11.6,16.1,20.4
Aumâtre (80140),/management/ville/aumatre/ville-80040,0.0,5.0,0.0,20.0,10.0,50.0,72.0,39.0,21.0,19.0,39.2,55.8,32.4,17.6,18.9,9.1,9.5,15.6
Bayons (04250),/management/ville/bayons/ville-04023,24.0,4.0,10.0,5.0,5.0,19.0,75.0,41.0,20.0,26.0,43.7,48.7,32.2,16.3,13.8,11.8,10.3,22.4
Alix (69380),/management/ville/alix/ville-69004,0.0,44.0,79.0,64.0,88.0,39.0,148.0,120.0,85.0,189.0,18.8,34.0,30.5,15.5,16.3,15.2,34.3,35.3
Beuvrequen (62250),/management/ville/beuvrequen/ville-62125,10.0,10.0,20.0,85.0,50.0,50.0,85.0,74.0,66.0,109.0,23.5,27.3,25.9,18.6,21.0,18.6,29.6,35.5
Arcueil (94110),/management/ville/arcueil/ville-94003,0.0,421.0,3208.0,2725.0,3064.0,1350.0,3917.0,2456.0,2378.0,6047.0,25.0,27.7,17.0,16.2,16.4,15.8,41.6,40.3
Croignon (33750),/management/ville/croignon/ville-33141,5.0,36.0,36.0,98.0,92.0,51.0,77.0,122.0,95.0,151.0,16.3,18.4,32.1,22.4,21.7,20.6,29.9,38.1
Asnans-Beauvoisin (39120),/management/ville/asnans-beauvoisin/ville-39022,0.0,30.0,20.0,55.0,99.0,104.0,160.0,188.0,100.0,93.0,25.6,33.3,40.6,25.7,19.9,17.4,13.9,20.7
Combreux (45530),/management/ville/combreux/ville-45101,0.0,10.0,10.0,30.0,30.0,40.0,43.0,50.0,41.0,68.0,24.0,18.4,29.8,20.4,16.3,24.5,29.8,37.8
Chéu (89600),/management/ville/cheu/ville-89101,5.0,20.0,20.0,25.0,74.0,99.0,126.0,144.0,54.0,62.0,30.1,34.6,42.9,27.4,11.7,16.8,15.3,17.3
Brauvilliers (55170),/management/ville/brauvilliers/ville-55075,5.0,5.0,0.0,29.0,15.0,29.0,29.0,54.0,26.0,13.0,15.2,32.8,57.6,27.0,22.7,20.7,4.5,17.2
Bussy (60400),/management/ville/bussy/ville-60117,0.0,15.0,5.0,60.0,30.0,60.0,72.0,70.0,28.0,37.0,36.2,33.3,36.2,26.2,15.2,11.8,12.4,23.5
Canaples (80670),/management/ville/canaples/ville-80166,20.0,15.0,40.0,140.0,70.0,80.0,146.0,153.0,90.0,103.0,25.7,33.5,36.1,24.1,19.5,17.1,18.7,23.1
Coron (49690),/management/ville/coron/ville-49109,70.0,50.0,30.0,111.0,216.0,302.0,354.0,390.0,216.0,225.0,25.6,34.1,37.4,25.6,18.7,17.9,18.4,19.7
Blanzy-lès-Fismes (02160),/management/ville/blanzy-les-fismes/ville-02091,0.0,5.0,10.0,0.0,5.0,21.0,35.0,18.0,17.0,18.0,41.9,41.9,25.6,15.0,16.3,20.9,16.3,23.3
Brixey-aux-Chanoines (55140),/management/ville/brixey-aux-chanoines/ville-55080,14.0,0.0,0.0,10.0,0.0,10.0,25.0,22.0,10.0,16.0,23.1,45.7,33.3,22.0,17.9,8.6,25.6,20.0
Bergesserin (71250),/management/ville/bergesserin/ville-71030,0.0,0.0,5.0,15.0,26.0,15.0,72.0,38.0,27.0,43.0,33.0,48.8,24.5,16.7,12.8,16.7,29.8,17.9
Champagny-sous-Uxelles (71460),/management/ville/champagny-sous-uxelles/ville-71080,5.0,5.0,10.0,10.0,10.0,5.0,16.0,22.0,16.0,21.0,8.6,32.5,42.9,18.4,20.0,22.5,28.6,27.5
Cours (47360),/management/ville/cours/ville-47073,10.0,5.0,10.0,25.0,10.0,5.0,40.0,44.0,14.0,59.0,25.3,25.6,34.7,19.4,9.3,8.5,30.7,43.9
Chaucenne (25170),/management/ville/chaucenne/ville-25136,9.0,15.0,40.0,54.0,54.0,69.0,101.0,100.0,55.0,104.0,26.3,30.2,31.6,21.4,15.3,15.4,26.8,31.4
Bansat (63570),/management/ville/bansat/ville-63029,0.0,10.0,10.0,25.0,40.0,35.0,52.0,51.0,37.0,50.0,19.2,36.3,37.4,16.1,19.2,19.8,24.2,28.6
Bécon-les-Granits (49370),/management/ville/becon-les-granits/ville-49026,0.0,51.0,111.0,387.0,454.0,430.0,591.0,579.0,352.0,441.0,25.4,34.6,35.2,22.3,19.3,16.6,20.1,24.8
Clasville (76450),/management/ville/clasville/ville-76176,10.0,0.0,14.0,24.0,38.0,34.0,56.0,88.0,39.0,42.0,20.9,28.7,46.4,28.9,13.6,20.9,19.1,18.3
Charmois (54360),/management/ville/charmois/ville-54121,0.0,5.0,5.0,25.0,35.0,10.0,31.0,45.0,36.0,33.0,16.7,26.0,37.5,25.4,22.2,27.4,23.6,21.9
Abjat-sur-Bandiat (24300),/management/ville/abjat-sur-bandiat/ville-24001,15.0,25.0,20.0,35.0,55.0,40.0,199.0,141.0,82.0,94.0,33.2,43.7,34.4,19.6,15.8,16.0,16.6,19.8
Boureuilles (55270),/management/ville/boureuilles/ville-55065,5.0,0.0,0.0,15.0,20.0,20.0,43.0,30.0,9.0,16.0,44.4,43.5,31.5,25.0,9.3,8.7,14.8,17.4
Alixan (26300),/management/ville/alixan/ville-26004,30.0,90.0,245.0,365.0,320.0,240.0,682.0,306.0,431.0,380.0,39.8,36.0,16.4,18.9,23.5,24.5,20.4,21.9
Avrieux (73500),/management/ville/avrieux/ville-73026,0.0,10.0,15.0,71.0,42.0,37.0,67.0,99.0,76.0,70.0,17.0,26.0,40.3,23.7,23.9,24.7,18.9,26.0
Aumelas (34230),/management/ville/aumelas/ville-34016,21.0,0.0,57.0,81.0,57.0,45.0,88.0,78.0,58.0,165.0,20.2,25.1,23.8,16.2,15.0,14.9,40.9,43.6
Bonneval (43160),/management/ville/bonneval/ville-43035,0.0,10.0,10.0,0.0,0.0,5.0,23.0,14.0,12.0,13.0,33.3,41.4,24.2,20.0,21.2,17.2,21.2,20.7
Castéron (32380),/management/ville/casteron/ville-32084,5.0,0.0,5.0,5.0,0.0,9.0,20.0,7.0,6.0,10.0,40.9,50.0,18.2,13.6,13.6,13.6,27.3,22.7
Bayonville (08240),/management/ville/bayonville/ville-08052,10.0,20.0,5.0,10.0,5.0,10.0,37.0,21.0,9.0,12.0,37.5,56.4,30.0,20.0,15.0,7.7,17.5,12.8
Combrimont (88490),/management/ville/combrimont/ville-88113,0.0,5.0,5.0,0.0,20.0,15.0,31.0,43.0,12.0,23.0,24.0,32.2,44.0,28.4,12.0,10.2,20.0,22.0
Asnelles (14960),/management/ville/asnelles/ville-14022,5.0,10.0,20.0,50.0,90.0,35.0,142.0,198.0,71.0,82.0,23.1,34.0,45.7,28.4,17.5,11.6,13.7,19.3
Andrezel (77390),/management/ville/andrezel/ville-77004,5.0,25.0,45.0,45.0,15.0,20.0,54.0,65.0,50.0,57.0,22.7,25.0,31.8,25.2,20.9,23.3,24.5,25.9
Croisette (62130),/management/ville/croisette/ville-62258,10.0,5.0,10.0,37.0,37.0,21.0,60.0,74.0,42.0,51.0,12.4,38.5,41.9,22.6,21.9,15.6,23.8,21.3
Corpe (85320),/management/ville/corpe/ville-85073,26.0,41.0,36.0,57.0,193.0,203.0,198.0,297.0,151.0,108.0,22.8,29.8,45.6,29.2,19.5,20.7,12.1,16.8
Céron (71110),/management/ville/ceron/ville-71071,5.0,19.0,0.0,10.0,19.0,39.0,87.0,55.0,36.0,31.0,34.5,49.0,31.8,19.2,18.2,16.0,15.5,15.0
Cheuge (21310),/management/ville/cheuge/ville-21167,0.0,0.0,10.0,15.0,20.0,20.0,21.0,33.0,17.0,22.0,16.3,28.9,44.9,23.5,22.4,13.3,16.3,31.1
Beuvrigny (50420),/management/ville/beuvrigny/ville-50050,0.0,5.0,10.0,45.0,20.0,10.0,25.0,21.0,18.0,29.0,28.9,25.0,20.0,22.6,24.4,14.6,26.7,35.4
Canappeville (27400),/management/ville/canappeville/ville-27127,10.0,25.0,25.0,121.0,71.0,121.0,137.0,141.0,100.0,95.0,23.9,34.6,33.7,23.7,25.1,16.7,17.3,22.8
Blargies (60220),/management/ville/blargies/ville-60076,0.0,10.0,25.0,35.0,60.0,100.0,160.0,151.0,60.0,32.0,29.8,50.3,50.5,22.1,13.0,16.9,6.7,9.2
Arcy-Sainte-Restitue (02130),/management/ville/arcy-sainte-restitue/ville-02022,10.0,10.0,35.0,45.0,30.0,50.0,97.0,91.0,44.0,64.0,31.8,33.8,33.1,25.8,11.3,18.6,23.8,19.3
Braux (04240),/management/ville/braux/ville-04032,0.0,5.0,5.0,24.0,20.0,0.0,43.0,31.0,16.0,21.0,42.6,33.9,29.6,25.4,7.4,20.3,20.4,18.6
Bussy-Albieux (42260),/management/ville/bussy-albieux/ville-42030,5.0,10.0,5.0,55.0,60.0,35.0,109.0,119.0,66.0,91.0,26.4,30.3,37.1,22.7,17.8,16.5,18.8,28.7
Brizambourg (17770),/management/ville/brizambourg/ville-17070,25.0,15.0,20.0,49.0,157.0,108.0,232.0,236.0,107.0,108.0,26.7,41.1,42.2,24.5,14.5,16.9,16.6,15.1
Champallement (58420),/management/ville/champallement/ville-58052,5.0,0.0,0.0,10.0,5.0,0.0,10.0,11.0,8.0,14.0,18.2,28.6,18.2,26.9,27.3,9.5,36.4,28.6
Bantanges (71500),/management/ville/bantanges/ville-71018,10.0,15.0,15.0,40.0,61.0,96.0,174.0,128.0,59.0,66.0,33.9,48.8,38.8,19.0,14.3,12.9,12.9,17.9
Charmois (90140),/management/ville/charmois/ville-90021,5.0,5.0,24.0,53.0,29.0,62.0,28.0,94.0,33.0,83.0,9.9,12.9,41.3,30.3,14.9,12.9,33.9,36.2
Bonneval-sur-Arc (73480),/management/ville/bonneval-sur-arc/ville-73047,30.0,30.0,5.0,40.0,15.0,30.0,38.0,51.0,52.0,44.0,16.3,24.2,44.2,15.5,27.9,28.3,11.6,34.3
Bergheim (68750),/management/ville/bergheim/ville-68028,36.0,108.0,103.0,309.0,330.0,241.0,476.0,502.0,264.0,424.0,22.4,34.0,35.5,22.8,18.0,13.9,24.2,26.7
Ablain-Saint-Nazaire (62153),/management/ville/ablain-saint-nazaire/ville-62001,10.0,44.0,126.0,265.0,214.0,94.0,360.0,330.0,250.0,456.0,17.1,33.3,29.6,18.1,19.8,16.2,33.5,32.0
Chauchailles (48310),/management/ville/chauchailles/ville-48044,16.0,5.0,0.0,0.0,5.0,16.0,34.0,13.0,17.0,8.0,44.1,51.4,23.5,12.9,20.6,27.0,11.8,10.8
Avrigney-Virey (70150),/management/ville/avrigney-virey/ville-70045,5.0,15.0,21.0,41.0,41.0,46.0,68.0,87.0,49.0,96.0,21.4,23.8,33.1,23.1,14.9,18.4,30.5,33.3
Bourg (33710),/management/ville/bourg/ville-33067,50.0,80.0,65.0,220.0,349.0,299.0,478.0,512.0,290.0,383.0,25.8,31.4,33.8,25.5,16.4,18.4,24.0,22.2
Castet (64260),/management/ville/castet/ville-64175,0.0,5.0,0.0,20.0,30.0,20.0,30.0,45.0,31.0,22.0,15.9,30.8,42.9,27.7,20.6,27.7,20.6,13.8
Alizay (27460),/management/ville/alizay/ville-27008,0.0,15.0,67.0,260.0,173.0,183.0,300.0,335.0,182.0,234.0,24.0,32.6,37.7,24.5,16.5,18.1,21.8,22.7
Auménancourt (51110),/management/ville/aumenancourt/ville-51025,10.0,49.0,29.0,108.0,167.0,74.0,168.0,195.0,138.0,195.0,24.1,23.8,33.8,22.1,18.5,21.4,23.6,32.5
Bécordel-Bécourt (80300),/management/ville/becordel-becourt/ville-80073,0.0,0.0,0.0,20.0,25.0,50.0,31.0,47.0,23.0,25.0,20.3,29.8,46.4,24.2,18.8,17.5,14.5,26.3
Claudon (88410),/management/ville/claudon/ville-88105,0.0,0.0,15.0,10.0,21.0,21.0,65.0,56.0,33.0,29.0,33.3,37.4,35.5,23.7,18.3,18.7,12.9,18.7
Cours (69470),/management/ville/cours/ville-69066,16.0,124.0,88.0,284.0,568.0,615.0,1407.0,1094.0,508.0,536.0,34.0,44.9,38.4,22.0,13.5,15.1,14.1,16.1
Bayonville-sur-Mad (54890),/management/ville/bayonville-sur-mad/ville-54055,0.0,5.0,29.0,39.0,20.0,30.0,69.0,68.0,44.0,53.0,22.2,36.4,38.5,19.8,19.7,17.8,19.7,25.4
Andrézieux-Bouthéon (42160),/management/ville/andrezieux-boutheon/ville-42005,0.0,265.0,448.0,1004.0,1245.0,1289.0,2310.0,1930.0,1174.0,1687.0,29.6,35.1,31.4,21.9,16.4,16.7,22.6,24.8
Asnières (27260),/management/ville/asnieres/ville-27021,15.0,25.0,10.0,40.0,25.0,35.0,96.0,69.0,32.0,36.0,38.8,44.1,40.5,18.3,10.3,16.9,10.3,20.3
Cérons (33720),/management/ville/cerons/ville-33120,15.0,45.0,90.0,255.0,315.0,310.0,357.0,460.0,286.0,380.0,22.1,26.0,34.7,25.2,20.2,18.4,23.0,28.1
Combrit (29120),/management/ville/combrit/ville-29037,10.0,227.0,293.0,515.0,409.0,232.0,634.0,779.0,587.0,1148.0,15.9,23.9,29.6,20.2,18.7,18.6,35.9,37.0
Corpeau (21190),/management/ville/corpeau/ville-21196,5.0,30.0,30.0,84.0,138.0,163.0,186.0,300.0,127.0,114.0,20.9,30.2,47.4,30.0,16.8,18.1,14.9,16.5
Cheust (65100),/management/ville/cheust/ville-65144,0.0,5.0,0.0,5.0,20.0,10.0,27.0,17.0,14.0,12.0,33.3,42.4,30.6,18.8,19.4,21.2,16.7,18.2
Croisilles (14220),/management/ville/croisilles/ville-14207,15.0,30.0,20.0,99.0,74.0,89.0,89.0,143.0,73.0,133.0,13.2,27.5,39.5,23.0,18.2,15.6,29.1,31.7
Blarians (25640),/management/ville/blarians/ville-25065,0.0,0.0,5.0,5.0,0.0,0.0,13.0,13.0,9.0,12.0,27.3,28.0,22.7,27.6,22.7,16.0,27.3,24.0
Bourg (52200),/management/ville/bourg/ville-52062,0.0,0.0,10.0,15.0,24.0,39.0,27.0,33.0,31.0,31.0,14.3,28.8,33.9,23.0,21.4,28.8,30.4,21.2
Braux (10500),/management/ville/braux/ville-10059,14.0,5.0,0.0,5.0,5.0,0.0,31.0,26.0,10.0,16.0,29.2,47.2,41.7,17.9,14.6,11.1,14.6,22.2
Bussy-en-Othe (89400),/management/ville/bussy-en-othe/ville-89059,5.0,20.0,5.0,84.0,108.0,73.0,197.0,179.0,100.0,120.0,27.8,38.0,42.7,18.6,14.2,18.8,15.3,24.6
Beuvron (58210),/management/ville/beuvron/ville-58029,0.0,0.0,0.0,5.0,5.0,18.0,24.0,23.0,11.0,9.0,36.8,33.3,36.8,26.5,15.8,16.7,10.5,20.0
Arcy-sur-Cure (89270),/management/ville/arcy-sur-cure/ville-89015,5.0,20.0,25.0,30.0,55.0,60.0,107.0,119.0,76.0,85.0,22.0,33.7,41.0,20.8,15.0,24.6,22.0,21.9
Brizay (37220),/management/ville/brizay/ville-37040,5.0,5.0,5.0,33.0,48.0,53.0,74.0,66.0,41.0,39.0,29.6,37.5,38.9,20.5,20.4,17.0,11.1,24.1
Banteux (59266),/management/ville/banteux/ville-59047,5.0,5.0,5.0,25.0,34.0,59.0,82.0,73.0,53.0,41.0,27.3,38.2,36.7,21.0,22.7,20.3,13.3,20.3
Clavans-en-Haut-Oisans (38142),/management/ville/clavans-en-haut-oisans/ville-38112,0.0,0.0,0.0,0.0,26.0,16.0,27.0,23.0,15.0,27.0,29.5,30.4,27.3,20.0,18.2,13.0,25.0,34.8
Chauché (85140),/management/ville/chauche/ville-85064,61.0,61.0,91.0,212.0,344.0,430.0,524.0,608.0,345.0,351.0,23.3,34.4,41.3,23.3,19.3,18.4,16.2,22.4
Bayonvillers (80170),/management/ville/bayonvillers/ville-80058,36.0,5.0,10.0,31.0,41.0,46.0,78.0,63.0,39.0,71.0,28.1,34.7,30.5,18.3,16.4,13.7,25.0,32.3
Cerre-lès-Noroy (70000),/management/ville/cerre-les-noroy/ville-70115,0.0,15.0,0.0,25.0,20.0,15.0,44.0,60.0,32.0,29.0,22.6,30.9,45.2,25.0,20.2,18.5,11.9,23.5
Avrigny (60190),/management/ville/avrigny/ville-60036,0.0,31.0,15.0,85.0,30.0,20.0,81.0,61.0,42.0,87.0,28.8,31.7,26.5,17.6,15.2,15.8,29.5,34.5
Croisilles (28210),/management/ville/croisilles/ville-28118,5.0,31.0,46.0,56.0,46.0,20.0,68.0,108.0,56.0,103.0,17.3,23.6,38.7,24.1,13.9,20.0,30.1,30.9
Aumerval (62550),/management/ville/aumerval/ville-62058,0.0,0.0,10.0,25.0,15.0,34.0,42.0,34.0,33.0,33.0,24.3,34.7,30.0,18.4,28.6,17.3,17.1,29.3
Allain (54170),/management/ville/allain/ville-54008,0.0,15.0,20.0,59.0,124.0,45.0,78.0,110.0,55.0,99.0,21.8,24.0,34.1,26.1,17.6,14.3,26.5,31.4
Canapville (14800),/management/ville/canapville/ville-14131,0.0,26.0,5.0,15.0,31.0,36.0,69.0,45.0,28.0,35.0,33.3,44.0,28.7,21.2,16.1,14.3,21.8,18.7
Cours (79220),/management/ville/cours/ville-79104,50.0,20.0,35.0,55.0,50.0,105.0,96.0,113.0,66.0,116.0,23.4,25.6,35.4,21.5,16.1,17.6,25.0,34.2
Bécourt (62240),/management/ville/becourt/ville-62102,25.0,5.0,0.0,15.0,35.0,30.0,71.0,45.0,24.0,46.0,30.3,45.0,31.5,16.8,14.6,11.0,23.6,26.0
Blaringhem (59173),/management/ville/blaringhem/ville-59084,15.0,24.0,50.0,203.0,318.0,400.0,526.0,425.0,268.0,290.0,31.0,38.6,33.7,21.4,18.7,17.0,16.6,21.8
Ablaincourt-Pressoir (80320),/management/ville/ablaincourt-pressoir/ville-80002,10.0,5.0,0.0,10.0,30.0,60.0,91.0,46.0,28.0,25.0,41.5,54.2,31.9,16.0,17.0,12.5,9.6,16.7
Bussy-la-Pesle (21540),/management/ville/bussy-la-pesle/ville-21121,0.0,0.0,0.0,0.0,5.0,20.0,22.0,13.0,11.0,18.0,30.3,38.7,24.2,16.1,18.2,16.1,27.3,29.0
Asnières-en-Bessin (14710),/management/ville/asnieres-en-bessin/ville-14023,0.0,0.0,10.0,5.0,5.0,5.0,15.0,15.0,10.0,9.0,33.3,28.0,37.5,24.0,16.7,24.0,12.5,24.0
Andryes (89480),/management/ville/andryes/ville-89007,5.0,5.0,15.0,40.0,49.0,64.0,104.0,111.0,56.0,48.0,27.0,37.5,43.4,24.9,17.8,17.3,11.8,17.9
Brizeaux (55250),/management/ville/brizeaux/ville-55081,5.0,0.0,0.0,0.0,5.0,10.0,22.0,15.0,5.0,7.0,40.0,50.0,36.0,21.4,12.0,8.3,12.0,16.7
Chauchigny (10170),/management/ville/chauchigny/ville-10090,5.0,5.0,5.0,11.0,43.0,54.0,66.0,61.0,33.0,37.0,27.9,40.2,40.4,20.2,15.4,18.5,16.3,20.7
Charmois-devant-Bruyères (88460),/management/ville/charmois-devant-bruyeres/ville-88091,15.0,0.0,5.0,44.0,54.0,69.0,93.0,103.0,45.0,63.0,26.4,34.7,40.3,24.7,12.6,17.0,20.8,21.1
Corpoyer-la-Chapelle (21150),/management/ville/corpoyer-la-chapelle/ville-21197,0.0,0.0,0.0,0.0,5.0,15.0,4.0,14.0,4.0,2.0,16.7,16.7,75.0,35.7,8.3,25.0,0.0,16.7
Chevagnes (03230),/management/ville/chevagnes/ville-03074,35.0,15.0,5.0,41.0,76.0,86.0,164.0,169.0,92.0,107.0,26.1,35.3,35.4,25.3,16.8,18.0,21.6,18.8
Champanges (74500),/management/ville/champanges/ville-74057,0.0,39.0,82.0,198.0,111.0,106.0,143.0,214.0,124.0,228.0,17.5,22.9,36.9,21.6,20.0,15.0,25.6,38.7
Bourg-Achard (27310),/management/ville/bourg-achard/ville-27103,5.0,83.0,229.0,427.0,505.0,355.0,866.0,739.0,432.0,635.0,27.2,37.0,31.8,22.3,16.0,16.4,25.0,22.7
Bonnevaux (25560),/management/ville/bonnevaux/ville-25075,0.0,0.0,15.0,36.0,51.0,76.0,83.0,76.0,44.0,59.0,24.4,38.4,39.8,18.6,18.7,14.5,17.1,27.5
Castet-Arrouy (32340),/management/ville/castet-arrouy/ville-32085,15.0,0.0,21.0,10.0,21.0,26.0,43.0,39.0,30.0,27.0,27.1,36.8,35.7,20.9,20.0,22.1,17.1,20.6
Braux (21390),/management/ville/braux/ville-21101,10.0,10.0,5.0,15.0,24.0,24.0,32.0,44.0,26.0,29.0,23.4,25.7,35.9,26.9,21.9,18.6,18.8,25.7
Ardelles (28170),/management/ville/ardelles/ville-28008,0.0,0.0,5.0,30.0,20.0,25.0,39.0,49.0,27.0,23.0,25.0,31.4,47.1,24.3,14.7,24.3,13.2,20.0
Banthelu (95420),/management/ville/banthelu/ville-95046,0.0,0.0,22.0,32.0,16.0,27.0,25.0,21.0,25.0,35.0,19.2,28.3,23.1,17.6,26.9,20.8,30.8,34.0
Becquigny (02110),/management/ville/becquigny/ville-02061,10.0,0.0,0.0,26.0,16.0,62.0,60.0,66.0,27.0,29.0,35.1,30.6,42.3,26.3,12.4,17.6,10.3,22.4
Clavé (79420),/management/ville/clave/ville-79092,10.0,10.0,0.0,30.0,65.0,45.0,86.0,78.0,53.0,44.0,27.7,38.7,36.5,22.0,20.4,20.2,15.3,18.5
Bergholtz (68500),/management/ville/bergholtz/ville-68029,19.0,54.0,39.0,195.0,97.0,88.0,156.0,264.0,160.0,241.0,15.4,22.1,36.2,26.0,20.5,18.6,27.9,30.7
Brizon (74130),/management/ville/brizon/ville-74049,0.0,10.0,44.0,84.0,44.0,54.0,82.0,109.0,80.0,89.0,21.9,23.5,35.3,25.0,19.3,25.9,23.5,25.9
Braux-le-Châtel (52120),/management/ville/braux-le-chatel/ville-52069,5.0,5.0,20.0,20.0,25.0,10.0,34.0,35.0,18.0,22.0,24.1,38.2,38.9,22.6,20.4,12.7,16.7,23.6
Aumes (34530),/management/ville/aumes/ville-34017,10.0,35.0,30.0,55.0,61.0,35.0,99.0,88.0,68.0,103.0,29.7,25.3,31.4,19.3,16.3,21.5,22.7,34.4
Bonnevaux (30450),/management/ville/bonnevaux/ville-30044,5.0,0.0,5.0,0.0,10.0,15.0,14.0,8.0,22.0,33.0,24.4,11.1,14.6,7.4,26.8,30.6,34.1,52.8
Croisilles (61230),/management/ville/croisilles/ville-61138,15.0,5.0,10.0,20.0,15.0,25.0,37.0,56.0,35.0,24.0,21.3,27.8,48.0,25.6,20.0,26.6,10.7,20.3
Canapville (61120),/management/ville/canapville/ville-61072,5.0,5.0,0.0,10.0,36.0,46.0,51.0,72.0,22.0,25.0,30.9,30.7,49.4,29.9,9.9,14.8,9.9,18.2
Bazac (16210),/management/ville/bazac/ville-16034,0.0,5.0,0.0,0.0,15.0,20.0,52.0,40.0,25.0,10.0,36.4,45.9,33.3,26.1,22.7,16.4,7.6,8.2
Allaines (80200),/management/ville/allaines/ville-80017,5.0,0.0,10.0,56.0,61.0,81.0,118.0,89.0,50.0,75.0,32.5,38.8,33.1,19.4,15.6,14.7,18.8,25.9
Cours-de-Monségur (33580),/management/ville/cours-de-monsegur/ville-33136,20.0,5.0,0.0,20.0,40.0,35.0,84.0,62.0,37.0,32.0,36.2,41.8,33.3,22.7,18.1,16.4,12.4,17.3
Ablainzevelle (62116),/management/ville/ablainzevelle/ville-62002,5.0,10.0,5.0,19.0,38.0,38.0,25.0,45.0,32.0,42.0,14.1,20.5,39.4,23.9,18.3,26.0,28.2,30.1
Bourg-Archambault (86390),/management/ville/bourg-archambault/ville-86035,30.0,5.0,5.0,0.0,15.0,20.0,59.0,41.0,35.0,23.0,28.9,45.1,34.2,18.1,27.6,17.1,9.2,19.5
Bussy-la-Pesle (58420),/management/ville/bussy-la-pesle/ville-58043,5.0,0.0,0.0,5.0,5.0,0.0,22.0,16.0,3.0,6.0,37.5,56.5,50.0,16.7,0.0,13.0,12.5,13.0
Braux-Saint-Remy (51800),/management/ville/braux-saint-remy/ville-51083,10.0,5.0,5.0,10.0,5.0,10.0,18.0,17.0,15.0,14.0,23.5,33.3,35.3,17.2,26.5,20.0,14.7,30.0
Chauconin-Neufmontiers (77124),/management/ville/chauconin-neufmontiers/ville-77335,16.0,38.0,129.0,432.0,340.0,226.0,768.0,706.0,414.0,488.0,35.0,26.5,34.3,20.1,16.0,20.5,14.7,33.0
Asnières-en-Montagne (21500),/management/ville/asnieres-en-montagne/ville-21026,10.0,5.0,0.0,15.0,15.0,35.0,42.0,50.0,24.0,26.0,23.9,35.2,43.7,25.0,14.1,19.7,18.3,18.3
Castetbon (64190),/management/ville/castetbon/ville-64176,10.0,5.0,20.0,31.0,10.0,15.0,33.0,43.0,21.0,40.0,24.3,23.4,35.7,24.6,12.9,18.8,27.1,31.3
Anduze (30140),/management/ville/anduze/ville-30010,20.0,115.0,71.0,329.0,415.0,221.0,900.0,633.0,617.0,619.0,30.4,34.2,28.1,19.7,20.6,23.5,20.8,23.6
Combronde (63460),/management/ville/combronde/ville-63116,10.0,60.0,101.0,256.0,352.0,266.0,463.0,530.0,257.0,400.0,22.9,32.8,38.1,24.0,15.4,15.7,23.6,24.8
Champaubert (51270),/management/ville/champaubert/ville-51113,19.0,5.0,0.0,9.0,19.0,24.0,42.0,27.0,15.0,18.0,30.0,51.9,38.0,16.0,10.0,19.2,22.0,13.5
Cers (34420),/management/ville/cers/ville-34073,11.0,85.0,132.0,222.0,318.0,228.0,613.0,571.0,326.0,333.0,29.6,36.5,36.4,24.4,16.5,18.8,17.6,18.5
Chevagny-les-Chevrières (71960),/management/ville/chevagny-les-chevrieres/ville-71126,10.0,5.0,75.0,115.0,50.0,25.0,58.0,104.0,60.0,210.0,11.3,15.5,26.9,19.7,14.6,13.2,47.2,50.0
Cours-de-Pile (24520),/management/ville/cours-de-pile/ville-24140,5.0,36.0,36.0,185.0,226.0,237.0,305.0,437.0,241.0,237.0,25.5,24.6,40.4,28.9,16.5,22.9,17.6,21.2
Corps (38970),/management/ville/corps/ville-38128,0.0,51.0,15.0,25.0,30.0,56.0,132.0,106.0,64.0,92.0,26.6,40.0,36.5,18.7,10.9,21.5,26.0,20.5
Castétis (64300),/management/ville/castetis/ville-64177,15.0,10.0,20.0,80.0,85.0,70.0,89.0,186.0,93.0,128.0,15.9,19.9,43.8,27.9,18.3,19.1,21.9,29.7
Ardelu (28700),/management/ville/ardelu/ville-28009,0.0,0.0,0.0,5.0,10.0,25.0,22.0,11.0,12.0,7.0,40.0,45.5,26.7,15.0,23.3,22.7,10.0,18.2
Becquigny (80500),/management/ville/becquigny/ville-80074,0.0,5.0,0.0,5.0,19.0,24.0,34.0,28.0,10.0,20.0,34.9,38.8,39.5,20.4,2.3,20.4,23.3,20.4
Bantheville (55110),/management/ville/bantheville/ville-55028,15.0,10.0,0.0,0.0,10.0,15.0,40.0,32.0,12.0,13.0,32.1,52.3,39.6,21.6,15.1,9.1,13.2,13.6
Bergholtzzell (68500),/management/ville/bergholtzzell/ville-68030,0.0,5.0,50.0,70.0,50.0,55.0,67.0,107.0,48.0,104.0,15.8,25.5,40.6,23.0,12.7,16.8,30.9,32.9
Cerseuil (02220),/management/ville/cerseuil/ville-02152,0.0,0.0,20.0,34.0,0.0,0.0,24.0,10.0,14.0,22.0,33.3,37.1,22.2,7.1,13.9,25.7,30.6,31.4
Blars (46330),/management/ville/blars/ville-46031,0.0,10.0,0.0,0.0,29.0,0.0,35.0,29.0,18.0,39.0,25.4,32.3,30.5,17.9,13.6,15.4,30.5,33.8
Bonnevaux (74360),/management/ville/bonnevaux/ville-74041,0.0,10.0,10.0,15.0,26.0,72.0,65.0,71.0,19.0,51.0,27.8,35.5,43.3,22.1,11.3,7.3,17.5,30.9
Beuvron-en-Auge (14430),/management/ville/beuvron-en-auge/ville-14070,0.0,20.0,10.0,25.0,10.0,10.0,54.0,31.0,24.0,53.0,35.4,32.1,26.6,12.7,11.4,17.9,26.6,38.1
Bussy-le-Château (51600),/management/ville/bussy-le-chateau/ville-51097,10.0,10.0,10.0,5.0,10.0,15.0,53.0,31.0,17.0,32.0,30.8,50.0,27.7,16.9,15.4,10.6,26.2,21.2
Chevagny-sur-Guye (71220),/management/ville/chevagny-sur-guye/ville-71127,5.0,10.0,5.0,0.0,5.0,10.0,13.0,14.0,16.0,22.0,23.3,17.1,20.0,24.2,20.0,28.6,36.7,31.4
Brocas (40420),/management/ville/brocas/ville-40056,10.0,20.0,30.0,95.0,90.0,130.0,183.0,208.0,108.0,121.0,22.9,35.5,39.9,25.0,18.4,16.5,18.8,20.2
Croisilles (62128),/management/ville/croisilles/ville-62259,11.0,27.0,69.0,160.0,303.0,244.0,464.0,326.0,242.0,277.0,30.0,40.2,29.0,20.3,21.2,16.1,19.9,22.3
Aumessas (30770),/management/ville/aumessas/ville-30025,0.0,20.0,5.0,20.0,30.0,0.0,40.0,31.0,47.0,76.0,24.7,17.0,22.6,12.8,16.1,32.0,36.6,41.0
Allainville (28500),/management/ville/allainville/ville-28003,0.0,5.0,15.0,25.0,15.0,15.0,30.0,23.0,27.0,23.0,25.5,32.7,25.5,20.8,25.5,26.9,23.5,21.2
Ablancourt (51240),/management/ville/ablancourt/ville-51001,0.0,0.0,5.0,30.0,25.0,35.0,36.0,40.0,26.0,23.0,30.8,26.7,35.4,26.6,20.0,21.7,13.8,23.3
Charmois-l'Orgueilleux (88270),/management/ville/charmois-l-orgueilleux/ville-88092,35.0,25.0,5.0,65.0,55.0,65.0,172.0,123.0,85.0,88.0,32.7,40.3,34.5,19.1,16.4,19.8,16.4,21.0
Corps-Nuds (35150),/management/ville/corps-nuds/ville-35088,10.0,99.0,267.0,420.0,415.0,276.0,499.0,606.0,438.0,728.0,20.4,23.5,31.5,21.4,19.5,19.0,28.6,35.5
Blaru (78270),/management/ville/blaru/ville-78068,0.0,55.0,95.0,115.0,95.0,70.0,140.0,171.0,128.0,199.0,18.0,25.5,31.5,21.9,20.3,19.8,30.2,32.1
Avril (54150),/management/ville/avril/ville-54036,5.0,30.0,75.0,115.0,180.0,160.0,127.0,244.0,150.0,233.0,14.3,19.5,39.1,24.8,16.9,23.0,29.7,32.2
Asnières-en-Poitou (79170),/management/ville/asnieres-en-poitou/ville-79015,15.0,5.0,0.0,15.0,15.0,30.0,67.0,53.0,21.0,19.0,36.6,47.4,39.0,23.5,12.2,14.5,12.2,11.8
Bussy-le-Grand (21150),/management/ville/bussy-le-grand/ville-21122,15.0,10.0,5.0,35.0,25.0,35.0,58.0,79.0,33.0,65.0,20.7,28.3,41.3,22.5,16.5,11.5,21.5,34.5
Croismare (54300),/management/ville/croismare/ville-54148,5.0,35.0,20.0,74.0,108.0,89.0,111.0,175.0,83.0,100.0,17.6,29.4,47.5,25.7,16.7,18.4,18.1,24.1
Champcella (05310),/management/ville/champcella/ville-05031,0.0,5.0,0.0,25.0,20.0,15.0,47.0,31.0,25.0,50.0,26.3,35.6,22.5,17.1,18.8,13.7,32.5,32.9
Combs-la-Ville (77380),/management/ville/combs-la-ville/ville-77122,0.0,324.0,2018.0,3325.0,3337.0,1788.0,3769.0,3330.0,3228.0,4879.0,23.6,25.9,24.0,20.1,21.9,20.6,30.5,33.5
Anères (65150),/management/ville/aneres/ville-65009,0.0,10.0,0.0,31.0,31.0,5.0,34.0,29.0,33.0,51.0,29.4,17.7,22.1,18.3,17.6,26.6,30.9,39.2
Canari (20217),/management/ville/canari/ville-2B058,3.0,14.0,9.0,15.0,36.0,28.0,113.0,61.0,39.0,57.0,43.4,40.6,27.9,17.3,11.0,17.3,17.6,24.8
Cours-les-Bains (33690),/management/ville/cours-les-bains/ville-33137,5.0,20.0,10.0,25.0,54.0,20.0,48.0,62.0,29.0,36.0,26.4,29.4,40.7,26.3,15.4,17.6,17.6,23.5
Bazaiges (36270),/management/ville/bazaiges/ville-36014,5.0,5.0,0.0,16.0,53.0,42.0,64.0,58.0,22.0,34.0,23.9,47.8,46.6,17.2,15.9,8.9,13.6,24.4
Ardenais (18170),/management/ville/ardenais/ville-18010,15.0,5.0,5.0,5.0,46.0,20.0,45.0,45.0,30.0,42.0,34.5,21.1,25.0,26.1,21.4,14.5,19.0,34.2
Charmont (51330),/management/ville/charmont/ville-51130,5.0,5.0,10.0,5.0,19.0,43.0,75.0,56.0,13.0,25.0,41.7,46.5,41.7,21.4,6.0,10.5,10.7,18.6
Corquilleroy (45120),/management/ville/corquilleroy/ville-45104,0.0,75.0,85.0,355.0,450.0,400.0,710.0,699.0,309.0,324.0,31.3,37.9,40.6,25.3,14.0,16.2,14.1,17.5
Castetnau-Camblong (64190),/management/ville/castetnau-camblong/ville-64178,0.0,5.0,5.0,92.0,36.0,46.0,104.0,102.0,63.0,85.0,27.2,31.4,31.7,24.1,17.2,18.9,23.9,24.0
Croissy-Beaubourg (77183),/management/ville/croissy-beaubourg/ville-77146,0.0,54.0,325.0,304.0,205.0,73.0,300.0,295.0,326.0,557.0,19.1,21.5,23.3,17.9,20.1,24.0,37.4,37.9
Bussy-le-Repos (51330),/management/ville/bussy-le-repos/ville-51098,15.0,0.0,5.0,10.0,15.0,20.0,32.0,28.0,13.0,20.0,33.3,35.6,33.3,23.5,14.6,13.3,18.8,24.4
Bourg-Argental (42220),/management/ville/bourg-argental/ville-42023,10.0,85.0,154.0,259.0,398.0,428.0,703.0,665.0,398.0,468.0,26.2,36.3,37.9,21.6,17.1,18.5,18.9,22.8
Champcenest (77560),/management/ville/champcenest/ville-77080,0.0,5.0,11.0,27.0,49.0,27.0,40.0,46.0,33.0,35.0,17.1,36.1,39.0,18.7,26.8,15.3,17.1,29.2
Bédarieux (34600),/management/ville/bedarieux/ville-34028,15.0,190.0,145.0,445.0,835.0,580.0,1842.0,1215.0,759.0,849.0,35.3,43.2,30.9,20.6,16.6,16.0,17.2,19.0
Ableiges (95450),/management/ville/ableiges/ville-95002,15.0,30.0,126.0,177.0,151.0,76.0,145.0,209.0,147.0,286.0,17.0,19.7,30.8,21.6,18.5,18.9,33.8,39.1
Beuvry (62660),/management/ville/beuvry/ville-62126,10.0,197.0,322.0,933.0,1357.0,1477.0,2323.0,1875.0,1422.0,1313.0,28.4,38.0,34.1,21.0,19.4,21.5,18.1,19.7
Chevaigné (35250),/management/ville/chevaigne/ville-35079,21.0,73.0,239.0,370.0,291.0,141.0,259.0,397.0,262.0,591.0,15.7,18.6,29.8,21.9,16.3,18.4,38.2,40.1
Canaules-et-Argentières (30350),/management/ville/canaules-et-argentieres/ville-30065,0.0,40.0,10.0,25.0,55.0,35.0,92.0,104.0,60.0,70.0,23.3,32.9,37.1,24.5,20.1,16.8,19.5,23.4
Brochon (21220),/management/ville/brochon/ville-21110,32.0,21.0,80.0,59.0,27.0,37.0,113.0,135.0,92.0,163.0,17.9,26.5,32.1,21.0,21.4,15.8,28.6,35.3
Claveisolles (69870),/management/ville/claveisolles/ville-69060,10.0,25.0,10.0,40.0,126.0,111.0,166.0,142.0,76.0,88.0,33.5,37.3,35.2,23.0,16.9,14.8,14.4,22.5
Castetner (64300),/management/ville/castetner/ville-64179,25.0,5.0,10.0,5.0,5.0,5.0,17.0,43.0,21.0,27.0,10.7,21.2,46.4,28.8,19.6,19.2,23.2,26.9
Corquoy (18190),/management/ville/corquoy/ville-18073,15.0,5.0,10.0,29.0,41.0,30.0,54.0,69.0,24.0,38.0,25.3,33.3,43.2,25.5,16.8,8.9,14.7,26.7
Avril-sur-Loire (58300),/management/ville/avril-sur-loire/ville-58020,0.0,10.0,15.0,51.0,30.0,41.0,43.0,66.0,46.0,50.0,17.1,24.7,39.0,24.8,22.9,21.6,21.0,27.8
Allainville (78660),/management/ville/allainville/ville-78009,10.0,10.0,10.0,40.0,45.0,55.0,53.0,82.0,41.0,51.0,23.8,22.9,37.7,29.5,18.0,18.1,20.5,24.8
Beuvry-la-Forêt (59310),/management/ville/beuvry-la-foret/ville-59080,20.0,80.0,215.0,340.0,370.0,220.0,506.0,554.0,296.0,643.0,22.7,27.7,29.4,23.3,15.7,14.0,32.2,32.1
Blasimon (33540),/management/ville/blasimon/ville-33057,25.0,65.0,20.0,55.0,90.0,145.0,254.0,234.0,101.0,98.0,33.1,40.6,40.4,25.2,13.0,16.3,13.6,14.9
Cersot (71390),/management/ville/cersot/ville-71072,0.0,5.0,10.0,10.0,10.0,15.0,18.0,34.0,20.0,32.0,18.5,16.0,35.2,25.9,24.1,14.0,22.2,40.0
Comigne (11700),/management/ville/comigne/ville-11095,5.0,10.0,15.0,40.0,45.0,35.0,75.0,68.0,52.0,46.0,29.3,32.8,37.1,21.6,15.5,27.2,18.1,20.0
Braux-Sainte-Cohière (51800),/management/ville/braux-sainte-cohiere/ville-51082,0.0,0.0,0.0,10.0,30.0,10.0,20.0,28.0,12.0,17.0,27.5,24.3,45.0,26.3,7.5,24.3,20.0,24.3
Bergicourt (80290),/management/ville/bergicourt/ville-80083,10.0,0.0,10.0,21.0,16.0,21.0,32.0,28.0,20.0,40.0,27.9,27.1,26.2,19.7,14.8,16.9,31.1,35.6
Ablis (78660),/management/ville/ablis/ville-78003,30.0,80.0,339.0,559.0,424.0,284.0,530.0,644.0,421.0,755.0,20.0,25.1,32.3,21.9,16.7,19.1,31.0,33.2
Bussy-le-Repos (89500),/management/ville/bussy-le-repos/ville-89060,5.0,5.0,36.0,51.0,51.0,72.0,92.0,91.0,58.0,72.0,25.8,33.1,33.7,23.4,16.0,21.9,24.5,21.2
Bazailles (54620),/management/ville/bazailles/ville-54056,0.0,15.0,5.0,10.0,30.0,35.0,24.0,52.0,14.0,27.0,10.9,32.1,56.3,24.6,15.6,7.5,17.2,30.2
Anet (28260),/management/ville/anet/ville-28007,5.0,79.0,99.0,348.0,313.0,253.0,675.0,573.0,349.0,480.0,25.3,38.7,34.0,21.0,16.9,16.7,23.8,22.5
Blassac (43380),/management/ville/blassac/ville-43031,20.0,5.0,5.0,10.0,5.0,5.0,35.0,36.0,12.0,28.0,21.7,42.3,40.0,21.0,15.0,5.8,23.3,26.9
Cours-les-Barres (18320),/management/ville/cours-les-barres/ville-18075,15.0,29.0,44.0,84.0,206.0,153.0,225.0,284.0,126.0,148.0,25.2,32.0,43.4,26.1,15.6,16.6,15.8,21.9
Brax (31490),/management/ville/brax/ville-31088,0.0,69.0,519.0,421.0,301.0,116.0,292.0,360.0,340.0,1025.0,12.4,16.6,19.6,16.1,17.7,16.0,50.2,51.4
Croissy-sur-Celle (60120),/management/ville/croissy-sur-celle/ville-60183,5.0,10.0,30.0,20.0,20.0,30.0,48.0,57.0,28.0,53.0,28.1,23.3,30.2,27.7,11.5,18.9,30.2,26.7
Aumetz (57710),/management/ville/aumetz/ville-57041,0.0,55.0,60.0,200.0,385.0,355.0,545.0,633.0,288.0,310.0,24.5,36.4,41.2,26.7,16.5,16.0,17.9,17.1
Beux (57580),/management/ville/beux/ville-57075,10.0,5.0,24.0,44.0,34.0,24.0,28.0,54.0,37.0,65.0,15.1,16.3,31.2,24.3,24.7,15.2,29.0,41.3
Castetpugon (64330),/management/ville/castetpugon/ville-64180,20.0,26.0,5.0,26.0,10.0,15.0,43.0,49.0,29.0,42.0,22.2,31.9,37.8,21.4,12.2,23.6,27.8,23.6
Avrillé (49240),/management/ville/avrille/ville-49015,0.0,336.0,1232.0,1649.0,1511.0,894.0,2464.0,2371.0,1675.0,3851.0,20.6,26.5,26.4,19.3,15.7,16.6,37.4,37.0
Chevaigné-du-Maine (53250),/management/ville/chevaigne-du-maine/ville-53069,15.0,5.0,0.0,15.0,10.0,10.0,75.0,38.0,24.0,15.0,46.1,53.2,27.6,20.5,17.1,14.3,9.2,10.4
Champcerie (61210),/management/ville/champcerie/ville-61084,15.0,15.0,0.0,10.0,5.0,10.0,32.0,33.0,19.0,30.0,31.0,25.0,37.9,19.0,17.2,16.1,13.8,39.3
Blaudeix (23140),/management/ville/blaudeix/ville-23023,5.0,9.0,5.0,0.0,9.0,0.0,32.0,29.0,11.0,9.0,45.2,31.7,40.5,26.7,9.5,19.5,4.8,19.5
Bourg-Beaudouin (27380),/management/ville/bourg-beaudouin/ville-27104,15.0,15.0,41.0,112.0,81.0,128.0,119.0,166.0,109.0,122.0,21.8,24.4,36.6,25.5,22.5,19.7,19.1,28.3
Bonneveau (41800),/management/ville/bonneveau/ville-41020,5.0,5.0,5.0,51.0,51.0,67.0,144.0,136.0,56.0,45.0,31.4,43.1,41.6,26.0,16.8,13.2,10.3,13.2
Brocourt (80430),/management/ville/brocourt/ville-80143,5.0,0.0,0.0,5.0,25.0,30.0,41.0,17.0,9.0,9.0,52.5,55.6,25.0,19.4,5.0,19.4,17.5,5.6
Ardenay-sur-Mérize (72370),/management/ville/ardenay-sur-merize/ville-72007,0.0,5.0,15.0,55.0,65.0,75.0,78.0,109.0,62.0,74.0,19.1,28.5,35.0,28.7,19.7,18.8,26.1,20.0
Corrano (20168),/management/ville/corrano/ville-2A094,2.0,1.0,1.0,6.0,12.0,1.0,28.0,10.0,16.0,8.0,37.1,55.6,17.1,17.4,22.9,29.6,22.9,0.0
Charmont (95420),/management/ville/charmont/ville-95141,0.0,0.0,0.0,0.0,9.0,5.0,7.0,7.0,7.0,6.0,23.5,30.8,29.4,25.0,23.5,30.8,23.5,15.4
Chaudardes (02160),/management/ville/chaudardes/ville-02171,0.0,0.0,5.0,5.0,10.0,10.0,17.0,22.0,11.0,15.0,15.2,37.5,45.5,21.2,15.2,18.8,24.2,21.9
Allaire (56350),/management/ville/allaire/ville-56001,60.0,134.0,144.0,397.0,407.0,486.0,862.0,979.0,510.0,565.0,23.2,35.8,40.9,24.3,17.1,18.0,18.9,19.9
Comines (59560),/management/ville/comines/ville-59152,31.0,240.0,591.0,1306.0,1527.0,1887.0,3241.0,2154.0,1433.0,1848.0,33.7,40.7,29.0,19.9,17.4,15.7,19.8,22.6
Bourg-Blanc (29860),/management/ville/bourg-blanc/ville-29015,55.0,116.0,176.0,452.0,448.0,352.0,586.0,771.0,492.0,673.0,16.6,29.4,35.8,23.8,21.8,17.4,25.8,27.5
Clavette (17220),/management/ville/clavette/ville-17109,0.0,69.0,49.0,245.0,231.0,83.0,175.0,299.0,200.0,341.0,14.5,19.7,33.7,24.0,20.5,19.0,31.4,35.7
Bonnevent-Velloreille (70700),/management/ville/bonnevent-velloreille/ville-70076,15.0,24.0,29.0,29.0,49.0,44.0,48.0,68.0,54.0,98.0,14.7,20.4,34.9,17.6,18.6,21.2,31.8,41.6
Brocourt-en-Argonne (55120),/management/ville/brocourt-en-argonne/ville-55082,0.0,0.0,0.0,5.0,10.0,5.0,12.0,13.0,10.0,7.0,15.0,40.9,45.0,19.0,25.0,22.7,15.0,18.2
Corravillers (70310),/management/ville/corravillers/ville-70176,10.0,0.0,0.0,5.0,20.0,15.0,86.0,38.0,22.0,16.0,46.6,60.8,31.8,13.7,12.5,14.9,9.1,10.8
Bédarrides (84370),/management/ville/bedarrides/ville-84016,39.0,227.0,169.0,517.0,726.0,612.0,1221.0,1163.0,667.0,853.0,30.3,32.1,35.2,23.4,15.4,18.7,19.0,24.4
Asnières-la-Giraud (17400),/management/ville/asnieres-la-giraud/ville-17022,26.0,36.0,31.0,87.0,179.0,148.0,226.0,267.0,146.0,150.0,25.3,32.0,38.9,26.1,18.7,18.1,17.1,20.9
Allamont (54800),/management/ville/allamont/ville-54009,0.0,0.0,10.0,15.0,20.0,30.0,26.0,39.0,20.0,30.0,21.9,23.5,35.9,27.1,18.8,15.7,23.4,29.4
Bazainville (78550),/management/ville/bazainville/ville-78048,10.0,50.0,211.0,304.0,143.0,79.0,180.0,212.0,196.0,412.0,17.1,18.8,24.7,18.4,19.3,20.0,38.9,43.2
Coursac (24430),/management/ville/coursac/ville-24139,10.0,70.0,96.0,298.0,404.0,243.0,303.0,472.0,336.0,423.0,17.2,22.3,35.9,25.3,19.6,24.2,27.3,27.8
Bussy-lès-Daours (80800),/management/ville/bussy-les-daours/ville-80156,0.0,10.0,20.0,63.0,68.0,20.0,54.0,61.0,46.0,116.0,15.2,23.7,27.6,16.8,13.1,20.6,44.1,39.7
Aumeville-Lestre (50630),/management/ville/aumeville-lestre/ville-50022,5.0,0.0,5.0,11.0,5.0,5.0,40.0,35.0,15.0,12.0,32.0,48.0,36.0,27.4,18.0,10.0,14.0,8.0
Angaïs (64510),/management/ville/angais/ville-64023,0.0,44.0,74.0,118.0,113.0,64.0,113.0,181.0,106.0,256.0,13.1,20.9,34.6,20.3,15.7,16.6,36.5,41.3
Brax (47310),/management/ville/brax/ville-47040,10.0,104.0,104.0,273.0,278.0,159.0,389.0,423.0,319.0,411.0,22.4,27.8,32.7,22.5,19.5,21.7,25.4,27.8
Croissy-sur-Seine (78290),/management/ville/croissy-sur-seine/ville-78190,3.0,308.0,2287.0,1081.0,676.0,181.0,831.0,569.0,878.0,4589.0,10.4,13.6,8.1,9.0,10.7,14.7,70.8,63.2
Allamps (54112),/management/ville/allamps/ville-54010,0.0,10.0,26.0,26.0,92.0,67.0,97.0,122.0,64.0,96.0,20.4,30.9,39.3,22.7,18.8,14.9,21.5,29.3
Avrillé (85440),/management/ville/avrille/ville-85010,36.0,71.0,30.0,76.0,225.0,159.0,424.0,337.0,166.0,185.0,30.7,44.9,38.4,21.0,15.5,14.6,15.3,17.8
Asnières-lès-Dijon (21380),/management/ville/asnieres-les-dijon/ville-21027,5.0,40.0,145.0,150.0,130.0,85.0,135.0,198.0,122.0,327.0,14.8,19.7,30.1,19.9,13.8,17.4,41.3,42.3
Beuxes (86120),/management/ville/beuxes/ville-86026,10.0,15.0,5.0,50.0,116.0,85.0,123.0,151.0,63.0,65.0,27.7,34.0,42.7,27.6,15.0,16.2,14.6,17.8
Castets (40260),/management/ville/castets/ville-40075,19.0,104.0,71.0,222.0,339.0,377.0,502.0,559.0,325.0,327.0,26.0,32.5,39.3,24.8,17.5,20.3,17.2,20.9
Champcevinel (24750),/management/ville/champcevinel/ville-24098,0.0,94.0,278.0,358.0,382.0,184.0,432.0,551.0,417.0,784.0,17.2,22.1,30.6,20.4,17.2,20.8,34.9,36.8
Bazancourt (51110),/management/ville/bazancourt/ville-51043,5.0,51.0,97.0,213.0,361.0,296.0,480.0,456.0,274.0,313.0,25.8,36.9,37.5,21.9,17.5,18.4,19.2,21.8
Bergnicourt (08300),/management/ville/bergnicourt/ville-08060,5.0,10.0,35.0,35.0,25.0,15.0,39.0,49.0,39.0,58.0,15.5,26.7,38.1,16.0,17.5,24.4,28.9,34.4
Croisy (18350),/management/ville/croisy/ville-18080,10.0,0.0,5.0,31.0,5.0,25.0,42.0,29.0,18.0,26.0,37.3,35.2,28.8,19.3,16.9,14.8,16.9,29.6
Ardengost (65240),/management/ville/ardengost/ville-65023,5.0,0.0,0.0,5.0,0.0,0.0,3.0,2.0,1.0,6.0,28.6,16.7,14.3,14.3,14.3,0.0,42.9,66.7
Charmont-en-Beauce (45480),/management/ville/charmont-en-beauce/ville-45080,15.0,0.0,10.0,44.0,24.0,49.0,95.0,94.0,53.0,40.0,26.0,41.0,43.2,21.8,20.5,17.3,10.3,18.7
Castets et Castillon (33210),/management/ville/castets-et-castillon/ville-33106,20.0,25.0,65.0,163.0,174.0,179.0,362.0,306.0,188.0,247.0,30.4,35.1,34.8,21.0,14.0,19.7,20.8,23.9
Chaudebonne (26110),/management/ville/chaudebonne/ville-26089,5.0,5.0,10.0,0.0,5.0,5.0,22.0,8.0,9.0,7.0,50.0,45.5,16.7,20.0,12.5,27.3,20.8,9.1
Canavaggia (20235),/management/ville/canavaggia/ville-2B059,2.0,13.0,0.0,11.0,11.0,6.0,25.0,17.0,15.0,26.0,26.8,33.3,24.4,18.6,12.2,22.2,36.6,26.7
Beuzec-Cap-Sizun (29790),/management/ville/beuzec-cap-sizun/ville-29008,50.0,30.0,40.0,100.0,130.0,150.0,206.0,256.0,178.0,158.0,21.9,29.7,36.7,25.9,23.2,21.4,18.2,21.4
Commana (29450),/management/ville/commana/ville-29038,58.0,42.0,45.0,79.0,116.0,152.0,240.0,217.0,170.0,162.0,27.8,33.1,32.4,21.9,22.0,21.1,17.7,23.7
Broglie (27270),/management/ville/broglie/ville-27117,5.0,57.0,16.0,73.0,104.0,181.0,291.0,279.0,123.0,136.0,28.3,41.2,44.9,22.5,10.5,18.8,16.3,16.5
Corre (70500),/management/ville/corre/ville-70177,15.0,5.0,20.0,25.0,103.0,103.0,191.0,174.0,70.0,49.0,31.7,46.7,44.3,24.8,13.9,14.5,10.0,10.6
Beddes (18370),/management/ville/beddes/ville-18024,5.0,0.0,0.0,5.0,14.0,14.0,27.0,22.0,15.0,12.0,43.6,27.8,23.1,27.9,25.6,13.9,7.7,25.0
Claveyson (26240),/management/ville/claveyson/ville-26094,20.0,25.0,15.0,115.0,80.0,165.0,183.0,196.0,109.0,147.0,28.5,29.2,36.8,23.5,14.6,19.9,20.1,26.3
Bonneville (74130),/management/ville/bonneville/ville-74042,8.0,260.0,656.0,1486.0,1724.0,2365.0,3015.0,2367.0,1509.0,2352.0,29.3,36.2,30.3,19.5,17.3,15.3,23.1,28.0
Coursan (11110),/management/ville/coursan/ville-11106,30.0,144.0,195.0,669.0,789.0,560.0,1459.0,1420.0,781.0,833.0,28.6,35.9,38.6,23.8,15.7,18.9,17.1,19.8
Cheval-Blanc (84460),/management/ville/cheval-blanc/ville-84038,39.0,182.0,227.0,611.0,547.0,448.0,821.0,881.0,634.0,867.0,22.5,28.5,33.8,21.6,18.5,21.0,25.2,28.8
Blausasc (06440),/management/ville/blausasc/ville-06019,0.0,92.0,101.0,261.0,215.0,101.0,290.0,326.0,226.0,303.0,23.7,27.0,35.3,21.9,17.6,21.7,23.4,29.4
Bussy-lès-Poix (80290),/management/ville/bussy-les-poix/ville-80157,5.0,5.0,0.0,5.0,20.0,15.0,18.0,8.0,13.0,28.0,27.3,26.5,12.1,12.9,18.2,20.6,42.4,41.2
Ardentes (36120),/management/ville/ardentes/ville-36005,30.0,85.0,196.0,441.0,607.0,537.0,837.0,1014.0,471.0,610.0,24.8,32.1,41.1,25.5,14.8,17.3,19.3,22.2
Aumont (39800),/management/ville/aumont/ville-39028,5.0,15.0,5.0,55.0,35.0,50.0,110.0,128.0,48.0,69.0,31.8,30.2,39.3,27.8,12.7,14.3,16.2,22.5
Bantigny (59554),/management/ville/bantigny/ville-59048,0.0,0.0,30.0,70.0,40.0,30.0,83.0,89.0,74.0,109.0,20.0,26.5,30.0,20.5,21.2,20.5,28.8,32.4
Bray (27170),/management/ville/bray/ville-27109,0.0,0.0,20.0,40.0,45.0,86.0,67.0,82.0,44.0,65.0,22.0,30.1,40.2,21.7,16.7,17.9,21.2,29.3
Ablon (14600),/management/ville/ablon/ville-14001,5.0,71.0,81.0,136.0,162.0,111.0,281.0,261.0,152.0,217.0,28.1,33.6,36.0,20.9,14.3,19.1,21.7,25.9
Allan (26780),/management/ville/allan/ville-26005,15.0,79.0,133.0,247.0,198.0,133.0,304.0,316.0,233.0,447.0,21.0,25.6,28.6,20.3,15.9,19.7,34.5,34.2
Avrillé-les-Ponceaux (37340),/management/ville/avrille-les-ponceaux/ville-37013,0.0,25.0,35.0,50.0,45.0,90.0,117.0,117.0,69.0,59.0,30.3,34.5,39.5,24.0,16.8,21.5,13.5,19.2
Clavières (15320),/management/ville/clavieres/ville-15051,40.0,5.0,0.0,10.0,25.0,30.0,62.0,71.0,29.0,23.0,29.7,37.8,45.5,26.7,12.9,19.5,11.9,13.4
Bonneville (80670),/management/ville/bonneville/ville-80113,10.0,5.0,10.0,35.0,30.0,79.0,82.0,81.0,37.0,44.0,28.3,39.5,39.4,23.2,18.9,10.9,13.4,22.7
Bourg-Bruche (67420),/management/ville/bourg-bruche/ville-67059,0.0,10.0,15.0,45.0,55.0,94.0,101.0,144.0,63.0,52.0,23.9,32.4,47.3,27.9,18.5,16.5,10.3,18.8
Champcevrais (89220),/management/ville/champcevrais/ville-89072,10.0,10.0,5.0,5.0,10.0,35.0,142.0,72.0,32.0,41.0,34.1,61.5,32.5,17.2,15.9,7.5,17.5,11.8
Aumont (80640),/management/ville/aumont/ville-80041,0.0,5.0,0.0,19.0,15.0,24.0,32.0,25.0,19.0,23.0,32.7,31.3,27.3,22.0,20.0,18.8,20.0,27.1
Bergonne (63500),/management/ville/bergonne/ville-63036,5.0,5.0,15.0,55.0,30.0,49.0,73.0,77.0,56.0,66.0,23.9,29.5,35.2,21.1,19.7,21.7,21.1,27.9
Croisy-sur-Andelle (76780),/management/ville/croisy-sur-andelle/ville-76201,0.0,20.0,10.0,86.0,90.0,93.0,155.0,125.0,71.0,73.0,36.5,36.3,34.7,23.0,14.0,19.9,14.9,19.9
Charmont-sous-Barbuise (10150),/management/ville/charmont-sous-barbuise/ville-10084,45.0,30.0,96.0,136.0,151.0,91.0,141.0,210.0,144.0,228.0,15.5,23.6,36.6,21.3,19.4,20.6,28.5,34.3
Canaveilles (66360),/management/ville/canaveilles/ville-66036,0.0,0.0,0.0,0.0,6.0,6.0,10.0,10.0,6.0,4.0,27.3,57.1,45.5,0.0,22.7,14.3,4.5,28.6
Chaudefonds-sur-Layon (49290),/management/ville/chaudefonds-sur-layon/ville-49082,25.0,20.0,56.0,132.0,112.0,132.0,167.0,187.0,126.0,206.0,19.9,28.9,35.4,18.7,19.0,17.7,25.6,34.5
Castex (09350),/management/ville/castex/ville-09084,15.0,0.0,5.0,5.0,5.0,10.0,25.0,18.0,11.0,23.0,29.3,36.4,31.7,12.5,14.6,15.2,24.4,36.4
Angé (41400),/management/ville/ange/ville-41002,0.0,40.0,35.0,95.0,143.0,188.0,250.0,221.0,121.0,90.0,31.8,41.7,40.8,22.5,17.3,18.2,10.1,16.4
Allanche (15160),/management/ville/allanche/ville-15001,53.0,29.0,5.0,34.0,82.0,68.0,299.0,162.0,112.0,107.0,39.3,48.3,30.9,16.8,17.1,15.8,12.6,19.0
Claviers (83830),/management/ville/claviers/ville-83041,5.0,74.0,29.0,44.0,93.0,49.0,161.0,138.0,115.0,143.0,25.9,32.0,28.7,20.8,20.2,21.1,25.2,26.2
Corrençon-en-Vercors (38250),/management/ville/correncon-en-vercors/ville-38129,5.0,50.0,19.0,35.0,24.0,10.0,75.0,50.0,56.0,79.0,24.4,33.6,26.7,13.2,20.6,22.7,28.2,32.0
Bédéchan (32450),/management/ville/bedechan/ville-32040,26.0,0.0,5.0,21.0,16.0,16.0,38.0,29.0,24.0,31.0,25.4,39.3,32.8,13.5,17.9,19.6,23.9,28.6
Brognard (25600),/management/ville/brognard/ville-25097,0.0,22.0,80.0,43.0,60.0,44.0,79.0,118.0,46.0,127.0,18.5,23.8,35.9,24.5,11.4,13.5,34.2,34.6
Asnières-sous-Bois (89660),/management/ville/asnieres-sous-bois/ville-89020,0.0,5.0,0.0,0.0,24.0,15.0,32.0,30.0,18.0,29.0,29.3,29.6,31.0,22.4,15.5,16.7,24.1,29.6
Coursan-en-Othe (10130),/management/ville/coursan-en-othe/ville-10107,0.0,0.0,0.0,10.0,15.0,15.0,37.0,18.0,10.0,19.0,44.2,47.5,27.9,12.2,14.0,10.0,14.0,30.0
Chevaline (74210),/management/ville/chevaline/ville-74072,5.0,5.0,5.0,10.0,30.0,20.0,40.0,42.0,22.0,67.0,18.5,26.4,38.5,15.3,15.4,11.3,27.7,46.2
Certilleux (88300),/management/ville/certilleux/ville-88083,0.0,10.0,5.0,30.0,15.0,25.0,54.0,55.0,26.0,39.0,28.2,33.7,37.6,23.2,15.3,14.6,18.8,25.8
Blauvac (84570),/management/ville/blauvac/ville-84018,21.0,36.0,36.0,52.0,72.0,31.0,94.0,106.0,89.0,118.0,25.1,21.2,30.4,22.0,22.0,21.7,22.5,35.0
Bray (71250),/management/ville/bray/ville-71057,10.0,5.0,5.0,5.0,25.0,5.0,29.0,31.0,14.0,30.0,19.6,35.8,37.3,21.1,11.8,15.1,31.4,26.4
Bussy-Lettrée (51320),/management/ville/bussy-lettree/ville-51099,16.0,5.0,16.0,26.0,42.0,37.0,75.0,80.0,40.0,35.0,31.3,34.5,38.3,27.7,15.7,19.0,14.8,15.5
Bazancourt (60380),/management/ville/bazancourt/ville-60049,0.0,15.0,5.0,15.0,15.0,30.0,36.0,35.0,14.0,20.0,34.7,33.9,42.9,23.3,8.2,17.9,14.3,23.2
Ablon-sur-Seine (94480),/management/ville/ablon-sur-seine/ville-94001,0.0,129.0,402.0,896.0,885.0,568.0,1187.0,794.0,895.0,1170.0,29.2,29.5,21.3,19.0,21.4,22.7,28.0,29.7
Beuzeville (27210),/management/ville/beuzeville/ville-27065,25.0,169.0,174.0,427.0,616.0,621.0,1126.0,1021.0,577.0,699.0,29.0,36.4,36.2,22.7,15.3,18.3,19.6,21.2
Commarin (21320),/management/ville/commarin/ville-21187,0.0,0.0,5.0,5.0,15.0,0.0,17.0,22.0,21.0,32.0,20.8,17.4,22.9,25.5,22.9,23.9,33.3,32.6
Alland'Huy-et-Sausseuil (08130),/management/ville/alland-huy-et-sausseuil/ville-08006,15.0,0.0,5.0,30.0,10.0,30.0,50.0,60.0,28.0,32.0,22.8,35.2,48.1,22.7,15.2,17.6,13.9,23.1
Brognon (08380),/management/ville/brognon/ville-08087,0.0,5.0,0.0,25.0,35.0,15.0,38.0,26.0,20.0,32.0,24.6,41.8,29.5,14.3,21.3,12.7,24.6,30.9
Bédée (35137),/management/ville/bedee/ville-35023,104.0,156.0,275.0,634.0,569.0,447.0,727.0,787.0,567.0,852.0,21.9,27.6,32.0,21.1,20.1,18.5,26.0,32.1
Bourg-Charente (16200),/management/ville/bourg-charente/ville-16056,20.0,26.0,31.0,113.0,92.0,123.0,221.0,201.0,111.0,154.0,26.0,38.0,38.2,19.6,17.8,14.6,18.0,26.6
Bonneville-Aptot (27290),/management/ville/bonneville-aptot/ville-27083,0.0,0.0,15.0,35.0,35.0,40.0,39.0,55.0,35.0,45.0,25.8,18.8,32.6,27.4,21.3,18.8,20.2,31.8
Bergouey (40250),/management/ville/bergouey/ville-40038,0.0,5.0,0.0,0.0,15.0,10.0,32.0,34.0,9.0,11.0,30.6,45.9,49.0,23.3,10.2,10.8,10.2,16.2
Cancale (35260),/management/ville/cancale/ville-35049,50.0,202.0,282.0,428.0,606.0,406.0,1283.0,1120.0,753.0,1087.0,23.5,36.1,29.6,21.9,19.9,15.9,27.0,24.4
Croisy-sur-Eure (27120),/management/ville/croisy-sur-eure/ville-27190,0.0,5.0,15.0,39.0,25.0,20.0,26.0,44.0,28.0,51.0,15.2,19.4,31.6,25.3,19.0,18.1,34.2,34.7
Chaudefontaine (51800),/management/ville/chaudefontaine/ville-51139,0.0,10.0,10.0,41.0,46.0,76.0,89.0,85.0,45.0,35.0,31.0,39.4,41.3,25.0,12.7,22.0,15.1,12.6
Beuzeville-la-Bastille (50360),/management/ville/beuzeville-la-bastille/ville-50052,5.0,0.0,10.0,20.0,20.0,15.0,35.0,31.0,22.0,27.0,25.0,34.9,36.5,19.7,15.4,22.2,23.1,23.8
Champclause (43260),/management/ville/champclause/ville-43053,5.0,10.0,10.0,10.0,5.0,25.0,59.0,44.0,29.0,25.0,31.7,44.0,36.6,18.7,18.3,18.7,13.4,18.7
Aumont-en-Halatte (60300),/management/ville/aumont-en-halatte/ville-60028,0.0,15.0,115.0,65.0,30.0,25.0,65.0,35.0,64.0,197.0,13.3,22.8,11.6,8.9,14.9,20.6,60.2,48.9
Charmoy (10290),/management/ville/charmoy/ville-10085,6.0,0.0,18.0,18.0,0.0,0.0,16.0,18.0,6.0,13.0,23.1,39.3,42.3,22.6,7.7,14.3,26.9,21.4
Ardes (63420),/management/ville/ardes/ville-63009,23.0,18.0,23.0,59.0,41.0,64.0,189.0,128.0,54.0,72.0,36.1,49.1,36.1,19.8,13.0,11.4,14.8,17.5
Bonneville-et-Saint-Avit-de-Fumadières (24230),/management/ville/bonneville-et-saint-avit-de-fumadieres/ville-24048,5.0,5.0,10.0,25.0,35.0,50.0,54.0,78.0,47.0,52.0,20.5,26.3,36.8,28.2,18.8,21.9,23.9,21.1
Bergouey-Viellenave (64270),/management/ville/bergouey-viellenave/ville-64113,10.0,0.0,0.0,5.0,15.0,10.0,27.0,29.0,13.0,25.0,22.9,34.8,33.3,23.2,20.8,6.5,22.9,30.4
Asnières-sur-Blour (86430),/management/ville/asnieres-sur-blour/ville-86011,15.0,15.0,10.0,5.0,15.0,20.0,60.0,27.0,27.0,38.0,30.9,50.0,25.9,8.8,21.0,13.9,22.2,27.8
Correns (83570),/management/ville/correns/ville-83045,25.0,35.0,10.0,100.0,145.0,90.0,194.0,156.0,145.0,191.0,25.5,30.9,30.0,17.1,19.2,22.9,25.2,30.3
Coursegoules (06140),/management/ville/coursegoules/ville-06050,5.0,74.0,20.0,25.0,94.0,54.0,87.0,113.0,71.0,124.0,21.1,22.7,34.2,22.2,15.6,20.6,29.1,34.0
Champcueil (91750),/management/ville/champcueil/ville-91135,0.0,75.0,236.0,422.0,372.0,131.0,578.0,469.0,418.0,680.0,32.1,22.3,25.6,18.9,18.2,20.7,24.1,38.6
Chevanceaux (17210),/management/ville/chevanceaux/ville-17104,9.0,43.0,14.0,43.0,118.0,175.0,265.0,275.0,119.0,126.0,28.8,38.4,43.5,24.8,12.4,17.7,15.3,16.7
Charmoy (71710),/management/ville/charmoy/ville-71103,49.0,10.0,10.0,23.0,24.0,19.0,67.0,56.0,37.0,42.0,28.4,38.3,36.7,18.3,17.4,19.1,17.4,24.5
Ardeuil-et-Montfauxelles (08400),/management/ville/ardeuil-et-montfauxelles/ville-08018,0.0,0.0,0.0,5.0,15.0,5.0,25.0,19.0,9.0,4.0,38.5,48.5,38.5,25.6,19.2,12.1,3.8,9.1
Bray-Dunes (59123),/management/ville/bray-dunes/ville-59107,15.0,71.0,152.0,441.0,679.0,517.0,1147.0,1015.0,629.0,710.0,25.1,39.3,34.7,22.7,18.0,18.0,22.2,18.7
Bonneville-la-Louvet (14130),/management/ville/bonneville-la-louvet/ville-14085,0.0,71.0,15.0,61.0,86.0,60.0,203.0,163.0,91.0,136.0,30.2,38.4,32.8,20.8,14.1,17.0,23.0,22.8
Angeac-Charente (16120),/management/ville/angeac-charente/ville-16013,10.0,10.0,5.0,26.0,36.0,36.0,91.0,90.0,50.0,50.0,27.4,37.0,40.7,22.7,17.0,18.5,14.8,20.5
Bazarnes (89460),/management/ville/bazarnes/ville-89030,10.0,26.0,20.0,66.0,71.0,41.0,129.0,87.0,58.0,57.0,34.4,43.2,33.7,19.0,18.4,16.6,13.5,20.7
Bergueneuse (62134),/management/ville/bergueneuse/ville-62109,0.0,0.0,15.0,10.0,40.0,20.0,61.0,53.0,26.0,19.0,30.3,45.8,44.7,22.1,13.2,19.3,11.8,12.0
Castex (32170),/management/ville/castex/ville-32086,0.0,0.0,0.0,5.0,5.0,5.0,25.0,15.0,20.0,13.0,28.9,41.7,28.9,13.8,23.7,30.6,18.4,16.7
Bourg-d'Oueil (31110),/management/ville/bourg-d-oueil/ville-31081,0.0,0.0,0.0,0.0,0.0,0.0,3.0,2.0,1.0,0.0,75.0,0.0,0.0,50.0,25.0,0.0,0.0,0.0
Brognon (21490),/management/ville/brognon/ville-21111,5.0,14.0,38.0,63.0,34.0,24.0,23.0,58.0,38.0,102.0,8.5,12.6,30.5,20.0,19.5,14.6,41.5,51.5
Claville (27180),/management/ville/claville/ville-27161,15.0,40.0,66.0,114.0,195.0,141.0,215.0,243.0,146.0,190.0,24.1,30.0,36.4,23.2,19.5,17.3,20.0,27.7
Bédeilhac-et-Aynat (09400),/management/ville/bedeilhac-et-aynat/ville-09045,0.0,10.0,19.0,20.0,30.0,5.0,42.0,47.0,38.0,29.0,26.7,26.8,32.6,27.4,23.3,25.4,17.4,19.7
Ardiège (31210),/management/ville/ardiege/ville-31013,0.0,10.0,25.0,40.0,45.0,45.0,63.0,91.0,46.0,65.0,22.0,25.8,44.7,22.0,14.9,20.2,18.4,31.5
Allarmont (88110),/management/ville/allarmont/ville-88005,0.0,10.0,10.0,16.0,26.0,21.0,57.0,50.0,21.0,46.0,27.5,37.6,32.5,22.9,10.0,12.9,30.0,23.7
Croix (59170),/management/ville/croix/ville-59163,13.0,426.0,2344.0,2891.0,2525.0,1677.0,4145.0,2674.0,2166.0,5797.0,23.9,31.4,20.5,16.0,14.1,15.1,41.5,37.3
Canchy (14230),/management/ville/canchy/ville-14132,5.0,10.0,20.0,20.0,20.0,35.0,64.0,42.0,22.0,30.0,33.3,50.0,34.5,16.0,14.9,12.5,17.2,20.8
Beuzeville-la-Grenier (76210),/management/ville/beuzeville-la-grenier/ville-76090,10.0,24.0,53.0,199.0,175.0,117.0,211.0,265.0,165.0,210.0,21.5,27.8,37.8,23.9,18.6,20.0,22.0,27.1
Chaudenay (52600),/management/ville/chaudenay/ville-52119,0.0,5.0,10.0,35.0,45.0,55.0,81.0,103.0,46.0,28.0,25.4,37.3,46.2,28.6,19.2,16.7,9.2,12.7
Avrilly (03130),/management/ville/avrilly/ville-03014,10.0,5.0,0.0,0.0,10.0,10.0,53.0,26.0,21.0,17.0,40.9,48.1,24.2,19.3,21.2,14.8,13.6,16.7
Bussy-Saint-Georges (77600),/management/ville/bussy-saint-georges/ville-77058,4.0,877.0,4449.0,4422.0,4184.0,1320.0,2644.0,2258.0,3494.0,9210.0,14.2,15.7,14.0,13.0,18.1,21.4,53.6,51.2
Aumur (39410),/management/ville/aumur/ville-39029,10.0,0.0,5.0,25.0,85.0,60.0,90.0,124.0,33.0,37.0,26.5,36.5,54.4,27.8,11.0,12.2,8.1,17.6
Certines (01240),/management/ville/certines/ville-01069,5.0,56.0,97.0,250.0,250.0,178.0,194.0,382.0,228.0,319.0,17.1,17.5,38.2,27.7,19.1,21.5,25.6,31.1
Asnières-sur-Nouère (16290),/management/ville/asnieres-sur-nouere/ville-16019,25.0,44.0,39.0,178.0,182.0,163.0,193.0,311.0,168.0,234.0,17.1,25.2,44.9,23.5,16.7,20.3,21.3,30.0
Commeaux (61200),/management/ville/commeaux/ville-61114,0.0,5.0,5.0,20.0,25.0,15.0,40.0,42.0,14.0,20.0,30.2,39.6,39.7,27.0,11.1,13.2,19.0,15.1
Aboën (42380),/management/ville/aboen/ville-42001,10.0,20.0,45.0,50.0,60.0,30.0,68.0,93.0,71.0,78.0,22.2,21.7,34.8,25.0,20.9,25.0,22.2,28.3
Corrèze (19800),/management/ville/correze/ville-19062,25.0,30.0,45.0,80.0,160.0,80.0,343.0,246.0,164.0,168.0,29.5,43.9,31.6,21.1,20.3,15.7,18.6,17.9
Blauzac (30700),/management/ville/blauzac/ville-30041,0.0,47.0,106.0,163.0,137.0,92.0,266.0,164.0,137.0,322.0,29.7,30.1,21.7,15.3,15.8,15.3,32.9,39.4
Bédeille (09230),/management/ville/bedeille/ville-09046,0.0,0.0,5.0,0.0,5.0,10.0,13.0,17.0,9.0,23.0,16.7,25.8,30.0,23.5,13.3,16.1,40.0,32.3
Beuzeville-la-Guérard (76450),/management/ville/beuzeville-la-guerard/ville-76091,10.0,10.0,10.0,25.0,35.0,25.0,51.0,60.0,20.0,34.0,25.3,36.6,48.2,22.0,10.8,13.4,15.7,25.6
Champdeniers (79220),/management/ville/champdeniers/ville-79066,10.0,35.0,50.0,115.0,204.0,209.0,589.0,323.0,169.0,213.0,40.4,49.9,31.0,18.5,12.9,13.2,15.7,17.1
Bantouzelle (59266),/management/ville/bantouzelle/ville-59049,0.0,5.0,31.0,20.0,45.0,66.0,124.0,74.0,45.0,53.0,38.6,45.6,33.1,16.9,15.9,14.1,12.4,22.8
Charmoy (89400),/management/ville/charmoy/ville-89085,0.0,10.0,30.0,80.0,134.0,199.0,279.0,345.0,152.0,126.0,27.0,35.0,46.5,27.0,14.5,19.3,12.1,15.9
Angecourt (08450),/management/ville/angecourt/ville-08013,10.0,15.0,5.0,30.0,50.0,60.0,98.0,103.0,53.0,41.0,26.2,40.0,44.1,23.6,20.0,16.0,9.7,18.0
Bray-et-Lû (95710),/management/ville/bray-et-lu/ville-95101,0.0,15.0,10.0,124.0,164.0,144.0,220.0,196.0,132.0,115.0,30.2,35.9,32.7,24.4,21.3,18.8,15.7,19.1
Bonneville-sur-Touques (14800),/management/ville/bonneville-sur-touques/ville-14086,0.0,46.0,20.0,19.0,48.0,42.0,114.0,56.0,52.0,66.0,36.9,42.2,22.7,16.7,17.7,18.4,22.7,23.1
Bazas (33430),/management/ville/bazas/ville-33036,30.0,148.0,246.0,409.0,547.0,532.0,1250.0,1051.0,604.0,784.0,29.2,37.9,34.1,22.2,15.5,17.1,21.1,21.4
Castex-d'Armagnac (32240),/management/ville/castex-d-armagnac/ville-32087,10.0,10.0,5.0,5.0,20.0,20.0,29.0,34.0,13.0,17.0,29.2,33.3,43.8,25.0,14.6,13.3,12.5,24.4
Bergues (59380),/management/ville/bergues/ville-59067,0.0,71.0,168.0,357.0,566.0,449.0,1134.0,661.0,527.0,633.0,32.1,43.4,28.0,17.8,18.1,17.6,21.8,21.1
Cervens (74550),/management/ville/cervens/ville-74053,5.0,60.0,95.0,130.0,180.0,90.0,176.0,215.0,131.0,311.0,14.7,26.9,36.2,16.1,17.2,14.4,31.9,42.2
Blavignac (48200),/management/ville/blavignac/ville-48026,21.0,5.0,11.0,37.0,48.0,16.0,61.0,54.0,33.0,54.0,29.9,31.1,34.0,19.1,16.5,16.0,19.6,33.0
Broin (21250),/management/ville/broin/ville-21112,0.0,5.0,21.0,67.0,46.0,77.0,49.0,130.0,56.0,87.0,13.9,17.3,48.2,27.8,16.3,18.6,21.7,32.7
Courset (62240),/management/ville/courset/ville-62251,20.0,10.0,10.0,55.0,80.0,60.0,87.0,95.0,74.0,123.0,22.5,23.5,35.4,17.5,14.0,24.5,28.1,36.0
Angeduc (16300),/management/ville/angeduc/ville-16014,20.0,15.0,0.0,10.0,0.0,15.0,31.0,21.0,26.0,16.0,27.1,39.1,20.8,22.4,37.5,17.4,14.6,19.6
Charnas (07340),/management/ville/charnas/ville-07056,15.0,30.0,61.0,111.0,142.0,106.0,141.0,194.0,132.0,144.0,21.7,24.4,38.7,24.7,19.7,23.5,20.0,27.0
Beuzevillette (76210),/management/ville/beuzevillette/ville-76092,15.0,0.0,36.0,72.0,83.0,113.0,155.0,173.0,76.0,91.0,31.5,30.9,41.1,25.8,13.7,17.1,13.7,23.2
Allas-Bocage (17150),/management/ville/allas-bocage/ville-17005,15.0,5.0,5.0,10.0,40.0,25.0,56.0,50.0,28.0,24.0,32.0,38.6,36.0,24.5,21.3,14.5,10.7,19.3
Chevannay (21540),/management/ville/chevannay/ville-21168,5.0,0.0,0.0,0.0,5.0,5.0,11.0,17.0,2.0,8.0,11.8,42.9,58.8,25.0,11.8,0.0,17.6,23.8
Chaudenay (71150),/management/ville/chaudenay/ville-71119,5.0,45.0,35.0,129.0,169.0,194.0,184.0,273.0,152.0,197.0,18.5,27.5,41.1,24.4,19.2,18.6,21.2,27.7
Avrilly (61700),/management/ville/avrilly/ville-61021,5.0,5.0,5.0,15.0,10.0,10.0,23.0,30.0,17.0,16.0,25.6,27.9,32.6,30.8,23.3,16.3,18.6,18.6
Bussy-Saint-Martin (77600),/management/ville/bussy-saint-martin/ville-77059,0.0,60.0,85.0,95.0,80.0,65.0,76.0,113.0,91.0,233.0,15.8,13.8,21.5,21.2,19.2,16.2,43.5,47.4
Cervières (05100),/management/ville/cervieres/ville-05027,0.0,0.0,25.0,35.0,25.0,25.0,24.0,25.0,30.0,52.0,19.1,17.5,26.5,12.7,22.1,23.8,32.4,47.6
Broindon (21220),/management/ville/broindon/ville-21113,0.0,26.0,5.0,32.0,21.0,21.0,17.0,27.0,33.0,49.0,9.2,18.0,30.8,14.0,23.1,29.5,36.9,41.0
Aunac-sur-Charente (16460),/management/ville/aunac-sur-charente/ville-16023,24.0,24.0,21.0,23.0,59.0,63.0,168.0,135.0,102.0,73.0,30.0,40.1,34.2,22.4,21.1,21.5,14.8,15.7
Asnières-sur-Oise (95270),/management/ville/asnieres-sur-oise/ville-95026,0.0,75.0,335.0,435.0,295.0,205.0,453.0,472.0,347.0,615.0,22.4,25.6,29.6,20.3,17.9,18.9,30.2,34.9
Claville-Motteville (76690),/management/ville/claville-motteville/ville-76177,5.0,15.0,15.0,25.0,35.0,30.0,56.0,79.0,30.0,47.0,18.8,35.0,51.8,20.4,10.7,18.0,18.8,26.0
Aboncourt (54115),/management/ville/aboncourt/ville-54003,0.0,0.0,0.0,0.0,15.0,25.0,36.0,29.0,10.0,9.0,34.9,51.2,41.9,23.5,14.0,9.3,9.3,11.6
Bourg-de-Bigorre (65130),/management/ville/bourg-de-bigorre/ville-65105,0.0,5.0,5.0,10.0,30.0,35.0,55.0,46.0,23.0,33.0,30.0,39.1,37.1,22.0,10.0,18.4,22.9,19.5
Bédeille (64460),/management/ville/bedeille/ville-64103,5.0,5.0,20.0,30.0,43.0,20.0,31.0,44.0,32.0,43.0,22.4,18.9,35.5,24.3,14.5,28.4,27.6,29.7
Ardillières (17290),/management/ville/ardillieres/ville-17018,5.0,46.0,25.0,97.0,153.0,122.0,158.0,201.0,100.0,115.0,25.3,29.7,43.8,24.8,14.6,20.3,16.3,23.8
Bonnières (60112),/management/ville/bonnieres/ville-60084,0.0,0.0,15.0,20.0,10.0,30.0,38.0,40.0,24.0,26.0,26.2,32.8,37.7,23.9,18.0,19.4,18.0,22.4
Champdeuil (77390),/management/ville/champdeuil/ville-77081,0.0,25.0,25.0,125.0,100.0,60.0,123.0,143.0,123.0,117.0,23.5,25.1,37.3,21.0,20.8,27.9,18.4,27.9
Courseulles-sur-Mer (14470),/management/ville/courseulles-sur-mer/ville-14191,5.0,112.0,148.0,276.0,433.0,330.0,1125.0,1043.0,582.0,810.0,27.7,34.6,34.0,23.5,16.5,16.2,21.8,23.5
Croix (90100),/management/ville/croix/ville-90030,5.0,0.0,0.0,20.0,20.0,20.0,36.0,38.0,28.0,25.0,27.9,28.8,35.3,24.1,19.1,25.4,17.6,22.0
Bazauges (17490),/management/ville/bazauges/ville-17035,10.0,0.0,0.0,5.0,20.0,15.0,53.0,27.0,20.0,7.0,44.2,51.8,32.7,20.0,17.3,21.4,5.8,7.1
Canchy (80150),/management/ville/canchy/ville-80167,0.0,0.0,5.0,40.0,70.0,35.0,98.0,58.0,37.0,55.0,40.5,38.1,27.3,19.1,14.0,15.9,18.2,26.2
Bray-lès-Mareuil (80580),/management/ville/bray-les-mareuil/ville-80135,5.0,0.0,19.0,19.0,44.0,49.0,61.0,38.0,30.0,37.0,35.3,37.8,28.2,17.3,18.8,18.3,17.6,26.8
Casties-Labrande (31430),/management/ville/casties-labrande/ville-31122,10.0,5.0,0.0,5.0,15.0,30.0,28.0,27.0,21.0,17.0,31.8,28.6,38.6,21.3,20.5,24.5,9.1,26.5
Bergues-sur-Sambre (02450),/management/ville/bergues-sur-sambre/ville-02067,5.0,10.0,0.0,5.0,25.0,45.0,64.0,50.0,27.0,21.0,37.0,41.3,40.7,21.8,9.9,23.8,12.3,13.8
Commelle-Vernay (42120),/management/ville/commelle-vernay/ville-42069,15.0,65.0,175.0,430.0,360.0,305.0,563.0,690.0,415.0,527.0,22.6,28.6,38.6,23.7,16.8,20.9,22.0,25.9
Blavozy (43700),/management/ville/blavozy/ville-43032,0.0,35.0,80.0,175.0,279.0,144.0,294.0,349.0,241.0,323.0,20.8,27.6,35.6,22.3,18.6,21.2,25.0,28.5
Bourg-de-Péage (26300),/management/ville/bourg-de-peage/ville-26057,16.0,275.0,450.0,1085.0,1522.0,1375.0,2632.0,2152.0,1253.0,1788.0,30.4,36.3,33.0,21.6,15.6,16.4,21.1,24.3
Aunat (11140),/management/ville/aunat/ville-11019,0.0,5.0,5.0,0.0,0.0,5.0,23.0,15.0,5.0,7.0,45.0,44.8,30.0,24.3,20.0,3.4,5.0,20.7
Charnat (63290),/management/ville/charnat/ville-63095,0.0,0.0,5.0,15.0,50.0,70.0,55.0,66.0,26.0,25.0,25.6,39.0,46.7,25.8,14.4,15.9,13.3,15.9
Chevannes (21220),/management/ville/chevannes/ville-21169,0.0,5.0,5.0,28.0,19.0,47.0,12.0,36.0,25.0,42.0,10.3,12.3,37.9,25.0,15.5,26.3,36.2,36.8
Angely (89440),/management/ville/angely/ville-89008,0.0,0.0,0.0,25.0,15.0,35.0,42.0,44.0,11.0,29.0,28.1,38.7,46.9,20.3,6.3,11.3,18.8,27.4
Chaudenay-la-Ville (21360),/management/ville/chaudenay-la-ville/ville-21155,5.0,0.0,0.0,0.0,5.0,5.0,7.0,9.0,12.0,8.0,21.1,17.6,21.1,31.3,31.6,35.3,26.3,17.6
Bévenais (38690),/management/ville/bevenais/ville-38042,15.0,54.0,65.0,106.0,140.0,115.0,207.0,189.0,142.0,172.0,27.2,31.2,33.2,20.8,17.6,22.1,22.0,26.2
Avroult (62560),/management/ville/avroult/ville-62067,5.0,5.0,10.0,45.0,65.0,120.0,133.0,127.0,86.0,84.0,23.5,38.2,37.6,21.0,21.6,18.4,17.4,21.7
Berhet (22140),/management/ville/berhet/ville-22006,0.0,15.0,15.0,15.0,30.0,44.0,32.0,56.0,34.0,40.0,16.3,24.1,48.8,20.3,12.8,30.4,22.1,27.8
Bray-Saint-Aignan (45460),/management/ville/bray-saint-aignan/ville-45051,5.0,66.0,122.0,218.0,162.0,339.0,332.0,434.0,223.0,303.0,24.0,27.5,39.9,25.0,15.7,18.9,20.4,26.6
Asnières-sur-Saône (01570),/management/ville/asnieres-sur-saone/ville-01023,5.0,5.0,5.0,5.0,5.0,24.0,15.0,12.0,10.0,11.0,35.7,25.0,28.6,21.7,17.9,25.0,17.9,29.2
Corribert (51270),/management/ville/corribert/ville-51174,0.0,0.0,10.0,10.0,0.0,0.0,7.0,8.0,12.0,13.0,10.0,22.7,30.0,11.8,30.0,31.8,30.0,36.4
Aboncourt (57920),/management/ville/aboncourt/ville-57001,5.0,10.0,15.0,35.0,70.0,50.0,81.0,87.0,47.0,41.0,29.9,32.8,40.2,26.3,15.7,21.1,14.2,18.0
Aunay-en-Bazois (58110),/management/ville/aunay-en-bazois/ville-58017,10.0,20.0,0.0,30.0,35.0,20.0,71.0,64.0,37.0,32.0,27.4,41.3,42.1,21.4,16.8,19.3,13.7,17.4
Angeot (90150),/management/ville/angeot/ville-90002,0.0,10.0,25.0,40.0,40.0,55.0,61.0,76.0,42.0,71.0,23.0,25.8,34.1,24.1,17.5,16.1,25.4,31.5
Clavy-Warby (08460),/management/ville/clavy-warby/ville-08124,5.0,9.0,19.0,39.0,29.0,49.0,61.0,63.0,51.0,87.0,22.4,24.1,31.2,17.9,19.2,19.7,27.2,38.7
Bonnières (62270),/management/ville/bonnieres/ville-62154,20.0,15.0,15.0,76.0,65.0,99.0,161.0,150.0,97.0,80.0,30.4,35.3,34.0,25.4,20.6,19.5,15.0,17.8
Broissia (39320),/management/ville/broissia/ville-39080,0.0,0.0,0.0,10.0,10.0,0.0,11.0,18.0,9.0,10.0,12.5,33.3,45.8,24.1,29.2,8.3,12.5,29.2
Ardin (79160),/management/ville/ardin/ville-79012,30.0,45.0,20.0,151.0,187.0,151.0,240.0,302.0,180.0,211.0,24.9,26.6,39.8,24.4,15.5,23.1,19.8,25.5
Bantzenheim (68490),/management/ville/bantzenheim/ville-68020,0.0,56.0,76.0,194.0,178.0,214.0,352.0,484.0,188.0,279.0,19.8,33.6,42.9,26.8,15.6,13.5,21.7,21.2
Champdieu (42600),/management/ville/champdieu/ville-42046,15.0,59.0,113.0,202.0,251.0,226.0,418.0,429.0,278.0,323.0,27.5,30.2,36.8,22.3,17.3,21.1,18.4,26.1
Bazegney (88270),/management/ville/bazegney/ville-88041,0.0,0.0,20.0,20.0,10.0,10.0,15.0,21.0,16.0,25.0,20.0,19.0,28.6,25.0,20.0,21.4,31.4,33.3
Bérig-Vintrange (57660),/management/ville/berig-vintrange/ville-57063,15.0,0.0,10.0,5.0,10.0,36.0,54.0,65.0,24.0,30.0,26.4,37.2,46.0,25.7,13.8,12.8,13.8,19.8
Bray-Saint-Christophe (02480),/management/ville/bray-saint-christophe/ville-02117,0.0,0.0,5.0,5.0,5.0,21.0,21.0,15.0,6.0,11.0,38.5,38.5,26.9,25.8,11.5,11.5,23.1,19.2
Aboncourt-Gesincourt (70500),/management/ville/aboncourt-gesincourt/ville-70002,10.0,15.0,0.0,25.0,25.0,35.0,61.0,69.0,23.0,19.0,32.9,37.9,41.2,30.4,16.5,10.3,9.4,12.6
Commenailles (39140),/management/ville/commenailles/ville-39160,29.0,24.0,20.0,54.0,103.0,117.0,190.0,253.0,102.0,104.0,27.6,31.2,43.6,28.8,16.0,15.4,12.9,19.1
Croix-Caluyau (59222),/management/ville/croix-caluyau/ville-59164,10.0,5.0,25.0,36.0,41.0,25.0,61.0,43.0,38.0,46.0,26.7,38.4,33.7,14.0,20.9,19.2,18.6,29.3
Allas-Champagne (17500),/management/ville/allas-champagne/ville-17006,11.0,16.0,22.0,16.0,38.0,27.0,68.0,68.0,32.0,42.0,27.6,37.1,40.0,22.8,14.3,16.2,18.1,21.9
Cervières (42440),/management/ville/cervieres/ville-42034,10.0,0.0,5.0,5.0,16.0,16.0,31.0,22.0,16.0,30.0,33.3,31.5,26.7,17.6,6.7,22.2,33.3,29.6
Chevannes (45210),/management/ville/chevannes/ville-45091,0.0,10.0,25.0,30.0,20.0,30.0,70.0,65.0,37.0,52.0,30.4,31.5,33.9,22.0,18.3,14.8,17.4,29.6
Castifao (20218),/management/ville/castifao/ville-2B080,6.0,3.0,6.0,11.0,28.0,15.0,63.0,35.0,13.0,29.0,43.3,45.9,32.8,16.5,9.0,10.8,14.9,25.7
Bedenac (17210),/management/ville/bedenac/ville-17038,0.0,24.0,15.0,29.0,92.0,64.0,232.0,182.0,70.0,55.0,39.1,50.5,41.7,19.1,11.0,16.1,8.1,13.5
Aunay-les-Bois (61500),/management/ville/aunay-les-bois/ville-61013,0.0,20.0,10.0,15.0,30.0,30.0,31.0,32.0,29.0,25.0,22.4,30.5,25.9,27.0,27.6,22.0,24.1,18.6
Angers (49000),/management/ville/angers/ville-49007,76.0,2965.0,13064.0,17660.0,19663.0,13256.0,25986.0,20200.0,16104.0,35709.0,23.2,29.3,22.8,18.3,16.8,16.1,37.1,35.9
Champdivers (39500),/management/ville/champdivers/ville-39099,25.0,15.0,5.0,40.0,75.0,75.0,70.0,123.0,75.0,61.0,18.9,23.6,43.3,28.3,25.6,20.0,12.2,24.8
Bust (67320),/management/ville/bust/ville-67071,0.0,15.0,5.0,29.0,69.0,88.0,101.0,110.0,60.0,68.0,22.7,37.6,40.1,23.2,17.4,17.6,19.8,20.0
Avy (17800),/management/ville/avy/ville-17027,15.0,25.0,15.0,45.0,75.0,65.0,124.0,139.0,66.0,72.0,28.2,33.5,43.6,24.4,13.8,18.9,14.4,21.4
Bérigny (50810),/management/ville/berigny/ville-50046,20.0,5.0,10.0,40.0,70.0,45.0,81.0,94.0,76.0,73.0,27.1,22.8,31.3,25.5,24.7,22.2,16.9,28.5
Corrobert (51210),/management/ville/corrobert/ville-51175,0.0,0.0,20.0,25.0,30.0,35.0,38.0,58.0,22.0,25.0,24.6,28.0,44.9,30.1,17.4,13.3,13.0,21.3
Chevannes (89240),/management/ville/chevannes/ville-89102,5.0,55.0,119.0,295.0,319.0,269.0,372.0,529.0,304.0,443.0,19.0,25.8,38.4,24.4,18.0,18.9,24.6,29.1
Cancon (47290),/management/ville/cancon/ville-47048,15.0,51.0,35.0,61.0,142.0,182.0,465.0,288.0,148.0,156.0,37.7,49.4,34.4,19.8,13.6,14.4,14.4,15.1
Allas-les-Mines (24220),/management/ville/allas-les-mines/ville-24006,5.0,16.0,10.0,10.0,5.0,31.0,50.0,51.0,29.0,36.0,26.8,32.6,34.1,24.2,19.5,16.3,19.5,24.4
Courson-les-Carrières (89560),/management/ville/courson-les-carrieres/ville-89125,20.0,15.0,15.0,80.0,150.0,95.0,246.0,224.0,128.0,109.0,25.4,43.2,40.1,22.7,18.6,17.7,15.9,15.0
Claye-Souilly (77410),/management/ville/claye-souilly/ville-77118,3.0,280.0,986.0,2053.0,1869.0,1063.0,2267.0,2232.0,1797.0,2700.0,25.0,25.4,27.8,21.8,18.8,21.1,28.4,31.5
Bourg-de-Sirod (39300),/management/ville/bourg-de-sirod/ville-39070,0.0,0.0,0.0,5.0,19.0,28.0,11.0,27.0,12.0,22.0,13.9,18.4,50.0,22.0,19.4,15.8,16.7,42.1
Bonnières-sur-Seine (78270),/management/ville/bonnieres-sur-seine/ville-78089,0.0,130.0,165.0,616.0,837.0,541.0,1131.0,975.0,529.0,604.0,31.8,37.6,34.5,24.0,15.8,16.8,17.9,19.3
Brombos (60210),/management/ville/brombos/ville-60109,0.0,15.0,5.0,41.0,5.0,21.0,63.0,60.0,28.0,29.0,36.5,34.4,35.3,27.8,14.1,16.1,14.1,17.2
Chaudenay-le-Château (21360),/management/ville/chaudenay-le-chateau/ville-21156,0.0,0.0,0.0,0.0,5.0,9.0,9.0,8.0,6.0,8.0,21.1,42.9,42.1,8.3,15.8,21.4,21.1,28.6
Banvillars (90800),/management/ville/banvillars/ville-90007,0.0,15.0,15.0,50.0,15.0,20.0,37.0,61.0,37.0,66.0,16.3,20.6,34.6,23.8,19.2,17.5,29.8,36.1
Ardizas (32430),/management/ville/ardizas/ville-32007,0.0,0.0,24.0,19.0,28.0,38.0,44.0,32.0,30.0,53.0,26.0,29.3,27.3,13.9,20.8,17.1,26.0,40.2
Aunay-sous-Auneau (28700),/management/ville/aunay-sous-auneau/ville-28013,0.0,15.0,104.0,247.0,218.0,158.0,249.0,336.0,187.0,252.0,22.4,26.3,39.7,24.3,16.6,19.8,21.3,28.1
Bustanico (20212),/management/ville/bustanico/ville-2B045,3.0,3.0,1.0,7.0,8.0,2.0,32.0,7.0,13.0,5.0,67.7,42.3,16.1,10.5,12.9,34.6,3.2,15.4
Awala-Yalimapo (97319),/management/ville/awala-yalimapo/ville-97361,0.0,10.0,5.0,40.0,180.0,100.0,486.0,159.0,87.0,34.0,53.9,74.4,29.8,10.3,12.9,9.6,3.4,5.6
Cerville (54420),/management/ville/cerville/ville-54110,0.0,15.0,66.0,116.0,66.0,20.0,76.0,137.0,84.0,120.0,17.8,18.3,40.6,25.1,16.8,23.0,24.8,32.9
Commenchon (02300),/management/ville/commenchon/ville-02207,0.0,0.0,5.0,40.0,35.0,40.0,39.0,32.0,26.0,50.0,23.0,30.1,23.0,19.5,20.3,15.1,33.8,34.2
Bray-sur-Seine (77480),/management/ville/bray-sur-seine/ville-77051,0.0,41.0,74.0,231.0,315.0,283.0,719.0,438.0,244.0,294.0,39.0,45.3,32.2,19.7,12.5,16.0,16.3,18.1
Asnières-sur-Seine (92600),/management/ville/asnieres-sur-seine/ville-92004,8.0,2150.0,16657.0,11064.0,10481.0,4556.0,12878.0,8019.0,8762.0,30153.0,20.2,22.7,14.4,12.9,14.1,15.1,51.3,49.7
Bazeilles (08140),/management/ville/bazeilles/ville-08053,15.0,71.0,86.0,181.0,249.0,328.0,505.0,524.0,298.0,397.0,20.8,37.2,40.7,20.1,17.7,16.8,20.7,25.1
Corrombles (21460),/management/ville/corrombles/ville-21198,0.0,10.0,5.0,25.0,25.0,20.0,48.0,63.0,24.0,41.0,22.2,32.6,45.6,22.9,13.3,14.0,18.9,27.9
Chaudeney-sur-Moselle (54200),/management/ville/chaudeney-sur-moselle/ville-54122,4.0,26.0,46.0,116.0,136.0,59.0,141.0,160.0,96.0,146.0,23.2,29.0,33.5,23.4,17.6,17.8,25.7,28.2
Blay (14400),/management/ville/blay/ville-14078,5.0,15.0,15.0,45.0,70.0,40.0,70.0,83.0,51.0,69.0,24.1,27.2,34.3,24.3,19.7,17.6,21.9,28.7
Bédoin (84410),/management/ville/bedoin/ville-84017,77.0,148.0,160.0,251.0,407.0,261.0,751.0,596.0,446.0,711.0,28.8,31.1,30.4,18.2,16.0,19.5,24.8,31.6
Charnay (25440),/management/ville/charnay/ville-25126,0.0,10.0,25.0,70.0,80.0,70.0,86.0,112.0,49.0,92.0,21.2,29.6,38.2,24.5,14.7,14.2,25.9,28.4
Angerville (14430),/management/ville/angerville/ville-14012,0.0,4.0,17.0,8.0,8.0,25.0,32.0,32.0,21.0,27.0,21.4,33.9,39.3,19.6,17.9,19.6,21.4,26.8
Berjou (61430),/management/ville/berjou/ville-61044,0.0,10.0,15.0,26.0,51.0,72.0,135.0,120.0,55.0,51.0,35.8,38.6,38.4,24.9,14.2,17.0,11.6,17.0
Croix-Chapeau (17220),/management/ville/croix-chapeau/ville-17136,5.0,45.0,85.0,159.0,199.0,124.0,201.0,288.0,164.0,268.0,19.5,24.2,36.6,24.0,17.8,18.0,26.1,31.9
Champdolent (17430),/management/ville/champdolent/ville-17085,15.0,10.0,10.0,50.0,65.0,70.0,75.0,102.0,55.0,58.0,22.0,30.0,40.7,26.5,19.3,18.6,18.0,22.1
Bray-sur-Somme (80340),/management/ville/bray-sur-somme/ville-80136,15.0,25.0,15.0,95.0,205.0,175.0,450.0,288.0,126.0,155.0,33.5,53.0,36.6,19.4,13.9,11.1,16.0,14.5
Banville (14480),/management/ville/banville/ville-14038,0.0,30.0,45.0,140.0,115.0,75.0,137.0,174.0,87.0,153.0,21.4,28.2,37.3,23.8,15.1,16.4,26.2,29.3
Bourg-de-Visa (82190),/management/ville/bourg-de-visa/ville-82022,10.0,31.0,5.0,5.0,36.0,56.0,123.0,84.0,52.0,53.0,39.6,39.5,30.5,22.2,15.6,17.2,14.3,19.7
Bazeilles-sur-Othain (55600),/management/ville/bazeilles-sur-othain/ville-55034,0.0,0.0,5.0,20.0,20.0,25.0,28.0,27.0,15.0,19.0,29.5,33.3,34.1,24.5,15.9,17.8,20.5,22.2
Clayes (35590),/management/ville/clayes/ville-35081,5.0,21.0,89.0,142.0,100.0,68.0,81.0,136.0,113.0,205.0,15.0,15.3,30.4,20.7,20.1,22.5,34.4,42.0
Bromeilles (45390),/management/ville/bromeilles/ville-45056,5.0,10.0,25.0,25.0,30.0,35.0,78.0,91.0,36.0,42.0,26.4,36.7,44.0,25.7,13.6,15.8,16.0,18.3
Bédouès-Cocurès (48400),/management/ville/bedoues-cocures/ville-48050,10.0,45.0,20.0,25.0,80.0,50.0,125.0,84.0,76.0,84.0,37.6,30.4,28.7,18.3,18.0,23.0,15.7,29.3
Blaye (33390),/management/ville/blaye/ville-33058,5.0,55.0,285.0,575.0,635.0,610.0,1124.0,1070.0,600.0,929.0,26.0,33.8,31.7,23.7,16.9,15.5,25.5,24.5
Candas (80750),/management/ville/candas/ville-80168,20.0,0.0,65.0,140.0,140.0,165.0,251.0,245.0,127.0,155.0,30.1,34.4,37.0,23.9,15.3,17.3,17.6,22.2
Bonnieux (84480),/management/ville/bonnieux/ville-84020,55.0,110.0,84.0,103.0,201.0,113.0,316.0,235.0,226.0,311.0,27.7,30.2,29.4,15.9,18.5,22.7,24.4,32.5
Aboncourt-sur-Seille (57590),/management/ville/aboncourt-sur-seille/ville-57002,5.0,0.0,5.0,5.0,10.0,5.0,14.0,19.0,9.0,14.0,23.3,26.9,40.0,24.1,16.7,15.4,20.0,30.8
Croix-en-Ternois (62130),/management/ville/croix-en-ternois/ville-62260,5.0,15.0,5.0,20.0,30.0,50.0,68.0,77.0,45.0,28.0,25.6,37.6,46.2,22.8,18.8,22.8,9.4,16.8
Champdor-Corcelles (01110),/management/ville/champdor-corcelles/ville-01080,15.0,0.0,0.0,106.0,116.0,61.0,137.0,158.0,77.0,122.0,26.0,29.6,42.1,21.9,12.8,17.7,19.1,29.6
Ardoix (07290),/management/ville/ardoix/ville-07013,15.0,41.0,56.0,143.0,153.0,189.0,221.0,254.0,154.0,214.0,22.8,29.7,38.4,20.7,20.0,16.5,18.8,31.9
Commensacq (40210),/management/ville/commensacq/ville-40085,15.0,10.0,15.0,36.0,67.0,57.0,95.0,133.0,60.0,62.0,20.7,34.1,46.4,25.4,19.0,15.3,14.0,21.8
Clayeures (54290),/management/ville/clayeures/ville-54130,0.0,10.0,5.0,21.0,26.0,10.0,33.0,59.0,25.0,30.0,17.6,27.8,48.6,27.1,18.9,13.9,14.9,26.4
Awoingt (59400),/management/ville/awoingt/ville-59039,0.0,52.0,77.0,139.0,108.0,83.0,118.0,134.0,111.0,210.0,21.1,20.1,22.5,23.3,19.0,19.8,37.4,35.7
Banvou (61450),/management/ville/banvou/ville-61024,25.0,15.0,10.0,70.0,90.0,95.0,105.0,185.0,90.0,58.0,22.1,26.1,48.9,31.7,16.5,25.1,12.6,14.0
Bustince-Iriberry (64220),/management/ville/bustince-iriberry/ville-64155,0.0,4.0,9.0,0.0,4.0,17.0,16.0,21.0,16.0,16.0,22.2,23.5,38.9,21.9,19.4,26.5,19.4,29.4
Chevannes (91750),/management/ville/chevannes/ville-91159,0.0,41.0,165.0,253.0,299.0,155.0,254.0,297.0,213.0,403.0,22.4,21.3,29.4,20.9,17.7,18.7,30.5,38.5
Asnières-sur-Vègre (72430),/management/ville/asnieres-sur-vegre/ville-72010,15.0,10.0,10.0,65.0,50.0,65.0,67.0,101.0,47.0,86.0,17.8,27.1,39.5,24.1,16.6,14.6,26.1,31.3
Castiglione (20218),/management/ville/castiglione/ville-2B081,0.0,0.0,0.0,6.0,3.0,1.0,10.0,9.0,7.0,10.0,23.5,33.3,35.3,16.7,5.9,28.6,35.3,23.8
Courson-Monteloup (91680),/management/ville/courson-monteloup/ville-91186,0.0,5.0,97.0,117.0,86.0,46.0,63.0,92.0,67.0,203.0,15.2,14.7,24.3,18.6,14.3,17.4,46.2,49.1
Bedous (64490),/management/ville/bedous/ville-64104,5.0,50.0,30.0,60.0,75.0,40.0,135.0,160.0,82.0,102.0,27.3,29.0,34.6,28.2,16.5,17.7,21.6,21.0
Charnay (69380),/management/ville/charnay/ville-69047,15.0,55.0,145.0,110.0,105.0,45.0,185.0,158.0,129.0,346.0,18.7,26.3,23.3,16.0,12.6,18.8,45.4,39.4
Berlaimont (59145),/management/ville/berlaimont/ville-59068,0.0,45.0,125.0,279.0,358.0,359.0,791.0,705.0,400.0,482.0,26.1,39.8,36.5,21.7,17.7,16.0,19.7,20.8
Corronsac (31450),/management/ville/corronsac/ville-31151,0.0,35.0,140.0,140.0,55.0,30.0,58.0,70.0,67.0,335.0,10.4,11.4,16.6,10.3,12.4,12.9,60.6,65.7
Angerville (91670),/management/ville/angerville/ville-91016,30.0,45.0,155.0,475.0,740.0,500.0,922.0,938.0,548.0,493.0,29.2,34.2,36.3,26.3,17.8,19.9,16.6,17.3
Allassac (19240),/management/ville/allassac/ville-19005,25.0,100.0,155.0,526.0,496.0,586.0,935.0,946.0,469.0,633.0,26.0,36.3,37.7,23.4,16.8,14.7,19.5,22.9
Ardon (39300),/management/ville/ardon/ville-39015,0.0,5.0,10.0,0.0,5.0,35.0,27.0,33.0,18.0,16.0,22.4,35.6,40.8,26.0,20.4,17.8,16.3,17.8
Bourg-des-Comptes (35890),/management/ville/bourg-des-comptes/ville-35033,20.0,80.0,255.0,470.0,395.0,395.0,412.0,586.0,449.0,754.0,15.6,21.8,31.9,21.0,21.2,19.6,31.2,37.3
Commentry (03600),/management/ville/commentry/ville-03082,10.0,170.0,105.0,520.0,870.0,755.0,1965.0,1805.0,742.0,632.0,31.4,44.1,41.5,25.7,13.9,14.9,13.2,11.5
Asnois (58190),/management/ville/asnois/ville-58016,5.0,0.0,0.0,10.0,21.0,16.0,37.0,48.0,21.0,19.0,25.4,36.1,44.4,27.8,17.5,14.8,12.7,16.4
Cervione (20221),/management/ville/cervione/ville-2B087,21.0,83.0,86.0,191.0,307.0,163.0,539.0,323.0,307.0,489.0,30.4,34.6,23.9,16.1,15.8,21.4,30.0,29.0
Ax-les-Thermes (09110),/management/ville/ax-les-thermes/ville-09032,5.0,58.0,44.0,173.0,212.0,82.0,349.0,269.0,225.0,193.0,27.2,39.4,33.8,19.9,20.7,22.6,18.3,18.8
Blaye-les-Mines (81400),/management/ville/blaye-les-mines/ville-81033,5.0,81.0,36.0,284.0,371.0,299.0,915.0,814.0,376.0,301.0,34.6,41.1,42.0,24.4,12.7,18.3,10.7,14.2
Corroy (51230),/management/ville/corroy/ville-51176,15.0,5.0,0.0,15.0,30.0,25.0,36.0,34.0,21.0,22.0,28.6,35.1,41.1,20.0,14.3,22.8,16.1,22.8
Brommat (12600),/management/ville/brommat/ville-12036,65.0,10.0,5.0,30.0,75.0,60.0,194.0,143.0,107.0,87.0,30.9,42.4,34.6,19.3,20.1,20.2,14.5,18.3
Charnay-lès-Chalon (71350),/management/ville/charnay-les-chalon/ville-71104,5.0,10.0,5.0,19.0,19.0,24.0,66.0,41.0,23.0,22.0,40.0,45.8,37.1,18.1,11.4,18.1,11.4,18.1
Bonningues-lès-Ardres (62890),/management/ville/bonningues-les-ardres/ville-62155,20.0,10.0,20.0,60.0,93.0,100.0,163.0,130.0,94.0,87.0,28.3,40.1,35.9,19.0,21.1,19.0,14.8,21.9
Abondance (74360),/management/ville/abondance/ville-74001,34.0,49.0,59.0,152.0,230.0,191.0,298.0,318.0,192.0,238.0,25.5,31.6,37.3,22.3,17.1,19.7,20.1,25.6
Croix-Fonsomme (02110),/management/ville/croix-fonsomme/ville-02240,5.0,20.0,5.0,15.0,10.0,46.0,68.0,48.0,27.0,29.0,40.9,39.3,29.5,22.8,15.9,15.5,13.6,20.2
Aunay-sous-Crécy (28500),/management/ville/aunay-sous-crecy/ville-28014,5.0,15.0,10.0,116.0,97.0,63.0,118.0,167.0,76.0,88.0,20.3,31.9,44.6,26.2,18.9,15.3,16.2,22.7
Angerville-Bailleul (76110),/management/ville/angerville-bailleul/ville-76012,0.0,5.0,10.0,34.0,20.0,39.0,40.0,42.0,36.0,29.0,26.6,28.2,32.9,23.0,29.1,19.7,11.4,28.2
Bazelat (23160),/management/ville/bazelat/ville-23018,26.0,0.0,5.0,0.0,47.0,21.0,81.0,76.0,38.0,25.0,24.8,47.4,45.7,22.0,21.0,14.7,8.6,13.8
Axat (11140),/management/ville/axat/ville-11021,0.0,50.0,5.0,25.0,85.0,50.0,199.0,109.0,68.0,70.0,36.5,52.4,31.1,17.8,13.7,16.7,18.7,12.8
Clécy (14570),/management/ville/clecy/ville-14162,0.0,44.0,44.0,122.0,190.0,146.0,280.0,298.0,176.0,194.0,22.6,35.6,37.5,23.8,21.1,16.3,18.8,21.9
Buswiller (67350),/management/ville/buswiller/ville-67068,0.0,5.0,5.0,32.0,26.0,16.0,44.0,62.0,36.0,59.0,15.0,29.0,39.0,21.9,18.0,18.0,28.0,30.0
Champdôtre (21130),/management/ville/champdotre/ville-21138,15.0,20.0,25.0,76.0,101.0,76.0,123.0,144.0,81.0,98.0,24.8,30.7,39.7,23.0,17.9,17.9,17.5,26.9
Braye (02880),/management/ville/braye/ville-02118,0.0,0.0,5.0,20.0,10.0,15.0,36.0,37.0,8.0,8.0,27.3,53.3,61.4,20.0,6.8,11.1,4.5,13.3
Beveuge (70110),/management/ville/beveuge/ville-70072,5.0,5.0,0.0,0.0,10.0,15.0,27.0,24.0,9.0,6.0,31.4,51.6,48.6,20.6,14.3,12.9,5.7,12.9
Bromont-Lamothe (63230),/management/ville/bromont-lamothe/ville-63055,45.0,10.0,30.0,150.0,140.0,115.0,195.0,265.0,138.0,166.0,21.3,29.9,42.8,24.5,17.8,18.2,18.1,25.5
Béduer (46100),/management/ville/beduer/ville-46021,20.0,25.0,41.0,106.0,106.0,71.0,125.0,166.0,99.0,182.0,19.2,24.5,35.4,21.3,17.5,17.4,27.8,35.8
Castillon (06500),/management/ville/castillon/ville-06036,0.0,30.0,15.0,50.0,79.0,25.0,54.0,99.0,44.0,88.0,18.3,19.4,41.5,26.1,11.3,19.4,28.9,32.6
Angerville-l'Orcher (76280),/management/ville/angerville-l-orcher/ville-76014,10.0,30.0,75.0,145.0,184.0,154.0,311.0,339.0,178.0,221.0,24.6,34.5,37.0,24.6,19.5,14.6,18.9,23.1
Allauch (13190),/management/ville/allauch/ville-13002,11.0,834.0,2041.0,3191.0,2460.0,1198.0,3571.0,3545.0,2874.0,6014.0,22.0,22.6,24.8,19.5,17.7,18.2,35.5,39.4
Ardon (45160),/management/ville/ardon/ville-45006,0.0,110.0,125.0,145.0,110.0,35.0,122.0,140.0,176.0,434.0,12.4,15.7,17.5,15.3,20.9,19.4,49.2,50.4
Chaudes-Aigues (15110),/management/ville/chaudes-aigues/ville-15045,54.0,20.0,25.0,64.0,104.0,84.0,358.0,181.0,111.0,110.0,42.3,51.5,30.8,16.9,15.7,13.6,11.3,17.3
Berlancourt (02250),/management/ville/berlancourt/ville-02068,5.0,0.0,10.0,15.0,0.0,21.0,25.0,14.0,12.0,21.0,31.3,36.8,28.1,13.9,15.6,18.4,25.0,31.6
Bazemont (78580),/management/ville/bazemont/ville-78049,10.0,86.0,227.0,172.0,121.0,45.0,199.0,227.0,180.0,547.0,15.3,19.3,22.0,17.0,16.0,15.3,46.7,48.1
Commeny (95450),/management/ville/commeny/ville-95169,0.0,10.0,48.0,67.0,72.0,29.0,48.0,85.0,68.0,116.0,11.6,18.5,31.6,21.4,25.2,18.5,31.6,40.7
Asnois (86250),/management/ville/asnois/ville-86012,15.0,10.0,0.0,5.0,20.0,15.0,44.0,35.0,25.0,30.0,28.2,38.1,32.4,19.0,18.3,19.0,21.1,23.8
Busy (25320),/management/ville/busy/ville-25103,0.0,25.0,40.0,110.0,125.0,60.0,92.0,127.0,87.0,165.0,16.8,22.3,31.5,21.4,18.9,18.0,32.8,37.3
Bron (69500),/management/ville/bron/ville-69029,0.0,878.0,3433.0,4826.0,5591.0,3596.0,8464.0,5554.0,4470.0,9338.0,28.2,32.4,22.1,17.7,16.4,15.8,33.4,33.7
Chevannes-Changy (58420),/management/ville/chevannes-changy/ville-58071,5.0,5.0,0.0,5.0,24.0,15.0,40.0,30.0,18.0,19.0,34.5,40.7,32.7,22.8,14.5,18.5,18.2,16.7
Blaymont (47470),/management/ville/blaymont/ville-47030,5.0,15.0,10.0,35.0,25.0,15.0,64.0,43.0,24.0,33.0,39.2,39.1,35.4,18.2,11.4,17.2,13.9,25.3
Croix-Mare (76190),/management/ville/croix-mare/ville-76203,10.0,45.0,35.0,106.0,86.0,111.0,180.0,165.0,106.0,102.0,27.7,37.5,39.5,20.2,19.9,18.2,12.9,23.6
Charnay-lès-Mâcon (71850),/management/ville/charnay-les-macon/ville-71105,36.0,182.0,500.0,870.0,1027.0,547.0,1572.0,1424.0,1019.0,1779.0,23.5,30.3,28.6,20.4,17.2,18.0,30.8,30.6
Berlancourt (60640),/management/ville/berlancourt/ville-60062,5.0,5.0,0.0,20.0,71.0,50.0,95.0,78.0,31.0,29.0,35.0,46.8,40.8,22.4,14.2,12.6,10.0,15.3
Courtacon (77560),/management/ville/courtacon/ville-77137,5.0,5.0,5.0,27.0,37.0,43.0,51.0,49.0,33.0,38.0,25.6,34.1,32.6,22.3,24.4,14.1,17.4,27.1
Corsaint (21460),/management/ville/corsaint/ville-21199,15.0,0.0,15.0,30.0,5.0,0.0,30.0,34.0,18.0,32.0,21.1,31.6,38.6,20.3,14.0,17.5,26.3,29.8
Abondant (28410),/management/ville/abondant/ville-28001,0.0,90.0,220.0,305.0,310.0,250.0,381.0,514.0,298.0,496.0,18.5,26.4,36.5,23.2,17.1,18.2,27.9,30.8
Auneau-Bleury-Saint-Symphorien (28700),/management/ville/auneau-bleury-saint-symphorien/ville-28015,5.0,93.0,394.0,679.0,841.0,915.0,1321.0,1160.0,706.0,967.0,28.5,35.0,34.0,21.3,15.5,18.4,21.9,24.6
Allègre (43270),/management/ville/allegre/ville-43003,42.0,37.0,11.0,79.0,122.0,106.0,348.0,213.0,110.0,124.0,34.8,52.0,34.6,18.7,13.7,14.0,16.9,14.2
Cléden-Cap-Sizun (29770),/management/ville/cleden-cap-sizun/ville-29028,5.0,15.0,25.0,55.0,75.0,75.0,330.0,269.0,103.0,113.0,26.5,52.4,44.6,20.4,16.2,9.7,12.7,14.8
Bourg-des-Maisons (24320),/management/ville/bourg-des-maisons/ville-24057,10.0,0.0,0.0,5.0,0.0,5.0,18.0,16.0,14.0,7.0,37.0,28.6,29.6,30.8,14.8,35.7,18.5,7.1
Bronvaux (57535),/management/ville/bronvaux/ville-57111,0.0,10.0,19.0,92.0,98.0,61.0,114.0,142.0,76.0,104.0,21.6,30.3,36.3,25.9,19.6,15.6,22.5,24.7
Aspach (57790),/management/ville/aspach/ville-57034,5.0,0.0,0.0,0.0,5.0,5.0,11.0,12.0,1.0,5.0,29.4,50.0,47.1,25.0,5.9,0.0,17.6,16.7
Braye-en-Laonnois (02000),/management/ville/braye-en-laonnois/ville-02115,5.0,0.0,11.0,11.0,16.0,32.0,65.0,58.0,17.0,19.0,29.1,51.9,50.6,20.5,7.6,13.6,12.7,12.3
Champdray (88640),/management/ville/champdray/ville-88085,25.0,20.0,5.0,15.0,15.0,10.0,43.0,39.0,25.0,45.0,24.1,33.3,30.1,20.0,14.5,18.8,31.3,27.5
Béville-le-Comte (28700),/management/ville/beville-le-comte/ville-28039,10.0,54.0,74.0,222.0,281.0,227.0,318.0,382.0,209.0,241.0,26.6,28.7,40.1,25.6,13.7,22.4,19.7,22.1
Cervon (58800),/management/ville/cervon/ville-58047,30.0,30.0,20.0,40.0,85.0,45.0,180.0,173.0,89.0,76.0,31.9,37.6,38.8,25.0,18.1,16.3,11.2,18.2
Castillon (14490),/management/ville/castillon/ville-14140,10.0,10.0,5.0,26.0,36.0,46.0,67.0,86.0,39.0,51.0,26.7,29.5,42.7,24.4,14.5,17.0,16.0,26.8
Abos (64360),/management/ville/abos/ville-64005,5.0,20.0,20.0,90.0,70.0,70.0,101.0,153.0,78.0,89.0,18.2,29.7,44.5,25.6,19.1,17.9,18.2,24.1
Courtagnon (51480),/management/ville/courtagnon/ville-51190,0.0,0.0,5.0,5.0,5.0,5.0,6.0,3.0,15.0,19.0,14.3,13.6,9.5,7.1,28.6,40.9,47.6,40.9
Bazens (47130),/management/ville/bazens/ville-47022,5.0,10.0,25.0,83.0,44.0,59.0,115.0,109.0,68.0,112.0,29.9,27.1,29.4,22.4,18.6,14.6,22.1,33.7
Corsavy (66150),/management/ville/corsavy/ville-66060,15.0,10.0,10.0,20.0,20.0,15.0,46.0,40.0,36.0,61.0,23.5,27.1,25.5,17.6,21.4,17.6,29.6,37.6
Broons (22250),/management/ville/broons/ville-22020,25.0,65.0,120.0,195.0,334.0,379.0,916.0,627.0,301.0,370.0,35.5,46.1,34.2,21.3,14.1,13.3,16.2,17.1
Ardouval (76680),/management/ville/ardouval/ville-76024,0.0,5.0,15.0,5.0,15.0,25.0,48.0,47.0,15.0,16.0,39.4,37.7,43.9,25.4,10.6,13.1,6.1,19.7
Candé (49440),/management/ville/cande/ville-49054,5.0,55.0,95.0,185.0,305.0,380.0,919.0,587.0,286.0,324.0,36.0,49.6,33.8,20.5,15.1,12.2,15.1,15.5
Buthiers (70190),/management/ville/buthiers/ville-70109,0.0,0.0,40.0,50.0,30.0,20.0,41.0,79.0,33.0,74.0,15.0,20.7,40.7,25.2,15.9,12.9,28.3,37.1
Commequiers (85220),/management/ville/commequiers/ville-85071,91.0,131.0,51.0,359.0,409.0,566.0,815.0,946.0,458.0,413.0,24.6,37.1,44.2,25.6,16.3,18.5,14.9,16.4
Chevennes (02250),/management/ville/chevennes/ville-02182,16.0,0.0,0.0,10.0,26.0,16.0,42.0,30.0,18.0,12.0,35.8,47.9,41.5,17.4,13.2,20.8,9.4,14.6
Axiat (09250),/management/ville/axiat/ville-09031,5.0,0.0,0.0,0.0,15.0,5.0,11.0,9.0,5.0,5.0,26.7,46.7,33.3,22.2,26.7,6.7,13.3,20.0
Blaziert (32100),/management/ville/blaziert/ville-32057,5.0,5.0,5.0,15.0,0.0,10.0,24.0,24.0,16.0,43.0,17.9,27.5,28.6,15.4,16.1,13.7,37.5,43.1
Cerzat (43380),/management/ville/cerzat/ville-43044,5.0,5.0,15.0,20.0,15.0,25.0,45.0,53.0,34.0,36.0,20.2,34.1,39.3,21.3,24.7,14.6,15.7,28.0
Croix-Moligneaux (80400),/management/ville/croix-moligneaux/ville-80226,5.0,21.0,5.0,16.0,36.0,52.0,80.0,63.0,36.0,28.0,35.0,41.9,36.9,22.7,16.5,19.0,11.7,15.2
Courtaoult (10130),/management/ville/courtaoult/ville-10108,0.0,0.0,0.0,21.0,0.0,0.0,24.0,20.0,10.0,17.0,25.0,42.1,43.8,15.0,15.6,10.5,15.6,31.6
Bazentin (80300),/management/ville/bazentin/ville-80059,0.0,0.0,0.0,10.0,5.0,21.0,18.0,17.0,15.0,8.0,28.6,33.3,28.6,27.3,32.1,20.0,10.7,16.7
Allègre-les-Fumades (30500),/management/ville/allegre-les-fumades/ville-30008,5.0,71.0,21.0,87.0,137.0,103.0,229.0,176.0,102.0,176.0,31.5,35.6,30.9,19.7,14.4,15.5,23.2,28.3
Beffes (18320),/management/ville/beffes/ville-18025,0.0,0.0,10.0,50.0,103.0,113.0,229.0,164.0,69.0,46.0,36.1,52.7,41.3,21.6,16.5,10.8,6.1,11.9
Chaudeyrac (48170),/management/ville/chaudeyrac/ville-48045,15.0,26.0,16.0,22.0,45.0,20.0,69.0,57.0,72.0,52.0,23.1,32.2,29.2,19.0,27.7,29.8,20.0,21.5
Broquiers (60220),/management/ville/broquiers/ville-60110,0.0,0.0,0.0,10.0,25.0,79.0,73.0,60.0,28.0,17.0,34.4,47.7,45.6,20.9,13.3,18.2,6.7,12.5
Aspach (68130),/management/ville/aspach/ville-68010,0.0,30.0,40.0,175.0,165.0,145.0,155.0,303.0,151.0,229.0,16.0,20.9,43.6,26.3,17.2,18.8,23.2,31.3
Candé-sur-Beuvron (41120),/management/ville/cande-sur-beuvron/ville-41029,0.0,20.0,80.0,211.0,261.0,176.0,221.0,387.0,188.0,304.0,16.6,23.5,40.6,26.7,16.0,18.2,26.8,28.5
Bonningues-lès-Calais (62340),/management/ville/bonningues-les-calais/ville-62156,0.0,15.0,35.0,85.0,95.0,45.0,101.0,73.0,73.0,156.0,19.5,30.3,22.6,14.0,22.1,14.4,35.9,41.3
Commer (53470),/management/ville/commer/ville-53072,35.0,40.0,59.0,110.0,184.0,214.0,208.0,310.0,144.0,188.0,23.0,25.9,42.7,26.3,17.2,16.8,17.2,27.6
Cesancey (39570),/management/ville/cesancey/ville-39088,10.0,5.0,25.0,51.0,66.0,40.0,78.0,96.0,63.0,72.0,20.6,29.8,36.8,24.2,21.3,19.2,21.3,25.2
Braye-en-Thiérache (02140),/management/ville/braye-en-thierache/ville-02116,0.0,0.0,0.0,0.0,10.0,25.0,50.0,30.0,13.0,16.0,44.2,47.4,42.3,14.5,5.8,17.5,7.7,21.1
Charnècles (38140),/management/ville/charnecles/ville-38084,16.0,31.0,89.0,215.0,136.0,152.0,222.0,296.0,177.0,405.0,18.7,21.6,31.8,21.3,14.2,17.8,35.2,38.3
Banyuls-dels-Aspres (66300),/management/ville/banyuls-dels-aspres/ville-66015,15.0,54.0,45.0,228.0,168.0,84.0,223.0,307.0,182.0,266.0,20.2,25.2,35.8,24.6,20.8,16.5,23.2,31.2
Abreschviller (57560),/management/ville/abreschviller/ville-57003,0.0,80.0,55.0,160.0,145.0,155.0,397.0,359.0,169.0,224.0,26.8,41.7,38.3,22.5,14.9,14.5,20.0,19.0
Berlats (81260),/management/ville/berlats/ville-81028,15.0,5.0,0.0,5.0,15.0,15.0,29.0,31.0,11.0,23.0,27.1,34.8,43.8,20.4,8.3,15.2,20.8,28.3
Cléden-Poher (29270),/management/ville/cleden-poher/ville-29029,10.0,25.0,15.0,116.0,126.0,186.0,289.0,250.0,167.0,159.0,28.8,38.0,34.0,22.3,20.5,18.3,16.7,20.2
Castillon (65130),/management/ville/castillon/ville-65135,10.0,5.0,10.0,5.0,0.0,10.0,29.0,21.0,3.0,15.0,30.6,55.9,41.7,18.4,0.0,8.8,27.8,14.7
Champeau-en-Morvan (21210),/management/ville/champeau-en-morvan/ville-21139,5.0,10.0,0.0,0.0,41.0,20.0,85.0,68.0,21.0,35.0,36.7,45.0,38.5,22.7,11.9,8.0,12.8,20.0
Corscia (20224),/management/ville/corscia/ville-2B095,6.0,4.0,6.0,4.0,20.0,3.0,66.0,18.0,12.0,26.0,56.1,52.6,15.2,13.3,10.6,8.8,18.2,24.6
Auneuil (60390),/management/ville/auneuil/ville-60029,10.0,81.0,142.0,354.0,390.0,324.0,790.0,631.0,281.0,458.0,32.7,40.2,34.7,21.8,11.9,14.1,20.7,21.7
Broquiès (12480),/management/ville/broquies/ville-12037,80.0,20.0,10.0,45.0,60.0,35.0,189.0,142.0,98.0,87.0,30.5,42.6,34.7,19.9,20.5,17.4,14.3,19.4
Angerville-la-Campagne (27930),/management/ville/angerville-la-campagne/ville-27017,0.0,37.0,98.0,150.0,248.0,140.0,229.0,237.0,176.0,279.0,23.6,26.0,31.4,20.8,16.9,21.1,28.2,32.2
Buthiers (77760),/management/ville/buthiers/ville-77060,10.0,20.0,45.0,146.0,55.0,81.0,154.0,173.0,76.0,160.0,24.0,30.7,37.8,21.7,13.5,13.2,24.7,32.1
Aÿ-Champagne (51150),/management/ville/ay-champagne/ville-51030,64.0,172.0,167.0,600.0,691.0,1005.0,1814.0,1277.0,624.0,755.0,35.4,45.2,35.5,20.6,14.1,13.9,15.0,18.5
Césarches (73200),/management/ville/cesarches/ville-73061,0.0,30.0,15.0,70.0,85.0,55.0,41.0,114.0,68.0,106.0,9.7,15.2,37.0,28.0,25.5,15.8,27.9,36.4
Bourg-du-Bost (24600),/management/ville/bourg-du-bost/ville-24058,0.0,10.0,0.0,0.0,25.0,31.0,49.0,63.0,27.0,37.0,21.4,34.1,44.0,25.7,13.1,17.6,21.4,19.8
Blécourt (52300),/management/ville/blecourt/ville-52055,0.0,5.0,0.0,20.0,15.0,20.0,31.0,24.0,13.0,15.0,48.6,28.3,27.0,25.9,18.9,13.0,5.4,28.3
Braye-sous-Faye (37120),/management/ville/braye-sous-faye/ville-37035,11.0,5.0,5.0,5.0,60.0,44.0,113.0,94.0,34.0,22.0,32.6,53.0,48.5,21.8,9.8,15.9,9.1,7.6
Bévillers (59217),/management/ville/bevillers/ville-59081,0.0,35.0,35.0,90.0,65.0,40.0,120.0,108.0,69.0,99.0,24.2,36.1,37.1,17.6,18.0,16.8,20.6,29.2
Commercy (55200),/management/ville/commercy/ville-55122,0.0,111.0,142.0,491.0,755.0,728.0,1676.0,1273.0,634.0,770.0,32.3,43.8,33.7,22.8,15.3,14.0,18.8,16.8
Bazenville (14480),/management/ville/bazenville/ville-14049,0.0,5.0,15.0,10.0,25.0,15.0,26.0,29.0,20.0,30.0,30.2,19.2,37.7,19.1,11.3,26.9,20.8,36.5
Croixanvec (56920),/management/ville/croixanvec/ville-56049,5.0,20.0,0.0,20.0,10.0,30.0,30.0,51.0,25.0,19.0,26.9,20.7,40.3,33.8,20.9,19.0,11.9,19.0
Beffia (39270),/management/ville/beffia/ville-39045,5.0,0.0,0.0,0.0,10.0,15.0,22.0,15.0,10.0,7.0,40.7,40.7,33.3,21.4,18.5,18.5,7.4,18.5
Champeaux (35500),/management/ville/champeaux/ville-35052,10.0,20.0,40.0,70.0,85.0,35.0,87.0,111.0,67.0,92.0,24.6,24.1,36.4,24.3,16.6,21.2,22.5,29.4
Candes-Saint-Martin (37500),/management/ville/candes-saint-martin/ville-37042,0.0,11.0,6.0,46.0,23.0,40.0,47.0,55.0,42.0,44.0,21.3,28.3,33.7,24.3,24.7,21.2,20.2,25.3
Chaudeyrolles (43430),/management/ville/chaudeyrolles/ville-43066,5.0,5.0,5.0,20.0,5.0,15.0,27.0,19.0,15.0,18.0,32.6,36.1,34.9,12.1,18.6,19.4,14.0,33.3
Bonnut (64300),/management/ville/bonnut/ville-64135,10.0,25.0,59.0,83.0,83.0,83.0,128.0,176.0,114.0,152.0,20.0,24.9,36.1,24.3,19.6,20.4,24.2,29.1
Ardres (62610),/management/ville/ardres/ville-62038,26.0,92.0,139.0,492.0,569.0,584.0,1248.0,850.0,538.0,647.0,31.5,43.9,30.2,20.4,18.5,14.5,19.8,19.7
Chevenon (58160),/management/ville/chevenon/ville-58072,29.0,20.0,24.0,68.0,102.0,95.0,121.0,158.0,81.0,96.0,22.7,30.7,41.9,25.5,14.8,20.6,20.5,21.5
Butot (76890),/management/ville/butot/ville-76149,10.0,5.0,5.0,45.0,65.0,15.0,57.0,62.0,40.0,50.0,24.1,30.0,32.4,24.3,22.2,16.0,21.3,27.0
Charnizay (37290),/management/ville/charnizay/ville-37061,35.0,20.0,20.0,15.0,75.0,55.0,128.0,127.0,61.0,72.0,25.3,40.7,41.8,21.5,18.0,13.4,14.9,22.2
Courtauly (11230),/management/ville/courtauly/ville-11107,0.0,5.0,0.0,5.0,5.0,5.0,9.0,14.0,15.0,14.0,28.0,7.4,36.0,23.8,16.0,40.7,20.0,33.3
Castillon (Canton d'Arthez-de-Béarn) (64370),/management/ville/castillon-canton-d-arthez-de-bearn/ville-64181,5.0,24.0,29.0,48.0,43.0,24.0,35.0,64.0,48.0,68.0,12.1,20.2,33.6,25.2,21.5,23.9,32.7,30.3
Banyuls-sur-Mer (66650),/management/ville/banyuls-sur-mer/ville-66016,60.0,130.0,200.0,389.0,669.0,305.0,1300.0,987.0,660.0,1049.0,30.1,34.7,28.4,20.5,16.2,16.8,25.3,27.1
Aspach-le-Bas (68700),/management/ville/aspach-le-bas/ville-68011,10.0,20.0,165.0,280.0,165.0,130.0,138.0,327.0,153.0,342.0,9.8,18.6,41.4,24.7,14.8,17.0,34.1,37.1
Berlencourt-le-Cauroy (62810),/management/ville/berlencourt-le-cauroy/ville-62111,5.0,5.0,0.0,15.0,40.0,25.0,66.0,59.0,27.0,39.0,33.0,35.4,35.1,23.6,16.0,12.5,16.0,25.0
Cléder (29233),/management/ville/cleder/ville-29030,175.0,141.0,115.0,326.0,462.0,572.0,924.0,926.0,493.0,588.0,25.7,36.6,36.0,24.7,18.5,15.4,19.8,20.3
Aunou-le-Faucon (61200),/management/ville/aunou-le-faucon/ville-61014,0.0,5.0,15.0,53.0,15.0,19.0,32.0,52.0,48.0,51.0,17.9,18.4,32.6,23.9,28.4,23.0,21.1,34.5
Commerveil (72600),/management/ville/commerveil/ville-72086,15.0,5.0,0.0,15.0,25.0,15.0,29.0,29.0,19.0,28.0,24.6,31.3,29.8,23.5,17.5,18.8,28.1,25.0
Beffu-et-le-Morthomme (08250),/management/ville/beffu-et-le-morthomme/ville-08056,13.0,0.0,0.0,4.0,4.0,9.0,14.0,14.0,2.0,3.0,40.0,46.2,50.0,25.0,5.0,7.7,5.0,15.4
Angerville-la-Martel (76540),/management/ville/angerville-la-martel/ville-76013,0.0,34.0,29.0,116.0,150.0,150.0,174.0,252.0,129.0,158.0,20.7,28.5,43.5,25.2,15.7,20.5,20.1,24.2
Brossac (16480),/management/ville/brossac/ville-16066,20.0,30.0,21.0,20.0,60.0,45.0,174.0,118.0,68.0,79.0,32.9,46.4,32.9,19.7,16.7,14.3,17.6,18.3
Bourg-en-Bresse (01000),/management/ville/bourg-en-bresse/ville-01053,13.0,776.0,2115.0,4439.0,5176.0,4781.0,10121.0,7472.0,4946.0,7708.0,30.1,36.3,29.0,20.0,16.9,15.9,24.0,26.7
Ay-sur-Moselle (57300),/management/ville/ay-sur-moselle/ville-57043,0.0,35.0,80.0,295.0,180.0,170.0,246.0,377.0,189.0,359.0,17.1,24.6,34.5,26.4,16.1,16.2,32.3,29.1
Abrest (03200),/management/ville/abrest/ville-03001,10.0,86.0,156.0,332.0,443.0,342.0,627.0,671.0,404.0,498.0,24.9,32.0,36.0,23.6,18.2,18.5,20.9,24.3
Bonny-sur-Loire (45420),/management/ville/bonny-sur-loire/ville-45040,10.0,50.0,40.0,146.0,246.0,230.0,752.0,434.0,193.0,211.0,39.4,54.1,36.2,18.4,11.4,12.8,12.9,13.5
Aunou-sur-Orne (61500),/management/ville/aunou-sur-orne/ville-61015,10.0,20.0,10.0,25.0,51.0,25.0,62.0,64.0,31.0,42.0,24.2,38.4,41.4,22.1,13.1,18.2,21.2,20.2
Berles-au-Bois (62123),/management/ville/berles-au-bois/ville-62112,5.0,20.0,0.0,55.0,60.0,80.0,111.0,108.0,83.0,89.0,27.4,29.4,31.0,23.6,20.8,21.6,20.8,24.7
Blécourt (59268),/management/ville/blecourt/ville-59085,10.0,0.0,39.0,42.0,29.0,32.0,58.0,72.0,37.0,61.0,18.8,32.5,42.0,20.3,16.1,16.2,23.2,29.9
Alleins (13980),/management/ville/alleins/ville-13003,5.0,140.0,215.0,310.0,320.0,230.0,404.0,453.0,327.0,642.0,21.4,22.8,26.4,22.3,16.7,19.1,35.5,34.9
Courtavon (68480),/management/ville/courtavon/ville-68067,0.0,10.0,21.0,25.0,42.0,56.0,94.0,108.0,45.0,39.0,29.1,37.8,45.0,25.8,14.6,17.0,11.3,16.3
Croixdalle (76660),/management/ville/croixdalle/ville-76202,5.0,0.0,0.0,20.0,40.0,65.0,76.0,69.0,37.0,33.0,33.6,37.1,40.0,22.9,14.5,20.0,11.8,19.0
Commes (14520),/management/ville/commes/ville-14172,10.0,15.0,20.0,60.0,35.0,30.0,91.0,108.0,61.0,62.0,24.5,31.9,41.5,25.5,13.2,24.5,20.8,17.8
Candillargues (34130),/management/ville/candillargues/ville-34050,9.0,70.0,146.0,291.0,263.0,207.0,247.0,265.0,239.0,429.0,22.0,19.8,28.0,18.0,17.6,22.7,32.4,40.5
Ayat-sur-Sioule (63390),/management/ville/ayat-sur-sioule/ville-63025,0.0,5.0,5.0,5.0,15.0,15.0,54.0,31.0,26.0,15.0,39.1,46.8,25.0,22.7,23.4,17.7,12.5,11.3
Champeaux (50530),/management/ville/champeaux/ville-50117,0.0,21.0,10.0,20.0,21.0,15.0,110.0,73.0,43.0,68.0,32.9,41.6,30.8,18.1,14.4,14.8,21.9,24.8
Corsept (44560),/management/ville/corsept/ville-44046,30.0,76.0,106.0,319.0,344.0,481.0,369.0,752.0,375.0,422.0,16.5,22.1,47.4,28.3,17.1,22.1,19.0,25.0
Chevenoz (74500),/management/ville/chevenoz/ville-74073,0.0,30.0,15.0,80.0,79.0,108.0,118.0,147.0,73.0,89.0,25.4,30.2,42.1,24.3,14.5,20.1,18.0,24.1
Charnod (39240),/management/ville/charnod/ville-39111,0.0,0.0,0.0,5.0,15.0,5.0,17.0,9.0,6.0,3.0,44.4,52.9,33.3,17.6,16.7,17.6,5.6,11.8
Bevons (04200),/management/ville/bevons/ville-04027,10.0,5.0,15.0,35.0,55.0,30.0,27.0,35.0,42.0,63.0,13.1,19.3,28.6,14.5,28.6,21.7,29.8,45.8
Baon (89430),/management/ville/baon/ville-89028,0.0,0.0,5.0,10.0,10.0,21.0,19.0,16.0,5.0,11.0,25.0,48.0,45.8,15.4,8.3,12.0,20.8,24.0
Bleigny-le-Carreau (89230),/management/ville/bleigny-le-carreau/ville-89045,0.0,5.0,10.0,49.0,34.0,44.0,72.0,66.0,35.0,57.0,28.4,33.1,37.6,20.2,12.8,18.2,21.1,28.1
Auppegard (76730),/management/ville/auppegard/ville-76036,10.0,29.0,30.0,90.0,79.0,75.0,162.0,147.0,82.0,126.0,28.1,34.2,35.6,20.3,16.2,15.8,20.2,28.6
Allemagne-en-Provence (04500),/management/ville/allemagne-en-provence/ville-04004,10.0,30.0,30.0,60.0,80.0,35.0,125.0,125.0,86.0,74.0,27.8,33.0,38.9,23.2,16.7,25.0,16.7,19.3
Césarville-Dossainville (45300),/management/ville/cesarville-dossainville/ville-45065,10.0,5.0,21.0,21.0,41.0,52.0,62.0,57.0,25.0,41.0,32.9,34.0,41.2,21.2,8.2,18.0,17.6,26.0
Bazet (65460),/management/ville/bazet/ville-65072,0.0,42.0,53.0,143.0,282.0,170.0,387.0,481.0,219.0,240.0,24.5,33.3,44.9,25.7,15.5,17.4,15.1,20.7
Butot-Vénesville (76450),/management/ville/butot-venesville/ville-76732,5.0,5.0,10.0,10.0,50.0,40.0,71.0,48.0,30.0,33.0,38.2,39.1,31.5,20.8,15.7,17.4,14.6,21.7
Clèdes (40320),/management/ville/cledes/ville-40083,10.0,5.0,0.0,5.0,15.0,31.0,22.0,43.0,20.0,19.0,20.0,21.2,52.0,30.0,18.0,19.2,10.0,25.0
Chaudon (28210),/management/ville/chaudon/ville-28094,5.0,60.0,81.0,237.0,212.0,206.0,323.0,397.0,214.0,282.0,22.4,30.5,39.0,24.4,17.4,17.8,21.1,25.2
Bégaar (40400),/management/ville/begaar/ville-40031,5.0,20.0,54.0,148.0,227.0,168.0,244.0,318.0,148.0,181.0,22.7,31.7,42.3,26.3,15.7,17.5,19.4,21.4
Champeaux (77720),/management/ville/champeaux/ville-77082,5.0,10.0,85.0,124.0,104.0,70.0,173.0,173.0,107.0,150.0,25.6,31.8,33.9,22.1,18.6,16.7,21.9,27.9
Corseul (22130),/management/ville/corseul/ville-22048,31.0,78.0,97.0,228.0,253.0,375.0,533.0,443.0,291.0,364.0,27.7,37.4,33.8,20.3,17.5,18.2,21.0,23.5
Charnois (08600),/management/ville/charnois/ville-08106,0.0,0.0,0.0,0.0,10.0,15.0,23.0,14.0,12.0,14.0,32.4,41.4,35.3,8.3,14.7,24.1,17.6,27.6
Aregno (20220),/management/ville/aregno/ville-2B020,10.0,44.0,21.0,53.0,104.0,41.0,187.0,148.0,86.0,87.0,38.2,35.4,33.1,24.3,12.7,21.0,15.9,18.3
Bonnœil (14700),/management/ville/bonnoeil/ville-14087,5.0,5.0,0.0,0.0,21.0,16.0,31.0,29.0,19.0,20.0,24.0,38.8,34.0,21.4,28.0,10.2,14.0,26.5
Berles-Monchel (62690),/management/ville/berles-monchel/ville-62113,5.0,5.0,55.0,75.0,60.0,60.0,94.0,84.0,63.0,103.0,24.9,29.9,28.2,19.3,21.5,15.0,25.4,34.7
Blémerey (54450),/management/ville/blemerey/ville-54078,5.0,0.0,0.0,20.0,15.0,10.0,17.0,14.0,10.0,6.0,25.0,47.8,41.7,17.4,25.0,17.4,8.3,17.4
Castillon (Canton de Lembeye) (64350),/management/ville/castillon-canton-de-lembeye/ville-64182,6.0,0.0,6.0,6.0,11.0,11.0,28.0,19.0,8.0,9.0,44.4,42.9,33.3,24.1,5.6,21.4,16.7,10.7
Aspach-Michelbach (68700),/management/ville/aspach-michelbach/ville-68012,5.0,51.0,167.0,318.0,253.0,187.0,184.0,435.0,237.0,464.0,10.1,17.8,37.3,26.1,17.4,18.5,35.3,34.9
Braye-sur-Maulne (37330),/management/ville/braye-sur-maulne/ville-37036,5.0,0.0,5.0,20.0,20.0,25.0,46.0,41.0,22.0,30.0,32.0,34.3,33.3,24.3,10.7,20.9,24.0,19.4
Chaudon-Norante (04330),/management/ville/chaudon-norante/ville-04055,5.0,15.0,0.0,20.0,20.0,5.0,47.0,26.0,26.0,41.0,34.2,32.8,20.5,16.7,19.2,17.9,26.0,32.8
Communay (69360),/management/ville/communay/ville-69272,0.0,148.0,475.0,628.0,435.0,252.0,582.0,717.0,531.0,1202.0,15.8,22.5,27.9,19.1,18.2,16.8,38.1,41.1
Croixrault (80290),/management/ville/croixrault/ville-80227,5.0,10.0,20.0,40.0,85.0,55.0,123.0,81.0,46.0,67.0,34.8,43.1,29.9,19.6,14.6,14.4,20.7,21.6
Aydat (63970),/management/ville/aydat/ville-63026,30.0,105.0,236.0,391.0,281.0,166.0,280.0,462.0,317.0,647.0,14.3,18.6,32.7,20.7,18.6,18.6,34.4,41.4
Candor (60310),/management/ville/candor/ville-60124,5.0,10.0,15.0,30.0,20.0,40.0,65.0,62.0,41.0,47.0,26.5,35.0,36.3,20.8,17.7,20.0,19.5,24.0
Angervilliers (91470),/management/ville/angervilliers/ville-91017,15.0,66.0,217.0,298.0,142.0,91.0,300.0,271.0,212.0,430.0,24.1,25.4,25.4,19.2,16.8,18.2,33.7,37.0
Brossainc (07340),/management/ville/brossainc/ville-07044,0.0,10.0,5.0,5.0,42.0,57.0,40.0,54.0,46.0,39.0,21.3,24.1,30.9,26.9,28.7,21.8,19.1,25.3
Bourg-et-Comin (02160),/management/ville/bourg-et-comin/ville-02106,0.0,20.0,20.0,61.0,107.0,91.0,248.0,174.0,95.0,92.0,31.5,49.1,37.0,20.2,12.7,18.2,18.8,11.9
Cortambert (71250),/management/ville/cortambert/ville-71146,5.0,5.0,25.0,15.0,50.0,20.0,22.0,44.0,45.0,66.0,11.2,13.6,30.3,23.0,15.7,35.2,42.7,31.8
Charnoz-sur-Ain (01800),/management/ville/charnoz-sur-ain/ville-01088,15.0,15.0,97.0,174.0,117.0,107.0,128.0,187.0,117.0,254.0,18.0,19.1,28.1,24.1,17.1,17.0,36.8,37.6
Aups (83630),/management/ville/aups/ville-83007,14.0,177.0,86.0,139.0,321.0,153.0,547.0,494.0,381.0,370.0,27.9,33.0,31.5,23.7,19.5,22.8,21.0,20.3
16.5,19.5
Bazian (32320),/management/ville/bazian/ville-32033,11.0,5.0,5.0,5.0,5.0,5.0,29.0,26.0,18.0,16.0,34.0,29.3,30.0,25.6,20.0,22.0,16.0,22.0
Abriès-Ristolas (05460),/management/ville/abries-ristolas/ville-05001,28.0,28.0,5.0,38.0,52.0,45.0,67.0,73.0,76.0,95.0,19.3,24.0,28.0,19.3,26.7,22.0,26.1,35.3
Butry-sur-Oise (95430),/management/ville/butry-sur-oise/ville-95120,0.0,45.0,310.0,325.0,290.0,145.0,310.0,374.0,303.0,581.0,19.7,19.9,27.3,20.6,17.8,20.7,35.2,38.8
Cleebourg (67160),/management/ville/cleebourg/ville-67074,5.0,25.0,20.0,81.0,117.0,96.0,160.0,197.0,95.0,92.0,22.5,36.3,43.5,25.9,16.7,18.5,17.4,16.7
Bégadan (33340),/management/ville/begadan/ville-33038,35.0,50.0,50.0,60.0,126.0,131.0,306.0,213.0,123.0,105.0,34.5,47.4,35.3,20.9,16.6,16.1,13.6,14.3
Allemanche-Launay-et-Soyer (51260),/management/ville/allemanche-launay-et-soyer/ville-51004,5.0,5.0,9.0,5.0,14.0,14.0,20.0,29.0,18.0,17.0,17.5,29.3,45.0,25.6,20.0,22.0,17.5,22.0
Champeaux-sur-Sarthe (61560),/management/ville/champeaux-sur-sarthe/ville-61087,15.0,5.0,20.0,15.0,15.0,5.0,26.0,47.0,25.0,29.0,15.2,25.8,47.0,26.6,15.2,24.2,22.7,22.6
Bévy (21220),/management/ville/bevy/ville-21070,5.0,16.0,5.0,16.0,16.0,46.0,20.0,18.0,18.0,40.0,17.8,23.5,24.4,14.9,15.6,21.6,42.2,41.2
Areines (41100),/management/ville/areines/ville-41003,5.0,26.0,56.0,61.0,81.0,81.0,137.0,125.0,60.0,125.0,26.3,34.6,32.9,21.7,11.7,15.0,29.1,26.9
Brossay (49700),/management/ville/brossay/ville-49053,0.0,10.0,15.0,40.0,45.0,65.0,97.0,95.0,32.0,32.0,39.2,36.5,40.0,28.5,10.8,14.3,10.0,15.1
Corte (20250),/management/ville/corte/ville-2B096,49.0,233.0,339.0,570.0,978.0,444.0,1340.0,547.0,812.0,1325.0,35.2,31.6,18.0,10.9,18.6,21.6,28.2,37.1
Blémerey (88500),/management/ville/blemerey/ville-88060,0.0,0.0,0.0,0.0,5.0,5.0,5.0,7.0,3.0,2.0,14.3,36.4,42.9,35.7,14.3,18.2,28.6,0.0
Butteaux (89360),/management/ville/butteaux/ville-89061,15.0,0.0,10.0,20.0,36.0,46.0,70.0,74.0,20.0,28.0,29.3,43.6,45.7,26.4,12.0,8.9,13.0,14.9
Bono (56400),/management/ville/bono/ville-56262,0.0,86.0,176.0,343.0,257.0,133.0,347.0,410.0,358.0,662.0,16.0,22.6,27.1,19.4,22.0,18.5,35.0,39.2
Baons-le-Comte (76190),/management/ville/baons-le-comte/ville-76055,15.0,15.0,51.0,56.0,31.0,20.0,67.0,100.0,40.0,68.0,20.0,28.9,44.3,24.8,13.6,14.8,22.1,28.1
Commune nouvelle d'Arrou (28220),/management/ville/commune-nouvelle-d-arrou/ville-28012,114.0,153.0,122.0,263.0,436.0,580.0,1178.0,955.0,444.0,367.0,35.5,44.4,41.0,22.7,12.4,17.6,11.1,13.7
Brazey-en-Morvan (21430),/management/ville/brazey-en-morvan/ville-21102,10.0,5.0,0.0,10.0,15.0,10.0,42.0,42.0,14.0,19.0,26.3,45.0,49.1,20.9,12.3,11.7,12.3,20.0
Angeville (82210),/management/ville/angeville/ville-82003,25.0,10.0,5.0,30.0,30.0,30.0,41.0,63.0,32.0,28.0,21.7,28.4,47.0,27.0,19.3,19.8,12.0,22.2
Chaudrey (10240),/management/ville/chaudrey/ville-10091,10.0,0.0,5.0,5.0,10.0,39.0,47.0,35.0,13.0,20.0,38.6,44.1,36.8,21.5,8.8,13.6,15.8,18.6
Bourg-Fidèle (08230),/management/ville/bourg-fidele/ville-08078,10.0,20.0,55.0,60.0,140.0,95.0,216.0,211.0,95.0,100.0,28.2,41.0,42.0,23.5,15.7,14.8,14.1,18.0
Croizet-sur-Gand (42540),/management/ville/croizet-sur-gand/ville-42077,15.0,20.0,0.0,25.0,30.0,50.0,57.0,68.0,54.0,41.0,21.6,30.3,41.4,21.0,25.2,23.9,11.7,25.7
Brosses (89660),/management/ville/brosses/ville-89057,5.0,20.0,5.0,30.0,45.0,10.0,75.0,88.0,39.0,46.0,26.2,33.9,41.3,25.7,17.5,14.0,15.1,22.3
Cheverny (41700),/management/ville/cheverny/ville-41050,11.0,42.0,85.0,111.0,95.0,74.0,182.0,218.0,142.0,229.0,19.9,27.2,36.6,19.9,17.3,19.5,26.2,33.2
Aydie (64330),/management/ville/aydie/ville-64084,10.0,5.0,5.0,15.0,10.0,5.0,28.0,35.0,15.0,38.0,18.8,30.2,43.8,12.7,15.6,9.4,21.9,47.2
Berling (57370),/management/ville/berling/ville-57064,0.0,16.0,10.0,41.0,41.0,57.0,55.0,77.0,32.0,55.0,19.3,31.1,40.4,26.1,13.2,17.0,27.2,22.6
Cortevaix (71460),/management/ville/cortevaix/ville-71147,5.0,15.0,15.0,25.0,50.0,30.0,51.0,66.0,36.0,53.0,17.6,31.7,40.2,22.1,19.6,15.4,22.5,28.8
Bonrepos (65330),/management/ville/bonrepos/ville-65097,10.0,10.0,0.0,15.0,30.0,15.0,51.0,40.0,25.0,26.0,33.8,37.5,31.2,23.9,15.6,20.3,19.5,17.2
Abscon (59215),/management/ville/abscon/ville-59002,0.0,100.0,120.0,336.0,572.0,702.0,1132.0,986.0,550.0,480.0,28.0,43.1,39.5,22.5,18.0,17.0,14.6,15.9
Courtefontaine (39700),/management/ville/courtefontaine/ville-39172,0.0,0.0,10.0,29.0,34.0,39.0,41.0,51.0,31.0,48.0,21.6,26.8,35.2,22.7,18.2,17.1,25.0,31.7
Béganne (56350),/management/ville/beganne/ville-56011,25.0,40.0,50.0,100.0,139.0,179.0,382.0,353.0,194.0,187.0,30.6,37.6,36.6,24.3,17.5,17.5,15.3,18.4
Clef Vallée d'Eure (27490),/management/ville/clef-vallee-d-eure/ville-27191,5.0,101.0,136.0,365.0,232.0,355.0,549.0,476.0,309.0,477.0,26.1,34.2,32.1,20.3,16.0,18.2,25.8,26.9
Charny (21350),/management/ville/charny/ville-21147,5.0,0.0,0.0,0.0,5.0,0.0,12.0,7.0,7.0,4.0,33.3,46.7,20.0,23.5,33.3,13.3,13.3,13.3
Arelaune-en-Seine (76940),/management/ville/arelaune-en-seine/ville-76401,20.0,55.0,111.0,324.0,298.0,359.0,709.0,606.0,312.0,330.0,29.8,42.5,39.1,21.5,16.4,15.4,14.7,19.0
Allemans (24600),/management/ville/allemans/ville-24007,25.0,20.0,15.0,45.0,60.0,45.0,140.0,145.0,79.0,64.0,22.7,42.9,46.3,21.3,15.3,21.7,15.7,14.2
Auradé (32600),/management/ville/aurade/ville-32016,10.0,45.0,71.0,105.0,93.0,45.0,97.0,106.0,75.0,192.0,17.1,24.1,28.9,16.7,14.5,17.4,39.5,41.9
Bazicourt (60700),/management/ville/bazicourt/ville-60050,0.0,0.0,24.0,72.0,53.0,19.0,79.0,75.0,42.0,53.0,32.0,31.5,34.4,24.4,13.9,19.7,19.7,22.8
Chaudun (02200),/management/ville/chaudun/ville-02172,0.0,10.0,15.0,35.0,55.0,40.0,60.0,49.0,35.0,39.0,29.7,35.9,29.7,22.2,22.0,16.3,18.7,23.9
Cortrat (45700),/management/ville/cortrat/ville-45105,5.0,5.0,0.0,0.0,10.0,5.0,14.0,17.0,13.0,19.0,21.9,22.6,34.4,20.0,18.8,22.6,25.0,35.5
Bey (01290),/management/ville/bey/ville-01042,10.0,10.0,30.0,80.0,35.0,20.0,40.0,67.0,40.0,55.0,20.6,18.9,37.4,27.8,14.0,26.3,28.0,26.3
Candresse (40180),/management/ville/candresse/ville-40063,10.0,20.0,45.0,90.0,115.0,60.0,140.0,214.0,106.0,172.0,21.3,23.0,39.0,25.9,16.1,17.4,23.5,30.7
Castillon-de-Larboust (31110),/management/ville/castillon-de-larboust/ville-31123,0.0,0.0,0.0,8.0,11.0,8.0,5.0,14.0,11.0,13.0,12.5,10.0,45.8,18.8,20.8,35.0,20.8,40.0
Champeix (63320),/management/ville/champeix/ville-63080,25.0,45.0,66.0,131.0,219.0,187.0,314.0,265.0,183.0,240.0,24.8,37.2,35.2,18.2,19.6,17.2,20.4,27.2
Blendecques (62575),/management/ville/blendecques/ville-62139,0.0,116.0,95.0,330.0,760.0,851.0,1353.0,1131.0,558.0,612.0,32.3,41.4,38.1,22.5,14.3,16.2,15.4,18.0
Butten (67430),/management/ville/butten/ville-67072,10.0,10.0,41.0,56.0,122.0,137.0,181.0,177.0,95.0,76.0,26.6,41.8,40.1,23.9,20.6,15.2,12.7,16.3
Brazey-en-Plaine (21470),/management/ville/brazey-en-plaine/ville-21103,10.0,90.0,105.0,185.0,370.0,325.0,630.0,544.0,273.0,321.0,30.8,40.3,37.5,22.2,15.7,15.1,16.0,20.3
Bapaume (62450),/management/ville/bapaume/ville-62080,15.0,66.0,61.0,221.0,378.0,557.0,1348.0,934.0,401.0,282.0,41.6,49.7,36.8,23.1,12.5,14.6,9.0,10.0
Bonrepos-Riquet (31590),/management/ville/bonrepos-riquet/ville-31074,21.0,11.0,38.0,43.0,21.0,38.0,35.0,40.0,48.0,91.0,13.8,19.0,22.9,16.1,19.3,25.7,44.0,41.0
Abzac (16500),/management/ville/abzac/ville-16001,23.0,5.0,0.0,35.0,44.0,73.0,195.0,110.0,55.0,53.0,43.6,51.0,33.0,18.3,13.8,13.3,9.6,16.3
Bourg-l'Évêque (49520),/management/ville/bourg-l-eveque/ville-49038,0.0,0.0,10.0,40.0,40.0,50.0,60.0,56.0,39.0,29.0,25.3,40.4,44.2,17.3,17.9,24.7,12.6,19.1
Crolles (38920),/management/ville/crolles/ville-38140,5.0,151.0,1258.0,1173.0,805.0,469.0,1023.0,1062.0,855.0,2862.0,17.1,18.1,18.2,17.8,14.4,15.1,50.3,48.4
Brosville (27930),/management/ville/brosville/ville-27118,0.0,40.0,40.0,84.0,89.0,80.0,154.0,134.0,71.0,119.0,28.3,35.9,36.1,19.1,16.3,13.5,19.3,30.2
Cheveuges (08350),/management/ville/cheveuges/ville-08119,0.0,9.0,26.0,50.0,47.0,102.0,108.0,81.0,50.0,78.0,30.2,37.7,27.0,21.7,18.2,13.8,24.5,24.5
Aydius (64490),/management/ville/aydius/ville-64085,5.0,0.0,0.0,15.0,25.0,10.0,25.0,12.0,17.0,30.0,30.8,28.9,23.1,8.1,15.4,24.4,30.8,40.0
Baziège (31450),/management/ville/baziege/ville-31048,10.0,85.0,300.0,465.0,445.0,265.0,550.0,581.0,416.0,834.0,19.8,26.2,27.3,20.9,17.3,17.6,35.6,34.5
Berlise (02340),/management/ville/berlise/ville-02069,5.0,0.0,5.0,5.0,21.0,21.0,40.0,27.0,11.0,6.0,45.0,50.0,35.0,25.5,15.0,9.5,5.0,9.5
Corveissiat (01250),/management/ville/corveissiat/ville-01125,15.0,20.0,15.0,91.0,56.0,61.0,122.0,148.0,88.0,97.0,22.8,31.3,40.8,22.8,20.2,18.1,16.2,26.4
Clefmont (52240),/management/ville/clefmont/ville-52132,0.0,25.0,10.0,25.0,25.0,15.0,50.0,54.0,17.0,22.0,25.0,45.1,51.4,22.4,6.9,16.9,16.7,14.1
Allemans-du-Dropt (47800),/management/ville/allemans-du-dropt/ville-47005,5.0,10.0,10.0,30.0,65.0,50.0,164.0,111.0,58.0,62.0,36.3,46.8,33.2,21.6,15.0,14.3,15.5,15.3
Buverchy (80400),/management/ville/buverchy/ville-80158,0.0,0.0,0.0,9.0,9.0,9.0,6.0,10.0,8.0,8.0,0.0,35.3,43.8,22.2,31.3,17.6,25.0,23.5
Castillon-de-Saint-Martory (31360),/management/ville/castillon-de-saint-martory/ville-31124,31.0,20.0,15.0,51.0,65.0,30.0,80.0,88.0,65.0,64.0,27.7,26.1,34.6,23.9,20.1,23.9,17.6,26.1
Charny (77410),/management/ville/charny/ville-77095,0.0,28.0,104.0,256.0,199.0,104.0,198.0,241.0,181.0,263.0,22.6,22.3,31.2,22.6,21.2,19.8,25.1,34.5
Auradou (47140),/management/ville/auradou/ville-47017,19.0,14.0,14.0,14.0,79.0,47.0,66.0,94.0,72.0,51.0,23.8,23.2,39.9,26.4,23.1,27.5,13.3,23.2
Bégard (22140),/management/ville/begard/ville-22004,35.0,116.0,111.0,337.0,643.0,618.0,1313.0,1099.0,576.0,702.0,29.1,41.6,36.6,21.8,15.7,15.5,18.7,19.4
Aren (64400),/management/ville/aren/ville-64039,5.0,10.0,10.0,25.0,40.0,45.0,37.0,51.0,47.0,43.0,13.8,27.5,35.6,22.0,31.0,22.0,19.5,28.6
Bourg-la-Reine (92340),/management/ville/bourg-la-reine/ville-92014,4.0,376.0,4887.0,2329.0,1789.0,651.0,2097.0,1307.0,1819.0,9142.0,12.4,16.5,9.9,8.9,11.1,14.0,66.7,61.1
Aspet (31160),/management/ville/aspet/ville-31020,25.0,10.0,55.0,110.0,110.0,100.0,209.0,193.0,141.0,173.0,30.3,28.3,31.9,23.1,15.0,23.5,22.8,25.3
Chauffailles (71170),/management/ville/chauffailles/ville-71120,20.0,171.0,50.0,259.0,396.0,513.0,1252.0,1002.0,446.0,386.0,32.2,48.2,41.5,22.1,14.3,14.6,12.0,13.0
Canehan (76260),/management/ville/canehan/ville-76155,5.0,20.0,15.0,20.0,49.0,69.0,78.0,76.0,34.0,53.0,24.0,41.4,38.4,20.8,17.6,11.2,20.0,24.1
Bey (71620),/management/ville/bey/ville-71033,15.0,31.0,31.0,135.0,129.0,129.0,167.0,222.0,103.0,112.0,21.7,33.6,45.7,25.7,15.0,19.1,17.7,19.4
Cescau (64170),/management/ville/cescau/ville-64184,16.0,31.0,47.0,57.0,73.0,83.0,65.0,128.0,92.0,119.0,13.1,19.1,37.4,26.5,18.7,26.5,30.8,27.9
Champenard (27600),/management/ville/champenard/ville-27142,0.0,11.0,43.0,53.0,37.0,22.0,34.0,45.0,31.0,65.0,21.1,16.9,28.9,22.6,14.4,21.7,35.6,38.6
Courteilles (27130),/management/ville/courteilles/ville-27182,0.0,0.0,10.0,30.0,10.0,30.0,36.0,34.0,20.0,29.0,28.3,32.2,31.7,23.1,18.3,15.3,21.7,27.1
Bazien (88700),/management/ville/bazien/ville-88042,0.0,0.0,0.0,14.0,19.0,5.0,19.0,19.0,10.0,8.0,29.6,36.7,37.0,29.4,14.8,20.0,18.5,10.0
Cléguer (56620),/management/ville/cleguer/ville-56040,40.0,95.0,110.0,300.0,425.0,495.0,609.0,812.0,490.0,535.0,22.3,27.4,40.2,25.1,19.2,20.9,18.4,25.2
Bléneau (89220),/management/ville/bleneau/ville-89046,10.0,45.0,35.0,69.0,153.0,206.0,563.0,297.0,143.0,117.0,44.3,55.6,33.5,18.8,13.1,12.5,9.1,11.7
Bar (19800),/management/ville/bar/ville-19016,26.0,10.0,26.0,56.0,26.0,41.0,73.0,53.0,46.0,72.0,26.2,33.9,31.0,13.3,15.1,22.9,27.8,31.4
Bègles (33130),/management/ville/begles/ville-33039,7.0,823.0,2178.0,3964.0,4047.0,2628.0,5053.0,4821.0,3430.0,6767.0,23.0,27.0,28.1,19.8,17.3,16.9,31.6,35.5
Angevillers (57440),/management/ville/angevillers/ville-57022,0.0,25.0,60.0,155.0,255.0,90.0,222.0,287.0,170.0,249.0,17.0,30.6,39.0,22.0,18.9,17.7,25.1,28.5
Bonrepos-sur-Aussonnelle (31470),/management/ville/bonrepos-sur-aussonnelle/ville-31075,0.0,43.0,183.0,178.0,135.0,67.0,98.0,163.0,117.0,391.0,12.5,12.9,25.5,16.7,14.0,16.7,48.0,53.6
Bourg-Lastic (63760),/management/ville/bourg-lastic/ville-63048,40.0,25.0,15.0,70.0,145.0,70.0,275.0,217.0,125.0,115.0,27.8,46.2,43.0,18.1,14.9,19.0,14.3,16.9
Chauffecourt (88500),/management/ville/chauffecourt/ville-88097,0.0,0.0,5.0,0.0,10.0,0.0,6.0,12.0,4.0,7.0,7.1,33.3,57.1,25.0,7.1,20.0,28.6,20.0
Auragne (31190),/management/ville/auragne/ville-31024,10.0,20.0,50.0,40.0,40.0,45.0,63.0,68.0,55.0,120.0,21.6,19.4,27.7,17.0,17.6,18.1,33.1,45.8
Compains (63610),/management/ville/compains/ville-63117,15.0,0.0,5.0,5.0,5.0,5.0,40.0,32.0,18.0,16.0,34.0,39.3,34.0,24.6,18.0,17.9,14.0,16.1
Aydoilles (88600),/management/ville/aydoilles/ville-88026,0.0,41.0,93.0,139.0,181.0,88.0,175.0,233.0,134.0,253.0,21.2,23.1,35.0,21.9,17.6,16.0,26.2,37.3
Courteix (19340),/management/ville/courteix/ville-19065,0.0,0.0,0.0,5.0,5.0,20.0,11.0,16.0,10.0,9.0,24.0,23.8,40.0,25.0,28.0,14.3,8.0,33.3
Allemant (02320),/management/ville/allemant/ville-02010,0.0,0.0,0.0,25.0,25.0,40.0,41.0,47.0,8.0,24.0,35.1,32.8,43.9,27.7,7.0,6.3,14.0,25.0
7
,15.6,21.3,24.7
Corvol-d'Embernard (58210),/management/ville/corvol-d-embernard/ville-58084,5.0,0.0,0.0,0.0,0.0,15.0,18.0,31.0,8.0,19.0,7.7,40.5,51.3,25.0,10.3,10.8,30.8,18.9
Charny Orée de Puisaye (89120),/management/ville/charny-oree-de-puisaye/ville-89086,148.0,158.0,148.0,423.0,555.0,626.0,1499.0,1307.0,619.0,637.0,31.6,41.8,39.0,23.5,14.6,15.9,14.8,16.5
Bréal-sous-Montfort (35310),/management/ville/breal-sous-montfort/ville-35037,44.0,127.0,453.0,940.0,804.0,760.0,749.0,1169.0,847.0,1362.0,16.5,19.8,34.6,21.8,20.0,21.1,28.9,37.1
Cléguérec (56480),/management/ville/cleguerec/ville-56041,101.0,114.0,76.0,277.0,304.0,419.0,836.0,606.0,381.0,430.0,30.1,43.4,34.5,19.3,17.8,16.1,17.6,20.5
Brotte-lès-Luxeuil (70300),/management/ville/brotte-les-luxeuil/ville-70098,0.0,10.0,15.0,10.0,40.0,20.0,26.0,79.0,30.0,26.0,10.5,22.7,52.3,36.2,17.4,20.0,19.8,12.0
Crollon (50220),/management/ville/crollon/ville-50155,10.0,10.0,0.0,20.0,50.0,65.0,61.0,81.0,28.0,38.0,24.0,35.0,46.2,26.7,12.5,14.6,17.3,19.4
Aspin-Aure (65240),/management/ville/aspin-aure/ville-65039,6.0,0.0,0.0,0.0,0.0,0.0,18.0,12.0,10.0,4.0,33.3,50.0,28.6,25.0,28.6,18.2,9.5,4.5
Bey-sur-Seille (54760),/management/ville/bey-sur-seille/ville-54070,0.0,9.0,0.0,9.0,33.0,9.0,25.0,28.0,25.0,39.0,18.3,23.6,28.3,20.0,21.7,20.0,31.7,36.4
Chevières (08250),/management/ville/chevieres/ville-08120,0.0,5.0,0.0,0.0,0.0,15.0,19.0,14.0,5.0,2.0,37.5,62.5,41.7,22.2,12.5,12.5,8.3,0.0
Chauffour-lès-Bailly (10110),/management/ville/chauffour-les-bailly/ville-10092,10.0,0.0,5.0,5.0,15.0,30.0,25.0,31.0,18.0,10.0,20.5,40.0,52.3,21.1,18.2,25.0,9.1,15.0
Compainville (76440),/management/ville/compainville/ville-76185,21.0,5.0,0.0,0.0,26.0,10.0,52.0,26.0,18.0,31.0,40.0,42.6,30.8,10.2,13.8,13.1,15.4,34.4
Castillon-Debats (32190),/management/ville/castillon-debats/ville-32088,20.0,10.0,10.0,30.0,25.0,25.0,118.0,65.0,43.0,47.0,38.8,47.8,32.8,14.9,14.2,17.4,14.2,20.3
Champenoux (54280),/management/ville/champenoux/ville-54113,14.0,69.0,102.0,190.0,199.0,69.0,196.0,286.0,193.0,312.0,17.3,22.2,35.0,22.5,19.8,19.3,27.9,35.0
Berlou (34360),/management/ville/berlou/ville-34030,5.0,25.0,5.0,10.0,15.0,25.0,48.0,43.0,34.0,42.0,25.6,32.1,37.2,14.7,19.8,21.0,17.4,33.3
Bazillac (65140),/management/ville/bazillac/ville-65073,0.0,10.0,10.0,25.0,45.0,30.0,62.0,105.0,42.0,49.0,26.0,22.2,44.7,31.6,12.2,20.0,17.1,20.7
Abzac (33230),/management/ville/abzac/ville-33001,0.0,35.0,30.0,262.0,346.0,257.0,468.0,488.0,253.0,222.0,31.8,33.5,37.5,27.5,17.1,18.2,13.6,17.3
Blennes (77940),/management/ville/blennes/ville-77035,5.0,11.0,20.0,125.0,65.0,37.0,87.0,122.0,95.0,115.0,22.1,19.4,34.7,23.9,19.7,25.7,23.5,31.6
Begnécourt (88270),/management/ville/begnecourt/ville-88047,0.0,5.0,5.0,27.0,21.0,43.0,26.0,46.0,26.0,26.0,19.4,22.6,45.2,26.9,21.0,21.0,14.5,27.4
Angicourt (60940),/management/ville/angicourt/ville-60013,0.0,65.0,135.0,160.0,145.0,105.0,269.0,347.0,169.0,284.0,23.3,27.2,38.0,24.2,14.9,16.8,23.8,29.5
Bourg-le-Comte (71110),/management/ville/bourg-le-comte/ville-71048,10.0,20.0,10.0,10.0,10.0,20.0,49.0,45.0,22.0,30.0,32.5,35.2,36.4,22.8,15.6,14.1,15.6,25.4
Bar-le-Duc (55000),/management/ville/bar-le-duc/ville-55029,30.0,328.0,968.0,1553.0,2206.0,1624.0,3837.0,2815.0,1928.0,2981.0,29.0,36.7,29.7,19.5,15.6,17.5,25.6,25.9
Bons-en-Chablais (74890),/management/ville/bons-en-chablais/ville-74043,15.0,137.0,372.0,914.0,841.0,640.0,829.0,1209.0,760.0,1176.0,17.8,23.7,37.4,22.8,18.8,19.4,26.0,33.0
Clelles (38930),/management/ville/clelles/ville-38113,5.0,41.0,10.0,46.0,56.0,77.0,95.0,115.0,90.0,128.0,22.3,22.1,28.4,23.6,24.2,17.8,25.1,34.7
Canéjan (33610),/management/ville/canejan/ville-33090,0.0,120.0,500.0,750.0,780.0,465.0,816.0,1074.0,721.0,1410.0,16.3,23.8,29.4,23.0,17.3,18.5,37.0,33.4
Arengosse (40110),/management/ville/arengosse/ville-40006,5.0,19.0,10.0,45.0,102.0,118.0,249.0,179.0,84.0,71.0,39.2,46.4,34.7,23.7,14.8,13.7,11.3,13.1
Cromac (87160),/management/ville/cromac/ville-87053,10.0,10.0,0.0,0.0,10.0,61.0,62.0,79.0,30.0,29.0,25.0,36.2,45.8,28.6,15.6,14.3,13.5,15.2
Chevigney (70140),/management/ville/chevigney/ville-70151,0.0,0.0,0.0,5.0,0.0,10.0,17.0,7.0,5.0,4.0,50.0,53.3,22.2,20.0,11.1,20.0,16.7,6.7
Buxerolles (21290),/management/ville/buxerolles/ville-21123,0.0,0.0,9.0,5.0,0.0,0.0,8.0,6.0,4.0,5.0,45.5,30.8,27.3,23.1,9.1,23.1,18.2,23.1
Ayen (19310),/management/ville/ayen/ville-19015,5.0,30.0,24.0,54.0,88.0,120.0,180.0,201.0,88.0,104.0,27.5,35.3,43.7,24.4,13.0,17.6,15.8,20.4
Clémensat (63320),/management/ville/clemensat/ville-63111,0.0,10.0,10.0,25.0,15.0,15.0,13.0,34.0,21.0,24.0,10.6,17.8,51.1,23.3,19.1,26.7,19.1,33.3
Charny-le-Bachot (10380),/management/ville/charny-le-bachot/ville-10086,5.0,10.0,5.0,5.0,30.0,40.0,53.0,57.0,29.0,34.0,28.6,32.9,34.1,27.7,16.5,17.1,20.9,18.3
Brotte-lès-Ray (70180),/management/ville/brotte-les-ray/ville-70099,0.0,0.0,0.0,0.0,10.0,25.0,25.0,20.0,9.0,7.0,40.0,41.9,36.7,25.7,13.3,16.1,10.0,12.9
Beychac-et-Caillau (33750),/management/ville/beychac-et-caillau/ville-33049,5.0,89.0,153.0,246.0,315.0,222.0,348.0,517.0,301.0,443.0,20.3,22.9,37.3,25.4,17.6,19.8,24.8,30.0
Cesny-les-Sources (14220),/management/ville/cesny-les-sources/ville-14150,25.0,65.0,54.0,135.0,139.0,183.0,303.0,277.0,150.0,250.0,26.6,35.1,37.0,18.8,16.2,14.4,20.2,30.7
Courtelevant (90100),/management/ville/courtelevant/ville-90028,0.0,10.0,5.0,30.0,61.0,106.0,125.0,107.0,45.0,58.0,29.8,44.9,36.9,23.4,14.9,12.0,18.5,16.2
Bréal-sous-Vitré (35370),/management/ville/breal-sous-vitre/ville-35038,10.0,10.0,10.0,70.0,80.0,181.0,139.0,165.0,72.0,81.0,29.3,31.6,43.0,25.6,14.0,17.7,13.6,22.3
Aspin-en-Lavedan (65100),/management/ville/aspin-en-lavedan/ville-65040,14.0,14.0,19.0,47.0,52.0,28.0,47.0,88.0,53.0,59.0,15.7,22.5,46.5,24.4,18.1,25.0,19.7,28.3
Auray (56400),/management/ville/auray/ville-56007,34.0,366.0,862.0,1490.0,1726.0,1456.0,2898.0,2588.0,1841.0,3005.0,21.7,33.1,30.8,19.8,18.4,17.4,29.1,29.1
Compans (77290),/management/ville/compans/ville-77123,0.0,5.0,70.0,121.0,143.0,124.0,170.0,160.0,108.0,105.0,31.3,31.4,32.7,24.5,19.1,20.8,16.9,22.0
Castillon-du-Gard (30210),/management/ville/castillon-du-gard/ville-30073,35.0,121.0,76.0,222.0,227.0,131.0,260.0,281.0,227.0,447.0,19.1,23.6,28.9,17.8,18.9,18.5,33.1,40.3
Chauffour-lès-Étréchy (91580),/management/ville/chauffour-les-etrechy/ville-91148,10.0,0.0,0.0,31.0,5.0,10.0,12.0,35.0,22.0,28.0,10.2,15.2,42.9,26.5,24.5,21.7,22.4,34.8
Champéon (53640),/management/ville/champeon/ville-53051,25.0,5.0,15.0,29.0,59.0,103.0,132.0,132.0,75.0,77.0,30.4,33.3,36.3,25.0,18.6,17.1,14.7,21.9
Bazincourt-sur-Epte (27140),/management/ville/bazincourt-sur-epte/ville-27045,10.0,45.0,15.0,65.0,145.0,60.0,137.0,177.0,104.0,122.0,19.3,31.7,39.6,24.2,18.9,19.6,22.2,23.0
Ayencourt (80500),/management/ville/ayencourt/ville-80049,5.0,5.0,15.0,10.0,52.0,36.0,49.0,44.0,25.0,24.0,30.4,38.9,33.3,26.2,20.3,13.9,15.9,16.7
Corvol-l'Orgueilleux (58460),/management/ville/corvol-l-orgueilleux/ville-58085,5.0,25.0,30.0,61.0,91.0,91.0,252.0,199.0,81.0,91.0,36.0,45.2,37.3,23.7,12.0,13.7,14.6,14.3
Brou (28160),/management/ville/brou/ville-28061,5.0,100.0,70.0,200.0,411.0,431.0,1470.0,753.0,292.0,271.0,46.4,58.0,35.5,18.7,8.3,12.2,9.8,9.6
Bourg-le-Roi (72610),/management/ville/bourg-le-roi/ville-72043,0.0,0.0,20.0,36.0,51.0,20.0,75.0,53.0,48.0,65.0,26.5,35.8,31.6,14.0,18.8,20.3,23.1,30.9
Accolans (25250),/management/ville/accolans/ville-25005,5.0,10.0,0.0,10.0,10.0,10.0,27.0,17.0,12.0,17.0,31.6,44.4,26.3,19.4,13.2,19.4,28.9,16.7
Blénod-lès-Pont-à-Mousson (54700),/management/ville/blenod-les-pont-a-mousson/ville-54079,5.0,96.0,86.0,424.0,661.0,771.0,1242.0,1072.0,508.0,535.0,31.6,42.0,36.9,24.2,16.2,14.1,15.3,16.5
Bar-lès-Buzancy (08240),/management/ville/bar-les-buzancy/ville-08049,0.0,10.0,0.0,15.0,30.0,30.0,30.0,37.0,12.0,14.0,25.0,38.8,54.5,24.5,6.8,18.4,13.6,16.3
Allemant (51120),/management/ville/allemant/ville-51005,25.0,10.0,5.0,20.0,10.0,30.0,48.0,35.0,18.0,18.0,38.7,42.1,35.5,21.3,14.5,15.8,11.3,19.3
Bégole (65190),/management/ville/begole/ville-65079,10.0,5.0,10.0,52.0,31.0,5.0,42.0,46.0,30.0,40.0,28.2,25.6,33.3,23.3,17.9,19.5,20.5,30.5
Canens (31310),/management/ville/canens/ville-31103,5.0,5.0,5.0,10.0,10.0,5.0,10.0,12.0,10.0,17.0,14.8,28.0,33.3,16.7,18.5,20.0,33.3,36.0
Arenthon (74800),/management/ville/arenthon/ville-74018,9.0,66.0,74.0,321.0,274.0,209.0,213.0,380.0,241.0,411.0,14.7,19.4,37.0,23.0,19.4,19.4,29.0,37.2
Bréançon (95640),/management/ville/breancon/ville-95102,5.0,10.0,45.0,70.0,25.0,15.0,46.0,77.0,56.0,109.0,12.6,18.4,32.6,22.1,14.8,23.7,40.0,36.2
Cromary (70190),/management/ville/cromary/ville-70189,5.0,20.0,5.0,29.0,15.0,44.0,31.0,48.0,31.0,63.0,15.5,21.1,31.0,22.8,15.5,21.1,38.1,34.4
Chevigney-lès-Vercel (25530),/management/ville/chevigney-les-vercel/ville-25151,5.0,5.0,15.0,25.0,5.0,20.0,14.0,35.0,6.0,27.0,15.4,18.6,46.2,30.4,5.1,9.3,33.3,32.6
Bazincourt-sur-Saulx (55170),/management/ville/bazincourt-sur-saulx/ville-55035,0.0,5.0,20.0,20.0,15.0,20.0,35.0,34.0,21.0,26.0,27.1,33.3,37.3,19.7,22.0,14.0,13.6,31.6
Brou-sur-Chantereine (77177),/management/ville/brou-sur-chantereine/ville-77055,0.0,75.0,186.0,632.0,758.0,371.0,796.0,781.0,643.0,746.0,27.7,26.1,32.3,21.6,19.6,23.5,20.4,29.3
Clémery (54610),/management/ville/clemery/ville-54131,5.0,34.0,30.0,94.0,59.0,55.0,79.0,96.0,58.0,114.0,22.3,23.1,32.4,22.0,15.1,18.3,30.2,35.5
Bons-Tassilly (14420),/management/ville/bons-tassilly/ville-14088,0.0,15.0,0.0,45.0,60.0,50.0,101.0,87.0,46.0,56.0,25.9,43.5,41.3,18.3,16.8,15.0,16.1,22.4
Charny-sur-Meuse (55100),/management/ville/charny-sur-meuse/ville-55102,15.0,39.0,5.0,83.0,60.0,43.0,89.0,132.0,83.0,92.0,19.1,25.2,39.7,25.5,21.6,20.3,19.6,27.2
Cessac (33760),/management/ville/cessac/ville-33121,0.0,15.0,10.0,5.0,35.0,40.0,49.0,49.0,35.0,18.0,28.0,36.8,41.3,24.3,20.0,26.3,10.7,13.2
Courtemanche (80500),/management/ville/courtemanche/ville-80220,5.0,5.0,5.0,10.0,15.0,20.0,24.0,28.0,11.0,16.0,25.0,37.1,45.5,19.5,20.5,5.7,9.1,34.3
Beylongue (40370),/management/ville/beylongue/ville-40040,5.0,15.0,0.0,35.0,35.0,50.0,98.0,93.0,40.0,50.0,32.2,37.9,39.6,23.4,12.8,15.9,15.4,20.5
Angiens (76740),/management/ville/angiens/ville-76015,10.0,10.0,10.0,75.0,70.0,90.0,158.0,117.0,55.0,81.0,30.8,46.3,33.2,21.9,11.1,15.8,25.0,14.3
Compertrix (51510),/management/ville/compertrix/ville-51160,0.0,31.0,90.0,153.0,267.0,109.0,279.0,292.0,218.0,252.0,23.3,30.1,33.9,22.2,20.4,21.5,22.4,26.0
Aure (08400),/management/ville/aure/ville-08031,5.0,0.0,0.0,0.0,5.0,10.0,15.0,12.0,7.0,5.0,40.0,36.8,40.0,21.1,15.0,21.1,5.0,21.1
Castillon-en-Auge (14140),/management/ville/castillon-en-auge/ville-14141,15.0,15.0,10.0,15.0,10.0,25.0,33.0,31.0,30.0,27.0,25.8,28.8,33.9,19.2,21.0,28.8,19.4,25.4
Aspiran (34800),/management/ville/aspiran/ville-34013,40.0,135.0,70.0,115.0,215.0,160.0,416.0,301.0,237.0,266.0,32.0,36.0,29.7,20.2,18.5,20.3,19.9,23.6
Chauffour-sur-Vell (19500),/management/ville/chauffour-sur-vell/ville-19050,16.0,26.0,25.0,51.0,55.0,75.0,99.0,102.0,60.0,73.0,28.8,30.5,31.2,25.8,21.8,14.0,18.2,25.6
Ayette (62116),/management/ville/ayette/ville-62068,10.0,25.0,10.0,30.0,40.0,70.0,73.0,75.0,51.0,53.0,28.6,29.4,34.9,23.7,19.8,20.6,16.7,25.4
Bréau (77720),/management/ville/breau/ville-77052,0.0,5.0,49.0,49.0,54.0,33.0,56.0,66.0,45.0,65.0,20.2,28.9,31.9,23.1,20.2,18.4,27.7,28.1
Buxerolles (86180),/management/ville/buxerolles/ville-86041,0.0,105.0,904.0,1510.0,1487.0,651.0,1854.0,1571.0,1489.0,2606.0,21.0,27.7,24.5,18.3,19.7,19.9,34.8,34.5
Corzé (49140),/management/ville/corze/ville-49110,25.0,21.0,96.0,162.0,244.0,290.0,351.0,431.0,240.0,256.0,23.5,31.4,40.7,24.9,17.7,19.8,18.0,22.2
Bermerain (59213),/management/ville/bermerain/ville-59069,10.0,36.0,56.0,100.0,97.0,97.0,149.0,143.0,103.0,147.0,24.2,30.8,32.3,20.0,20.1,17.9,23.4,30.8
Bourg-lès-Valence (26500),/management/ville/bourg-les-valence/ville-26058,21.0,529.0,1185.0,2332.0,2765.0,2006.0,4077.0,3985.0,2591.0,4211.0,25.6,29.1,30.2,22.5,16.3,18.5,27.9,28.7
Allemond (38114),/management/ville/allemond/ville-38005,5.0,78.0,31.0,166.0,150.0,124.0,135.0,215.0,191.0,236.0,12.7,21.8,36.9,20.2,23.2,25.8,27.2,33.6
Bégrolles-en-Mauges (49122),/management/ville/begrolles-en-mauges/ville-49027,25.0,99.0,69.0,187.0,251.0,444.0,366.0,468.0,275.0,297.0,23.0,29.4,37.2,26.3,20.2,18.8,19.6,22.8
Blénod-lès-Toul (54113),/management/ville/blenod-les-toul/ville-54080,0.0,46.0,41.0,107.0,138.0,154.0,239.0,255.0,140.0,143.0,30.5,30.8,36.7,26.0,18.9,17.2,14.0,22.9
Arès (33740),/management/ville/ares/ville-33011,61.0,268.0,278.0,567.0,850.0,451.0,1575.0,1409.0,913.0,1194.0,26.4,34.8,31.2,23.1,18.5,17.5,24.0,23.0
Accons (07160),/management/ville/accons/ville-07001,0.0,10.0,30.0,39.0,44.0,69.0,109.0,86.0,51.0,54.0,36.4,36.1,34.4,22.0,14.3,20.4,14.9,21.1
Canenx-et-Réaut (40090),/management/ville/canenx-et-reaut/ville-40064,0.0,5.0,0.0,5.0,25.0,25.0,22.0,54.0,22.0,28.0,17.9,16.9,43.3,33.8,17.9,16.9,20.9,23.7
Cronat (71140),/management/ville/cronat/ville-71155,58.0,0.0,5.0,26.0,58.0,47.0,139.0,139.0,75.0,81.0,24.1,39.7,36.6,24.0,22.7,11.9,16.7,20.5
Bonsecours (76240),/management/ville/bonsecours/ville-76103,0.0,145.0,730.0,855.0,650.0,395.0,1125.0,1121.0,799.0,1926.0,18.7,25.7,25.9,19.4,14.4,17.4,41.0,37.0
Compeyre (12520),/management/ville/compeyre/ville-12070,5.0,20.0,25.0,90.0,69.0,30.0,85.0,138.0,68.0,119.0,18.4,23.2,46.7,20.0,12.3,21.2,22.6,35.9
Aspremont (05140),/management/ville/aspremont/ville-05008,0.0,20.0,10.0,50.0,40.0,30.0,84.0,82.0,49.0,55.0,30.5,31.8,33.3,24.6,19.1,17.1,17.0,24.0
Cessales (31290),/management/ville/cessales/ville-31137,5.0,11.0,5.0,37.0,16.0,0.0,32.0,25.0,23.0,50.0,22.1,27.4,26.5,10.3,20.6,16.1,30.9,46.8
Bar-sur-Aube (10200),/management/ville/bar-sur-aube/ville-10033,47.0,102.0,89.0,328.0,605.0,860.0,1922.0,850.0,659.0,531.0,43.3,52.9,27.9,16.3,15.3,17.7,13.5,13.3
Ayguatébia-Talau (66360),/management/ville/ayguatebia-talau/ville-66010,0.0,0.0,0.0,0.0,11.0,11.0,8.0,15.0,6.0,8.0,4.8,42.9,52.4,23.5,23.8,7.1,19.0,21.4
Angirey (70700),/management/ville/angirey/ville-70022,5.0,0.0,10.0,0.0,25.0,46.0,35.0,30.0,11.0,25.0,27.1,40.4,41.7,17.9,10.4,11.5,20.8,28.8
Courtemaux (45320),/management/ville/courtemaux/ville-45113,20.0,10.0,5.0,29.0,20.0,10.0,77.0,64.0,31.0,42.0,32.1,39.0,31.2,23.2,21.1,8.6,15.6,24.8
Aure sur Mer (14520),/management/ville/aure-sur-mer/ville-14591,10.0,20.0,15.0,71.0,111.0,91.0,155.0,178.0,89.0,121.0,25.5,32.0,41.4,22.9,13.3,19.2,19.8,24.8
Beynac (87700),/management/ville/beynac/ville-87015,10.0,20.0,40.0,105.0,90.0,65.0,89.0,96.0,106.0,185.0,13.3,23.8,26.2,15.2,24.9,19.7,35.6,42.2
Castillon-en-Couserans (09800),/management/ville/castillon-en-couserans/ville-09085,0.0,15.0,0.0,60.0,40.0,25.0,111.0,59.0,74.0,100.0,33.8,31.1,20.8,15.4,20.8,22.1,24.7,32.6
Clémont (18410),/management/ville/clemont/ville-18067,20.0,15.0,25.0,60.0,76.0,109.0,233.0,179.0,73.0,100.0,36.8,43.0,34.4,23.9,10.5,14.0,18.2,16.0
Bazinghen (62250),/management/ville/bazinghen/ville-62089,20.0,25.0,30.0,50.0,35.0,30.0,56.0,66.0,56.0,102.0,14.5,25.9,29.7,17.8,18.6,21.5,37.2,35.6
Brouains (50150),/management/ville/brouains/ville-50088,5.0,5.0,0.0,23.0,14.0,14.0,52.0,28.0,15.0,22.0,43.1,46.6,31.0,16.4,12.1,12.1,13.8,24.1
Charolles (71120),/management/ville/charolles/ville-71106,10.0,70.0,95.0,230.0,315.0,290.0,864.0,614.0,327.0,391.0,29.8,47.1,36.4,19.7,15.7,14.2,18.0,17.7
Bléquin (62380),/management/ville/blequin/ville-62140,0.0,5.0,5.0,45.0,61.0,111.0,111.0,94.0,88.0,57.0,27.8,36.1,33.9,20.8,25.0,25.4,13.3,18.9
Cronce (43300),/management/ville/cronce/ville-43082,11.0,5.0,5.0,0.0,5.0,0.0,16.0,38.0,9.0,3.0,12.1,36.4,69.7,34.9,12.1,15.2,6.1,3.0
Chauffours (28120),/management/ville/chauffours/ville-28095,10.0,5.0,15.0,25.0,40.0,69.0,76.0,66.0,29.0,37.0,32.4,40.8,42.9,19.8,10.5,17.5,14.3,21.4
Berméricourt (51220),/management/ville/bermericourt/ville-51051,5.0,0.0,10.0,26.0,25.0,16.0,35.0,45.0,30.0,36.0,19.7,27.6,28.2,28.7,23.9,18.4,28.2,21.1
Allenay (80130),/management/ville/allenay/ville-80018,5.0,16.0,16.0,5.0,10.0,36.0,100.0,54.0,27.0,30.0,35.0,58.3,35.0,15.8,14.6,11.1,15.5,13.9
Bréau-Mars (30120),/management/ville/breau-mars/ville-30052,35.0,10.0,36.0,51.0,112.0,38.0,115.0,124.0,78.0,148.0,23.7,26.0,33.3,19.8,15.8,17.4,27.2,36.2
Bourg-Madame (66760),/management/ville/bourg-madame/ville-66025,10.0,71.0,20.0,102.0,233.0,132.0,322.0,154.0,213.0,201.0,34.0,38.2,19.4,16.5,25.1,23.0,21.5,23.6
Buxeuil (10110),/management/ville/buxeuil/ville-10068,5.0,10.0,0.0,5.0,20.0,15.0,27.0,42.0,18.0,17.0,18.4,32.7,51.0,27.4,16.3,18.2,14.3,18.2
Aresches (39110),/management/ville/aresches/ville-39586,0.0,0.0,0.0,5.0,0.0,0.0,12.0,6.0,6.0,9.0,23.5,50.0,29.4,7.1,29.4,7.1,17.6,35.7
Cos (09000),/management/ville/cos/ville-09099,5.0,15.0,45.0,75.0,55.0,35.0,59.0,81.0,68.0,103.0,17.6,20.2,31.8,21.4,20.3,23.3,30.4,35.6
Accous (64490),/management/ville/accous/ville-64006,15.0,25.0,15.0,55.0,50.0,40.0,112.0,102.0,76.0,97.0,31.1,27.0,33.7,19.4,19.5,19.4,15.8,34.2
Bègues (03800),/management/ville/begues/ville-03021,10.0,5.0,25.0,40.0,20.0,25.0,44.0,54.0,32.0,50.0,22.3,26.7,36.2,22.2,17.0,18.6,24.5,31.4
Cesse (55700),/management/ville/cesse/ville-55095,5.0,0.0,0.0,10.0,5.0,31.0,18.0,40.0,22.0,14.0,8.9,29.2,46.7,32.2,31.1,16.7,13.3,14.6
Champétières (63600),/management/ville/champetieres/ville-63081,5.0,20.0,0.0,15.0,25.0,30.0,106.0,65.0,39.0,30.0,37.3,51.8,33.3,19.2,17.5,14.9,11.9,13.2
Canet (11200),/management/ville/canet/ville-11067,38.0,82.0,34.0,173.0,279.0,173.0,324.0,399.0,266.0,278.0,22.9,28.2,37.9,24.2,20.4,21.7,18.8,25.0
Bonsmoulins (61380),/management/ville/bonsmoulins/ville-61053,5.0,0.0,5.0,31.0,41.0,21.0,50.0,61.0,29.0,40.0,26.1,30.4,43.2,23.2,13.6,17.4,17.0,27.2
Aspremont (06790),/management/ville/aspremont/ville-06006,5.0,174.0,230.0,322.0,226.0,139.0,326.0,358.0,343.0,621.0,20.0,19.6,24.6,19.6,19.2,22.5,36.2,39.1
Aurec-sur-Loire (43110),/management/ville/aurec-sur-loire/ville-43012,10.0,188.0,324.0,688.0,931.0,591.0,1226.0,1189.0,845.0,1115.0,24.4,31.3,33.4,21.0,20.2,18.5,22.0,28.6
Clénay (21490),/management/ville/clenay/ville-21179,0.0,10.0,108.0,118.0,88.0,88.0,96.0,158.0,107.0,228.0,14.0,18.6,32.1,20.9,17.4,19.0,36.5,41.0
Broualan (35120),/management/ville/broualan/ville-35044,0.0,15.0,15.0,35.0,40.0,60.0,88.0,94.0,41.0,35.0,32.6,35.8,44.4,25.2,14.1,17.9,8.9,18.7
Courtémont (51800),/management/ville/courtemont/ville-51191,5.0,0.0,0.0,5.0,5.0,10.0,18.0,11.0,12.0,9.0,34.5,38.1,31.0,12.5,17.2,33.3,17.2,19.0
Compiègne (60200),/management/ville/compiegne/ville-60159,25.0,713.0,3890.0,3844.0,4789.0,3623.0,8148.0,5574.0,4396.0,9454.0,26.9,31.7,22.7,17.9,15.0,16.7,35.3,33.5
Castillon-la-Bataille (33350),/management/ville/castillon-la-bataille/ville-33108,30.0,85.0,50.0,130.0,295.0,505.0,1157.0,595.0,298.0,359.0,44.8,50.6,28.7,19.8,11.5,13.0,15.0,14.8
Bermeries (59570),/management/ville/bermeries/ville-59070,10.0,5.0,35.0,45.0,35.0,45.0,60.0,59.0,62.0,82.0,18.2,27.7,28.8,17.6,22.7,24.6,30.3,31.5
Bourg-Saint-Andéol (07700),/management/ville/bourg-saint-andeol/ville-07042,10.0,136.0,331.0,683.0,785.0,909.0,1942.0,1375.0,932.0,1167.0,30.5,40.6,29.3,20.9,17.0,17.4,23.2,20.1
Angivillers (60130),/management/ville/angivillers/ville-60014,10.0,0.0,10.0,15.0,20.0,25.0,40.0,34.0,22.0,33.0,30.4,31.7,34.8,17.9,11.6,23.3,23.2,28.3
Buxeuil (36150),/management/ville/buxeuil/ville-36029,10.0,10.0,15.0,5.0,35.0,25.0,52.0,65.0,24.0,31.0,20.2,39.8,48.8,24.5,11.9,15.9,19.0,17.0
Bazinval (76340),/management/ville/bazinval/ville-76059,0.0,5.0,10.0,15.0,55.0,116.0,116.0,91.0,57.0,48.0,31.0,42.9,36.8,21.3,17.4,19.2,14.8,16.0
Chevigney-sur-l'Ognon (25170),/management/ville/chevigney-sur-l-ognon/ville-25150,0.0,0.0,46.0,71.0,20.0,5.0,46.0,58.0,36.0,58.0,16.0,31.1,36.8,20.9,16.0,20.0,31.1,27.8
Charols (26450),/management/ville/charols/ville-26078,10.0,53.0,39.0,77.0,111.0,77.0,162.0,164.0,127.0,199.0,20.5,28.7,30.4,19.8,22.4,16.7,26.6,34.0
Ayguemorte-les-Graves (33640),/management/ville/ayguemorte-les-graves/ville-33023,0.0,42.0,83.0,234.0,176.0,144.0,219.0,245.0,143.0,258.0,24.6,26.3,34.7,21.1,15.2,17.8,25.5,34.0
Cropus (76720),/management/ville/cropus/ville-76204,0.0,5.0,10.0,35.0,40.0,25.0,61.0,53.0,40.0,31.0,25.5,41.4,40.8,16.5,19.4,24.1,14.3,19.5
Allenc (48190),/management/ville/allenc/ville-48003,14.0,5.0,19.0,42.0,24.0,19.0,39.0,44.0,36.0,62.0,20.7,22.2,31.5,17.0,20.7,18.9,27.2,42.2
Aspres-lès-Corps (05800),/management/ville/aspres-les-corps/ville-05009,10.0,5.0,0.0,14.0,5.0,19.0,29.0,25.0,22.0,17.0,37.7,21.4,32.1,21.1,20.8,28.6,9.4,31.0
Clenleu (62650),/management/ville/clenleu/ville-62227,20.0,5.0,15.0,15.0,35.0,15.0,43.0,38.0,27.0,47.0,24.1,31.6,29.1,18.8,20.3,14.5,26.6,34.2
Canet (34800),/management/ville/canet/ville-34051,35.0,140.0,180.0,430.0,515.0,285.0,637.0,698.0,459.0,647.0,25.5,26.6,33.4,23.3,16.8,20.7,24.2,28.7
Blérancourt (02300),/management/ville/blerancourt/ville-02093,5.0,20.0,69.0,118.0,162.0,167.0,340.0,272.0,152.0,148.0,30.4,43.8,36.3,22.1,16.9,16.5,16.4,16.1
Aressy (64320),/management/ville/aressy/ville-64041,0.0,5.0,80.0,104.0,73.0,63.0,126.0,184.0,85.0,138.0,21.2,26.2,42.4,24.2,14.1,17.9,22.3,29.7
Bar-sur-Seine (10110),/management/ville/bar-sur-seine/ville-10034,25.0,74.0,70.0,154.0,338.0,526.0,1128.0,580.0,276.0,305.0,40.8,56.5,33.5,17.4,11.2,12.7,14.5,12.3
Cosges (39140),/management/ville/cosges/ville-39167,10.0,5.0,5.0,26.0,86.0,66.0,73.0,124.0,44.0,41.0,24.2,28.0,48.3,31.9,14.8,15.9,12.8,16.7
Beynac-et-Cazenac (24220),/management/ville/beynac-et-cazenac/ville-24040,5.0,55.0,15.0,25.0,55.0,55.0,110.0,116.0,83.0,158.0,19.5,27.3,31.0,18.5,19.0,16.8,30.5,37.0
Chauffourt (52140),/management/ville/chauffourt/ville-52120,5.0,5.0,10.0,5.0,35.0,60.0,69.0,63.0,13.0,16.0,39.7,45.8,47.4,25.7,6.4,9.6,6.4,13.3
Béguey (33410),/management/ville/beguey/ville-33040,0.0,49.0,39.0,147.0,172.0,128.0,244.0,255.0,164.0,221.0,25.5,29.6,30.6,24.6,20.2,16.9,23.7,26.3
Achain (57340),/management/ville/achain/ville-57004,13.0,10.0,8.0,5.0,15.0,5.0,16.0,31.0,10.0,9.0,19.4,28.6,58.1,32.5,6.5,22.9,16.1,11.4
Bréauté (76110),/management/ville/breaute/ville-76141,20.0,25.0,46.0,127.0,221.0,171.0,337.0,284.0,140.0,198.0,29.3,40.8,37.0,20.7,15.6,13.5,18.2,23.1
Champey (70400),/management/ville/champey/ville-70121,5.0,5.0,30.0,140.0,80.0,140.0,200.0,210.0,106.0,126.0,27.2,35.1,37.5,25.4,15.3,17.7,20.0,19.3
Bonson (06830),/management/ville/bonson/ville-06021,0.0,50.0,30.0,120.0,80.0,105.0,132.0,184.0,100.0,134.0,23.7,24.3,39.6,24.7,18.4,18.0,18.4,30.7
Chevigny (39290),/management/ville/chevigny/ville-39141,0.0,15.0,45.0,35.0,25.0,25.0,45.0,53.0,43.0,52.0,22.9,24.2,31.3,22.9,22.9,22.1,22.9,30.5
Compigny (89140),/management/ville/compigny/ville-89115,10.0,0.0,0.0,15.0,25.0,40.0,34.0,43.0,30.0,19.0,29.0,25.0,48.4,23.6,12.9,34.4,9.7,20.3
Cessenon-sur-Orb (34460),/management/ville/cessenon-sur-orb/ville-34074,30.0,85.0,45.0,176.0,351.0,266.0,664.0,442.0,333.0,314.0,35.8,39.6,29.1,21.5,17.1,20.7,18.0,17.9
Brouchaud (24210),/management/ville/brouchaud/ville-24066,0.0,5.0,0.0,36.0,21.0,16.0,43.0,48.0,34.0,52.0,22.1,26.1,34.9,19.8,18.6,20.7,24.4,33.7
Courtemont-Varennes (02850),/management/ville/courtemont-varennes/ville-02228,0.0,5.0,20.0,30.0,40.0,25.0,86.0,76.0,35.0,46.0,29.1,41.3,39.3,21.9,13.7,15.1,17.9,19.8
Castillon-Massas (32360),/management/ville/castillon-massas/ville-32089,0.0,10.0,15.0,15.0,35.0,20.0,47.0,52.0,30.0,60.0,25.3,24.4,32.3,21.1,15.2,16.7,27.3,36.7
Buxeuil (37160),/management/ville/buxeuil/ville-86042,0.0,31.0,21.0,103.0,108.0,129.0,262.0,303.0,88.0,111.0,26.8,42.2,48.7,25.2,12.4,10.4,12.1,17.1
Bazoches (58190),/management/ville/bazoches/ville-58023,15.0,0.0,15.0,20.0,5.0,25.0,43.0,48.0,24.0,30.0,26.0,33.3,36.4,26.3,18.2,14.5,19.5,21.7
Bourg-Saint-Bernard (31570),/management/ville/bourg-saint-bernard/ville-31082,0.0,45.0,110.0,150.0,120.0,70.0,149.0,186.0,142.0,258.0,19.6,20.9,32.0,19.1,18.2,20.4,30.1,39.9
Canet-de-Salars (12290),/management/ville/canet-de-salars/ville-12050,30.0,30.0,0.0,30.0,55.0,50.0,115.0,89.0,79.0,55.0,33.5,34.1,31.8,21.5,22.5,24.4,12.1,20.7
Coslédaà-Lube-Boast (64160),/management/ville/cosledaa-lube-boast/ville-64194,30.0,5.0,5.0,30.0,40.0,50.0,85.0,82.0,45.0,61.0,36.2,25.4,29.0,27.5,15.9,17.2,18.8,26.1
Bonson (42160),/management/ville/bonson/ville-42022,0.0,125.0,125.0,410.0,554.0,463.0,781.0,932.0,524.0,625.0,23.9,30.5,37.1,25.6,18.3,18.3,20.6,23.0
Aspres-sur-Buëch (05140),/management/ville/aspres-sur-buech/ville-05010,20.0,60.0,19.0,48.0,89.0,90.0,236.0,179.0,123.0,118.0,31.2,40.4,35.0,19.9,18.3,19.2,15.5,20.4
Ayguesvives (31450),/management/ville/ayguesvives/ville-31004,0.0,75.0,350.0,405.0,345.0,205.0,289.0,366.0,278.0,853.0,14.1,18.2,23.4,17.5,14.8,16.3,47.8,47.8
Aureil (87220),/management/ville/aureil/ville-87005,0.0,56.0,36.0,148.0,163.0,97.0,153.0,201.0,166.0,224.0,17.1,24.0,32.2,22.3,20.6,24.0,30.1,30.1
Allenjoie (25490),/management/ville/allenjoie/ville-25011,0.0,0.0,44.0,94.0,104.0,80.0,180.0,143.0,106.0,111.0,26.8,39.6,32.5,20.1,21.9,17.5,18.9,22.2
Cros (30170),/management/ville/cros/ville-30099,5.0,5.0,15.0,25.0,20.0,25.0,54.0,43.0,35.0,81.0,23.6,26.7,20.9,18.3,16.4,15.8,39.1,38.6
Cléon (76410),/management/ville/cleon/ville-76178,0.0,61.0,133.0,414.0,659.0,623.0,1502.0,1000.0,529.0,527.0,37.5,46.4,33.7,21.3,14.7,15.0,14.1,15.5
Bréban (51320),/management/ville/breban/ville-51084,20.0,5.0,0.0,5.0,5.0,35.0,24.0,28.0,9.0,7.0,31.4,39.4,45.7,28.6,17.1,9.1,5.7,15.2
Anglade (33390),/management/ville/anglade/ville-33006,20.0,40.0,15.0,129.0,124.0,105.0,252.0,257.0,119.0,95.0,32.1,37.4,41.1,27.0,14.2,18.9,12.6,13.7
Arette (64570),/management/ville/arette/ville-64040,77.0,53.0,15.0,116.0,97.0,131.0,232.0,273.0,151.0,173.0,24.6,31.5,40.3,23.5,18.2,18.1,16.8,25.2
Baracé (49430),/management/ville/barace/ville-49017,5.0,30.0,5.0,35.0,69.0,99.0,104.0,133.0,90.0,69.0,26.7,25.4,42.1,26.1,16.3,29.5,14.9,20.2
Chauffry (77169),/management/ville/chauffry/ville-77106,0.0,25.0,45.0,140.0,135.0,135.0,156.0,237.0,139.0,190.0,22.4,20.9,37.3,25.8,19.6,19.0,20.7,31.8
Achen (57412),/management/ville/achen/ville-57006,0.0,20.0,35.0,120.0,139.0,194.0,232.0,257.0,131.0,152.0,21.7,38.1,40.7,23.4,18.5,15.6,19.1,20.5
Béguios (64120),/management/ville/beguios/ville-64105,29.0,10.0,5.0,24.0,10.0,39.0,64.0,62.0,45.0,47.0,24.6,35.4,39.0,18.1,18.6,22.2,17.8,25.3
Bléré (37150),/management/ville/blere/ville-37027,10.0,175.0,259.0,509.0,654.0,640.0,1404.0,1263.0,616.0,858.0,25.6,41.2,39.8,20.8,15.2,14.6,19.5,21.8
Beynat (19190),/management/ville/beynat/ville-19023,41.0,51.0,46.0,102.0,194.0,128.0,317.0,320.0,174.0,201.0,27.2,35.3,37.7,24.1,16.0,18.2,19.1,20.5
Cesseras (34210),/management/ville/cesseras/ville-34075,35.0,15.0,0.0,35.0,40.0,45.0,108.0,67.0,61.0,88.0,29.8,36.4,24.8,17.3,17.4,20.4,28.0,26.5
Charonville (28120),/management/ville/charonville/ville-28081,0.0,5.0,20.0,35.0,40.0,35.0,61.0,86.0,32.0,32.0,26.4,31.7,48.2,28.0,14.5,15.8,10.9,19.8
Bermering (57340),/management/ville/bermering/ville-57065,5.0,0.0,10.0,25.0,45.0,30.0,57.0,70.0,23.0,17.0,26.3,41.4,55.0,26.0,12.5,14.9,6.3,13.8
Brouchy (80400),/management/ville/brouchy/ville-80144,10.0,5.0,10.0,28.0,59.0,78.0,177.0,151.0,45.0,44.0,35.3,49.3,43.0,24.9,11.1,10.5,10.6,10.5
Buxières-d'Aillac (36230),/management/ville/buxieres-d-aillac/ville-36030,15.0,10.0,21.0,31.0,41.0,31.0,66.0,57.0,39.0,38.0,26.7,39.4,41.6,15.7,14.9,24.2,16.8,22.2
Bourg-Saint-Christophe (01800),/management/ville/bourg-saint-christophe/ville-01054,9.0,75.0,151.0,212.0,146.0,127.0,157.0,228.0,196.0,341.0,16.2,17.9,27.7,21.4,22.5,20.1,33.6,40.2
Castillon-Savès (32490),/management/ville/castillon-saves/ville-32090,10.0,10.0,35.0,45.0,45.0,40.0,50.0,64.0,41.0,88.0,21.4,20.0,31.0,20.3,15.9,18.3,31.7,40.9
Compolibat (12350),/management/ville/compolibat/ville-12071,20.0,25.0,10.0,29.0,40.0,25.0,109.0,61.0,60.0,47.0,38.8,39.7,28.1,16.9,20.1,23.4,12.9,21.3
Chevigny-en-Valière (21200),/management/ville/chevigny-en-valiere/ville-21170,0.0,11.0,5.0,37.0,53.0,63.0,63.0,87.0,40.0,55.0,25.6,26.5,37.2,29.1,14.0,18.8,23.3,21.4
Courtempierre (45490),/management/ville/courtempierre/ville-45114,20.0,0.0,15.0,40.0,20.0,25.0,56.0,54.0,35.0,38.0,33.0,27.7,32.0,25.3,17.0,21.7,18.0,24.1
Bazoches-au-Houlme (61210),/management/ville/bazoches-au-houlme/ville-61028,45.0,15.0,30.0,35.0,70.0,60.0,108.0,89.0,48.0,87.0,30.7,34.3,33.1,19.8,12.0,16.9,24.1,28.3
Champey-sur-Moselle (54700),/management/ville/champey-sur-moselle/ville-54114,0.0,30.0,25.0,35.0,35.0,59.0,44.0,108.0,41.0,59.0,17.1,17.9,53.5,27.9,14.7,17.9,14.7,32.5
Aspret-Sarrat (31800),/management/ville/aspret-sarrat/ville-31021,5.0,16.0,16.0,26.0,32.0,5.0,26.0,35.0,19.0,37.0,19.0,27.3,34.9,21.7,17.5,14.5,28.6,34.5
Aureilhan (40200),/management/ville/aureilhan/ville-40019,0.0,35.0,44.0,104.0,197.0,148.0,229.0,300.0,184.0,177.0,21.8,29.4,38.5,26.9,20.0,21.5,19.7,20.2
Bléruais (35750),/management/ville/bleruais/ville-35026,10.0,5.0,0.0,5.0,30.0,25.0,25.0,17.0,21.0,13.0,31.8,34.4,25.0,20.7,27.3,28.1,15.9,18.8
Cros (63810),/management/ville/cros/ville-63129,15.0,19.0,5.0,5.0,31.0,20.0,66.0,38.0,19.0,32.0,36.0,50.0,38.7,11.4,12.0,12.5,13.3,26.3
Canet-en-Roussillon (66140),/management/ville/canet-en-roussillon/ville-66037,36.0,484.0,530.0,1173.0,1309.0,697.0,3017.0,2552.0,1958.0,2393.0,26.7,33.5,29.6,22.0,18.9,20.4,24.8,23.6
Arfeuille-Châtain (23700),/management/ville/arfeuille-chatain/ville-23005,19.0,5.0,0.0,5.0,23.0,29.0,59.0,50.0,33.0,23.0,33.7,37.0,34.9,24.1,21.7,18.5,9.6,18.5
Cosmes (53230),/management/ville/cosmes/ville-53075,15.0,0.0,15.0,30.0,30.0,35.0,64.0,53.0,35.0,47.0,29.3,35.0,30.3,22.5,14.1,21.0,26.3,21.0
Anglards-de-Saint-Flour (15100),/management/ville/anglards-de-saint-flour/ville-15005,20.0,10.0,10.0,45.0,55.0,50.0,65.0,86.0,59.0,55.0,18.8,30.3,48.9,18.6,14.3,30.3,18.0,23.5
Brebières (62117),/management/ville/brebieres/ville-62173,20.0,115.0,280.0,615.0,635.0,640.0,964.0,1101.0,704.0,799.0,22.3,31.2,36.6,24.2,19.8,19.6,21.3,23.4
Baraigne (11410),/management/ville/baraigne/ville-11026,15.0,0.0,15.0,45.0,30.0,15.0,27.0,31.0,33.0,33.0,22.2,21.3,28.6,24.1,20.6,32.8,28.6,24.6
Bonvillard (73460),/management/ville/bonvillard/ville-73048,5.0,15.0,25.0,40.0,40.0,40.0,63.0,79.0,43.0,54.0,30.2,22.1,38.9,25.0,15.9,20.4,15.1,31.0
Cléon-d'Andran (26450),/management/ville/cleon-d-andran/ville-26095,5.0,39.0,25.0,78.0,79.0,113.0,240.0,203.0,97.0,111.0,35.9,38.1,35.9,24.0,13.6,15.9,14.6,19.5
Achenheim (67204),/management/ville/achenheim/ville-67001,5.0,39.0,221.0,221.0,196.0,172.0,257.0,519.0,281.0,552.0,12.2,19.6,37.7,24.8,17.3,17.6,32.8,35.7
Ayguetinte (32410),/management/ville/ayguetinte/ville-32024,15.0,0.0,0.0,20.0,15.0,5.0,42.0,29.0,32.0,26.0,26.9,36.9,29.9,17.2,23.9,26.2,19.4,21.5
Chaufour-lès-Bonnières (78270),/management/ville/chaufour-les-bonnieres/ville-78147,0.0,20.0,34.0,64.0,74.0,20.0,74.0,100.0,56.0,103.0,21.6,22.4,35.8,22.7,14.8,19.2,27.8,34.6
Allennes-les-Marais (59251),/management/ville/allennes-les-marais/ville-59005,5.0,76.0,327.0,544.0,541.0,296.0,675.0,541.0,468.0,763.0,24.3,30.5,27.9,17.3,18.9,19.3,28.9,33.3
Buxières-lès-Clefmont (52240),/management/ville/buxieres-les-clefmont/ville-52085,0.0,0.0,0.0,5.0,5.0,15.0,6.0,5.0,3.0,4.0,36.4,28.6,27.3,25.0,18.2,14.3,18.2,28.6
Brouck (57220),/management/ville/brouck/ville-57112,0.0,0.0,0.0,10.0,5.0,15.0,19.0,13.0,15.0,14.0,32.4,29.6,26.5,15.4,29.4,18.5,11.8,37.0
Beynes (04270),/management/ville/beynes/ville-04028,5.0,5.0,5.0,10.0,10.0,20.0,31.0,31.0,21.0,27.0,25.9,30.4,35.2,21.4,16.7,21.4,22.2,26.8
Bermesnil (80140),/management/ville/bermesnil/ville-80084,0.0,5.0,5.0,15.0,45.0,45.0,82.0,56.0,17.0,14.0,42.2,54.7,42.2,21.4,9.6,10.5,6.0,10.5
Castillonnès (47330),/management/ville/castillonnes/ville-47057,31.0,41.0,20.0,86.0,159.0,145.0,551.0,278.0,158.0,161.0,45.4,50.3,27.7,19.7,14.1,13.4,12.8,15.0
Cesset (03500),/management/ville/cesset/ville-03049,14.0,29.0,14.0,29.0,48.0,57.0,77.0,96.0,61.0,85.0,27.9,20.3,33.9,25.0,17.0,21.6,21.2,32.0
Chârost (18290),/management/ville/charost/ville-18055,0.0,15.0,10.0,105.0,150.0,170.0,276.0,290.0,111.0,103.0,33.2,37.7,40.7,28.4,13.0,15.5,13.2,13.2
Béhagnies (62121),/management/ville/behagnies/ville-62103,10.0,5.0,5.0,0.0,10.0,0.0,30.0,22.0,17.0,19.0,29.5,37.2,29.5,20.0,22.7,16.3,18.2,25.6
Asprières (12700),/management/ville/asprieres/ville-12012,5.0,25.0,5.0,81.0,61.0,91.0,244.0,156.0,81.0,100.0,33.1,50.0,35.7,17.8,16.2,11.7,15.1,19.2
Chaufour-Notre-Dame (72550),/management/ville/chaufour-notre-dame/ville-72073,10.0,5.0,50.0,125.0,205.0,155.0,179.0,250.0,122.0,216.0,22.1,24.5,35.8,25.6,17.4,14.5,24.7,31.5
Cleppé (42110),/management/ville/cleppe/ville-42066,10.0,5.0,5.0,77.0,67.0,93.0,90.0,140.0,79.0,101.0,18.3,26.2,42.5,23.6,18.3,20.4,21.0,28.8
Bazoches-en-Dunois (28140),/management/ville/bazoches-en-dunois/ville-28028,15.0,15.0,0.0,40.0,25.0,40.0,60.0,55.0,33.0,38.0,24.2,40.7,36.8,20.4,21.1,14.3,17.9,23.1
Anglards-de-Salers (15380),/management/ville/anglards-de-salers/ville-15006,49.0,30.0,15.0,54.0,79.0,73.0,251.0,188.0,110.0,89.0,34.0,44.4,36.9,21.3,17.5,17.0,11.7,16.1
Champfleur (72610),/management/ville/champfleur/ville-72056,5.0,20.0,72.0,153.0,189.0,118.0,287.0,327.0,202.0,206.0,23.5,32.1,38.6,24.7,19.2,20.3,18.8,21.5
Comprégnac (12100),/management/ville/compregnac/ville-12072,0.0,16.0,10.0,37.0,42.0,21.0,42.0,50.0,31.0,65.0,18.9,25.3,34.4,19.0,15.6,18.2,31.1,37.4
Chevigny-Saint-Sauveur (21800),/management/ville/chevigny-saint-sauveur/ville-21171,14.0,171.0,682.0,1508.0,1880.0,1374.0,2112.0,2314.0,1576.0,2333.0,21.9,28.2,33.2,22.3,18.9,18.9,26.1,29.6
Allerey (21230),/management/ville/allerey/ville-21009,5.0,0.0,0.0,20.0,20.0,15.0,56.0,31.0,23.0,27.0,34.7,48.4,29.3,14.5,18.7,14.5,17.3,22.6
Canettemont (62270),/management/ville/canettemont/ville-62208,10.0,0.0,5.0,0.0,10.0,10.0,15.0,16.0,9.0,9.0,26.1,34.6,39.1,24.1,21.7,15.4,13.0,23.1
Bonvillaret (73220),/management/ville/bonvillaret/ville-73049,0.0,0.0,10.0,35.0,10.0,10.0,23.0,29.0,20.0,36.0,22.0,19.1,35.6,19.0,10.2,27.7,32.2,36.2
Cosnac (19360),/management/ville/cosnac/ville-19063,5.0,160.0,180.0,375.0,415.0,275.0,513.0,715.0,415.0,628.0,19.4,25.4,37.7,24.2,17.6,18.8,25.2,29.8
Aureilhan (65800),/management/ville/aureilhan/ville-65047,10.0,205.0,375.0,800.0,1245.0,770.0,1632.0,2066.0,1042.0,1332.0,22.9,30.2,40.9,25.6,16.2,17.9,19.9,23.6
Courtenay (38510),/management/ville/courtenay/ville-38135,15.0,65.0,85.0,200.0,160.0,220.0,191.0,293.0,193.0,233.0,19.5,22.5,40.0,24.1,18.6,23.9,21.9,29.5
Ayherre (64240),/management/ville/ayherre/ville-64086,35.0,15.0,55.0,140.0,110.0,170.0,182.0,246.0,142.0,184.0,22.1,26.4,38.3,24.3,19.8,17.9,19.8,29.4
Cros-de-Géorand (07510),/management/ville/cros-de-georand/ville-07075,35.0,5.0,10.0,15.0,0.0,15.0,58.0,31.0,27.0,29.0,32.9,47.8,28.9,13.8,18.4,18.8,19.7,20.3
Baraize (36270),/management/ville/baraize/ville-36012,25.0,10.0,5.0,5.0,44.0,49.0,100.0,101.0,41.0,41.0,24.5,45.8,41.3,24.7,19.6,9.9,14.7,14.8
Beynes (78650),/management/ville/beynes/ville-78062,10.0,240.0,916.0,1329.0,988.0,367.0,974.0,1334.0,1021.0,2097.0,15.7,20.1,27.7,21.1,18.2,19.4,38.4,38.9
Cesseville (27110),/management/ville/cesseville/ville-27135,25.0,10.0,51.0,51.0,61.0,66.0,110.0,101.0,61.0,78.0,26.7,36.3,35.5,21.4,18.6,15.6,19.2,25.1
Blésignac (33670),/management/ville/blesignac/ville-33059,5.0,15.0,10.0,15.0,51.0,71.0,49.0,87.0,41.0,49.0,19.8,23.5,43.0,29.4,18.2,17.6,19.0,24.5
Arfeuilles (03120),/management/ville/arfeuilles/ville-03006,21.0,42.0,10.0,31.0,73.0,88.0,184.0,178.0,105.0,75.0,30.4,37.8,42.9,22.3,16.1,22.9,10.7,17.2
Anglars (46120),/management/ville/anglars/ville-46004,0.0,0.0,5.0,30.0,30.0,25.0,39.0,45.0,34.0,51.0,20.7,25.3,32.9,21.2,17.1,23.0,29.3,31.0
Achères (18250),/management/ville/acheres/ville-18001,0.0,20.0,10.0,80.0,35.0,30.0,79.0,95.0,62.0,58.0,22.7,31.3,38.7,25.7,16.7,25.7,22.0,17.4
Castin (32810),/management/ville/castin/ville-32091,15.0,25.0,20.0,54.0,34.0,15.0,49.0,79.0,58.0,68.0,23.3,15.4,33.3,27.6,20.9,25.2,22.5,30.9
Bourg-Saint-Maurice (73700),/management/ville/bourg-saint-maurice/ville-73054,10.0,343.0,353.0,1115.0,1217.0,935.0,1393.0,1441.0,1077.0,1617.0,23.0,27.3,31.4,20.7,19.4,19.5,26.1,32.3
Brouckerque (59630),/management/ville/brouckerque/ville-59110,0.0,20.0,95.0,265.0,170.0,100.0,200.0,282.0,204.0,293.0,16.6,24.1,32.8,23.7,22.3,19.5,28.4,31.4
Bermicourt (62130),/management/ville/bermicourt/ville-62114,5.0,0.0,5.0,15.0,39.0,25.0,39.0,27.0,21.0,30.0,25.9,40.0,33.3,14.1,20.4,15.4,20.4,30.8
Asque (65130),/management/ville/asque/ville-65041,5.0,5.0,0.0,10.0,15.0,10.0,19.0,22.0,24.0,25.0,21.3,21.3,27.7,20.8,34.0,19.1,17.0,38.3
24.7,19.4,17.1,20.4,28.1
Brebotte (90140),/management/ville/brebotte/ville-90018,5.0,15.0,49.0,49.0,24.0,58.0,59.0,78.0,42.0,79.0,18.9,26.7,37.0,21.7,18.1,14.5,26.0,35.1
Chaugey (21290),/management/ville/chaugey/ville-21157,0.0,0.0,0.0,5.0,5.0,0.0,4.0,2.0,3.0,4.0,14.3,50.0,28.6,0.0,28.6,16.7,28.6,33.3
Clérac (17270),/management/ville/clerac/ville-17110,5.0,35.0,30.0,96.0,91.0,127.0,255.0,273.0,144.0,122.0,26.4,37.8,40.4,25.6,18.5,17.8,14.7,16.0
Bazoches-lès-Bray (77118),/management/ville/bazoches-les-bray/ville-77025,0.0,41.0,51.0,56.0,122.0,101.0,254.0,206.0,112.0,95.0,36.6,39.5,34.2,24.7,16.8,16.7,12.4,16.4
Champfleury (10700),/management/ville/champfleury/ville-10075,5.0,0.0,0.0,10.0,15.0,10.0,21.0,35.0,14.0,11.0,23.9,28.6,47.8,31.7,15.2,20.0,13.0,14.3
Buxières-les-Mines (03440),/management/ville/buxieres-les-mines/ville-03046,20.0,55.0,15.0,40.0,159.0,130.0,394.0,271.0,88.0,122.0,37.0,52.4,38.2,21.0,11.0,9.2,13.8,14.3
Chevillard (01430),/management/ville/chevillard/ville-01101,10.0,10.0,5.0,25.0,25.0,15.0,27.0,35.0,17.0,38.0,19.4,27.6,35.5,22.2,12.9,15.5,32.3,32.8
Courtenay (45320),/management/ville/courtenay/ville-45115,50.0,165.0,85.0,310.0,465.0,486.0,1400.0,951.0,419.0,410.0,39.1,48.2,35.2,22.8,12.5,13.7,13.2,12.6
Blesle (43450),/management/ville/blesle/ville-43033,10.0,30.0,15.0,35.0,95.0,85.0,191.0,160.0,84.0,99.0,31.0,40.2,37.6,21.1,16.7,14.9,14.7,22.1
Allerey-sur-Saône (71350),/management/ville/allerey-sur-saone/ville-71003,30.0,0.0,30.0,75.0,110.0,115.0,141.0,247.0,115.0,104.0,17.5,29.5,50.5,26.9,19.7,18.2,12.4,22.3
Aureille (13930),/management/ville/aureille/ville-13006,25.0,56.0,116.0,151.0,232.0,141.0,306.0,298.0,223.0,364.0,24.6,26.8,29.0,21.1,16.4,21.0,30.0,31.1
Cosne-Cours-sur-Loire (58200),/management/ville/cosne-cours-sur-loire/ville-58086,20.0,287.0,319.0,762.0,1375.0,1072.0,3440.0,2193.0,1247.0,1422.0,37.0,45.1,30.3,21.5,14.7,15.3,17.9,16.5
Cros-de-Montvert (15150),/management/ville/cros-de-montvert/ville-15057,10.0,0.0,10.0,16.0,21.0,10.0,84.0,49.0,27.0,20.0,49.5,44.7,26.9,25.0,14.0,15.3,9.7,11.8
Bonviller (54300),/management/ville/bonviller/ville-54083,0.0,0.0,5.0,5.0,56.0,45.0,45.0,39.0,21.0,32.0,18.8,45.2,40.6,17.3,15.6,15.1,25.0,21.9
Baralle (62860),/management/ville/baralle/ville-62081,5.0,15.0,25.0,50.0,85.0,75.0,117.0,88.0,78.0,80.0,28.2,36.0,27.7,20.2,26.0,17.2,18.1,25.8
Compreignac (87140),/management/ville/compreignac/ville-87047,10.0,50.0,85.0,309.0,239.0,189.0,271.0,459.0,258.0,367.0,17.2,22.8,40.6,24.8,20.2,17.7,22.0,32.3
Beynost (01700),/management/ville/beynost/ville-01043,5.0,166.0,528.0,661.0,467.0,316.0,801.0,717.0,573.0,1154.0,22.6,26.7,26.5,18.0,17.0,18.2,33.8,37.2
Bourg-Sainte-Marie (52150),/management/ville/bourg-sainte-marie/ville-52063,5.0,0.0,0.0,15.0,20.0,15.0,31.0,38.0,13.0,11.0,16.7,51.1,54.2,22.2,20.8,6.7,8.3,15.6
Cessey (25440),/management/ville/cessey/ville-25109,10.0,15.0,19.0,44.0,24.0,51.0,53.0,85.0,42.0,65.0,19.7,24.6,40.9,24.2,18.9,14.9,20.5,33.3
Cangey (37530),/management/ville/cangey/ville-37043,5.0,25.0,48.0,159.0,134.0,148.0,204.0,258.0,149.0,160.0,23.0,30.0,40.3,24.6,19.7,18.8,17.0,24.7
Brécé (35530),/management/ville/brece/ville-35039,20.0,26.0,226.0,257.0,299.0,274.0,293.0,371.0,263.0,440.0,22.1,20.9,29.5,23.4,19.2,19.2,29.1,35.2
Castine-en-Plaine (14540),/management/ville/castine-en-plaine/ville-14538,0.0,60.0,61.0,182.0,247.0,152.0,203.0,315.0,183.0,273.0,18.2,23.5,37.4,25.5,17.7,19.9,26.7,29.2
Chevillé (72350),/management/ville/cheville/ville-72083,15.0,20.0,20.0,10.0,40.0,86.0,74.0,92.0,49.0,51.0,21.5,34.1,41.5,25.5,16.3,20.9,20.7,17.8
Champfleury (51500),/management/ville/champfleury/ville-51115,0.0,24.0,43.0,77.0,43.0,39.0,74.0,107.0,83.0,151.0,15.8,19.9,28.6,22.5,19.7,19.9,36.0,37.0
Anglars-Juillac (46140),/management/ville/anglars-juillac/ville-46005,5.0,5.0,25.0,45.0,30.0,62.0,86.0,73.0,50.0,55.0,29.6,35.7,31.9,21.9,20.7,17.1,17.8,24.0
Arfons (81110),/management/ville/arfons/ville-81016,16.0,5.0,5.0,16.0,10.0,10.0,33.0,23.0,38.0,44.0,21.7,26.1,18.8,16.9,26.1,29.0,33.3,30.4
Brouderdorff (57565),/management/ville/brouderdorff/ville-57113,10.0,15.0,70.0,115.0,155.0,120.0,184.0,243.0,114.0,165.0,21.8,30.3,41.0,24.9,16.9,15.4,20.3,26.3
Béhen (80870),/management/ville/behen/ville-80076,5.0,25.0,5.0,88.0,25.0,98.0,113.0,110.0,63.0,89.0,24.7,35.4,34.4,22.1,19.4,14.3,21.5,25.9
Chaulgnes (58400),/management/ville/chaulgnes/ville-58067,0.0,60.0,45.0,169.0,214.0,164.0,221.0,382.0,230.0,280.0,17.2,22.3,42.2,25.6,19.0,22.3,21.6,28.7
Charpey (26300),/management/ville/charpey/ville-26079,28.0,51.0,149.0,186.0,177.0,98.0,187.0,239.0,170.0,345.0,18.5,21.2,31.3,19.2,17.5,18.8,32.7,40.7
Achères (78260),/management/ville/acheres/ville-78005,4.0,261.0,2161.0,2921.0,3607.0,1918.0,3852.0,3451.0,2443.0,4632.0,24.5,28.9,27.3,20.2,16.8,17.2,31.4,33.0
Bazoches-les-Gallerandes (45480),/management/ville/bazoches-les-gallerandes/ville-45025,25.0,40.0,55.0,180.0,185.0,255.0,361.0,368.0,172.0,194.0,29.7,36.0,41.2,24.5,13.6,17.6,15.5,19.7
Cléré-du-Bois (36700),/management/ville/clere-du-bois/ville-36054,15.0,10.0,5.0,25.0,27.0,27.0,82.0,56.0,33.0,40.0,33.3,43.8,35.4,18.6,13.1,17.9,18.2,19.6
Ayn (73470),/management/ville/ayn/ville-73027,14.0,19.0,10.0,62.0,29.0,24.0,51.0,76.0,53.0,94.0,18.4,18.7,34.0,21.8,16.3,22.4,31.2,37.3
Blesme (51340),/management/ville/blesme/ville-51068,0.0,0.0,5.0,40.0,25.0,35.0,41.0,50.0,30.0,27.0,25.0,30.6,36.8,28.2,18.4,22.2,19.7,16.7
Aurel (26340),/management/ville/aurel/ville-26019,20.0,5.0,0.0,5.0,35.0,44.0,52.0,52.0,33.0,55.0,26.0,28.6,33.7,18.8,19.2,14.3,21.2,37.4
Allériot (71380),/management/ville/alleriot/ville-71004,11.0,51.0,75.0,195.0,130.0,125.0,185.0,278.0,166.0,214.0,18.0,26.0,40.0,24.3,20.3,19.0,21.7,29.0
Cosne-d'Allier (03430),/management/ville/cosne-d-allier/ville-03084,15.0,45.0,45.0,105.0,254.0,279.0,818.0,453.0,222.0,223.0,39.3,54.6,35.8,17.6,12.4,13.4,12.4,13.5
Courtenot (10260),/management/ville/courtenot/ville-10109,5.0,15.0,5.0,15.0,65.0,30.0,58.0,71.0,25.0,32.0,24.2,37.9,53.8,22.2,7.7,18.9,14.3,20.0
Buxières-lès-Villiers (52000),/management/ville/buxieres-les-villiers/ville-52087,0.0,0.0,24.0,34.0,34.0,10.0,33.0,48.0,23.0,37.0,18.3,28.6,43.7,21.9,15.5,18.6,22.5,30.0
Bonvillers (60120),/management/ville/bonvillers/ville-60085,0.0,0.0,10.0,20.0,20.0,35.0,54.0,46.0,17.0,39.0,38.8,30.3,32.5,23.0,10.0,11.8,18.8,31.6
Bermont (90400),/management/ville/bermont/ville-90011,0.0,15.0,50.0,81.0,41.0,31.0,51.0,56.0,50.0,107.0,19.3,20.2,24.4,18.7,15.6,22.5,40.7,39.5
Comps (26220),/management/ville/comps/ville-26101,6.0,11.0,11.0,17.0,28.0,0.0,22.0,25.0,31.0,45.0,19.3,16.7,15.8,25.0,26.3,22.7,38.6,34.8
Cros-de-Ronesque (15130),/management/ville/cros-de-ronesque/ville-15058,10.0,5.0,10.0,5.0,15.0,0.0,51.0,24.0,23.0,15.0,41.8,48.3,27.3,15.8,23.6,17.2,7.3,19.0
Baraqueville (12160),/management/ville/baraqueville/ville-12056,70.0,100.0,120.0,320.0,495.0,435.0,628.0,660.0,431.0,596.0,23.1,31.0,36.5,20.4,18.5,18.7,21.9,29.5
Castineta (20218),/management/ville/castineta/ville-2B082,0.0,0.0,3.0,3.0,3.0,1.0,24.0,2.0,5.0,6.0,66.7,63.2,0.0,10.5,16.7,10.5,16.7,15.8
Brecé (53120),/management/ville/brece/ville-53042,74.0,25.0,0.0,30.0,84.0,168.0,258.0,174.0,84.0,97.0,41.8,42.5,32.3,21.5,14.3,13.0,11.6,20.7
Aynac (46120),/management/ville/aynac/ville-46012,0.0,30.0,10.0,104.0,64.0,59.0,173.0,134.0,69.0,91.0,32.0,41.4,34.2,21.5,15.6,14.2,18.2,20.9
Cléré-les-Pins (37340),/management/ville/clere-les-pins/ville-37081,10.0,65.0,55.0,170.0,271.0,215.0,318.0,328.0,178.0,200.0,27.3,34.9,38.0,24.2,16.1,18.8,18.6,20.4
Beyrède-Jumet-Camous (65410),/management/ville/beyrede-jumet-camous/ville-65092,10.0,0.0,5.0,24.0,25.0,39.0,65.0,43.0,36.0,29.0,32.1,41.9,37.0,15.3,19.8,22.6,11.1,21.5
Cessey-sur-Tille (21110),/management/ville/cessey-sur-tille/ville-21126,10.0,25.0,30.0,61.0,81.0,76.0,114.0,150.0,84.0,122.0,19.5,28.9,39.4,22.4,19.9,16.2,21.2,30.6
Caniac-du-Causse (46240),/management/ville/caniac-du-causse/ville-46054,25.0,20.0,20.0,20.0,59.0,29.0,70.0,73.0,49.0,82.0,27.0,23.7,32.6,20.5,13.5,22.9,27.0,33.6
Champforgeuil (71530),/management/ville/champforgeuil/ville-71081,10.0,64.0,103.0,201.0,290.0,378.0,585.0,655.0,249.0,306.0,26.8,38.1,41.9,26.7,14.0,13.8,17.3,16.7
Anglars-Nozac (46300),/management/ville/anglars-nozac/ville-46006,0.0,23.0,14.0,42.0,28.0,33.0,69.0,89.0,58.0,51.0,25.2,27.0,45.0,23.1,16.0,27.0,13.7,24.1
Bazoches-les-Hautes (28140),/management/ville/bazoches-les-hautes/ville-28029,5.0,10.0,20.0,35.0,29.0,30.0,80.0,78.0,33.0,41.0,28.9,40.5,43.0,21.3,14.9,13.5,13.2,22.5
Chevillon (52170),/management/ville/chevillon/ville-52123,21.0,26.0,26.0,93.0,160.0,243.0,372.0,332.0,155.0,146.0,32.9,41.0,38.8,24.6,15.6,15.1,12.7,16.2
Argagnon (64300),/management/ville/argagnon/ville-64042,5.0,30.0,25.0,60.0,120.0,50.0,125.0,215.0,104.0,98.0,21.9,24.2,46.5,30.3,14.1,24.2,17.5,18.7
Asques (82120),/management/ville/asques/ville-82004,10.0,5.0,5.0,15.0,20.0,5.0,36.0,28.0,28.0,16.0,35.3,30.4,25.5,26.8,25.5,26.8,13.7,16.1
Blesmes (02400),/management/ville/blesmes/ville-02094,5.0,24.0,33.0,48.0,62.0,43.0,77.0,94.0,62.0,79.0,24.7,24.7,38.0,22.8,16.7,22.8,20.7,29.6
Barastre (62124),/management/ville/barastre/ville-62082,0.0,15.0,15.0,5.0,60.0,50.0,54.0,60.0,32.0,58.0,22.5,30.4,33.3,22.0,21.6,9.8,22.5,34.3
Bourg-sous-Châtelet (90110),/management/ville/bourg-sous-chatelet/ville-90016,0.0,9.0,19.0,14.0,14.0,0.0,13.0,26.0,17.0,34.0,13.6,13.3,25.0,28.3,20.5,15.6,40.9,37.8
Broué (28410),/management/ville/broue/ville-28062,10.0,30.0,65.0,155.0,120.0,95.0,130.0,199.0,117.0,184.0,19.1,22.3,38.4,23.2,18.1,19.0,24.4,34.2
Béhencourt (80260),/management/ville/behencourt/ville-80077,0.0,5.0,15.0,45.0,60.0,60.0,72.0,70.0,39.0,67.0,23.8,34.7,36.2,18.9,15.4,16.1,24.6,29.7
Achères-la-Forêt (77760),/management/ville/acheres-la-foret/ville-77001,5.0,30.0,168.0,188.0,113.0,39.0,163.0,173.0,167.0,338.0,16.8,21.6,25.9,16.3,20.5,19.3,36.8,43.4
Bonvillet (88260),/management/ville/bonvillet/ville-88065,5.0,16.0,10.0,5.0,52.0,57.0,109.0,95.0,38.0,31.0,32.8,46.7,43.1,23.6,10.9,17.5,13.1,10.2
Chaulhac (48140),/management/ville/chaulhac/ville-48046,10.0,0.0,0.0,5.0,0.0,0.0,21.0,11.0,15.0,11.0,37.0,35.5,25.9,16.0,18.5,32.3,18.5,19.4
Allery (80270),/management/ville/allery/ville-80019,15.0,15.0,0.0,80.0,106.0,151.0,224.0,169.0,96.0,113.0,31.3,43.2,38.7,17.2,17.0,15.0,13.0,24.3
Aurel (84390),/management/ville/aurel/ville-84005,5.0,32.0,11.0,16.0,16.0,11.0,56.0,41.0,32.0,47.0,21.2,41.8,32.9,14.9,17.6,18.7,28.2,25.3
Bernac (16700),/management/ville/bernac/ville-16039,0.0,40.0,21.0,57.0,61.0,41.0,132.0,129.0,66.0,44.0,35.1,35.5,38.9,27.9,14.6,21.0,11.4,12.9
Ayrens (15250),/management/ville/ayrens/ville-15016,26.0,20.0,26.0,85.0,88.0,103.0,140.0,159.0,88.0,97.0,26.9,30.8,40.0,23.6,19.2,17.5,13.9,26.3
Buxières-sous-les-Côtes (55300),/management/ville/buxieres-sous-les-cotes/ville-55093,0.0,25.0,10.0,35.0,25.0,35.0,52.0,76.0,45.0,56.0,17.1,28.6,34.2,28.3,20.5,18.8,28.2,20.5
Crosey-le-Grand (25340),/management/ville/crosey-le-grand/ville-25177,0.0,14.0,0.0,10.0,10.0,19.0,57.0,30.0,19.0,16.0,46.0,48.3,22.2,22.1,19.0,11.7,12.7,15.0
Charpont (28500),/management/ville/charpont/ville-28082,9.0,23.0,56.0,84.0,79.0,79.0,81.0,131.0,79.0,146.0,15.8,21.5,35.5,22.7,17.5,18.7,31.1,35.9
Cosnes-et-Romain (54400),/management/ville/cosnes-et-romain/ville-54138,10.0,80.0,212.0,334.0,482.0,248.0,461.0,616.0,365.0,599.0,18.0,27.0,35.0,23.7,18.0,17.7,28.9,29.8
Courteranges (10270),/management/ville/courteranges/ville-10110,0.0,15.0,50.0,85.0,90.0,65.0,82.0,111.0,65.0,128.0,18.2,24.5,30.3,24.3,18.2,15.4,33.3,33.0
Comps (30300),/management/ville/comps/ville-30089,10.0,85.0,95.0,205.0,250.0,210.0,368.0,378.0,238.0,289.0,25.6,32.1,35.8,22.7,18.4,18.9,20.2,25.2
Canihuel (22480),/management/ville/canihuel/ville-22029,56.0,10.0,0.0,15.0,30.0,56.0,100.0,70.0,57.0,57.0,28.8,44.1,29.5,19.0,19.9,19.7,21.8,17.3
.5
Beyren-lès-Sierck (57570),/management/ville/beyren-les-sierck/ville-57076,0.0,10.0,36.0,73.0,57.0,78.0,83.0,115.0,66.0,132.0,17.4,24.7,33.8,22.5,16.9,16.5,31.8,34.5
Chevillon-sur-Huillard (45700),/management/ville/chevillon-sur-huillard/ville-45092,5.0,77.0,82.0,143.0,209.0,189.0,310.0,335.0,180.0,227.0,28.0,31.1,36.4,24.9,16.1,18.2,19.5,23.6
Arganchy (14400),/management/ville/arganchy/ville-14019,10.0,5.0,0.0,25.0,44.0,20.0,49.0,49.0,24.0,38.0,30.9,30.9,33.3,25.6,12.3,17.3,23.5,23.5
Champfrémont (53370),/management/ville/champfremont/ville-53052,10.0,10.0,10.0,15.0,50.0,45.0,70.0,68.0,36.0,44.0,31.5,32.4,38.0,22.2,17.6,15.7,13.0,27.8
Anglars-Saint-Félix (12390),/management/ville/anglars-saint-felix/ville-12008,86.0,15.0,35.0,86.0,102.0,61.0,130.0,166.0,115.0,163.0,18.6,26.6,36.4,20.8,21.0,19.1,24.1,33.0
Cessières-Suzy (02320),/management/ville/cessieres-suzy/ville-02153,5.0,9.0,68.0,97.0,118.0,78.0,127.0,155.0,106.0,181.0,22.3,22.4,30.2,23.0,18.0,19.3,29.5,34.1
Asquins (89450),/management/ville/asquins/ville-89021,15.0,25.0,0.0,25.0,40.0,20.0,68.0,70.0,56.0,63.0,19.6,34.5,34.8,18.5,24.6,18.5,21.0,28.6
,15.0,16.4,23.2,53.2,52.2
Blessac (23200),/management/ville/blessac/ville-23024,5.0,25.0,50.0,36.0,40.0,60.0,145.0,134.0,72.0,73.0,32.0,36.9,36.5,24.7,16.0,17.6,15.5,18.5
Alles-sur-Dordogne (24480),/management/ville/alles-sur-dordogne/ville-24005,15.0,30.0,15.0,15.0,45.0,40.0,107.0,93.0,46.0,62.0,29.0,40.6,40.6,19.4,12.9,16.8,17.4,22.6
Bernac (81150),/management/ville/bernac/ville-81029,5.0,5.0,0.0,25.0,5.0,30.0,22.0,37.0,25.0,57.0,13.5,18.2,32.4,19.1,18.9,16.7,35.1,45.5
Bony (02420),/management/ville/bony/ville-02100,5.0,0.0,0.0,5.0,20.0,26.0,41.0,17.0,17.0,25.0,37.3,44.7,17.6,17.0,17.6,17.0,27.5,21.3
Brouennes (55700),/management/ville/brouennes/ville-55083,15.0,10.0,5.0,10.0,15.0,20.0,45.0,31.0,27.0,9.0,35.0,46.2,33.3,21.2,26.7,21.2,5.0,11.5
Aurensan (32400),/management/ville/aurensan/ville-32017,0.0,5.0,20.0,5.0,20.0,5.0,28.0,27.0,25.0,27.0,25.0,27.1,25.0,23.8,29.2,18.6,20.8,28.8
Achery (02800),/management/ville/achery/ville-02002,0.0,25.0,30.0,65.0,65.0,75.0,130.0,138.0,79.0,83.0,27.0,33.3,36.0,25.2,20.9,16.0,16.1,22.4
Bourgaltroff (57260),/management/ville/bourgaltroff/ville-57098,0.0,5.0,5.0,25.0,30.0,39.0,61.0,59.0,34.0,15.0,30.6,41.2,37.6,27.8,23.5,17.6,8.2,9.4
Chaulieu (50150),/management/ville/chaulieu/ville-50514,10.0,15.0,10.0,25.0,25.0,41.0,76.0,63.0,36.0,28.0,36.7,38.7,31.2,26.2,20.2,15.1,11.9,16.1
Charquemont (25140),/management/ville/charquemont/ville-25127,20.0,99.0,84.0,297.0,223.0,709.0,604.0,575.0,400.0,417.0,24.8,35.6,33.7,22.9,20.9,19.2,20.6,21.2
Baratier (05200),/management/ville/baratier/ville-05012,0.0,42.0,11.0,64.0,90.0,74.0,97.0,129.0,101.0,134.0,23.1,19.0,31.6,24.0,20.9,23.0,24.4,33.6
Béhéricourt (60400),/management/ville/behericourt/ville-60059,5.0,5.0,25.0,40.0,10.0,0.0,45.0,39.0,35.0,41.0,22.8,33.3,31.6,18.2,21.5,22.2,24.1,27.2
Cessieu (38110),/management/ville/cessieu/ville-38064,5.0,127.0,142.0,397.0,396.0,382.0,596.0,680.0,376.0,466.0,25.0,31.3,37.1,24.9,17.5,18.0,20.4,23.6
Courteron (10250),/management/ville/courteron/ville-10111,20.0,15.0,0.0,0.0,10.0,5.0,32.0,25.0,15.0,19.0,20.0,50.0,40.0,14.3,24.4,8.7,15.6,26.1
Canisy (50750),/management/ville/canisy/ville-50095,5.0,85.0,55.0,165.0,295.0,150.0,432.0,422.0,199.0,265.0,26.6,38.9,39.7,22.4,14.7,15.5,19.0,21.2
Comps (33710),/management/ville/comps/ville-33132,0.0,25.0,0.0,69.0,84.0,94.0,89.0,145.0,65.0,83.0,19.1,27.6,41.0,29.1,17.6,16.8,22.3,21.4
Clères (76690),/management/ville/cleres/ville-76179,0.0,35.0,129.0,159.0,229.0,159.0,270.0,317.0,165.0,278.0,23.0,29.3,35.0,24.1,15.8,16.5,26.2,27.7
Ayron (86190),/management/ville/ayron/ville-86017,25.0,35.0,40.0,104.0,149.0,219.0,305.0,255.0,156.0,159.0,31.0,38.6,35.3,21.9,17.0,18.9,16.7,19.8
Brech (56400),/management/ville/brech/ville-56023,80.0,275.0,375.0,870.0,870.0,560.0,948.0,1428.0,860.0,1498.0,15.7,24.0,37.5,22.5,17.2,19.1,29.6,33.5
Buxières-sous-Montaigut (63700),/management/ville/buxieres-sous-montaigut/ville-63062,25.0,5.0,5.0,5.0,30.0,35.0,59.0,67.0,29.0,34.0,36.7,25.3,32.7,29.9,20.4,9.9,10.2,26.4
Bazoches-sur-Hoëne (61560),/management/ville/bazoches-sur-hoene/ville-61029,5.0,29.0,50.0,49.0,58.0,136.0,289.0,192.0,101.0,107.0,38.1,45.7,33.6,20.6,14.6,14.8,13.7,17.3
Castres (02680),/management/ville/castres/ville-02142,0.0,15.0,15.0,30.0,30.0,25.0,51.0,48.0,23.0,46.0,32.5,28.2,30.1,24.0,13.3,14.1,24.1,30.6
Chevilly (45520),/management/ville/chevilly/ville-45093,15.0,35.0,91.0,267.0,393.0,499.0,622.0,593.0,372.0,395.0,27.8,34.8,37.2,22.3,17.4,20.1,17.7,22.2
Cossaye (58300),/management/ville/cossaye/ville-58087,35.0,15.0,25.0,45.0,105.0,90.0,219.0,191.0,77.0,80.0,32.5,45.1,41.1,23.1,13.4,13.8,13.0,15.3
Anglefort (01350),/management/ville/anglefort/ville-01010,25.0,35.0,45.0,106.0,176.0,192.0,219.0,270.0,156.0,151.0,23.2,31.7,43.3,23.8,17.6,21.7,15.9,22.2
Assac (81340),/management/ville/assac/ville-81019,20.0,5.0,5.0,5.0,10.0,10.0,34.0,32.0,24.0,17.0,26.4,37.0,39.6,21.2,20.8,24.1,13.2,18.5
Champfromier (01410),/management/ville/champfromier/ville-01081,5.0,31.0,15.0,119.0,100.0,165.0,154.0,140.0,123.0,129.0,24.9,31.7,32.0,19.6,22.4,22.6,20.6,26.8
Blessonville (52120),/management/ville/blessonville/ville-52056,5.0,15.0,10.0,10.0,30.0,25.0,41.0,50.0,29.0,25.0,18.8,36.8,40.6,24.4,30.4,10.5,10.1,23.7
Alleuze (15100),/management/ville/alleuze/ville-15002,25.0,15.0,0.0,30.0,30.0,15.0,55.0,49.0,34.0,27.0,32.2,34.6,36.8,22.1,18.4,23.1,12.6,20.5
Crosey-le-Petit (25340),/management/ville/crosey-le-petit/ville-25178,5.0,11.0,5.0,21.0,11.0,21.0,36.0,31.0,16.0,14.0,29.5,44.2,47.7,18.5,15.9,15.4,6.8,21.2
Aurensan (65390),/management/ville/aurensan/ville-65048,5.0,20.0,20.0,95.0,125.0,65.0,124.0,216.0,97.0,147.0,16.7,25.7,45.1,26.5,13.9,19.3,24.3,26.0
Bourganeuf (23400),/management/ville/bourganeuf/ville-23030,58.0,90.0,21.0,153.0,312.0,233.0,881.0,544.0,274.0,381.0,42.4,42.3,30.8,20.4,14.4,12.2,12.4,22.9
Bonzac (33910),/management/ville/bonzac/ville-33062,5.0,10.0,34.0,99.0,123.0,110.0,141.0,203.0,88.0,122.0,21.3,29.6,41.2,27.4,16.5,15.0,21.0,23.2
Charraix (43300),/management/ville/charraix/ville-43060,0.0,0.0,0.0,16.0,5.0,5.0,12.0,16.0,13.0,17.0,7.4,30.3,29.6,23.7,33.3,12.1,29.6,30.3
Brouilla (66620),/management/ville/brouilla/ville-66026,16.0,52.0,68.0,152.0,155.0,131.0,283.0,291.0,205.0,238.0,24.9,30.6,36.4,21.6,17.6,22.4,21.1,25.6
Barbachen (65140),/management/ville/barbachen/ville-65061,0.0,0.0,5.0,10.0,10.0,5.0,10.0,11.0,8.0,15.0,16.7,30.0,29.2,21.1,12.5,25.0,41.7,25.0
Beyrie-en-Béarn (64230),/management/ville/beyrie-en-bearn/ville-64121,0.0,5.0,30.0,25.0,20.0,5.0,16.0,35.0,30.0,53.0,14.9,9.1,29.9,23.1,20.9,24.2,34.3,43.9
Behonne (55000),/management/ville/behonne/ville-55041,0.0,15.0,10.0,77.0,80.0,35.0,161.0,155.0,92.0,113.0,24.2,37.0,35.7,23.1,16.0,19.2,24.2,19.6
Chaulnes (80320),/management/ville/chaulnes/ville-80186,5.0,70.0,60.0,161.0,271.0,371.0,628.0,458.0,193.0,188.0,38.0,47.2,37.6,22.8,12.7,13.6,11.8,13.7
Acheux-en-Amiénois (80560),/management/ville/acheux-en-amienois/ville-80003,10.0,10.0,31.0,97.0,67.0,56.0,141.0,117.0,72.0,99.0,27.5,37.7,31.0,21.9,18.5,15.4,23.0,23.2
Argançon (10140),/management/ville/argancon/ville-10008,28.0,0.0,0.0,5.0,9.0,19.0,26.0,24.0,16.0,17.0,27.3,36.8,36.4,21.1,18.2,21.1,18.2,21.1
Bernac-Debat (65360),/management/ville/bernac-debat/ville-65083,0.0,25.0,60.0,100.0,115.0,40.0,113.0,137.0,104.0,162.0,19.3,24.6,32.2,21.0,18.2,22.2,30.3,32.5
Clérey (10390),/management/ville/clerey/ville-10100,5.0,80.0,70.0,150.0,140.0,100.0,200.0,282.0,123.0,193.0,22.6,27.5,42.5,25.1,15.3,15.5,19.6,28.8
Ayros-Arbouix (65400),/management/ville/ayros-arbouix/ville-65055,5.0,5.0,15.0,65.0,20.0,30.0,55.0,75.0,50.0,61.0,18.6,26.8,35.6,25.4,20.3,21.1,25.4,25.2
Chevilly-Larue (94550),/management/ville/chevilly-larue/ville-94021,0.0,439.0,1456.0,2718.0,3292.0,1556.0,3998.0,2547.0,2482.0,4416.0,31.1,28.5,19.9,18.3,17.4,19.4,31.5,34.0
Anglemont (88700),/management/ville/anglemont/ville-88008,20.0,0.0,0.0,10.0,15.0,20.0,46.0,41.0,18.0,17.0,34.4,42.4,40.6,23.1,14.1,15.3,10.9,16.9
Cesson (77240),/management/ville/cesson/ville-77067,16.0,166.0,1068.0,1808.0,1367.0,491.0,1578.0,1536.0,1391.0,2448.0,20.7,24.5,25.1,19.4,20.2,19.8,34.0,36.3
.2,21.3,32.4
Champgenéteux (53160),/management/ville/champgeneteux/ville-53053,30.0,0.0,0.0,35.0,71.0,106.0,123.0,127.0,98.0,49.0,26.8,35.6,37.6,25.4,26.8,22.7,8.8,15.5
Blessy (62120),/management/ville/blessy/ville-62141,10.0,35.0,30.0,99.0,129.0,104.0,189.0,167.0,110.0,144.0,25.7,36.2,33.0,20.5,20.8,15.3,20.5,26.7
Brechainville (88350),/management/ville/brechainville/ville-88074,10.0,10.0,0.0,0.0,0.0,0.0,10.0,12.0,10.0,9.0,20.8,29.4,41.7,15.4,16.7,35.3,20.8,23.5
Castres (81100),/management/ville/castres/ville-81065,77.0,1070.0,2130.0,4260.0,5773.0,3741.0,9905.0,8054.0,5361.0,7815.0,28.0,35.1,30.5,20.9,17.1,17.4,24.5,25.6
Allevard (38580),/management/ville/allevard/ville-38006,0.0,144.0,244.0,589.0,644.0,354.0,878.0,699.0,491.0,926.0,24.1,34.0,28.4,18.3,16.7,16.1,30.8,31.1
Cossé-en-Champagne (53340),/management/ville/cosse-en-champagne/ville-53076,15.0,10.0,15.0,15.0,50.0,55.0,54.0,71.0,35.0,55.0,20.2,30.2,44.0,21.5,11.9,20.8,23.9,27.4
Canlers (62310),/management/ville/canlers/ville-62209,10.0,10.0,0.0,20.0,5.0,10.0,35.0,37.0,24.0,23.0,21.3,37.5,37.7,21.0,27.9,12.5,13.1,26.8
Assainvillers (80500),/management/ville/assainvillers/ville-80032,0.0,0.0,0.0,0.0,25.0,40.0,27.0,28.0,21.0,11.0,38.1,24.4,38.1,27.9,16.7,31.1,7.1,17.8
Buxières-sur-Arce (10110),/management/ville/buxieres-sur-arce/ville-10069,26.0,5.0,5.0,10.0,16.0,16.0,39.0,22.0,21.0,17.0,37.7,43.2,26.4,18.6,20.8,20.5,15.1,18.2
Bourgbarré (35230),/management/ville/bourgbarre/ville-35032,33.0,112.0,326.0,643.0,513.0,447.0,490.0,693.0,499.0,985.0,17.4,19.4,30.5,21.0,18.4,18.9,33.7,40.1
Acheux-en-Vimeu (80210),/management/ville/acheux-en-vimeu/ville-80004,5.0,5.0,10.0,40.0,90.0,100.0,159.0,118.0,48.0,63.0,36.0,45.5,38.2,21.1,11.8,12.9,14.0,18.3
Barbaggio (20253),/management/ville/barbaggio/ville-2B029,2.0,19.0,17.0,35.0,45.0,30.0,68.0,45.0,39.0,65.0,29.6,32.7,25.2,15.8,20.0,15.8,25.2,35.6
Béhorléguy (64220),/management/ville/behorleguy/ville-64107,25.0,5.0,5.0,10.0,0.0,5.0,13.0,18.0,10.0,13.0,16.1,34.8,45.2,16.0,25.8,8.7,12.9,39.1
Bernac-Dessus (65360),/management/ville/bernac-dessus/ville-65084,20.0,5.0,15.0,20.0,35.0,20.0,59.0,73.0,30.0,68.0,24.1,27.2,37.9,22.8,12.1,14.0,25.9,33.3
Aureville (31320),/management/ville/aureville/ville-31025,10.0,29.0,204.0,92.0,83.0,15.0,55.0,85.0,83.0,374.0,8.1,10.4,16.1,12.6,13.8,14.0,62.1,63.2
Crosmières (72200),/management/ville/crosmieres/ville-72110,15.0,25.0,10.0,120.0,135.0,175.0,184.0,254.0,127.0,139.0,22.7,29.5,43.2,26.4,16.8,19.3,17.3,22.2
Bonzée (55160),/management/ville/bonzee/ville-55060,0.0,10.0,30.0,70.0,40.0,30.0,68.0,71.0,53.0,73.0,24.6,26.7,36.6,17.1,21.6,18.3,17.2,38.2
Beyrie-sur-Joyeuse (64120),/management/ville/beyrie-sur-joyeuse/ville-64120,54.0,35.0,20.0,60.0,59.0,49.0,92.0,133.0,74.0,99.0,22.9,23.1,37.6,26.5,18.0,19.0,21.5,28.7
Courtesoult-et-Gatey (70600),/management/ville/courtesoult-et-gatey/ville-70183,0.0,0.0,0.0,0.0,20.0,0.0,26.0,11.0,8.0,7.0,45.8,53.6,33.3,11.1,16.7,14.3,4.2,21.4
Chaum (31440),/management/ville/chaum/ville-31139,0.0,5.0,5.0,15.0,15.0,15.0,59.0,29.0,35.0,26.0,33.8,45.6,22.5,16.9,28.2,19.0,15.5,19.0
Brouillet (51170),/management/ville/brouillet/ville-51089,10.0,0.0,5.0,0.0,0.0,9.0,23.0,9.0,20.0,9.0,27.3,48.3,21.2,8.7,39.4,27.6,12.1,17.2
Argancy (57640),/management/ville/argancy/ville-57028,0.0,55.0,144.0,200.0,195.0,115.0,195.0,285.0,177.0,353.0,17.2,21.4,31.2,23.2,18.5,16.6,33.1,36.9
Bazoches-sur-le-Betz (45210),/management/ville/bazoches-sur-le-betz/ville-45026,5.0,26.0,40.0,145.0,109.0,85.0,225.0,247.0,129.0,127.0,27.1,34.9,38.3,25.9,18.8,16.8,15.8,19.3
Angles (04170),/management/ville/angles/ville-04007,0.0,0.0,0.0,0.0,10.0,0.0,17.0,18.0,10.0,13.0,22.6,35.7,45.2,17.9,16.1,17.9,16.1,28.6
Assais-les-Jumeaux (79600),/management/ville/assais-les-jumeaux/ville-79016,31.0,20.0,15.0,87.0,81.0,117.0,215.0,179.0,117.0,94.0,29.6,42.2,35.8,21.5,21.4,17.1,13.2,18.1
Canly (60680),/management/ville/canly/ville-60125,0.0,31.0,56.0,147.0,81.0,112.0,167.0,172.0,91.0,161.0,28.3,27.9,33.0,23.0,15.3,15.5,23.3,31.4
Bréchamps (28210),/management/ville/brechamps/ville-28058,0.0,24.0,52.0,19.0,47.0,28.0,40.0,68.0,45.0,96.0,12.5,19.8,32.8,20.5,20.3,16.5,34.4,42.1
Comps-sur-Artuby (83840),/management/ville/comps-sur-artuby/ville-83044,15.0,20.0,15.0,39.0,35.0,66.0,103.0,64.0,60.0,77.0,34.3,33.8,23.8,18.0,16.9,23.1,25.0,26.2
Allèves (74540),/management/ville/alleves/ville-74004,0.0,30.0,30.0,40.0,80.0,55.0,48.0,87.0,50.0,107.0,15.4,17.5,39.6,19.0,17.4,16.8,27.5,46.2
Buxy (71390),/management/ville/buxy/ville-71070,20.0,50.0,140.0,210.0,210.0,205.0,435.0,441.0,308.0,436.0,18.7,33.8,35.4,20.1,18.2,19.7,27.7,26.3
Cesson-Sévigné (35510),/management/ville/cesson-sevigne/ville-35051,40.0,322.0,2847.0,2105.0,1502.0,790.0,1975.0,1991.0,1834.0,6137.0,13.4,19.5,17.4,16.0,14.7,16.0,54.5,48.5
Chevinay (69210),/management/ville/chevinay/ville-69057,0.0,15.0,89.0,79.0,50.0,15.0,81.0,106.0,77.0,135.0,18.6,22.5,30.9,22.1,17.5,20.6,33.0,34.3
Ayse (74130),/management/ville/ayse/ville-74024,10.0,99.0,124.0,263.0,248.0,189.0,353.0,399.0,283.0,569.0,20.3,23.6,28.9,20.5,16.8,18.5,34.0,36.8
Castres-Gironde (33640),/management/ville/castres-gironde/ville-33109,10.0,90.0,135.0,335.0,330.0,260.0,354.0,463.0,299.0,527.0,20.4,22.7,30.9,23.9,17.9,18.5,30.9,33.2
Blet (18350),/management/ville/blet/ville-18031,5.0,30.0,0.0,45.0,103.0,69.0,226.0,110.0,72.0,64.0,46.1,49.6,26.3,19.8,12.7,17.8,14.9,12.4
Clérey-la-Côte (88630),/management/ville/clerey-la-cote/ville-88107,0.0,0.0,0.0,0.0,5.0,15.0,13.0,9.0,3.0,5.0,41.2,46.2,29.4,25.0,11.8,7.7,17.6,15.4
Cossé-le-Vivien (53230),/management/ville/cosse-le-vivien/ville-53077,78.0,63.0,122.0,366.0,405.0,449.0,698.0,679.0,416.0,479.0,25.1,36.0,37.4,21.8,18.2,18.4,19.3,22.7
Barbaira (11800),/management/ville/barbaira/ville-11027,5.0,25.0,20.0,81.0,68.0,59.0,171.0,156.0,102.0,94.0,30.6,35.0,37.5,22.9,15.7,22.6,16.1,19.3
Courtetain-et-Salans (25530),/management/ville/courtetain-et-salans/ville-25175,10.0,0.0,0.0,0.0,25.0,0.0,20.0,12.0,11.0,17.0,34.4,32.1,25.0,14.8,18.8,17.9,21.9,35.7
Crosne (91560),/management/ville/crosne/ville-91191,0.0,230.0,1050.0,1455.0,1265.0,650.0,1353.0,1487.0,1286.0,2182.0,21.6,21.3,26.8,20.9,19.5,21.2,32.2,36.7
Boô-Silhen (65400),/management/ville/boo-silhen/ville-65098,10.0,5.0,5.0,39.0,43.0,39.0,47.0,85.0,47.0,57.0,16.8,23.1,42.0,26.7,21.8,17.9,19.3,29.1
Acheville (62320),/management/ville/acheville/ville-62003,15.0,15.0,45.0,130.0,100.0,55.0,82.0,115.0,87.0,169.0,13.7,22.8,31.4,18.9,21.2,17.1,33.6,40.8
Bourgeauville (14430),/management/ville/bourgeauville/ville-14091,5.0,0.0,5.0,21.0,5.0,5.0,36.0,14.0,15.0,23.0,43.5,39.0,21.7,10.8,15.2,19.5,19.6,31.7
Argein (09800),/management/ville/argein/ville-09014,0.0,10.0,5.0,10.0,20.0,15.0,65.0,48.0,31.0,22.0,36.0,42.5,32.6,23.0,20.9,16.3,10.5,16.3
Anglès (81260),/management/ville/angles/ville-81014,50.0,35.0,10.0,25.0,25.0,20.0,155.0,111.0,90.0,85.0,33.6,36.7,30.9,19.8,19.5,21.3,15.9,22.6
Beyries (40700),/management/ville/beyries/ville-40041,0.0,10.0,10.0,5.0,24.0,0.0,20.0,34.0,11.0,31.0,12.8,28.0,48.9,19.6,12.8,10.0,25.5,40.0
Bernadets (64160),/management/ville/bernadets/ville-64114,5.0,35.0,35.0,70.0,70.0,40.0,58.0,134.0,87.0,151.0,12.3,14.8,34.1,26.9,16.8,23.8,36.8,33.3
Béhoust (78910),/management/ville/behoust/ville-78053,0.0,25.0,85.0,60.0,15.0,20.0,71.0,65.0,59.0,135.0,18.2,24.8,21.8,17.7,17.6,18.2,42.4,39.4
Bazoches-sur-Vesles (02220),/management/ville/bazoches-sur-vesles/ville-02054,15.0,40.0,25.0,65.0,35.0,45.0,99.0,92.0,52.0,82.0,27.6,33.5,33.5,21.6,14.1,18.1,24.7,25.8
Cessoy-en-Montois (77520),/management/ville/cessoy-en-montois/ville-77068,0.0,10.0,10.0,20.0,10.0,45.0,38.0,59.0,30.0,45.0,18.3,26.6,44.1,22.2,15.1,20.3,22.6,30.4
Charre (64190),/management/ville/charre/ville-64186,10.0,5.0,0.0,20.0,20.0,46.0,56.0,51.0,43.0,30.0,24.2,38.6,29.7,24.5,31.9,15.9,14.3,18.2
Brouqueyran (33124),/management/ville/brouqueyran/ville-33074,25.0,10.0,20.0,10.0,20.0,30.0,28.0,51.0,24.0,37.0,18.8,21.1,37.7,29.4,18.8,15.5,24.6,28.2
Cannectancourt (60310),/management/ville/cannectancourt/ville-60126,5.0,10.0,35.0,30.0,90.0,80.0,105.0,116.0,82.0,71.0,26.2,29.8,33.3,27.1,21.3,22.5,19.1,18.8
Allex (26400),/management/ville/allex/ville-26006,30.0,60.0,174.0,373.0,283.0,272.0,429.0,451.0,321.0,639.0,20.3,26.3,30.7,18.4,17.2,17.6,31.8,37.5
Bréchaumont (68210),/management/ville/brechaumont/ville-68050,5.0,25.0,45.0,35.0,35.0,45.0,67.0,127.0,47.0,73.0,19.7,22.8,41.4,31.8,14.5,15.4,24.3,22.2
Chevincourt (60150),/management/ville/chevincourt/ville-60147,0.0,10.0,45.0,159.0,149.0,119.0,200.0,196.0,98.0,143.0,29.8,32.8,37.0,22.6,14.3,16.7,18.9,26.2
Comus (11340),/management/ville/comus/ville-11096,0.0,5.0,10.0,0.0,5.0,10.0,16.0,10.0,4.0,10.0,30.0,50.0,30.0,16.7,20.0,0.0,20.0,30.0
Buysscheure (59285),/management/ville/buysscheure/ville-59119,10.0,25.0,20.0,85.0,40.0,60.0,130.0,118.0,73.0,88.0,29.1,34.5,33.5,22.8,17.5,18.2,19.9,23.2
Assas (34820),/management/ville/assas/ville-34014,5.0,55.0,224.0,179.0,134.0,25.0,141.0,183.0,202.0,628.0,11.9,12.7,19.1,13.6,15.4,19.4,53.6,55.2
Chaumard (58120),/management/ville/chaumard/ville-58068,0.0,25.0,15.0,25.0,25.0,5.0,62.0,59.0,34.0,30.0,24.2,43.3,42.1,20.4,18.9,17.8,14.7,17.8
Cossesseville (14690),/management/ville/cossesseville/ville-14183,5.0,5.0,0.0,5.0,10.0,20.0,28.0,26.0,7.0,14.0,35.7,39.4,45.2,20.0,4.8,15.2,14.3,24.2
Auriac (11330),/management/ville/auriac/ville-11020,0.0,0.0,5.0,0.0,10.0,0.0,7.0,9.0,6.0,10.0,17.6,26.7,29.4,25.0,17.6,20.0,35.3,26.7
Ayssènes (12430),/management/ville/ayssenes/ville-12017,30.0,15.0,5.0,15.0,20.0,15.0,59.0,41.0,39.0,46.0,28.4,36.9,28.4,15.0,22.5,19.0,20.6,29.8
Clérey-sur-Brenon (54330),/management/ville/clerey-sur-brenon/ville-54132,0.0,0.0,17.0,17.0,0.0,0.0,14.0,9.0,9.0,21.0,30.8,25.0,23.1,12.5,7.7,25.0,38.5,39.3
Castries (34160),/management/ville/castries/ville-34058,29.0,293.0,596.0,977.0,781.0,415.0,905.0,890.0,830.0,1863.0,17.7,22.4,22.9,17.2,19.2,17.9,40.2,42.6
Barbaise (08430),/management/ville/barbaise/ville-08047,0.0,5.0,5.0,5.0,14.0,14.0,16.0,31.0,17.0,13.0,10.3,32.4,51.3,27.5,20.5,21.6,17.9,16.2
Bletterans (39140),/management/ville/bletterans/ville-39056,5.0,45.0,65.0,100.0,191.0,165.0,459.0,361.0,148.0,173.0,29.9,48.6,40.3,21.6,15.5,11.0,14.3,15.8
Boofzheim (67860),/management/ville/boofzheim/ville-67055,10.0,20.0,72.0,184.0,174.0,179.0,205.0,373.0,180.0,234.0,16.8,24.5,44.9,27.6,16.0,20.3,22.3,24.9
Achey (70180),/management/ville/achey/ville-70003,20.0,0.0,0.0,0.0,5.0,0.0,17.0,22.0,4.0,8.0,40.7,25.0,44.4,32.3,3.7,12.5,11.1,20.8
Crossac (44160),/management/ville/crossac/ville-44050,5.0,30.0,89.0,382.0,377.0,401.0,377.0,800.0,394.0,456.0,13.9,23.3,48.3,27.8,18.0,20.9,19.7,25.3
Courteuil (60300),/management/ville/courteuil/ville-60170,0.0,38.0,84.0,75.0,55.0,35.0,108.0,75.0,77.0,210.0,20.9,24.8,20.9,12.8,10.9,21.2,47.3,42.4
Champhol (28300),/management/ville/champhol/ville-28070,5.0,45.0,277.0,604.0,396.0,312.0,627.0,702.0,428.0,809.0,22.6,26.2,30.6,22.7,15.9,17.5,31.0,32.1
Bourges (18000),/management/ville/bourges/ville-18033,63.0,1289.0,4806.0,7223.0,8481.0,5925.0,13579.0,12603.0,8014.0,14691.0,23.0,31.8,29.8,21.1,16.2,16.5,30.9,29.3
Cannelle (20151),/management/ville/cannelle/ville-2A060,3.0,0.0,4.0,9.0,9.0,6.0,10.0,6.0,14.0,20.0,23.1,20.8,3.8,21.7,26.9,25.0,46.2,33.3
Buzan (09800),/management/ville/buzan/ville-09069,0.0,0.0,5.0,5.0,0.0,0.0,9.0,4.0,3.0,11.0,23.1,42.9,15.4,12.5,23.1,0.0,38.5,42.9
Charrecey (71510),/management/ville/charrecey/ville-71107,5.0,5.0,14.0,43.0,34.0,48.0,39.0,77.0,44.0,68.0,13.2,20.4,44.7,22.4,18.4,20.4,23.7,36.3
Bazoges-en-Paillers (85130),/management/ville/bazoges-en-paillers/ville-85013,20.0,46.0,41.0,138.0,200.0,404.0,236.0,311.0,209.0,196.0,20.6,29.1,41.4,23.7,20.0,24.0,18.1,23.2
Brèches (37330),/management/ville/breches/ville-37037,19.0,6.0,6.0,43.0,25.0,62.0,56.0,72.0,40.0,50.0,20.7,31.7,39.7,23.6,19.0,16.8,20.7,25.7
Angles (85750),/management/ville/angles/ville-85004,11.0,135.0,10.0,221.0,338.0,181.0,1002.0,742.0,337.0,289.0,35.1,48.3,38.5,22.7,14.5,14.0,11.9,12.5
Brousse (23700),/management/ville/brousse/ville-23034,10.0,0.0,5.0,0.0,0.0,0.0,4.0,8.0,6.0,3.0,18.2,20.0,45.5,30.0,27.3,30.0,9.1,20.0
Cessy (01170),/management/ville/cessy/ville-01071,0.0,144.0,548.0,697.0,881.0,354.0,475.0,803.0,582.0,1486.0,13.9,14.4,26.8,20.7,16.4,18.4,42.9,45.9
Conan (41290),/management/ville/conan/ville-41057,10.0,0.0,5.0,20.0,10.0,35.0,29.0,36.0,30.0,28.0,20.3,27.1,40.6,18.2,25.0,23.7,14.1,32.2
Beyssac (19230),/management/ville/beyssac/ville-19024,33.0,24.0,20.0,48.0,59.0,64.0,268.0,130.0,70.0,75.0,47.9,51.2,28.3,17.8,12.6,13.3,11.2,16.8
Bernadets-Debat (65220),/management/ville/bernadets-debat/ville-65085,20.0,5.0,0.0,0.0,10.0,0.0,29.0,29.0,21.0,13.0,28.9,34.0,33.3,27.5,24.4,21.3,13.3,14.9
Chevrainvilliers (77760),/management/ville/chevrainvilliers/ville-77112,5.0,0.0,5.0,37.0,51.0,23.0,26.0,66.0,33.0,53.0,14.9,14.3,39.4,30.5,16.0,21.4,29.8,29.8
Assat (64510),/management/ville/assat/ville-64067,24.0,73.0,142.0,308.0,195.0,137.0,224.0,353.0,217.0,493.0,16.9,17.8,32.4,21.7,15.0,18.7,35.7,41.0
Argelès-Bagnères (65200),/management/ville/argeles-bagneres/ville-65024,11.0,0.0,5.0,5.0,22.0,11.0,23.0,31.0,16.0,24.0,24.5,23.4,40.8,24.0,16.3,19.1,18.4,31.9
Behren-lès-Forbach (57460),/management/ville/behren-les-forbach/ville-57058,0.0,45.0,95.0,361.0,782.0,1013.0,2633.0,1081.0,625.0,494.0,50.3,58.2,27.3,17.3,11.6,14.1,10.8,9.8
Chaume-et-Courchamp (21610),/management/ville/chaume-et-courchamp/ville-21158,5.0,5.0,0.0,10.0,26.0,26.0,41.0,42.0,31.0,16.0,25.0,38.5,43.8,21.9,23.4,23.1,7.8,16.9
Cosswiller (67310),/management/ville/cosswiller/ville-67077,0.0,20.0,44.0,88.0,74.0,69.0,97.0,147.0,82.0,120.0,17.5,26.0,40.8,23.8,17.0,19.7,24.7,29.1
Aytré (17440),/management/ville/aytre/ville-17028,15.0,225.0,605.0,1175.0,1415.0,655.0,1805.0,1776.0,1119.0,2019.0,23.8,29.5,31.1,21.4,15.5,17.7,29.7,30.4
Bleurville (88410),/management/ville/bleurville/ville-88061,0.0,21.0,0.0,10.0,26.0,58.0,129.0,83.0,36.0,25.0,43.2,52.0,35.8,21.2,12.8,13.6,8.1,11.2
Auriac (19220),/management/ville/auriac/ville-19014,15.0,5.0,5.0,20.0,5.0,26.0,72.0,38.0,43.0,37.0,34.4,42.1,26.9,14.9,22.6,22.1,16.1,22.1
Catenay (76116),/management/ville/catenay/ville-76163,5.0,5.0,50.0,110.0,95.0,70.0,122.0,120.0,112.0,145.0,24.7,24.2,31.1,18.3,20.3,24.6,23.9,34.3
Boos (76520),/management/ville/boos/ville-76116,0.0,122.0,280.0,560.0,612.0,329.0,646.0,726.0,517.0,719.0,20.6,28.7,34.4,21.3,19.3,20.3,25.7,29.4
Achicourt (62217),/management/ville/achicourt/ville-62004,10.0,144.0,440.0,984.0,974.0,798.0,1892.0,1488.0,1040.0,1289.0,28.6,37.0,30.5,21.5,17.7,18.6,23.2,22.1
Alleyras (43580),/management/ville/alleyras/ville-43005,10.0,10.0,5.0,15.0,0.0,0.0,63.0,33.0,28.0,16.0,35.7,55.1,31.4,16.4,20.0,18.8,12.9,10.1
Breconchaux (25640),/management/ville/breconchaux/ville-25088,0.0,5.0,15.0,10.0,5.0,0.0,12.0,22.0,13.0,16.0,19.4,18.8,45.2,24.2,19.4,21.9,16.1,34.4
Courthézon (84350),/management/ville/courthezon/ville-84039,63.0,266.0,270.0,599.0,609.0,704.0,1198.0,1129.0,736.0,1047.0,27.8,30.4,32.7,21.9,16.7,19.0,22.9,27.8
Clergoux (19320),/management/ville/clergoux/ville-19056,0.0,0.0,15.0,51.0,46.0,52.0,114.0,99.0,83.0,43.0,26.5,40.3,34.6,23.7,25.9,23.3,13.0,12.5
Champien (80700),/management/ville/champien/ville-80185,0.0,5.0,9.0,47.0,5.0,47.0,51.0,70.0,25.0,48.0,26.0,27.4,38.0,27.6,13.0,11.6,23.0,27.4
Bourget-en-Huile (73110),/management/ville/bourget-en-huile/ville-73052,10.0,10.0,5.0,15.0,25.0,10.0,24.0,38.0,20.0,31.0,25.8,15.7,38.7,26.9,11.3,25.5,24.2,31.4
Buzançais (36500),/management/ville/buzancais/ville-36031,25.0,95.0,115.0,409.0,659.0,589.0,1431.0,1136.0,499.0,496.0,31.6,47.6,41.7,21.5,13.5,14.5,13.2,14.6
Crosses (18340),/management/ville/crosses/ville-18081,0.0,5.0,5.0,30.0,79.0,79.0,62.0,95.0,49.0,64.0,20.5,25.4,43.9,24.3,18.2,18.8,17.4,29.7
Brousse (63490),/management/ville/brousse/ville-63056,10.0,5.0,5.0,25.0,50.0,55.0,79.0,82.0,43.0,60.0,26.7,33.9,38.4,20.8,15.8,17.4,19.2,27.0
Bernadets-Dessus (65190),/management/ville/bernadets-dessus/ville-65086,5.0,5.0,0.0,5.0,20.0,10.0,49.0,29.0,24.0,28.0,32.8,42.0,26.2,18.1,23.0,14.5,18.0,24.6
Angles-sur-l'Anglin (86260),/management/ville/angles-sur-l-anglin/ville-86004,10.0,15.0,36.0,21.0,5.0,26.0,95.0,75.0,59.0,91.0,21.2,37.4,33.1,15.3,17.9,19.3,27.8,28.7
Conand (01230),/management/ville/conand/ville-01111,0.0,5.0,15.0,10.0,20.0,15.0,19.0,22.0,16.0,25.0,18.6,28.2,39.5,14.7,14.0,25.6,27.9,33.3
Chaume-lès-Baigneux (21450),/management/ville/chaume-les-baigneux/ville-21160,5.0,0.0,5.0,10.0,34.0,10.0,25.0,14.0,11.0,15.0,36.4,42.4,27.3,15.2,18.2,15.2,18.2,27.3
Barbas (54450),/management/ville/barbas/ville-54044,5.0,10.0,10.0,5.0,46.0,10.0,49.0,42.0,22.0,17.0,31.3,44.4,38.8,22.9,19.4,14.3,10.4,15.9
Charrey-sur-Saône (21170),/management/ville/charrey-sur-saone/ville-21148,5.0,15.0,15.0,35.0,50.0,65.0,82.0,79.0,39.0,51.0,31.3,34.2,37.4,22.6,16.8,14.2,14.5,26.7
Cessy-les-Bois (58220),/management/ville/cessy-les-bois/ville-58048,0.0,5.0,5.0,15.0,20.0,5.0,30.0,33.0,10.0,10.0,34.1,38.6,43.9,29.1,12.2,11.4,9.8,13.6
Bazoges-en-Pareds (85390),/management/ville/bazoges-en-pareds/ville-85014,35.0,30.0,25.0,106.0,76.0,252.0,239.0,327.0,150.0,141.0,21.1,34.6,44.5,27.5,18.3,16.9,16.2,16.9
Costa (20226),/management/ville/costa/ville-2B097,3.0,10.0,3.0,4.0,10.0,2.0,10.0,13.0,11.0,22.0,16.7,18.5,30.0,15.4,20.0,18.5,33.3,48.1
Clérieux (26260),/management/ville/clerieux/ville-26096,15.0,75.0,75.0,245.0,265.0,285.0,418.0,448.0,235.0,367.0,26.3,30.6,35.6,23.4,15.7,16.3,22.4,27.5
Argelès-Gazost (65400),/management/ville/argeles-gazost/ville-65025,0.0,71.0,91.0,289.0,456.0,274.0,662.0,678.0,471.0,644.0,22.4,30.4,32.2,23.1,18.7,19.6,26.8,25.9
Cannes (06150),/management/ville/cannes/ville-06029,38.0,2891.0,3696.0,6480.0,11549.0,5283.0,20583.0,11677.0,11086.0,15309.0,32.9,36.8,22.8,18.0,17.6,19.9,26.7,25.6
Cestas (33610),/management/ville/cestas/ville-33122,21.0,460.0,1902.0,2157.0,1734.0,1040.0,2505.0,3292.0,2233.0,4975.0,15.7,22.6,27.2,22.0,18.1,16.3,39.0,37.5
Béhuard (49170),/management/ville/behuard/ville-49028,0.0,19.0,14.0,0.0,14.0,10.0,13.0,22.0,21.0,39.0,17.6,10.6,21.6,25.0,19.6,23.4,41.2,40.4
Ayzac-Ost (65400),/management/ville/ayzac-ost/ville-65056,0.0,26.0,20.0,82.0,61.0,36.0,101.0,94.0,67.0,105.0,19.6,34.3,31.0,19.4,24.4,13.4,25.0,31.3
Beyssenac (19230),/management/ville/beyssenac/ville-19025,29.0,20.0,0.0,20.0,35.0,64.0,102.0,112.0,34.0,53.0,28.3,39.6,46.7,23.4,12.5,10.1,12.5,22.8
Bootzheim (67390),/management/ville/bootzheim/ville-67056,10.0,25.0,25.0,76.0,126.0,121.0,140.0,196.0,93.0,106.0,22.4,29.5,43.6,26.6,18.1,16.5,15.8,23.7
Catenoy (60840),/management/ville/catenoy/ville-60130,15.0,10.0,25.0,189.0,184.0,119.0,171.0,270.0,116.0,221.0,17.9,26.0,43.9,23.2,13.5,16.5,24.7,32.2
Auriac (64450),/management/ville/auriac/ville-64078,0.0,20.0,15.0,25.0,30.0,10.0,43.0,76.0,20.0,50.0,21.7,24.0,45.7,27.7,10.9,10.4,21.7,31.3
Conat (66500),/management/ville/conat/ville-66054,10.0,15.0,0.0,0.0,0.0,5.0,8.0,14.0,11.0,15.0,16.0,17.4,36.0,21.7,24.0,21.7,24.0,39.1
Blevaincourt (88320),/management/ville/blevaincourt/ville-88062,5.0,0.0,0.0,0.0,10.0,10.0,15.0,35.0,19.0,11.0,11.9,27.0,50.0,31.0,26.2,21.6,11.9,16.2
Brécy (02210),/management/ville/brecy/ville-02119,0.0,25.0,10.0,50.0,55.0,69.0,95.0,76.0,45.0,40.0,35.9,38.3,35.2,22.6,18.0,17.2,10.9,20.3
Brousse (81440),/management/ville/brousse/ville-81040,10.0,15.0,10.0,40.0,80.0,55.0,86.0,91.0,58.0,65.0,27.3,30.1,37.0,23.0,16.9,21.9,18.8,24.7
Assay (37120),/management/ville/assay/ville-37007,5.0,5.0,0.0,15.0,29.0,15.0,41.0,46.0,17.0,30.0,28.6,32.4,42.9,24.7,6.3,17.6,22.2,23.0
Buzancy (02200),/management/ville/buzancy/ville-02138,10.0,10.0,15.0,30.0,20.0,10.0,33.0,42.0,28.0,38.0,21.6,25.4,36.5,22.1,18.9,20.9,23.0,31.3
Chevreaux (39190),/management/ville/chevreaux/ville-39142,0.0,15.0,0.0,20.0,15.0,10.0,38.0,35.0,16.0,15.0,34.5,38.8,43.6,22.4,9.1,22.4,12.7,16.3
Crosville-la-Vieille (27110),/management/ville/crosville-la-vieille/ville-27192,5.0,0.0,30.0,124.0,89.0,54.0,136.0,129.0,88.0,94.0,25.1,35.7,34.7,22.4,20.5,18.9,19.6,22.0
Barbaste (47230),/management/ville/barbaste/ville-47021,15.0,86.0,71.0,141.0,171.0,172.0,394.0,373.0,192.0,197.0,30.9,37.2,37.2,25.1,15.4,17.7,16.5,17.6
Courthiézy (51700),/management/ville/courthiezy/ville-51192,10.0,10.0,5.0,26.0,46.0,55.0,105.0,74.0,48.0,47.0,30.5,46.0,36.6,17.5,19.8,15.1,13.0,20.9
Charrey-sur-Seine (21400),/management/ville/charrey-sur-seine/ville-21149,5.0,0.0,5.0,5.0,24.0,19.0,52.0,44.0,18.0,9.0,37.7,46.7,39.3,27.5,13.1,16.7,9.8,5.0
Bourgheim (67140),/management/ville/bourgheim/ville-67060,14.0,10.0,43.0,82.0,87.0,106.0,81.0,151.0,89.0,125.0,17.0,18.9,39.1,27.2,16.5,23.5,27.4,29.0
Costaros (43490),/management/ville/costaros/ville-43077,10.0,30.0,5.0,60.0,75.0,90.0,162.0,125.0,81.0,59.0,31.3,43.8,38.3,20.8,18.9,19.0,11.4,15.9
Argelès-sur-Mer (66700),/management/ville/argeles-sur-mer/ville-66008,35.0,506.0,324.0,853.0,1309.0,659.0,2667.0,2450.0,1511.0,1830.0,30.1,32.7,30.7,25.3,17.2,18.4,22.0,21.3
Alleyrat (19200),/management/ville/alleyrat/ville-19006,9.0,5.0,9.0,0.0,14.0,23.0,15.0,19.0,20.0,20.0,21.2,20.5,27.3,23.1,30.3,23.1,21.2,33.3
Chaumeil (19390),/management/ville/chaumeil/ville-19051,19.0,5.0,14.0,10.0,14.0,18.0,55.0,35.0,23.0,29.0,35.7,42.3,31.4,18.3,14.3,18.3,18.6,21.1
Bernardswiller (67210),/management/ville/bernardswiller/ville-67031,35.0,70.0,130.0,170.0,180.0,210.0,202.0,368.0,166.0,354.0,14.5,22.5,39.3,24.8,15.8,14.7,30.4,34.5
Cestayrols (81150),/management/ville/cestayrols/ville-81067,10.0,10.0,15.0,35.0,49.0,29.0,108.0,79.0,59.0,122.0,24.6,33.9,26.3,16.9,17.9,14.3,31.3,34.4
15.9,21.5
1
.0,23.2,27.0
Conca (20135),/management/ville/conca/ville-2A092,2.0,79.0,48.0,73.0,151.0,93.0,292.0,189.0,204.0,225.0,30.1,34.1,25.1,18.1,19.0,25.9,25.9,23.7
Courties (32230),/management/ville/courties/ville-32111,0.0,10.0,0.0,0.0,0.0,0.0,17.0,7.0,11.0,10.0,31.8,43.5,27.3,5.9,18.2,30.4,22.7,21.7
Charrin (58300),/management/ville/charrin/ville-58060,10.0,5.0,10.0,45.0,90.0,80.0,147.0,197.0,73.0,71.0,23.9,36.5,49.0,27.2,14.2,15.8,13.0,16.2
Beignon (56380),/management/ville/beignon/ville-56012,10.0,50.0,240.0,205.0,285.0,165.0,217.0,298.0,239.0,332.0,16.4,23.5,32.3,22.3,23.0,21.0,28.3,32.8
Bez-et-Esparon (30120),/management/ville/bez-et-esparon/ville-30038,0.0,26.0,5.0,36.0,36.0,16.0,90.0,75.0,51.0,58.0,29.8,35.7,33.6,21.1,18.3,18.9,18.3,23.8
Cateri (20225),/management/ville/cateri/ville-2B084,7.0,20.0,7.0,21.0,32.0,23.0,54.0,54.0,28.0,37.0,27.4,34.8,44.0,19.3,11.9,20.2,16.7,25.8
Crosville-sur-Douve (50360),/management/ville/crosville-sur-douve/ville-50156,5.0,5.0,0.0,10.0,10.0,5.0,14.0,23.0,5.0,8.0,24.0,32.0,52.0,31.3,8.0,12.0,16.0,16.0
Bourghelles (59830),/management/ville/bourghelles/ville-59096,15.0,81.0,223.0,183.0,213.0,122.0,216.0,213.0,199.0,536.0,15.6,21.5,21.3,15.8,15.9,18.1,47.2,45.1
Brousse-le-Château (12480),/management/ville/brousse-le-chateau/ville-12038,34.0,10.0,0.0,5.0,5.0,5.0,50.0,30.0,23.0,29.0,37.1,38.7,28.6,16.4,17.1,17.7,17.1,27.4
Auriac-du-Périgord (24290),/management/ville/auriac-du-perigord/ville-24018,9.0,56.0,20.0,15.0,55.0,46.0,96.0,79.0,65.0,77.0,24.4,36.9,33.1,17.4,19.4,21.7,23.1,24.8
Boqueho (22170),/management/ville/boqueho/ville-22011,20.0,25.0,20.0,115.0,176.0,155.0,180.0,216.0,164.0,190.0,20.6,27.7,32.6,23.5,24.1,19.7,22.7,27.9
Chevregny (02000),/management/ville/chevregny/ville-02183,0.0,5.0,15.0,15.0,21.0,31.0,30.0,43.0,27.0,42.0,7.4,33.8,42.6,18.7,19.1,17.6,30.9,29.7
Buzancy (08240),/management/ville/buzancy/ville-08089,15.0,25.0,0.0,10.0,50.0,75.0,126.0,67.0,30.0,34.0,43.6,54.8,33.1,17.4,11.3,12.1,12.0,14.5
Barbâtre (85630),/management/ville/barbatre/ville-85011,10.0,97.0,41.0,107.0,224.0,112.0,418.0,488.0,264.0,276.0,22.5,34.5,39.5,26.2,17.6,18.8,20.4,17.9
Ayzieu (32800),/management/ville/ayzieu/ville-32025,5.0,10.0,10.0,20.0,25.0,10.0,49.0,42.0,21.0,26.0,29.6,42.0,38.0,20.8,18.3,11.6,14.1,23.2
Brécy (18220),/management/ville/brecy/ville-18035,10.0,29.0,34.0,165.0,126.0,145.0,144.0,198.0,163.0,160.0,21.2,22.4,35.9,24.1,22.6,26.4,20.3,27.9
Blèves (72600),/management/ville/bleves/ville-72037,0.0,5.0,5.0,5.0,20.0,14.0,33.0,20.0,13.0,11.0,37.8,47.5,40.5,13.5,13.5,20.0,8.1,20.0
Assé-le-Bérenger (53600),/management/ville/asse-le-berenger/ville-53010,15.0,20.0,10.0,25.0,49.0,108.0,85.0,123.0,53.0,43.0,29.1,26.4,43.0,31.1,17.7,17.6,10.1,18.9
Chaumercenne (70140),/management/ville/chaumercenne/ville-70142,5.0,0.0,5.0,26.0,26.0,16.0,43.0,48.0,24.0,24.0,29.2,32.9,40.0,27.5,13.8,20.5,16.9,16.4
Alleyrat (23200),/management/ville/alleyrat/ville-23003,0.0,0.0,0.0,15.0,25.0,30.0,26.0,38.0,25.0,28.0,24.2,20.4,37.1,25.9,17.7,25.9,21.0,27.8
Achiet-le-Petit (62121),/management/ville/achiet-le-petit/ville-62006,6.0,28.0,14.0,39.0,34.0,20.0,85.0,61.0,50.0,38.0,34.2,38.5,33.3,20.5,18.8,23.9,13.7,17.9
Bernardvillé (67140),/management/ville/bernardville/ville-67032,10.0,0.0,5.0,20.0,35.0,25.0,48.0,52.0,45.0,45.0,13.4,34.3,36.6,21.4,22.0,25.0,28.0,20.4
Ceton (61260),/management/ville/ceton/ville-61079,49.0,64.0,38.0,107.0,180.0,306.0,758.0,351.0,142.0,149.0,45.6,61.8,34.7,15.5,9.5,10.7,10.3,11.1
Coteaux du Lizon (39170),/management/ville/coteaux-du-lizon/ville-39491,10.0,100.0,160.0,241.0,175.0,321.0,603.0,554.0,259.0,383.0,27.4,39.4,37.2,22.4,14.1,14.6,21.3,21.4
Argeliers (11120),/management/ville/argeliers/ville-11012,25.0,110.0,40.0,160.0,315.0,265.0,447.0,505.0,303.0,334.0,25.5,30.7,36.8,25.0,18.7,19.5,18.9,23.1
Anglesqueville-la-Bras-Long (76740),/management/ville/anglesqueville-la-bras-long/ville-76016,0.0,0.0,0.0,20.0,29.0,25.0,24.0,19.0,21.0,23.0,22.7,32.6,29.5,15.4,25.0,23.3,22.7,30.2
Bazoilles-sur-Meuse (88300),/management/ville/bazoilles-sur-meuse/ville-88044,10.0,15.0,20.0,59.0,100.0,84.0,161.0,155.0,63.0,91.0,28.5,39.7,42.1,21.3,14.5,12.7,14.9,24.1
Cannes-et-Clairan (30260),/management/ville/cannes-et-clairan/ville-30066,10.0,45.0,15.0,50.0,55.0,60.0,79.0,116.0,87.0,109.0,18.8,21.5,37.6,22.7,21.0,23.4,22.6,32.7
Clermont (09420),/management/ville/clermont/ville-09097,10.0,0.0,5.0,15.0,30.0,10.0,22.0,15.0,17.0,28.0,32.5,21.4,20.0,17.1,22.5,19.0,25.0,42.9
Champignelles (89350),/management/ville/champignelles/ville-89073,25.0,45.0,35.0,59.0,80.0,154.0,380.0,261.0,100.0,89.0,41.1,50.1,37.4,22.8,11.6,12.5,9.9,11.5
Bourgnac (24400),/management/ville/bourgnac/ville-24059,0.0,25.0,5.0,81.0,15.0,30.0,99.0,92.0,42.0,53.0,31.3,38.7,38.9,23.5,11.8,17.6,18.1,18.3
Beillé (72160),/management/ville/beille/ville-72031,0.0,0.0,20.0,60.0,55.0,129.0,129.0,135.0,67.0,41.0,30.5,38.8,42.6,26.6,18.9,16.9,7.9,14.2
Charritte-de-Bas (64130),/management/ville/charritte-de-bas/ville-64187,0.0,0.0,11.0,11.0,32.0,58.0,72.0,75.0,33.0,26.0,32.7,36.8,39.6,28.0,16.8,15.1,10.9,15.1
Concarneau (29900),/management/ville/concarneau/ville-29039,24.0,529.0,907.0,1964.0,2333.0,1977.0,4439.0,4096.0,2741.0,4041.0,23.0,33.9,32.7,21.0,18.2,17.7,26.2,26.6
Barbazan (31510),/management/ville/barbazan/ville-31045,19.0,5.0,24.0,77.0,63.0,19.0,122.0,109.0,57.0,92.0,29.1,34.8,35.2,21.3,13.7,16.2,22.0,26.3
Bézac (09100),/management/ville/bezac/ville-09056,10.0,25.0,10.0,45.0,60.0,40.0,43.0,84.0,54.0,77.0,13.4,20.2,37.3,25.6,21.6,20.2,27.6,32.3
Azannes-et-Soumazannes (55150),/management/ville/azannes-et-soumazannes/ville-55024,20.0,5.0,15.0,20.0,5.0,20.0,53.0,40.0,13.0,23.0,29.4,54.1,38.2,19.4,14.7,4.9,17.6,18.0
Brousses-et-Villaret (11390),/management/ville/brousses-et-villaret/ville-11052,0.0,20.0,5.0,35.0,45.0,35.0,83.0,67.0,49.0,72.0,28.5,32.6,26.9,21.5,19.2,17.0,25.4,27.7
Brécy-Brières (08400),/management/ville/brecy-brieres/ville-08082,0.0,0.0,5.0,0.0,15.0,15.0,18.0,11.0,8.0,21.0,24.1,37.9,17.2,17.6,24.1,3.4,34.5,37.9
Coteaux-du-Blanzacais (16250),/management/ville/coteaux-du-blanzacais/ville-16046,23.0,49.0,49.0,78.0,133.0,162.0,322.0,249.0,129.0,133.0,32.3,44.7,35.9,22.0,16.4,14.8,15.4,16.5
Bazolles (58110),/management/ville/bazolles/ville-58024,5.0,15.0,5.0,19.0,29.0,30.0,75.0,81.0,41.0,47.0,27.0,34.2,39.7,24.8,15.1,19.2,18.3,20.0
Blicourt (60860),/management/ville/blicourt/ville-60077,16.0,15.0,10.0,46.0,81.0,25.0,72.0,73.0,43.0,60.0,27.3,30.5,36.4,22.1,14.0,20.3,22.3,26.6
Chèvremont (90340),/management/ville/chevremont/ville-90026,5.0,35.0,140.0,224.0,194.0,144.0,226.0,290.0,184.0,414.0,19.6,20.9,29.2,21.6,16.3,16.7,34.9,39.5
Auriac-l'Église (15500),/management/ville/auriac-l-eglise/ville-15013,16.0,0.0,0.0,27.0,11.0,21.0,56.0,38.0,19.0,25.0,33.3,48.4,33.3,19.2,18.7,7.8,14.7,21.9
Buzet-sur-Baïse (47160),/management/ville/buzet-sur-baise/ville-47043,25.0,40.0,30.0,95.0,150.0,205.0,368.0,320.0,143.0,159.0,33.4,40.6,39.3,23.6,12.7,16.1,14.6,17.4
Bor-et-Bar (12270),/management/ville/bor-et-bar/ville-12029,20.0,5.0,5.0,15.0,34.0,15.0,56.0,40.0,31.0,34.0,34.9,32.5,26.7,23.7,15.1,24.7,23.3,19.5
Crosville-sur-Scie (76590),/management/ville/crosville-sur-scie/ville-76205,0.0,0.0,5.0,30.0,30.0,30.0,66.0,66.0,26.0,24.0,26.9,46.2,48.4,22.2,12.9,15.4,11.8,14.3
Achun (58110),/management/ville/achun/ville-58001,5.0,5.0,0.0,10.0,15.0,5.0,58.0,25.0,18.0,31.0,31.6,54.9,22.8,15.1,14.0,12.7,31.6,16.9
Chaumergy (39230),/management/ville/chaumergy/ville-39124,0.0,26.0,21.0,42.0,77.0,41.0,132.0,104.0,65.0,70.0,29.0,42.2,37.1,18.8,16.7,18.4,17.2,20.5
Courtieux (60350),/management/ville/courtieux/ville-60171,0.0,5.0,20.0,25.0,10.0,25.0,31.0,52.0,20.0,34.0,23.9,22.1,43.7,26.6,14.1,14.7,18.3,32.4
Cette-Eygun (64490),/management/ville/cette-eygun/ville-64185,0.0,0.0,5.0,14.0,10.0,5.0,19.0,19.0,10.0,12.0,32.4,30.8,32.4,25.0,21.6,7.7,13.5,30.8
Bernâtre (80370),/management/ville/bernatre/ville-80085,0.0,0.0,0.0,0.0,5.0,5.0,7.0,2.0,9.0,7.0,27.3,28.6,0.0,16.7,45.5,28.6,27.3,28.6
Anglet (64600),/management/ville/anglet/ville-64024,19.0,1496.0,2721.0,4930.0,5162.0,2473.0,6362.0,7005.0,5745.0,11388.0,17.0,23.9,26.5,19.8,19.3,18.5,37.2,37.5
Argelliers (34380),/management/ville/argelliers/ville-34012,10.0,31.0,104.0,160.0,129.0,72.0,149.0,169.0,120.0,294.0,20.7,20.0,28.0,18.2,14.1,18.9,37.2,43.0
Assé-le-Boisne (72130),/management/ville/asse-le-boisne/ville-72011,40.0,25.0,30.0,80.0,95.0,160.0,237.0,217.0,113.0,89.0,29.5,42.9,41.8,22.6,17.2,17.2,11.4,15.7
Buzet-sur-Tarn (31660),/management/ville/buzet-sur-tarn/ville-31094,16.0,108.0,211.0,446.0,289.0,249.0,390.0,410.0,342.0,693.0,19.4,23.2,28.3,16.9,17.3,20.0,35.1,40.6
Coteaux-sur-Loire (37140),/management/ville/coteaux-sur-loire/ville-37232,15.0,60.0,65.0,201.0,261.0,277.0,468.0,431.0,246.0,301.0,26.6,38.2,40.0,19.6,14.5,19.4,18.8,22.8
Cannessières (80140),/management/ville/cannessieres/ville-80169,0.0,0.0,0.0,0.0,19.0,19.0,26.0,22.0,6.0,8.0,25.8,56.3,48.4,20.5,16.1,3.1,9.7,15.6
Boran-sur-Oise (60820),/management/ville/boran-sur-oise/ville-60086,15.0,50.0,176.0,313.0,317.0,207.0,459.0,435.0,283.0,402.0,27.8,30.2,31.1,22.8,18.2,17.7,22.9,27.7
Achy (60690),/management/ville/achy/ville-60004,5.0,15.0,15.0,74.0,94.0,50.0,83.0,87.0,60.0,62.0,22.8,34.2,38.6,20.5,24.1,16.8,14.5,27.5
Chaumes-en-Brie (77390),/management/ville/chaumes-en-brie/ville-77107,10.0,159.0,304.0,521.0,390.0,332.0,579.0,590.0,451.0,677.0,26.2,24.2,31.3,20.1,18.1,21.3,24.4,34.8
Azas (31380),/management/ville/azas/ville-31038,5.0,10.0,107.0,102.0,56.0,51.0,93.0,100.0,60.0,192.0,20.1,21.7,29.9,15.3,9.8,17.2,40.2,46.2
Argelos (40700),/management/ville/argelos/ville-40007,20.0,0.0,5.0,15.0,10.0,25.0,32.0,58.0,21.0,28.0,11.3,34.8,54.9,26.3,11.3,18.8,22.5,17.4
Buziet (64680),/management/ville/buziet/ville-64156,10.0,25.0,25.0,35.0,45.0,51.0,85.0,120.0,65.0,96.0,21.4,24.9,39.0,24.2,18.2,16.9,21.4,31.6
Assé-le-Riboul (72170),/management/ville/asse-le-riboul/ville-72012,25.0,10.0,15.0,70.0,70.0,60.0,130.0,119.0,55.0,67.0,31.6,38.4,37.3,23.7,15.0,14.7,16.1,20.3
Concevreux (02160),/management/ville/concevreux/ville-02208,10.0,0.0,25.0,25.0,54.0,45.0,63.0,61.0,34.0,46.0,30.3,32.0,34.9,22.6,17.4,15.5,17.4,27.8
Charron (17230),/management/ville/charron/ville-17091,65.0,75.0,80.0,175.0,325.0,245.0,423.0,500.0,250.0,271.0,27.3,31.2,39.1,27.0,16.8,17.8,16.8,20.7
Auriac-Lagast (12120),/management/ville/auriac-lagast/ville-12015,25.0,25.0,0.0,10.0,25.0,0.0,74.0,42.0,40.0,27.0,35.6,44.8,29.9,17.6,21.8,21.9,12.6,16.7
Brée (53150),/management/ville/bree/ville-53043,25.0,10.0,10.0,55.0,40.0,95.0,111.0,135.0,70.0,65.0,26.5,31.9,43.9,24.4,18.9,17.8,10.7,23.8
Brousseval (52130),/management/ville/brousseval/ville-52079,5.0,15.0,0.0,25.0,113.0,123.0,253.0,184.0,43.0,38.0,40.8,55.8,46.8,21.7,6.8,10.0,5.6,9.3
Chevresis-Monceau (02270),/management/ville/chevresis-monceau/ville-02184,0.0,5.0,5.0,46.0,61.0,56.0,129.0,63.0,39.0,51.0,37.6,53.4,30.1,15.0,15.8,12.2,16.5,18.9
Allez-et-Cazeneuve (47110),/management/ville/allez-et-cazeneuve/ville-47006,15.0,24.0,25.0,59.0,53.0,97.0,141.0,130.0,94.0,87.0,27.1,34.9,35.0,22.8,19.6,21.8,18.2,20.2
Blienschwiller (67650),/management/ville/blienschwiller/ville-67051,54.0,10.0,15.0,28.0,20.0,50.0,78.0,65.0,37.0,77.0,23.2,37.1,34.4,16.2,15.2,13.6,27.2,32.6
Acigné (35690),/management/ville/acigne/ville-35001,45.0,160.0,965.0,920.0,790.0,460.0,770.0,1036.0,743.0,2095.0,14.4,18.7,25.1,19.0,15.6,16.4,45.0,45.3
Borce (64490),/management/ville/borce/ville-64136,0.0,0.0,0.0,10.0,15.0,20.0,23.0,20.0,16.0,22.0,17.5,39.0,32.5,16.7,25.0,14.6,25.0,29.3
Assenay (10320),/management/ville/assenay/ville-10013,0.0,5.0,0.0,10.0,15.0,30.0,26.0,41.0,19.0,24.0,14.3,33.3,50.0,23.2,14.3,20.4,21.4,22.2
Cevins (73730),/management/ville/cevins/ville-73063,0.0,20.0,15.0,51.0,111.0,152.0,178.0,201.0,97.0,77.0,29.5,34.8,42.1,27.4,16.2,19.2,12.2,15.6
Beine (89800),/management/ville/beine/ville-89034,25.0,10.0,20.0,75.0,75.0,80.0,94.0,119.0,66.0,80.0,21.4,31.4,42.2,22.7,16.0,20.9,20.3,24.4
Crotelles (37380),/management/ville/crotelles/ville-37092,5.0,10.0,45.0,135.0,95.0,80.0,101.0,151.0,93.0,133.0,19.1,22.7,39.6,23.1,20.0,19.0,21.3,34.0
Bernaville (80370),/management/ville/bernaville/ville-80086,20.0,30.0,25.0,40.0,145.0,175.0,307.0,215.0,130.0,127.0,35.1,43.3,31.9,22.1,16.8,16.6,16.2,16.4
Alliancelles (51250),/management/ville/alliancelles/ville-51006,10.0,0.0,0.0,15.0,30.0,15.0,40.0,32.0,25.0,18.0,33.9,36.8,30.5,23.7,22.0,21.1,13.6,17.5
Barbazan-Debat (65690),/management/ville/barbazan-debat/ville-65062,9.0,85.0,241.0,479.0,452.0,312.0,621.0,852.0,516.0,722.0,19.3,26.2,37.2,24.7,17.5,20.4,26.0,27.3
Courtillers (72300),/management/ville/courtillers/ville-72106,5.0,5.0,40.0,137.0,86.0,288.0,157.0,238.0,109.0,122.0,22.7,27.2,47.4,26.7,14.0,20.9,15.9,23.1
Bezalles (77970),/management/ville/bezalles/ville-77033,5.0,5.0,21.0,37.0,42.0,21.0,49.0,39.0,36.0,44.0,28.9,28.6,25.3,23.1,14.5,28.6,31.3,21.4
Champigneul-Champagne (51150),/management/ville/champigneul-champagne/ville-51117,15.0,10.0,15.0,50.0,15.0,25.0,47.0,70.0,51.0,69.0,19.3,20.3,33.3,24.8,21.9,21.1,25.4,32.5
Angliers (17540),/management/ville/angliers/ville-17009,15.0,29.0,39.0,184.0,155.0,170.0,112.0,226.0,165.0,185.0,14.6,17.7,37.9,26.7,24.5,23.5,23.0,31.0
Côtebrune (25360),/management/ville/cotebrune/ville-25166,9.0,5.0,9.0,5.0,9.0,5.0,11.0,12.0,13.0,13.0,26.1,22.2,26.1,23.1,26.1,25.9,21.7,29.6
Bord-Saint-Georges (23230),/management/ville/bord-saint-georges/ville-23026,40.0,0.0,0.0,15.0,20.0,25.0,102.0,90.0,56.0,50.0,33.3,35.2,34.6,24.3,16.7,21.1,15.4,18.3
Crotenay (39300),/management/ville/crotenay/ville-39183,0.0,26.0,10.0,68.0,83.0,89.0,127.0,149.0,95.0,117.0,22.5,29.4,37.5,22.3,21.7,17.3,18.3,29.4
Bazoncourt (57530),/management/ville/bazoncourt/ville-57055,10.0,5.0,30.0,82.0,112.0,56.0,91.0,120.0,65.0,106.0,20.0,27.2,37.4,23.8,16.3,17.8,26.3,29.3
Bernay (27300),/management/ville/bernay/ville-27056,10.0,244.0,571.0,884.0,1380.0,1275.0,3105.0,2162.0,1205.0,1767.0,31.1,42.8,30.7,21.0,15.5,13.9,22.7,20.5
Cathervielle (31110),/management/ville/cathervielle/ville-31125,0.0,0.0,0.0,11.0,5.0,0.0,8.0,7.0,7.0,7.0,31.3,23.1,18.8,28.6,25.0,23.1,25.0,23.1
Argelos (64450),/management/ville/argelos/ville-64043,5.0,5.0,19.0,29.0,38.0,29.0,29.0,59.0,38.0,61.0,13.8,16.3,38.3,24.2,19.1,21.7,28.7,37.0
Buzignargues (34160),/management/ville/buzignargues/ville-34043,5.0,18.0,51.0,46.0,60.0,5.0,35.0,50.0,43.0,106.0,13.9,16.0,24.3,18.2,20.0,16.8,41.7,48.7
Clermont (40180),/management/ville/clermont/ville-40084,15.0,25.0,30.0,85.0,115.0,74.0,138.0,221.0,102.0,126.0,21.3,25.6,42.2,28.6,18.5,16.3,18.1,24.6
Concèze (19350),/management/ville/conceze/ville-19059,36.0,10.0,5.0,15.0,31.0,82.0,133.0,97.0,56.0,44.0,36.4,43.8,38.3,21.1,14.3,19.3,11.0,15.3
Charron (23700),/management/ville/charron/ville-23054,30.0,0.0,0.0,5.0,35.0,20.0,71.0,64.0,31.0,32.0,33.3,38.5,33.3,25.9,20.6,10.4,12.7,19.8
Blies-Ébersing (57200),/management/ville/blies-ebersing/ville-57092,0.0,36.0,36.0,93.0,113.0,82.0,116.0,170.0,108.0,107.0,19.7,26.6,38.2,27.3,22.5,20.6,19.7,23.0
Chevreuse (78460),/management/ville/chevreuse/ville-78160,0.0,165.0,978.0,703.0,503.0,251.0,702.0,604.0,584.0,2217.0,14.2,19.9,15.5,14.1,14.0,14.5,56.4,51.6
Aclou (27800),/management/ville/aclou/ville-27001,0.0,5.0,5.0,48.0,48.0,38.0,86.0,70.0,50.0,42.0,32.3,37.2,34.6,22.4,15.0,25.6,18.1,15.7
Bourgneuf (17220),/management/ville/bourgneuf/ville-17059,5.0,46.0,123.0,141.0,141.0,109.0,167.0,281.0,149.0,300.0,16.9,20.2,33.3,25.8,18.5,14.9,31.4,35.3
Brégnier-Cordon (01300),/management/ville/bregnier-cordon/ville-01058,5.0,49.0,20.0,100.0,99.0,115.0,162.0,192.0,116.0,129.0,22.7,31.4,37.7,24.9,18.3,20.4,21.3,21.7
Broussey-en-Blois (55190),/management/ville/broussey-en-blois/ville-55084,0.0,0.0,0.0,5.0,0.0,5.0,14.0,14.0,5.0,13.0,20.0,42.9,44.0,14.3,8.0,14.3,28.0,28.6
Auriac-sur-Dropt (47120),/management/ville/auriac-sur-dropt/ville-47018,5.0,21.0,0.0,10.0,15.0,21.0,58.0,42.0,15.0,34.0,39.4,38.0,33.8,20.9,11.3,8.9,15.5,29.1
Assencières (10220),/management/ville/assencieres/ville-10014,0.0,10.0,5.0,20.0,25.0,25.0,30.0,37.0,25.0,28.0,17.7,33.3,35.5,25.0,21.0,20.0,25.8,20.0
Bordeaux (33000),/management/ville/bordeaux/ville-33063,126.0,8044.0,34971.0,34678.0,31094.0,15582.0,31981.0,23356.0,28016.0,85309.0,17.6,20.2,15.5,13.0,16.4,16.8,50.6,50.6
Croth (27530),/management/ville/croth/ville-27193,0.0,41.0,51.0,147.0,226.0,222.0,298.0,332.0,156.0,151.0,31.5,32.2,40.8,27.2,14.3,18.7,13.4,18.7
Buzon (65140),/management/ville/buzon/ville-65114,0.0,5.0,10.0,5.0,25.0,10.0,24.0,19.0,18.0,6.0,27.3,44.1,36.4,21.2,30.3,23.5,6.1,11.8
Beine-Nauroy (51490),/management/ville/beine-nauroy/ville-51046,30.0,5.0,130.0,120.0,135.0,85.0,130.0,182.0,131.0,266.0,16.8,19.8,31.6,19.8,17.4,19.6,34.2,40.8
Azat-Châtenet (23210),/management/ville/azat-chatenet/ville-23014,0.0,0.0,5.0,5.0,14.0,5.0,35.0,29.0,15.0,16.0,33.3,43.2,37.5,21.3,14.6,15.9,14.6,18.2
Bézancourt (76220),/management/ville/bezancourt/ville-76093,5.0,10.0,40.0,25.0,25.0,55.0,86.0,77.0,55.0,50.0,28.5,35.7,30.7,24.6,21.9,19.4,19.0,18.6
Alliat (09400),/management/ville/alliat/ville-09006,0.0,0.0,0.0,10.0,5.0,5.0,11.0,8.0,11.0,15.0,21.7,27.3,17.4,21.1,17.4,31.8,43.5,22.7
Courtils (50220),/management/ville/courtils/ville-50146,25.0,20.0,10.0,5.0,25.0,20.0,48.0,62.0,38.0,29.0,20.9,33.0,39.6,27.4,22.0,21.6,17.6,15.9
Barbazan-Dessus (65360),/management/ville/barbazan-dessus/ville-65063,5.0,14.0,9.0,5.0,5.0,5.0,31.0,33.0,23.0,37.0,17.5,31.8,31.6,20.8,22.8,13.6,28.1,31.8
Champigneul-sur-Vence (08430),/management/ville/champigneul-sur-vence/ville-08099,0.0,0.0,0.0,10.0,30.0,20.0,14.0,24.0,17.0,24.0,17.9,17.5,35.9,24.4,20.5,22.5,25.6,35.0
Coti-Chiavari (20138),/management/ville/coti-chiavari/ville-2A098,3.0,57.0,25.0,49.0,102.0,34.0,163.0,131.0,164.0,177.0,21.9,29.2,24.8,18.6,24.5,27.1,28.7,27.1
Angliers (86330),/management/ville/angliers/ville-86005,5.0,40.0,10.0,70.0,100.0,95.0,169.0,184.0,62.0,75.0,31.7,37.3,40.4,28.0,14.2,11.2,13.8,16.9
Bazoques (27230),/management/ville/bazoques/ville-27046,10.0,5.0,5.0,10.0,15.0,15.0,35.0,35.0,21.0,25.0,25.4,35.1,37.3,21.0,22.0,14.0,15.3,28.1
Canny-sur-Matz (60310),/management/ville/canny-sur-matz/ville-60127,0.0,5.0,20.0,71.0,56.0,66.0,95.0,88.0,49.0,44.0,33.8,35.5,35.3,25.6,19.1,15.9,11.8,19.6
Argelouse (40430),/management/ville/argelouse/ville-40008,0.0,0.0,14.0,14.0,5.0,5.0,14.0,19.0,17.0,25.0,15.0,20.6,32.5,20.0,17.5,29.4,35.0,32.4
Catheux (60360),/management/ville/catheux/ville-60131,14.0,0.0,5.0,5.0,10.0,19.0,30.0,25.0,10.0,19.0,29.3,40.9,36.6,20.8,9.8,13.6,24.4,22.7
Barbentane (13570),/management/ville/barbentane/ville-13010,30.0,195.0,300.0,556.0,550.0,434.0,903.0,770.0,504.0,956.0,27.3,30.2,28.2,20.4,15.0,17.1,29.5,31.4
Bordeaux-en-Gâtinais (45340),/management/ville/bordeaux-en-gatinais/ville-45041,5.0,0.0,0.0,21.0,21.0,15.0,32.0,37.0,16.0,14.0,25.5,40.4,48.9,25.9,8.5,23.1,17.0,9.6
Acon (27570),/management/ville/acon/ville-27002,0.0,25.0,45.0,51.0,61.0,45.0,88.0,96.0,86.0,79.0,26.9,23.4,29.7,24.6,26.4,22.8,17.0,28.7
Blies-Guersviller (57200),/management/ville/blies-guersviller/ville-57093,0.0,5.0,34.0,78.0,44.0,73.0,119.0,149.0,109.0,122.0,20.3,27.4,30.9,27.0,21.1,22.6,27.6,21.4
Brégy (60440),/management/ville/bregy/ville-60101,5.0,15.0,34.0,98.0,107.0,78.0,121.0,124.0,94.0,99.0,29.8,25.5,30.3,25.1,21.6,21.4,18.3,26.8
Conches-en-Ouche (27190),/management/ville/conches-en-ouche/ville-27165,15.0,110.0,135.0,405.0,715.0,750.0,1488.0,1121.0,518.0,564.0,34.4,45.2,38.8,21.5,13.5,14.5,13.4,16.8
Clermont (60600),/management/ville/clermont/ville-60157,4.0,156.0,578.0,1337.0,1646.0,1068.0,2307.0,1854.0,1351.0,2038.0,25.4,35.1,29.4,20.0,17.4,18.3,27.8,26.2
Bernay-en-Ponthieu (80120),/management/ville/bernay-en-ponthieu/ville-80087,0.0,0.0,0.0,35.0,30.0,15.0,71.0,37.0,30.0,39.0,32.2,47.8,27.6,14.1,21.8,12.2,18.4,25.6
Cotignac (83570),/management/ville/cotignac/ville-83046,5.0,178.0,102.0,153.0,234.0,143.0,465.0,447.0,397.0,584.0,25.8,23.4,25.7,21.8,19.8,22.0,28.7,32.8
Broussey-Raulecourt (55200),/management/ville/broussey-raulecourt/ville-55085,10.0,14.0,0.0,19.0,14.0,63.0,49.0,69.0,44.0,46.0,21.8,25.5,42.6,22.9,21.8,20.8,13.9,30.2
Chèvreville (60440),/management/ville/chevreville/ville-60148,5.0,0.0,30.0,50.0,45.0,110.0,78.0,94.0,52.0,79.0,22.2,29.3,36.6,23.5,17.0,17.3,24.2,28.0
Champigneulle (08250),/management/ville/champigneulle/ville-08098,5.0,0.0,0.0,0.0,9.0,5.0,35.0,5.0,9.0,4.0,65.2,67.7,8.7,10.0,21.7,12.9,4.3,9.7
Catigny (60640),/management/ville/catigny/ville-60132,0.0,0.0,10.0,20.0,10.0,50.0,37.0,54.0,25.0,26.0,22.9,29.2,50.0,23.2,22.9,12.5,4.3,31.9
Charroux (03140),/management/ville/charroux/ville-03062,0.0,35.0,20.0,44.0,35.0,39.0,88.0,71.0,41.0,86.0,22.3,38.8,36.7,14.4,13.7,15.0,27.3,32.0
Ceyras (34800),/management/ville/ceyras/ville-34076,10.0,66.0,112.0,162.0,187.0,162.0,266.0,228.0,166.0,311.0,26.7,28.2,28.8,18.3,16.3,17.8,28.2,35.6
Crots (05200),/management/ville/crots/ville-05045,14.0,53.0,38.0,96.0,168.0,81.0,192.0,209.0,170.0,216.0,24.0,24.9,32.5,20.9,19.8,23.4,23.8,31.4
Buzy (64260),/management/ville/buzy/ville-64157,25.0,36.0,15.0,96.0,90.0,136.0,203.0,248.0,131.0,166.0,21.6,32.3,41.1,24.0,16.4,18.6,20.8,23.4
Allibaudières (10700),/management/ville/allibaudieres/ville-10004,36.0,0.0,0.0,5.0,30.0,41.0,63.0,46.0,23.0,21.0,41.8,40.3,31.6,24.1,17.7,12.5,8.9,19.4
Beinheim (67930),/management/ville/beinheim/ville-67025,0.0,40.0,115.0,215.0,240.0,395.0,339.0,635.0,247.0,324.0,18.8,25.4,42.5,31.9,16.4,15.6,22.4,19.5
Bezange-la-Grande (54370),/management/ville/bezange-la-grande/ville-54071,0.0,0.0,10.0,35.0,20.0,20.0,48.0,33.0,21.0,28.0,31.3,41.9,38.8,12.1,14.9,17.7,14.9,29.0
Chaumes-en-Retz (44320),/management/ville/chaumes-en-retz/ville-44005,83.0,247.0,281.0,752.0,898.0,1074.0,1332.0,1600.0,881.0,885.0,23.3,33.4,41.1,25.0,18.5,18.9,17.1,20.6
Courtisols (51460),/management/ville/courtisols/ville-51193,40.0,115.0,149.0,283.0,328.0,203.0,485.0,551.0,310.0,468.0,24.5,28.9,35.4,23.9,15.3,18.8,24.8,26.7
Bernay-Neuvy-en-Champagne (72240),/management/ville/bernay-neuvy-en-champagne/ville-72219,25.0,20.0,20.0,90.0,140.0,170.0,153.0,176.0,95.0,133.0,25.9,29.2,35.5,24.9,16.4,17.8,22.2,25.8
Bréhain (57340),/management/ville/brehain/ville-57107,10.0,5.0,0.0,10.0,15.0,30.0,29.0,25.0,14.0,13.0,35.7,35.9,38.1,23.1,11.9,23.1,14.3,17.9
Canny-sur-Thérain (60220),/management/ville/canny-sur-therain/ville-60128,5.0,10.0,15.0,20.0,25.0,40.0,56.0,49.0,25.0,24.0,37.5,35.1,33.8,25.9,17.5,14.9,11.3,20.3
Anglure (51260),/management/ville/anglure/ville-51009,5.0,31.0,30.0,75.0,132.0,111.0,256.0,237.0,96.0,88.0,32.3,43.8,44.5,23.0,13.1,15.1,10.2,15.7
Bazordan (65670),/management/ville/bazordan/ville-65074,15.0,5.0,5.0,5.0,10.0,10.0,32.0,18.0,24.0,22.0,34.0,34.0,18.0,20.5,24.0,25.5,24.0,21.3
Auriac-sur-Vendinelle (31460),/management/ville/auriac-sur-vendinelle/ville-31026,20.0,20.0,116.0,162.0,126.0,71.0,237.0,166.0,131.0,263.0,27.1,32.5,24.9,16.7,16.3,16.9,31.8,34.0
Argences (14370),/management/ville/argences/ville-14020,5.0,146.0,159.0,342.0,441.0,515.0,980.0,819.0,461.0,453.0,32.4,39.5,36.3,23.2,15.4,18.5,16.0,17.3
Barberaz (73000),/management/ville/barberaz/ville-73029,0.0,175.0,441.0,572.0,572.0,366.0,688.0,796.0,645.0,1358.0,18.4,20.9,27.0,19.2,18.7,18.3,36.0,41.4
Assenoncourt (57260),/management/ville/assenoncourt/ville-57035,5.0,0.0,0.0,10.0,0.0,10.0,25.0,31.0,16.0,15.0,30.0,26.3,40.0,27.9,18.0,18.4,12.0,23.7
Bordeaux-Saint-Clair (76790),/management/ville/bordeaux-saint-clair/ville-76117,10.0,45.0,10.0,89.0,94.0,75.0,123.0,166.0,100.0,88.0,17.5,33.5,44.9,24.8,18.4,23.3,19.2,18.0
Beire-le-Châtel (21310),/management/ville/beire-le-chatel/ville-21056,15.0,25.0,35.0,145.0,100.0,70.0,125.0,151.0,114.0,213.0,17.5,24.0,32.0,18.1,19.5,18.3,31.0,39.7
Chaumesnil (10500),/management/ville/chaumesnil/ville-10093,5.0,0.0,10.0,10.0,5.0,24.0,24.0,21.0,17.0,12.0,36.6,28.6,29.3,27.8,19.5,25.7,14.6,17.1
Bezange-la-Petite (57630),/management/ville/bezange-la-petite/ville-57077,10.0,0.0,0.0,5.0,0.0,30.0,18.0,22.0,12.0,15.0,28.9,24.1,42.1,20.7,15.8,20.7,13.2,34.5
Acoua (97630),/management/ville/acoua/ville-97601,,,,,,,,,,,,,,,,,,
Cottance (42360),/management/ville/cottance/ville-42073,20.0,20.0,66.0,66.0,86.0,96.0,149.0,164.0,76.0,114.0,27.6,31.3,38.9,24.3,12.8,17.5,20.6,24.8
Bliesbruck (57200),/management/ville/bliesbruck/ville-57091,20.0,5.0,70.0,164.0,129.0,149.0,237.0,247.0,139.0,176.0,22.3,37.2,38.5,21.9,18.1,16.7,21.1,22.8
Broussy-le-Grand (51230),/management/ville/broussy-le-grand/ville-51090,10.0,0.0,5.0,35.0,20.0,66.0,71.0,73.0,34.0,54.0,27.8,33.3,39.1,22.1,13.0,16.7,20.0,26.3
Bréhain-la-Ville (54190),/management/ville/brehain-la-ville/ville-54096,0.0,10.0,26.0,36.0,57.0,67.0,59.0,93.0,47.0,77.0,16.8,26.1,42.0,23.2,16.1,18.7,25.2,30.6
Argences en Aubrac (12210),/management/ville/argences-en-aubrac/ville-12223,141.0,91.0,43.0,100.0,149.0,150.0,713.0,315.0,208.0,174.0,44.4,56.7,29.7,14.7,15.4,14.2,10.5,14.3
Ceyrat (63122),/management/ville/ceyrat/ville-63070,5.0,209.0,827.0,688.0,734.0,389.0,971.0,1057.0,755.0,2106.0,15.4,23.8,27.3,16.5,14.7,16.1,42.6,43.5
Buzy-Darmont (55400),/management/ville/buzy-darmont/ville-55094,5.0,5.0,15.0,30.0,95.0,70.0,127.0,154.0,79.0,53.0,26.8,34.6,45.4,27.2,16.6,21.6,11.2,14.4
Charroux (86250),/management/ville/charroux/ville-86061,30.0,30.0,15.0,80.0,125.0,135.0,343.0,294.0,156.0,137.0,29.7,43.3,39.5,22.7,17.1,16.5,13.7,15.7
Auriat (23400),/management/ville/auriat/ville-23012,5.0,10.0,5.0,10.0,10.0,5.0,46.0,22.0,19.0,14.0,43.8,47.2,25.0,18.5,20.8,17.0,10.4,17.0
Barberey-Saint-Sulpice (10600),/management/ville/barberey-saint-sulpice/ville-10030,5.0,10.0,30.0,176.0,237.0,146.0,267.0,275.0,152.0,245.0,26.4,30.2,35.2,22.0,16.3,16.3,22.0,29.8
Clermont (74270),/management/ville/clermont/ville-74078,10.0,25.0,10.0,55.0,60.0,65.0,56.0,91.0,53.0,97.0,17.8,19.9,38.4,21.2,21.9,13.9,21.9,43.0
Conches-sur-Gondoire (77600),/management/ville/conches-sur-gondoire/ville-77124,5.0,65.0,155.0,291.0,196.0,60.0,253.0,227.0,220.0,591.0,17.6,21.4,19.9,15.6,17.5,16.6,44.9,46.5
Chaumont (18350),/management/ville/chaumont/ville-18060,0.0,10.0,0.0,10.0,5.0,5.0,13.0,9.0,9.0,13.0,25.0,33.3,35.0,9.5,20.0,20.8,20.0,37.5
Courtivron (21120),/management/ville/courtivron/ville-21208,0.0,5.0,15.0,29.0,10.0,10.0,37.0,50.0,21.0,28.0,22.5,31.8,42.3,26.3,15.5,15.2,19.7,22.7
Acq (62144),/management/ville/acq/ville-62007,0.0,29.0,78.0,137.0,73.0,68.0,97.0,108.0,98.0,218.0,13.7,23.3,25.1,16.7,20.4,17.3,40.8,42.9
Azat-le-Ris (87360),/management/ville/azat-le-ris/ville-87006,15.0,14.0,5.0,5.0,25.0,30.0,88.0,51.0,49.0,36.0,32.8,45.8,25.0,19.8,26.7,16.8,15.5,16.8
Cottenchy (80440),/management/ville/cottenchy/ville-80213,10.0,5.0,60.0,80.0,45.0,81.0,61.0,61.0,46.0,133.0,13.4,27.2,22.8,16.6,20.8,9.9,43.0,45.0
Chevrier (74520),/management/ville/chevrier/ville-74074,9.0,5.0,38.0,85.0,71.0,71.0,65.0,105.0,54.0,134.0,16.6,19.0,37.3,21.8,11.2,18.5,34.9,39.7
Bezannes (51430),/management/ville/bezannes/ville-51058,6.0,48.0,193.0,220.0,163.0,106.0,193.0,226.0,179.0,540.0,14.0,19.5,23.0,16.8,16.1,15.5,46.8,47.9
Blieux (04330),/management/ville/blieux/ville-04030,10.0,0.0,0.0,5.0,0.0,0.0,14.0,14.0,11.0,11.0,35.7,18.2,25.0,28.0,25.0,18.2,14.3,31.8
Bernay-Saint-Martin (17330),/management/ville/bernay-saint-martin/ville-17043,25.0,35.0,0.0,61.0,91.0,61.0,221.0,195.0,87.0,98.0,31.9,41.0,39.9,23.6,13.4,15.1,14.9,17.6
Bazougers (53170),/management/ville/bazougers/ville-53025,45.0,10.0,25.0,121.0,127.0,248.0,221.0,251.0,153.0,161.0,26.7,29.7,39.4,23.3,17.8,21.2,16.1,25.2
Assérac (44410),/management/ville/asserac/ville-44006,55.0,125.0,40.0,214.0,255.0,174.0,305.0,451.0,268.0,295.0,18.9,27.0,40.4,26.2,20.8,19.9,19.9,24.7
Catillon-Fumechon (60130),/management/ville/catillon-fumechon/ville-60133,0.0,24.0,14.0,87.0,77.0,92.0,129.0,133.0,73.0,73.0,26.7,36.1,38.1,24.9,17.3,18.8,17.8,18.3
Bordères (64800),/management/ville/borderes/ville-64137,0.0,5.0,41.0,94.0,114.0,58.0,115.0,159.0,84.0,130.0,17.3,29.2,42.0,22.7,16.5,17.9,24.2,28.8
Allichamps (52130),/management/ville/allichamps/ville-52006,0.0,5.0,9.0,35.0,77.0,32.0,126.0,69.0,49.0,27.0,47.5,45.5,28.1,22.6,14.4,22.0,10.1,9.8
Beire-le-Fort (21110),/management/ville/beire-le-fort/ville-21057,0.0,15.0,15.0,39.0,39.0,49.0,70.0,65.0,43.0,63.0,24.1,33.3,37.1,17.3,19.8,16.7,19.0,32.5
Crottes-en-Pithiverais (45170),/management/ville/crottes-en-pithiverais/ville-45118,10.0,10.0,15.0,40.0,45.0,40.0,61.0,81.0,54.0,50.0,23.4,26.2,39.5,25.2,21.8,22.1,15.3,25.4
Champigneulles (54250),/management/ville/champigneulles/ville-54115,0.0,108.0,310.0,800.0,1021.0,779.0,1839.0,1378.0,800.0,1075.0,31.0,40.4,32.3,21.3,15.2,16.2,21.5,20.8
Broussy-le-Petit (51230),/management/ville/broussy-le-petit/ville-51091,5.0,15.0,0.0,5.0,10.0,15.0,37.0,33.0,16.0,14.0,37.5,36.5,37.5,26.3,12.5,19.2,12.5,15.4
Argens-Minervois (11200),/management/ville/argens-minervois/ville-11013,5.0,5.0,25.0,35.0,25.0,35.0,89.0,92.0,66.0,51.0,30.4,29.6,31.8,27.7,23.0,21.1,14.9,19.1
Anglure-sous-Dun (71170),/management/ville/anglure-sous-dun/ville-71008,10.0,15.0,0.0,15.0,10.0,10.0,41.0,38.0,22.0,23.0,30.4,36.4,33.3,25.0,17.4,18.2,18.8,18.2
Courtoin (89150),/management/ville/courtoin/ville-89126,0.0,0.0,0.0,0.0,0.0,0.0,17.0,11.0,4.0,4.0,52.9,50.0,35.3,23.8,5.9,11.1,5.9,11.1
Bourgneuf (73390),/management/ville/bourgneuf/ville-73053,0.0,30.0,10.0,95.0,85.0,121.0,120.0,146.0,81.0,130.0,23.1,27.2,33.9,24.2,19.0,15.1,24.0,30.6
Canohès (66680),/management/ville/canohes/ville-66038,10.0,243.0,363.0,778.0,873.0,463.0,998.0,1120.0,866.0,1361.0,20.8,24.9,30.3,21.5,19.2,20.6,29.7,32.8
By (25440),/management/ville/by/ville-25104,4.0,4.0,0.0,8.0,4.0,13.0,5.0,9.0,8.0,28.0,11.5,12.0,15.4,19.2,15.4,16.0,57.7,52.0
Bréhal (50290),/management/ville/brehal/ville-50076,25.0,105.0,135.0,290.0,380.0,335.0,800.0,822.0,478.0,561.0,24.7,34.8,36.5,24.0,18.1,17.8,20.6,21.5
Chars (95750),/management/ville/chars/ville-95142,5.0,47.0,154.0,376.0,312.0,194.0,447.0,394.0,306.0,356.0,27.7,31.7,31.7,20.8,20.1,20.6,20.5,26.9
Auribail (31190),/management/ville/auribail/ville-31027,25.0,20.0,15.0,20.0,35.0,25.0,43.0,34.0,27.0,50.0,23.8,33.3,29.8,14.1,11.9,23.6,34.5,30.6
Barberier (03140),/management/ville/barberier/ville-03016,5.0,0.0,0.0,21.0,16.0,11.0,38.0,34.0,18.0,22.0,29.1,37.3,32.7,24.2,18.2,15.3,20.0,20.3
Clermont-Créans (72200),/management/ville/clermont-creans/ville-72084,30.0,44.0,54.0,125.0,151.0,199.0,272.0,319.0,174.0,164.0,20.6,38.0,44.7,22.5,19.6,17.8,15.1,20.2
Conchez-de-Béarn (64330),/management/ville/conchez-de-bearn/ville-64192,10.0,10.0,0.0,5.0,25.0,15.0,33.0,27.0,14.0,27.0,36.0,29.4,34.0,19.6,8.0,19.6,22.0,31.4
Acquigny (27400),/management/ville/acquigny/ville-27003,0.0,45.0,185.0,195.0,165.0,135.0,291.0,289.0,209.0,331.0,21.9,29.9,29.7,21.3,18.8,18.6,29.7,29.4
Ceyreste (13600),/management/ville/ceyreste/ville-13023,0.0,324.0,434.0,566.0,450.0,243.0,674.0,791.0,600.0,1367.0,17.2,21.9,27.5,18.8,17.1,17.9,38.2,41.3
Bazouges Cré sur Loir (72200),/management/ville/bazouges-cre-sur-loir/ville-72025,5.0,79.0,80.0,200.0,289.0,320.0,493.0,478.0,261.0,270.0,27.9,37.8,37.3,24.0,17.5,17.2,17.3,18.7
Azay-le-Brûlé (79400),/management/ville/azay-le-brule/ville-79024,10.0,25.0,118.0,271.0,266.0,222.0,280.0,475.0,282.0,341.0,17.8,22.9,39.5,26.8,21.4,19.5,21.4,28.1
Chevrières (38160),/management/ville/chevrieres/ville-38099,5.0,50.0,50.0,70.0,110.0,55.0,113.0,136.0,95.0,158.0,20.7,24.4,34.3,19.8,19.1,18.8,25.9,36.8
Cottévrard (76850),/management/ville/cottevrard/ville-76188,5.0,16.0,10.0,31.0,77.0,98.0,96.0,105.0,60.0,77.0,25.9,31.5,36.8,22.8,19.5,15.8,17.8,27.9
Bézaudun-les-Alpes (06510),/management/ville/bezaudun-les-alpes/ville-06017,0.0,10.0,5.0,15.0,65.0,25.0,52.0,63.0,31.0,32.0,31.6,26.5,37.9,28.7,15.8,19.3,14.7,21.7
Crottet (01290),/management/ville/crottet/ville-01134,5.0,40.0,130.0,175.0,295.0,200.0,350.0,420.0,213.0,309.0,25.0,29.2,38.9,24.5,13.7,19.2,22.4,25.3
Catillon-sur-Sambre (59360),/management/ville/catillon-sur-sambre/ville-59137,25.0,0.0,10.0,70.0,125.0,105.0,270.0,190.0,80.0,73.0,38.3,49.4,36.9,22.5,13.2,13.0,11.5,12.3
Broût-Vernet (03110),/management/ville/brout-vernet/ville-03043,15.0,46.0,25.0,111.0,91.0,162.0,261.0,252.0,183.0,183.0,26.2,32.9,35.5,22.3,19.5,22.0,18.8,22.7
Bordères-et-Lamensans (40270),/management/ville/borderes-et-lamensans/ville-40049,5.0,20.0,5.0,39.0,68.0,54.0,66.0,93.0,57.0,57.0,27.8,21.0,33.8,31.2,18.0,23.2,20.3,21.0
Blignicourt (10500),/management/ville/blignicourt/ville-10047,0.0,0.0,14.0,8.0,0.0,5.0,14.0,6.0,5.0,7.0,36.8,50.0,26.3,7.7,15.8,14.3,21.1,28.6
Bernay-Vilbert (77540),/management/ville/bernay-vilbert/ville-77031,10.0,39.0,70.0,119.0,124.0,75.0,142.0,160.0,134.0,168.0,23.2,23.5,32.3,21.3,20.3,24.2,24.2,31.7
Champigneulles-en-Bassigny (52150),/management/ville/champigneulles-en-bassigny/ville-52101,0.0,0.0,0.0,0.0,0.0,15.0,25.0,7.0,2.0,6.0,56.5,72.2,17.4,14.3,8.7,0.0,17.4,11.1
Beissat (23260),/management/ville/beissat/ville-23019,0.0,5.0,5.0,0.0,0.0,0.0,7.0,7.0,6.0,4.0,16.7,41.7,33.3,25.0,25.0,25.0,25.0,8.3
Allier (65360),/management/ville/allier/ville-65005,10.0,25.0,36.0,41.0,50.0,26.0,35.0,68.0,72.0,104.0,12.3,12.0,31.2,19.8,23.2,28.9,33.3,41.5
Assevent (59600),/management/ville/assevent/ville-59021,5.0,40.0,81.0,211.0,302.0,191.0,414.0,434.0,219.0,273.0,23.5,36.8,40.7,23.6,15.5,17.1,20.2,20.5
Argent-sur-Sauldre (18410),/management/ville/argent-sur-sauldre/ville-18011,36.0,20.0,31.0,184.0,280.0,306.0,645.0,610.0,249.0,247.0,29.2,44.2,43.0,24.1,13.5,14.9,14.3,13.8
Angluzelles-et-Courcelles (51230),/management/ville/angluzelles-et-courcelles/ville-51010,0.0,11.0,5.0,11.0,11.0,27.0,39.0,51.0,15.0,15.0,28.4,35.8,53.7,25.0,11.9,15.1,6.0,20.8
Chaumont (52000),/management/ville/chaumont/ville-52121,16.0,389.0,1242.0,2405.0,4063.0,2301.0,5488.0,4403.0,3138.0,4300.0,25.0,37.5,30.8,20.0,19.1,17.3,25.1,24.5
Chevrières (42140),/management/ville/chevrieres/ville-42062,24.0,43.0,62.0,147.0,128.0,128.0,120.0,225.0,167.0,226.0,13.5,19.2,37.7,22.4,23.5,21.7,25.3,36.5
Conchil-le-Temple (62180),/management/ville/conchil-le-temple/ville-62233,5.0,35.0,15.0,130.0,215.0,150.0,227.0,256.0,158.0,185.0,24.4,30.6,37.4,23.2,19.3,18.9,18.8,26.0
Canouville (76450),/management/ville/canouville/ville-76156,0.0,19.0,9.0,28.0,66.0,52.0,60.0,66.0,51.0,48.0,23.9,28.6,32.7,25.4,21.2,24.1,22.1,21.4
Auribeau (84400),/management/ville/auribeau/ville-84006,5.0,0.0,15.0,0.0,10.0,15.0,12.0,10.0,8.0,24.0,14.8,30.8,25.9,12.0,14.8,15.4,44.4,42.3
Charsonville (45130),/management/ville/charsonville/ville-45081,30.0,35.0,10.0,50.0,95.0,95.0,148.0,161.0,73.0,68.0,30.4,35.4,40.6,27.6,13.8,18.6,15.2,15.0
Bréhan (56580),/management/ville/brehan/ville-56024,46.0,86.0,30.0,163.0,273.0,355.0,667.0,569.0,297.0,283.0,31.6,41.5,37.8,23.3,16.1,16.6,14.5,16.6
Bourgogne-Fresne (51110),/management/ville/bourgogne-fresne/ville-51075,25.0,59.0,104.0,154.0,183.0,99.0,227.0,291.0,186.0,327.0,21.1,23.0,34.9,20.9,17.9,18.1,26.1,37.3
Barbery (14220),/management/ville/barbery/ville-14039,5.0,30.0,40.0,110.0,120.0,100.0,121.0,150.0,109.0,156.0,19.9,25.3,34.7,20.8,21.0,19.6,24.4,34.0
Acquin-Westbécourt (62380),/management/ville/acquin-westbecourt/ville-62008,10.0,25.0,51.0,112.0,116.0,80.0,148.0,148.0,106.0,161.0,24.5,28.2,32.4,19.7,18.3,19.4,24.8,32.6
Clermont-d'Excideuil (24160),/management/ville/clermont-d-excideuil/ville-24124,5.0,10.0,10.0,10.0,15.0,25.0,75.0,70.0,24.0,37.0,26.8,45.4,44.3,22.0,12.4,11.1,16.5,18.5
Byans-sur-Doubs (25320),/management/ville/byans-sur-doubs/ville-25105,5.0,5.0,24.0,61.0,80.0,61.0,101.0,115.0,70.0,97.0,20.2,33.0,37.4,21.1,19.2,17.3,23.2,27.6
Catllar (66500),/management/ville/catllar/ville-66045,10.0,30.0,30.0,40.0,90.0,50.0,159.0,139.0,126.0,180.0,22.8,29.2,27.6,19.7,20.2,21.4,29.4,30.1
Argentan (61200),/management/ville/argentan/ville-61006,16.0,306.0,441.0,922.0,1853.0,1730.0,4718.0,3202.0,1463.0,1445.0,40.0,46.9,34.9,22.2,12.9,14.1,12.1,14.5
Ceyroux (23210),/management/ville/ceyroux/ville-23042,0.0,15.0,0.0,5.0,15.0,5.0,40.0,31.0,14.0,21.0,35.7,40.0,35.7,20.0,14.3,12.0,14.3,26.0
Cottun (14400),/management/ville/cottun/ville-14184,0.0,5.0,0.0,35.0,30.0,10.0,38.0,47.0,34.0,41.0,19.4,27.3,41.7,21.0,13.9,27.3,25.0,26.1
Crouay (14400),/management/ville/crouay/ville-14209,5.0,25.0,15.0,51.0,75.0,86.0,146.0,116.0,62.0,57.0,34.6,41.9,41.0,20.2,12.8,19.4,11.7,18.3
Bézaudun-sur-Bîne (26460),/management/ville/bezaudun-sur-bine/ville-26051,16.0,11.0,5.0,0.0,5.0,5.0,10.0,16.0,5.0,28.0,7.7,22.6,30.8,19.4,11.5,6.5,50.0,48.4
Courtois-sur-Yonne (89100),/management/ville/courtois-sur-yonne/ville-89127,5.0,10.0,34.0,106.0,106.0,82.0,211.0,167.0,100.0,114.0,36.1,35.3,33.8,21.7,15.9,18.0,14.2,24.1
Bordères-Louron (65590),/management/ville/borderes-louron/ville-65099,6.0,12.0,12.0,6.0,23.0,17.0,29.0,37.0,28.0,45.0,20.9,20.8,23.9,26.6,20.9,19.4,34.3,30.6
sevillers (80200),/management/ville/assevillers/ville-80033,10.0,5.0,5.0,20.0,35.0,45.0,72.0,62.0,41.0,33.0,30.6,38.0,35.7,23.4,18.4,21.3,15.3,16.7
Bazouges-la-Pérouse (35560),/management/ville/bazouges-la-perouse/ville-35019,74.0,35.0,80.0,114.0,198.0,219.0,553.0,395.0,269.0,234.0,33.9,42.2,34.3,20.3,17.3,19.6,14.5,17.7

Chartainvilliers (28130),/management/ville/chartainvilliers/ville-28084,5.0,15.0,60.0,125.0,95.0,30.0,103.0,142.0,109.0,169.0,15.6,23.4,33.6,21.9,17.2,24.2,33.6,31.1
Chaumont (61230),/management/ville/chaumont/ville-61103,0.0,15.0,0.0,20.0,35.0,15.0,42.0,42.0,23.0,18.0,33.8,33.3,41.5,23.4,18.5,18.3,6.2,23.3
Chevrières (60710),/management/ville/chevrieres/ville-60149,15.0,44.0,83.0,248.0,258.0,267.0,455.0,397.0,233.0,353.0,28.7,34.5,32.7,21.8,14.1,18.2,24.5,24.6
Cans et Cévennes (48400),/management/ville/cans-et-cevennes/ville-48166,13.0,28.0,20.0,24.0,39.0,33.0,58.0,46.0,42.0,70.0,28.4,25.2,26.6,17.0,16.5,22.4,28.4,36.4
Conchy-les-Pots (60490),/management/ville/conchy-les-pots/ville-60160,10.0,26.0,15.0,102.0,101.0,117.0,174.0,119.0,86.0,94.0,32.9,40.9,30.0,19.4,20.3,16.0,16.9,22.8
Couargues (18300),/management/ville/couargues/ville-18074,10.0,0.0,5.0,0.0,36.0,51.0,65.0,51.0,24.0,32.0,37.8,38.2,37.8,22.1,9.8,16.9,14.6,21.3
Acy (02200),/management/ville/acy/ville-02003,15.0,15.0,55.0,105.0,130.0,140.0,199.0,233.0,114.0,186.0,20.2,34.0,39.3,22.4,16.1,15.1,24.4,26.4
Auribeau-sur-Siagne (06810),/management/ville/auribeau-sur-siagne/ville-06007,5.0,278.0,201.0,403.0,438.0,282.0,588.0,630.0,420.0,809.0,23.9,24.2,29.0,21.8,15.8,18.5,31.3,34.6
Clermont-de-Beauregard (24140),/management/ville/clermont-de-beauregard/ville-24123,0.0,9.0,5.0,5.0,9.0,9.0,41.0,17.0,12.0,12.0,47.4,53.5,26.3,14.6,10.5,18.6,15.8,14.0
Angoisse (24270),/management/ville/angoisse/ville-24008,46.0,15.0,21.0,67.0,41.0,72.0,152.0,165.0,70.0,93.0,27.6,35.8,39.3,25.8,14.2,15.0,18.8,19.6
Argentat-sur-Dordogne (19320),/management/ville/argentat-sur-dordogne/ville-19010,10.0,129.0,70.0,258.0,431.0,363.0,929.0,629.0,578.0,424.0,29.3,41.8,34.2,18.3,19.4,25.1,17.0,16.2
Barbery (60810),/management/ville/barbery/ville-60045,5.0,10.0,80.0,90.0,65.0,65.0,74.0,92.0,75.0,147.0,14.6,23.8,28.6,18.0,22.6,15.9,34.2,41.8
Crouseilles (64350),/management/ville/crouseilles/ville-64196,20.0,5.0,5.0,10.0,5.0,5.0,37.0,40.0,15.0,11.0,26.1,43.9,47.8,26.1,19.6,10.5,6.5,14.0
Catonvielle (32200),/management/ville/catonvielle/ville-32092,0.0,5.0,10.0,15.0,10.0,0.0,15.0,21.0,16.0,24.0,14.3,26.5,31.0,20.5,31.0,8.8,23.8,41.2
Azay-le-Rideau (37190),/management/ville/azay-le-rideau/ville-37014,15.0,95.0,195.0,415.0,560.0,290.0,702.0,694.0,393.0,718.0,22.6,33.2,33.6,20.6,16.5,14.9,27.3,30.0
Bœrsch (67530),/management/ville/boersch/ville-67052,20.0,115.0,294.0,373.0,194.0,264.0,317.0,578.0,342.0,645.0,12.8,20.8,33.9,24.9,19.5,16.7,33.8,34.8
Bélâbre (36370),/management/ville/belabre/ville-36016,30.0,30.0,25.0,25.0,163.0,94.0,312.0,270.0,117.0,95.0,32.8,45.0,42.1,23.9,14.0,15.6,11.1,12.9
Bourgoin-Jallieu (38300),/management/ville/bourgoin-jallieu/ville-38053,22.0,591.0,1703.0,3224.0,3691.0,3589.0,6930.0,4540.0,3341.0,5500.0,30.7,37.0,25.7,19.0,16.3,16.6,27.3,26.9
Bazuel (59360),/management/ville/bazuel/ville-59055,15.0,10.0,20.0,30.0,65.0,85.0,180.0,112.0,64.0,58.0,37.9,49.5,35.0,18.3,13.6,17.5,13.6,14.5
Brouville (54120),/management/ville/brouville/ville-54101,5.0,0.0,0.0,0.0,10.0,25.0,42.0,32.0,19.0,11.0,37.5,43.8,37.5,22.0,17.9,18.8,7.1,14.6
Champignolles (21230),/management/ville/champignolles/ville-21140,20.0,0.0,0.0,0.0,15.0,10.0,29.0,17.0,12.0,4.0,45.5,48.3,24.2,25.7,27.3,10.3,3.0,10.3
Alligny-Cosne (58200),/management/ville/alligny-cosne/ville-58002,20.0,30.0,15.0,65.0,120.0,170.0,260.0,232.0,113.0,108.0,33.1,39.9,38.2,24.0,15.7,16.0,13.0,17.5
Bernécourt (54470),/management/ville/bernecourt/ville-54063,10.0,5.0,0.0,10.0,16.0,16.0,41.0,45.0,24.0,31.0,21.3,37.9,38.7,22.5,16.0,16.7,24.0,21.2
Bligny (51170),/management/ville/bligny/ville-51069,0.0,0.0,5.0,25.0,10.0,0.0,27.0,24.0,9.0,32.0,27.1,31.8,31.3,18.4,10.4,9.1,31.3,38.6
Ceyssac (43000),/management/ville/ceyssac/ville-43045,15.0,10.0,20.0,45.0,40.0,60.0,82.0,87.0,61.0,99.0,22.7,27.6,30.1,21.1,21.5,15.3,25.8,34.4
Assier (46320),/management/ville/assier/ville-46009,5.0,20.0,15.0,50.0,70.0,70.0,162.0,126.0,83.0,130.0,24.7,38.9,32.0,18.6,17.7,15.6,25.5,26.3
Bréhand (22510),/management/ville/brehand/ville-22015,49.0,53.0,49.0,180.0,262.0,296.0,292.0,406.0,237.0,245.0,20.8,28.6,42.3,24.8,21.1,19.1,15.8,25.6
Bezaumont (54380),/management/ville/bezaumont/ville-54072,5.0,5.0,10.0,24.0,34.0,49.0,30.0,60.0,41.0,59.0,14.0,18.8,38.7,24.2,18.3,25.0,29.0,32.3
Bordères-sur-l'Échez (65320),/management/ville/borderes-sur-l-echez/ville-65100,0.0,130.0,205.0,560.0,815.0,445.0,818.0,1306.0,692.0,920.0,19.8,23.7,41.7,26.5,17.4,19.5,21.0,27.8
Conchy-sur-Canche (62270),/management/ville/conchy-sur-canche/ville-62234,0.0,0.0,0.0,42.0,16.0,37.0,69.0,41.0,32.0,19.0,37.8,48.1,30.5,20.8,17.1,22.8,14.6,8.9
Chartèves (02400),/management/ville/charteves/ville-02166,0.0,30.0,5.0,35.0,44.0,55.0,77.0,82.0,54.0,54.0,26.7,31.1,38.2,22.6,19.1,21.5,16.0,24.4
Chaumont (74270),/management/ville/chaumont/ville-74065,5.0,10.0,40.0,75.0,70.0,50.0,84.0,99.0,58.0,108.0,27.9,19.9,32.8,23.1,12.0,21.7,27.3,34.9
Cantaing-sur-Escaut (59267),/management/ville/cantaing-sur-escaut/ville-59125,15.0,15.0,35.0,54.0,35.0,49.0,79.0,85.0,63.0,77.0,26.5,25.3,33.1,22.7,19.2,22.7,21.2,29.2
Acy-en-Multien (60620),/management/ville/acy-en-multien/ville-60005,0.0,35.0,30.0,124.0,114.0,109.0,180.0,166.0,111.0,123.0,32.6,29.5,37.0,21.5,14.7,23.3,15.8,26.2
Angomont (54540),/management/ville/angomont/ville-54017,0.0,5.0,0.0,5.0,11.0,11.0,21.0,25.0,9.0,14.0,28.9,34.4,36.8,29.3,15.8,9.4,18.4,18.8
Aurice (40500),/management/ville/aurice/ville-40020,34.0,30.0,34.0,39.0,108.0,79.0,152.0,143.0,95.0,87.0,29.1,35.0,39.1,21.8,16.5,22.8,15.2,20.7
Clermont-Dessous (47130),/management/ville/clermont-dessous/ville-47066,15.0,30.0,40.0,110.0,120.0,175.0,146.0,188.0,124.0,184.0,24.6,20.8,33.4,23.4,20.1,18.5,21.9,35.8
Coubert (77170),/management/ville/coubert/ville-77127,0.0,63.0,107.0,270.0,399.0,163.0,471.0,341.0,317.0,398.0,30.8,30.9,27.1,18.2,20.3,21.2,21.7,30.3
Chevroches (58500),/management/ville/chevroches/ville-58073,0.0,0.0,0.0,15.0,25.0,35.0,29.0,33.0,23.0,20.0,24.5,30.8,39.6,23.1,20.8,23.1,15.1,23.1
Bernède (32400),/management/ville/bernede/ville-32046,10.0,0.0,5.0,15.0,35.0,20.0,38.0,44.0,29.0,50.0,18.8,28.9,38.8,15.5,15.3,21.1,27.1,35.5
Assieu (38150),/management/ville/assieu/ville-38017,5.0,68.0,73.0,224.0,162.0,188.0,228.0,293.0,193.0,272.0,21.4,25.1,35.5,23.0,18.6,20.6,24.6,30.7
Belan-sur-Ource (21570),/management/ville/belan-sur-ource/ville-21058,5.0,0.0,0.0,15.0,41.0,36.0,82.0,64.0,35.0,20.0,39.8,42.6,35.7,25.7,17.3,16.8,7.1,11.9
Cattenières (59217),/management/ville/cattenieres/ville-59138,5.0,20.0,20.0,60.0,90.0,100.0,135.0,138.0,106.0,114.0,24.1,30.4,32.9,23.2,20.3,22.9,22.8,23.3
Croutelle (86240),/management/ville/croutelle/ville-86088,5.0,15.0,90.0,100.0,95.0,90.0,123.0,139.0,120.0,220.0,17.8,22.9,26.4,20.1,19.5,20.3,36.3,36.8
Bœsenbiesen (67390),/management/ville/boesenbiesen/ville-67053,5.0,15.0,0.0,44.0,39.0,64.0,50.0,76.0,37.0,71.0,16.4,27.4,41.8,21.2,14.8,17.7,27.0,32.7
Champigny (51370),/management/ville/champigny/ville-51118,0.0,65.0,185.0,208.0,162.0,102.0,226.0,229.0,164.0,386.0,22.3,22.6,25.1,19.9,15.0,17.6,37.5,39.3
Bourgon (53410),/management/ville/bourgon/ville-53040,26.0,10.0,15.0,67.0,67.0,97.0,133.0,153.0,78.0,86.0,25.8,33.6,41.9,23.5,17.5,17.3,14.8,23.6
Barbeville (14400),/management/ville/barbeville/ville-14040,5.0,10.0,0.0,19.0,24.0,29.0,35.0,42.0,26.0,32.0,24.6,27.3,33.3,25.4,20.3,19.7,21.7,25.8
Azay-sur-Cher (37270),/management/ville/azay-sur-cher/ville-37015,10.0,105.0,250.0,561.0,382.0,254.0,502.0,639.0,414.0,720.0,20.1,24.0,34.2,21.1,18.4,18.1,27.4,36.0
Ceyssat (63210),/management/ville/ceyssat/ville-63071,10.0,20.0,60.0,115.0,80.0,90.0,91.0,143.0,88.0,185.0,17.9,17.9,35.7,19.5,18.3,16.3,28.1,45.5
Alligny-en-Morvan (58230),/management/ville/alligny-en-morvan/ville-58003,44.0,34.0,15.0,44.0,87.0,53.0,207.0,143.0,78.0,88.0,35.4,44.8,33.1,20.6,16.7,13.5,14.8,19.3
Bazugues (32170),/management/ville/bazugues/ville-32034,0.0,0.0,5.0,15.0,5.0,0.0,9.0,9.0,12.0,20.0,22.2,13.0,18.5,19.0,22.2,26.1,37.0,43.5
Acy-Romance (08300),/management/ville/acy-romance/ville-08001,0.0,24.0,14.0,25.0,98.0,39.0,133.0,108.0,47.0,71.0,31.4,43.3,37.8,20.0,12.8,13.5,18.1,21.6
Clermont-en-Argonne (55120),/management/ville/clermont-en-argonne/ville-55117,20.0,29.0,50.0,108.0,213.0,154.0,574.0,297.0,155.0,143.0,41.4,55.5,33.4,17.7,13.7,13.0,11.5,12.8
Bréhémont (37130),/management/ville/brehemont/ville-37038,5.0,25.0,64.0,89.0,99.0,94.0,207.0,173.0,87.0,117.0,27.4,42.8,38.8,19.8,14.9,14.8,18.9,21.4
Bligny-le-Sec (21440),/management/ville/bligny-le-sec/ville-21085,10.0,5.0,10.0,15.0,15.0,0.0,38.0,24.0,24.0,29.0,33.3,32.8,20.4,21.0,22.2,19.7,24.1,26.2
Cantaous (65150),/management/ville/cantaous/ville-65482,10.0,15.0,10.0,44.0,50.0,30.0,116.0,130.0,48.0,69.0,33.1,31.0,37.7,29.0,11.0,14.8,18.2,19.5
Coubeyrac (33890),/management/ville/coubeyrac/ville-33133,9.0,0.0,5.0,0.0,0.0,14.0,24.0,12.0,15.0,15.0,41.2,32.3,23.5,15.4,17.6,29.0,17.6,25.8
Bernes (80240),/management/ville/bernes/ville-80088,0.0,5.0,5.0,25.0,40.0,65.0,85.0,75.0,37.0,52.0,29.0,39.2,43.5,17.1,11.3,18.4,16.1,25.6
Courtomer (61390),/management/ville/courtomer/ville-61133,47.0,26.0,16.0,47.0,93.0,67.0,197.0,152.0,97.0,87.0,31.0,42.5,36.4,20.2,19.2,17.6,13.4,19.0
Bordes (64510),/management/ville/bordes/ville-64138,0.0,71.0,179.0,300.0,459.0,321.0,426.0,626.0,336.0,548.0,18.7,25.1,38.1,24.8,16.6,18.1,26.6,29.8
Bèze (21310),/management/ville/beze/ville-21071,10.0,30.0,45.0,85.0,90.0,80.0,96.0,158.0,99.0,168.0,16.0,20.8,35.9,23.7,18.0,20.0,30.1,34.3
Champigny (89340),/management/ville/champigny/ville-89074,5.0,82.0,70.0,236.0,346.0,292.0,540.0,514.0,271.0,289.0,31.5,35.1,35.8,25.5,16.2,17.3,16.5,19.3
Allineuc (22460),/management/ville/allineuc/ville-22001,40.0,5.0,25.0,35.0,70.0,50.0,123.0,112.0,89.0,72.0,28.5,33.5,30.9,24.1,25.1,19.7,15.5,21.3
Concorès (46310),/management/ville/concores/ville-46072,5.0,31.0,26.0,10.0,56.0,26.0,114.0,62.0,53.0,45.0,38.2,44.6,29.4,16.5,19.1,20.1,13.2,19.4
Chartres (28000),/management/ville/chartres/ville-28085,53.0,703.0,3383.0,4722.0,5133.0,3656.0,8631.0,6263.0,4394.0,9690.0,24.6,34.0,26.3,17.3,15.4,15.0,33.7,33.2
Brouviller (57635),/management/ville/brouviller/ville-57114,0.0,10.0,40.0,35.0,60.0,60.0,68.0,115.0,54.0,82.0,17.6,25.0,40.3,27.9,16.4,17.5,25.8,25.6
Auriébat (65700),/management/ville/auriebat/ville-65049,0.0,4.0,13.0,14.0,44.0,33.0,68.0,58.0,32.0,47.0,30.9,35.1,35.1,20.5,14.9,16.2,19.1,27.0
Bourgougnague (47410),/management/ville/bourgougnague/ville-47035,30.0,5.0,10.0,35.0,50.0,35.0,85.0,71.0,40.0,41.0,34.2,37.4,36.0,23.1,14.9,18.7,14.9,19.5
Bélarga (34230),/management/ville/belarga/ville-34029,10.0,30.0,15.0,80.0,95.0,55.0,106.0,118.0,81.0,107.0,26.0,25.5,34.2,23.7,14.8,24.1,25.0,26.9
Chevrotaine (39130),/management/ville/chevrotaine/ville-39143,0.0,0.0,5.0,0.0,5.0,0.0,7.0,10.0,4.0,8.0,26.7,20.0,40.0,27.8,13.3,13.3,20.0,33.3
Cattenom (57570),/management/ville/cattenom/ville-57124,5.0,36.0,193.0,371.0,553.0,259.0,450.0,594.0,355.0,573.0,17.8,27.5,33.6,24.6,18.6,17.5,30.0,28.1
Bœurs-en-Othe (89770),/management/ville/boeurs-en-othe/ville-89048,15.0,25.0,0.0,30.0,20.0,60.0,72.0,77.0,52.0,79.0,23.5,28.3,28.8,23.6,20.9,15.7,26.8,29.9
Croutoy (60350),/management/ville/croutoy/ville-60184,0.0,5.0,0.0,20.0,39.0,35.0,45.0,40.0,29.0,42.0,32.9,25.0,27.8,24.1,11.4,25.0,27.8,26.3
Azay-sur-Indre (37310),/management/ville/azay-sur-indre/ville-37016,0.0,20.0,25.0,40.0,65.0,25.0,68.0,85.0,47.0,82.0,19.4,28.7,37.4,21.6,17.3,16.1,25.9,32.2
Argentenay (89160),/management/ville/argentenay/ville-89016,0.0,5.0,0.0,0.0,16.0,11.0,23.0,23.0,14.0,9.0,25.0,43.8,44.4,21.9,16.7,21.9,13.9,12.5
Clermont-Ferrand (63000),/management/ville/clermont-ferrand/ville-63113,35.0,2714.0,12992.0,16378.0,19641.0,12883.0,26243.0,19464.0,15661.0,34042.0,23.7,30.9,23.5,17.4,16.5,16.3,36.3,35.2
Bordes (65190),/management/ville/bordes/ville-65101,10.0,40.0,35.0,55.0,141.0,91.0,147.0,180.0,87.0,129.0,21.9,32.0,43.8,22.3,12.3,19.0,21.9,25.7
Barbey (77130),/management/ville/barbey/ville-77021,0.0,0.0,0.0,29.0,14.0,19.0,22.0,43.0,27.0,17.0,19.6,19.6,48.2,29.6,23.2,25.5,8.9,23.5
Ceyzériat (01250),/management/ville/ceyzeriat/ville-01072,0.0,99.0,207.0,503.0,377.0,252.0,524.0,587.0,376.0,827.0,18.2,26.4,30.9,19.5,17.8,14.9,33.1,38.0
Angos (65690),/management/ville/angos/ville-65010,0.0,0.0,15.0,20.0,20.0,10.0,42.0,45.0,28.0,59.0,19.0,28.4,36.7,17.2,11.4,18.9,32.9,35.8
Bazus (31380),/management/ville/bazus/ville-31049,9.0,40.0,50.0,89.0,64.0,15.0,92.0,100.0,70.0,152.0,20.9,23.6,29.6,18.6,16.0,17.8,33.5,39.9
Aurières (63210),/management/ville/aurieres/ville-63020,10.0,5.0,20.0,55.0,40.0,30.0,60.0,62.0,55.0,60.0,22.4,28.1,35.3,18.6,22.4,24.0,19.8,30.6
Catteville (50390),/management/ville/catteville/ville-50105,10.0,0.0,0.0,26.0,10.0,10.0,30.0,26.0,8.0,16.0,36.4,41.7,36.4,22.7,13.6,5.6,13.6,25.0
Concoret (56430),/management/ville/concoret/ville-56043,20.0,15.0,40.0,85.0,55.0,60.0,144.0,153.0,115.0,134.0,19.6,33.3,37.3,18.7,22.8,19.3,20.3,28.9
Cabanac (65350),/management/ville/cabanac/ville-65115,10.0,0.0,15.0,45.0,35.0,30.0,44.0,70.0,46.0,52.0,18.6,22.7,38.2,27.0,19.6,23.6,23.5,25.5
Azay-sur-Thouet (79130),/management/ville/azay-sur-thouet/ville-79025,30.0,35.0,10.0,125.0,150.0,175.0,275.0,287.0,143.0,144.0,29.5,35.1,41.2,24.4,16.7,17.0,12.6,21.1
Cantaron (06340),/management/ville/cantaron/ville-06031,0.0,86.0,81.0,152.0,167.0,86.0,244.0,313.0,183.0,288.0,21.8,25.7,33.9,24.6,17.9,17.6,26.4,29.8
Courtomer (77390),/management/ville/courtomer/ville-77138,0.0,29.0,49.0,108.0,69.0,20.0,89.0,97.0,78.0,117.0,25.4,21.5,29.1,20.9,23.8,16.8,21.7,39.8
Argenteuil (95100),/management/ville/argenteuil/ville-95018,8.0,2480.0,7167.0,13152.0,17518.0,11774.0,25967.0,16122.0,12570.0,19456.0,34.0,36.0,24.2,19.0,16.8,17.1,25.0,27.4
Chaumont (89340),/management/ville/chaumont/ville-89093,5.0,40.0,31.0,101.0,101.0,71.0,150.0,158.0,87.0,78.0,31.7,31.3,41.3,25.1,13.8,23.2,13.3,19.7
Allinges (74200),/management/ville/allinges/ville-74005,15.0,210.0,370.0,575.0,625.0,445.0,711.0,1006.0,505.0,998.0,20.5,23.7,38.0,22.9,14.2,17.1,27.4,34.5
Brouy (91150),/management/ville/brouy/ville-91112,11.0,0.0,11.0,5.0,16.0,5.0,27.0,28.0,28.0,26.0,25.0,24.5,32.1,21.3,21.4,30.2,21.4,26.4
Crouttes (61120),/management/ville/crouttes/ville-61139,10.0,35.0,5.0,20.0,41.0,35.0,59.0,70.0,42.0,49.0,22.0,31.5,39.4,22.7,22.9,14.8,15.6,28.7
Bélaye (46140),/management/ville/belaye/ville-46022,10.0,10.0,29.0,15.0,23.0,15.0,61.0,28.0,49.0,66.0,29.9,29.9,15.0,14.0,24.3,23.7,30.8,34.0
Bézenet (03170),/management/ville/bezenet/ville-03027,5.0,21.0,0.0,82.0,87.0,201.0,283.0,251.0,94.0,114.0,35.7,40.7,39.5,24.6,11.9,13.2,13.0,17.8
Champigny en Rochereau (86170),/management/ville/champigny-en-rochereau/ville-86053,20.0,56.0,102.0,259.0,259.0,264.0,341.0,422.0,270.0,313.0,22.7,27.9,37.6,23.9,20.0,20.1,19.7,26.9
Bréhéville (55150),/management/ville/breheville/ville-55076,10.0,0.0,0.0,10.0,5.0,25.0,59.0,43.0,20.0,12.0,32.9,56.3,38.6,21.1,22.9,6.3,5.7,12.5
Chartres-de-Bretagne (35131),/management/ville/chartres-de-bretagne/ville-35066,24.0,137.0,670.0,1076.0,1062.0,750.0,1129.0,1394.0,1103.0,1949.0,17.7,22.6,28.1,21.5,20.4,19.2,33.8,36.0
Coubisou (12190),/management/ville/coubisou/ville-12079,30.0,20.0,10.0,20.0,84.0,45.0,113.0,136.0,53.0,97.0,20.9,36.4,44.7,20.7,13.1,13.3,21.4,27.7
Clermont-l'Hérault (34800),/management/ville/clermont-l-herault/ville-34079,49.0,273.0,356.0,814.0,1200.0,719.0,2075.0,1709.0,1171.0,1571.0,29.6,33.6,29.6,22.1,18.3,17.6,22.4,25.4
Barbey-Seroux (88640),/management/ville/barbey-seroux/ville-88035,0.0,5.0,0.0,5.0,15.0,31.0,46.0,35.0,16.0,11.0,32.7,53.8,38.2,22.0,18.2,11.5,10.9,9.6
Bourgs sur Colagne (48100),/management/ville/bourgs-sur-colagne/ville-48099,55.0,81.0,55.0,247.0,322.0,161.0,543.0,446.0,283.0,377.0,29.3,36.3,34.8,19.4,17.5,16.9,18.4,26.9
Catus (46150),/management/ville/catus/ville-46064,15.0,50.0,20.0,79.0,109.0,84.0,290.0,172.0,117.0,135.0,37.9,43.1,26.2,20.6,17.5,15.2,18.4,19.7
Canté (09700),/management/ville/cante/ville-09076,5.0,0.0,10.0,25.0,30.0,5.0,35.0,41.0,27.0,48.0,19.2,26.9,30.1,22.1,21.9,14.1,28.8,34.6
Azé (41100),/management/ville/aze/ville-41010,5.0,42.0,73.0,109.0,109.0,146.0,218.0,252.0,139.0,183.0,27.8,27.2,36.2,25.4,15.1,20.1,20.8,25.4
Ceyzérieu (01350),/management/ville/ceyzerieu/ville-01073,25.0,30.0,86.0,111.0,101.0,126.0,159.0,241.0,158.0,234.0,16.3,24.0,37.4,22.7,19.1,21.0,27.1,31.8
Aurignac (31420),/management/ville/aurignac/ville-31028,0.0,61.0,15.0,106.0,146.0,71.0,312.0,216.0,158.0,226.0,33.4,34.9,29.5,18.4,16.7,17.9,20.4,28.8
Adaincourt (57580),/management/ville/adaincourt/ville-57007,5.0,5.0,15.0,5.0,15.0,10.0,18.0,39.0,13.0,17.0,20.5,20.9,50.0,32.7,11.4,18.6,18.2,20.9
Bazus-Aure (65170),/management/ville/bazus-aure/ville-65075,10.0,5.0,5.0,10.0,10.0,20.0,27.0,24.0,29.0,25.0,25.0,26.4,26.9,21.3,25.0,30.2,23.1,24.5
Chevroux (01190),/management/ville/chevroux/ville-01102,15.0,40.0,20.0,126.0,136.0,141.0,183.0,235.0,125.0,138.0,23.9,29.7,41.4,25.3,17.5,19.4,17.2,23.5
Angoulême (16000),/management/ville/angouleme/ville-16015,44.0,954.0,3291.0,5094.0,5950.0,3832.0,8965.0,6926.0,5137.0,9848.0,25.0,32.5,25.9,19.0,16.4,16.8,32.7,31.2
Brouzet-lès-Alès (30580),/management/ville/brouzet-les-ales/ville-30055,0.0,10.0,61.0,103.0,86.0,25.0,140.0,120.0,106.0,134.0,26.5,29.5,26.5,21.5,21.6,20.9,25.3,28.0
Bordes-de-Rivière (31210),/management/ville/bordes-de-riviere/ville-31076,5.0,10.0,25.0,64.0,103.0,50.0,100.0,107.0,82.0,89.0,25.4,27.5,42.2,16.8,17.8,25.4,14.6,32.1
Concots (46260),/management/ville/concots/ville-46073,10.0,40.0,10.0,40.0,40.0,20.0,100.0,84.0,66.0,88.0,30.6,28.8,31.9,19.1,18.1,20.9,19.4,31.6
Allogny (18110),/management/ville/allogny/ville-18004,5.0,20.0,41.0,151.0,171.0,131.0,184.0,241.0,138.0,218.0,19.8,27.3,34.4,25.0,17.3,18.0,28.5,27.3
Chaumont-devant-Damvillers (55150),/management/ville/chaumont-devant-damvillers/ville-55107,0.0,0.0,10.0,0.0,5.0,5.0,8.0,12.0,7.0,9.0,16.7,27.8,38.9,23.8,27.8,11.1,16.7,33.3
Clermont-le-Fort (31810),/management/ville/clermont-le-fort/ville-31148,0.0,54.0,86.0,59.0,10.0,25.0,84.0,70.0,52.0,175.0,20.3,24.0,23.9,12.8,12.2,14.8,43.7,48.6
Argenteuil-sur-Armançon (89160),/management/ville/argenteuil-sur-armancon/ville-89017,20.0,5.0,0.0,15.0,19.0,10.0,94.0,41.0,22.0,18.0,49.4,58.0,31.0,15.6,11.5,13.6,8.0,12.5
Courtonne-la-Meurdrac (14100),/management/ville/courtonne-la-meurdrac/ville-14193,5.0,40.0,30.0,70.0,75.0,95.0,125.0,188.0,81.0,111.0,19.7,29.9,44.9,26.7,13.0,19.1,22.4,21.5
Bligny-lès-Beaune (21200),/management/ville/bligny-les-beaune/ville-21086,10.0,60.0,95.0,120.0,155.0,120.0,221.0,315.0,147.0,274.0,22.3,23.8,37.0,25.4,15.7,15.1,24.9,32.2
Bernes-sur-Oise (95340),/management/ville/bernes-sur-oise/ville-95058,5.0,40.0,133.0,420.0,497.0,198.0,558.0,523.0,288.0,388.0,31.9,31.7,33.6,23.9,15.0,17.6,19.5,24.7
Belberaud (31450),/management/ville/belberaud/ville-31057,0.0,56.0,187.0,251.0,188.0,96.0,181.0,198.0,196.0,495.0,11.4,21.9,23.5,14.8,17.0,19.4,48.1,44.7
Bézéril (32130),/management/ville/bezeril/ville-32051,5.0,10.0,5.0,15.0,20.0,0.0,32.0,24.0,11.0,25.0,32.7,37.2,30.6,19.1,12.2,11.6,24.5,30.2
Crouttes-sur-Marne (02310),/management/ville/crouttes-sur-marne/ville-02242,40.0,15.0,40.0,50.0,95.0,100.0,141.0,161.0,83.0,96.0,26.4,32.4,39.7,25.4,14.9,19.5,19.0,20.7
Cabanac-Cazaux (31160),/management/ville/cabanac-cazaux/ville-31095,0.0,5.0,20.0,5.0,15.0,20.0,20.0,24.0,26.0,35.0,13.2,25.0,28.3,18.0,28.3,21.2,30.2,36.5
Breidenbach (57720),/management/ville/breidenbach/ville-57108,15.0,10.0,0.0,39.0,50.0,80.0,123.0,71.0,38.0,38.0,36.2,54.5,33.3,18.1,15.9,11.9,14.5,14.2
Chartrettes (77590),/management/ville/chartrettes/ville-77096,0.0,81.0,434.0,348.0,247.0,111.0,287.0,376.0,304.0,929.0,15.7,14.6,23.1,17.0,14.7,17.1,46.5,51.2
Barbezières (16140),/management/ville/barbezieres/ville-16027,15.0,9.0,10.0,5.0,15.0,15.0,45.0,29.0,18.0,13.0,39.7,46.8,36.2,17.8,13.8,21.3,10.3,14.9
Bourguébus (14540),/management/ville/bourguebus/ville-14092,5.0,55.0,95.0,260.0,300.0,265.0,300.0,372.0,239.0,338.0,21.8,26.1,35.6,23.3,17.9,20.3,24.6,29.4
Champigny-en-Beauce (41330),/management/ville/champigny-en-beauce/ville-41035,5.0,10.0,24.0,53.0,97.0,92.0,108.0,141.0,88.0,96.0,20.9,29.2,41.4,23.0,18.2,22.6,19.5,25.0
Concoules (30450),/management/ville/concoules/ville-30090,0.0,15.0,0.0,45.0,25.0,44.0,64.0,64.0,43.0,58.0,25.9,30.1,29.3,24.0,21.6,15.9,23.3,27.4
Chevroz (25870),/management/ville/chevroz/ville-25153,0.0,5.0,5.0,26.0,20.0,26.0,33.0,31.0,13.0,24.0,25.5,39.2,36.2,22.4,14.9,11.8,23.4,23.5
Coubjours (24390),/management/ville/coubjours/ville-24136,10.0,15.0,5.0,10.0,5.0,20.0,44.0,40.0,13.0,14.0,28.8,51.9,44.1,23.8,11.9,11.1,15.3,9.3
Canteleu (76380),/management/ville/canteleu/ville-76157,3.0,209.0,524.0,1439.0,2188.0,1796.0,3812.0,2804.0,1580.0,2000.0,33.3,40.9,32.1,21.9,14.8,16.1,19.8,19.4
Angoulins (17690),/management/ville/angoulins/ville-17010,16.0,115.0,237.0,460.0,525.0,324.0,857.0,780.0,541.0,880.0,23.2,32.3,29.8,20.8,18.0,17.4,29.0,28.6
Azé (71260),/management/ville/aze/ville-71016,40.0,25.0,48.0,145.0,139.0,137.0,243.0,250.0,133.0,170.0,27.8,33.3,38.4,22.6,16.0,17.4,17.7,25.1
Caubeyres (47160),/management/ville/caubeyres/ville-47058,0.0,0.0,5.0,25.0,15.0,30.0,76.0,66.0,30.0,30.0,30.8,43.2,48.4,19.6,9.9,18.9,11.0,18.0
Bordes-Uchentein (09800),/management/ville/bordes-uchentein/ville-09062,10.0,5.0,5.0,10.0,15.0,10.0,50.0,46.0,27.0,27.0,31.8,33.8,35.3,22.4,17.6,20.0,15.3,23.1
Adainville (78113),/management/ville/adainville/ville-78006,0.0,55.0,85.0,143.0,118.0,35.0,135.0,113.0,121.0,210.0,22.1,24.6,19.3,19.6,22.8,19.0,35.9,36.7
Aurillac (15000),/management/ville/aurillac/ville-15014,57.0,537.0,1322.0,2767.0,3851.0,2821.0,6877.0,4829.0,3593.0,5259.0,29.4,36.7,28.9,19.0,16.3,18.4,25.3,25.8
Cézac (33620),/management/ville/cezac/ville-33123,31.0,61.0,60.0,277.0,384.0,363.0,539.0,550.0,326.0,351.0,32.2,29.0,34.2,26.0,16.6,20.2,17.0,22.7
Brouzet-lès-Quissac (30260),/management/ville/brouzet-les-quissac/ville-30054,5.0,5.0,10.0,52.0,21.0,26.0,50.0,56.0,42.0,62.0,23.0,25.0,31.0,22.6,16.0,24.1,30.0,28.7
Assignan (34360),/management/ville/assignan/ville-34015,10.0,0.0,5.0,30.0,5.0,25.0,45.0,29.0,22.0,36.0,30.9,36.5,26.5,17.5,16.2,17.5,26.5,28.6
Alloinay (79110),/management/ville/alloinay/ville-79136,54.0,44.0,10.0,59.0,106.0,130.0,274.0,223.0,103.0,87.0,35.2,44.5,38.9,23.5,14.7,15.3,11.2,14.2
Bazus-Neste (65250),/management/ville/bazus-neste/ville-65076,0.0,5.0,0.0,10.0,10.0,5.0,10.0,16.0,9.0,9.0,25.0,20.0,25.0,37.0,25.0,15.0,25.0,15.0
Clermont-les-Fermes (02340),/management/ville/clermont-les-fermes/ville-02200,0.0,0.0,10.0,0.0,10.0,21.0,46.0,18.0,13.0,18.0,51.0,48.9,18.4,17.0,14.3,13.3,16.3,20.0
Cabanac-et-Villagrains (33650),/management/ville/cabanac-et-villagrains/ville-33077,0.0,115.0,160.0,320.0,395.0,300.0,324.0,491.0,294.0,492.0,21.2,19.2,36.0,24.1,15.9,20.9,26.8,34.8
Béziers (34500),/management/ville/beziers/ville-34032,148.0,2304.0,2633.0,5838.0,9953.0,6648.0,21156.0,12814.0,10960.0,12038.0,34.2,39.7,26.5,19.2,18.7,19.7,20.7,21.5
Argentières (77390),/management/ville/argentieres/ville-77007,0.0,15.0,30.0,69.0,59.0,9.0,65.0,66.0,60.0,85.0,21.7,25.4,32.6,16.5,20.3,23.2,25.4,36.2
Chartrier-Ferrière (19600),/management/ville/chartrier-ferriere/ville-19047,5.0,5.0,10.0,25.0,55.0,80.0,69.0,97.0,50.0,71.0,19.1,29.0,39.7,24.8,18.4,16.6,22.7,26.9
Crouy (02880),/management/ville/crouy/ville-02243,5.0,60.0,145.0,265.0,385.0,350.0,776.0,728.0,330.0,362.0,29.1,40.8,40.4,24.1,14.5,15.5,16.0,16.9
Chaumont-en-Vexin (60240),/management/ville/chaumont-en-vexin/ville-60143,0.0,55.0,148.0,474.0,459.0,432.0,930.0,678.0,387.0,506.0,33.2,40.4,32.6,21.2,15.4,15.5,18.8,21.3
Barbezieux-Saint-Hilaire (16300),/management/ville/barbezieux-saint-hilaire/ville-16028,45.0,145.0,200.0,389.0,609.0,544.0,1521.0,1052.0,523.0,641.0,33.8,46.2,35.1,20.9,13.9,14.0,17.3,17.1
Bourgueil (37140),/management/ville/bourgueil/ville-37031,45.0,115.0,175.0,475.0,440.0,290.0,911.0,878.0,533.0,692.0,22.3,36.9,34.5,22.8,19.1,16.5,24.1,22.0
Bligny-sur-Ouche (21360),/management/ville/bligny-sur-ouche/ville-21087,15.0,39.0,20.0,67.0,118.0,93.0,263.0,192.0,94.0,105.0,33.1,47.1,37.8,19.8,14.7,13.8,14.4,17.7
Courtonne-les-Deux-Églises (14290),/management/ville/courtonne-les-deux-eglises/ville-14194,10.0,30.0,15.0,80.0,65.0,90.0,140.0,144.0,107.0,73.0,27.9,32.6,38.8,23.8,19.2,27.2,14.2,17.4
Breil-sur-Roya (06540),/management/ville/breil-sur-roya/ville-06023,50.0,65.0,80.0,175.0,295.0,160.0,585.0,482.0,318.0,328.0,33.9,34.3,33.1,22.9,16.4,20.5,16.5,21.5
Bernesq (14710),/management/ville/bernesq/ville-14063,0.0,0.0,20.0,5.0,25.0,25.0,43.0,61.0,15.0,28.0,21.2,35.8,48.5,28.2,12.1,8.6,18.2,19.8
Broxeele (59470),/management/ville/broxeele/ville-59111,0.0,0.0,26.0,61.0,55.0,51.0,42.0,83.0,65.0,83.0,14.6,16.2,36.2,24.5,25.4,21.8,23.8,36.6
Concremiers (36300),/management/ville/concremiers/ville-36058,5.0,0.0,15.0,80.0,100.0,90.0,152.0,177.0,107.0,83.0,22.4,35.7,39.2,27.1,20.0,21.2,18.4,13.8
Allondans (25550),/management/ville/allondans/ville-25013,0.0,15.0,45.0,25.0,20.0,20.0,42.0,51.0,21.0,68.0,17.4,28.9,34.8,19.8,8.7,14.4,39.1,35.6
Canteloup (14370),/management/ville/canteloup/ville-14134,0.0,5.0,10.0,44.0,30.0,5.0,38.0,35.0,26.0,34.0,22.1,35.3,38.2,16.1,14.7,23.5,25.0,26.5
Béalcourt (80370),/management/ville/bealcourt/ville-80060,0.0,0.0,0.0,5.0,0.0,25.0,32.0,23.0,14.0,6.0,40.5,44.7,29.7,27.3,21.6,15.8,8.1,7.9
Adam-lès-Passavant (25360),/management/ville/adam-les-passavant/ville-25006,0.0,5.0,0.0,5.0,15.0,15.0,19.0,22.0,16.0,6.0,30.0,30.3,36.7,31.4,23.3,27.3,10.0,9.1
Belbeuf (76240),/management/ville/belbeuf/ville-76069,0.0,92.0,271.0,305.0,208.0,116.0,291.0,379.0,243.0,669.0,15.6,21.0,28.3,19.1,15.2,15.5,40.9,43.5
Coublanc (52500),/management/ville/coublanc/ville-52145,5.0,0.0,0.0,10.0,10.0,10.0,28.0,26.0,21.0,15.0,22.7,39.1,34.1,22.4,29.5,17.4,13.6,19.6
Cézac (46170),/management/ville/cezac/ville-46069,0.0,15.0,10.0,20.0,35.0,15.0,34.0,39.0,28.0,34.0,19.4,31.7,33.3,23.4,19.4,22.2,27.8,22.2
Azelot (54210),/management/ville/azelot/ville-54037,0.0,0.0,40.0,60.0,45.0,20.0,49.0,92.0,49.0,116.0,12.8,19.2,30.9,25.4,18.8,13.5,37.6,37.8
Caubiac (31480),/management/ville/caubiac/ville-31126,25.0,15.0,30.0,75.0,40.0,30.0,40.0,69.0,45.0,100.0,13.4,18.1,33.1,20.6,17.3,18.1,36.2,42.5
Champigny-la-Futelaye (27220),/management/ville/champigny-la-futelaye/ville-27144,5.0,10.0,0.0,36.0,41.0,36.0,58.0,64.0,47.0,34.0,31.8,25.8,36.4,27.4,17.8,28.9,14.0,18.6
Aurimont (32450),/management/ville/aurimont/ville-32018,5.0,15.0,15.0,10.0,30.0,25.0,38.0,42.0,30.0,34.0,25.3,27.8,36.0,22.9,16.0,25.0,22.7,25.0
Chevru (77320),/management/ville/chevru/ville-77113,10.0,20.0,60.0,130.0,215.0,150.0,196.0,282.0,119.0,140.0,25.9,27.3,42.3,29.1,15.1,17.3,16.7,21.4
Bordezac (30160),/management/ville/bordezac/ville-30045,5.0,10.0,5.0,36.0,51.0,51.0,146.0,100.0,53.0,36.0,44.9,42.5,34.8,23.8,13.3,17.9,7.0,14.0
Assigny (18260),/management/ville/assigny/ville-18014,21.0,5.0,5.0,27.0,11.0,5.0,35.0,37.0,33.0,31.0,23.9,27.5,32.8,22.4,23.9,24.6,19.4,26.1
Angoumé (40990),/management/ville/angoume/ville-40003,0.0,5.0,5.0,49.0,54.0,25.0,43.0,77.0,37.0,44.0,22.9,20.6,38.5,30.2,21.9,15.9,16.7,27.1
Bezinghem (62650),/management/ville/bezinghem/ville-62127,40.0,5.0,10.0,30.0,40.0,20.0,61.0,56.0,46.0,70.0,25.6,26.8,29.8,17.9,21.5,17.9,23.1,37.5
Clermont-Pouyguillès (32300),/management/ville/clermont-pouyguilles/ville-32104,20.0,0.0,10.0,5.0,10.0,30.0,39.0,33.0,25.0,29.0,25.4,36.5,41.3,12.3,19.0,20.6,14.3,31.7
Chaumont-la-Ville (52150),/management/ville/chaumont-la-ville/ville-52122,15.0,0.0,0.0,10.0,10.0,20.0,40.0,25.0,15.0,15.0,38.2,47.5,23.6,25.0,20.0,10.0,18.2,12.5
Breilly (80470),/management/ville/breilly/ville-80137,4.0,13.0,40.0,63.0,99.0,63.0,103.0,133.0,77.0,100.0,19.2,30.1,38.4,24.5,19.2,18.5,23.2,25.0
Chartronges (77320),/management/ville/chartronges/ville-77097,5.0,0.0,5.0,40.0,45.0,40.0,52.0,63.0,44.0,45.0,21.8,29.1,38.6,22.6,22.8,20.4,16.8,27.2
Bourguenolles (50800),/management/ville/bourguenolles/ville-50069,30.0,5.0,0.0,40.0,35.0,76.0,80.0,91.0,41.0,37.0,31.8,31.9,41.7,27.5,15.2,18.1,11.4,19.0
Blincourt (60190),/management/ville/blincourt/ville-60078,0.0,0.0,0.0,10.0,10.0,20.0,23.0,24.0,15.0,15.0,25.0,34.2,45.0,18.4,20.0,18.4,10.0,28.9
Cabanac-Séguenville (31480),/management/ville/cabanac-seguenville/ville-31096,14.0,18.0,9.0,18.0,18.0,9.0,35.0,30.0,29.0,33.0,30.6,24.6,27.4,21.3,19.4,26.2,22.6,29.2
Concressault (18260),/management/ville/concressault/ville-18070,5.0,20.0,0.0,20.0,25.0,35.0,43.0,59.0,28.0,34.0,16.7,35.3,52.6,20.5,11.5,22.4,19.2,22.4
Argentine (73220),/management/ville/argentine/ville-73019,15.0,35.0,30.0,105.0,79.0,179.0,199.0,245.0,130.0,152.0,26.1,28.5,40.7,25.2,14.8,21.2,18.3,23.7
Courtrizy-et-Fussigny (02820),/management/ville/courtrizy-et-fussigny/ville-02229,5.0,0.0,0.0,10.0,10.0,10.0,14.0,13.0,12.0,13.0,25.9,28.0,29.6,18.5,33.3,12.0,11.1,40.0
Berneuil (16480),/management/ville/berneuil/ville-16040,20.0,5.0,5.0,25.0,45.0,60.0,110.0,65.0,46.0,49.0,33.9,46.1,33.9,17.1,12.7,20.4,19.5,17.1
Broye (71190),/management/ville/broye/ville-71063,0.0,10.0,20.0,70.0,65.0,94.0,155.0,193.0,96.0,136.0,20.4,33.5,42.8,21.8,15.4,18.0,21.4,25.7
Crouy-en-Thelle (60530),/management/ville/crouy-en-thelle/ville-60185,0.0,40.0,71.0,101.0,121.0,116.0,246.0,212.0,158.0,193.0,26.7,33.5,31.4,21.3,18.6,20.6,23.3,24.4
Barbières (26300),/management/ville/barbieres/ville-26023,20.0,29.0,68.0,152.0,142.0,122.0,162.0,204.0,130.0,224.0,18.1,26.9,38.4,18.4,17.8,18.4,25.6,36.3
Canteloup (50330),/management/ville/canteloup/ville-50096,5.0,5.0,5.0,26.0,36.0,26.0,48.0,65.0,29.0,24.0,22.6,35.8,47.6,27.8,15.5,19.8,14.3,13.6
Allondaz (73200),/management/ville/allondaz/ville-73014,0.0,10.0,5.0,25.0,35.0,25.0,43.0,49.0,29.0,55.0,21.8,27.0,34.5,20.0,18.4,14.6,25.3,37.1
Coublanc (71170),/management/ville/coublanc/ville-71148,0.0,15.0,10.0,79.0,94.0,179.0,238.0,221.0,105.0,95.0,29.7,41.8,44.9,22.0,13.0,19.0,12.3,16.4
Azerables (23160),/management/ville/azerables/ville-23015,42.0,30.0,24.0,48.0,71.0,72.0,339.0,176.0,116.0,82.0,40.4,54.0,31.8,17.7,18.1,14.6,9.8,13.0
Assis-sur-Serre (02270),/management/ville/assis-sur-serre/ville-02027,5.0,0.0,9.0,10.0,33.0,44.0,84.0,51.0,17.0,25.0,47.8,47.1,32.6,22.3,5.4,14.1,14.1,14.1
Béalencourt (62770),/management/ville/bealencourt/ville-62090,5.0,0.0,5.0,5.0,0.0,25.0,33.0,28.0,26.0,19.0,26.9,36.4,25.0,26.3,25.0,23.6,23.1,12.7
Chevry (01170),/management/ville/chevry/ville-01103,0.0,23.0,210.0,301.0,290.0,117.0,190.0,246.0,215.0,504.0,14.1,18.7,26.6,16.7,18.0,19.3,41.4,45.8
Aurin (31570),/management/ville/aurin/ville-31029,0.0,31.0,31.0,26.0,31.0,36.0,46.0,59.0,30.0,90.0,19.1,21.6,34.8,18.0,8.7,18.0,37.4,42.3
Champigny-lès-Langres (52200),/management/ville/champigny-les-langres/ville-52102,10.0,20.0,20.0,25.0,45.0,90.0,90.0,113.0,60.0,68.0,20.8,33.7,38.7,26.5,17.9,18.4,22.6,18.4
Cezais (85410),/management/ville/cezais/ville-85041,0.0,5.0,5.0,20.0,30.0,50.0,69.0,91.0,45.0,27.0,24.0,36.0,45.5,28.3,20.7,18.0,9.9,13.5
Caubios-Loos (64230),/management/ville/caubios-loos/ville-64183,16.0,6.0,27.0,80.0,63.0,32.0,59.0,110.0,85.0,134.0,13.5,16.8,33.3,23.6,20.8,22.8,32.3,36.5
Bords (17430),/management/ville/bords/ville-17053,26.0,75.0,26.0,77.0,200.0,159.0,376.0,368.0,124.0,136.0,32.6,41.7,40.2,27.1,15.1,9.9,12.1,14.9
Belbèze-de-Lauragais (31450),/management/ville/belbeze-de-lauragais/ville-31058,0.0,11.0,32.0,4.0,10.0,21.0,16.0,16.0,13.0,44.0,26.1,9.1,21.7,16.7,8.7,20.5,43.5,54.5
Adam-lès-Vercel (25530),/management/ville/adam-les-vercel/ville-25007,5.0,0.0,0.0,15.0,20.0,5.0,14.0,16.0,20.0,11.0,16.1,30.0,32.3,23.1,32.3,33.3,19.4,16.7
Angous (64190),/management/ville/angous/ville-64025,10.0,0.0,5.0,5.0,10.0,10.0,34.0,23.0,12.0,18.0,32.6,45.5,39.5,14.3,9.3,18.2,18.6,22.7
Bezins-Garraux (31440),/management/ville/bezins-garraux/ville-31067,0.0,5.0,0.0,5.0,0.0,5.0,13.0,9.0,10.0,7.0,30.4,41.2,21.7,23.5,26.1,23.5,21.7,11.8
Concriers (41370),/management/ville/concriers/ville-41058,0.0,5.0,19.0,14.0,24.0,24.0,42.0,36.0,17.0,29.0,38.5,28.3,30.8,23.9,13.8,15.0,16.9,30.0
Crouy-Saint-Pierre (80310),/management/ville/crouy-saint-pierre/ville-80229,0.0,5.0,10.0,75.0,30.0,50.0,80.0,61.0,57.0,63.0,20.8,39.7,32.0,16.8,20.0,23.5,27.2,21.3
Breistroff-la-Grande (57570),/management/ville/breistroff-la-grande/ville-57109,0.0,16.0,48.0,81.0,171.0,69.0,95.0,166.0,88.0,160.0,15.7,21.6,36.9,25.7,17.3,17.3,30.2,32.5
Barbirey-sur-Ouche (21410),/management/ville/barbirey-sur-ouche/ville-21045,0.0,10.0,10.0,41.0,26.0,31.0,42.0,61.0,37.0,40.0,16.7,29.3,44.4,22.8,18.9,22.8,20.0,25.0
Argenton (47250),/management/ville/argenton/ville-47013,0.0,0.0,14.0,19.0,34.0,29.0,82.0,72.0,37.0,55.0,28.6,37.0,32.1,24.2,14.3,16.3,25.0,20.0
Blingel (62770),/management/ville/blingel/ville-62142,0.0,15.0,5.0,10.0,15.0,15.0,39.0,40.0,15.0,24.0,36.5,28.3,34.9,27.0,12.7,13.2,15.9,26.4
Chaumont-le-Bois (21400),/management/ville/chaumont-le-bois/ville-21161,0.0,0.0,0.0,10.0,20.0,5.0,19.0,20.0,11.0,11.0,34.3,26.9,34.3,27.6,17.1,19.2,14.3,23.1
0,34.7,37.2
Cabanès (12800),/management/ville/cabanes/ville-12041,19.0,5.0,5.0,5.0,33.0,14.0,69.0,55.0,38.0,31.0,34.4,36.4,38.7,21.1,10.8,28.3,16.1,16.2
Courtry (77181),/management/ville/courtry/ville-77139,5.0,162.0,639.0,1019.0,816.0,461.0,1057.0,1202.0,905.0,1346.0,23.0,23.8,29.9,23.1,18.9,21.2,28.2,31.3
Chartuzac (17130),/management/ville/chartuzac/ville-17092,10.0,0.0,5.0,5.0,29.0,24.0,60.0,30.0,21.0,18.0,44.6,46.9,23.1,23.2,15.4,17.2,16.9,10.9
7,22.2
Broye-Aubigney-Montseugny (70140),/management/ville/broye-aubigney-montseugny/ville-70101,0.0,20.0,25.0,45.0,75.0,45.0,124.0,137.0,66.0,61.0,25.6,38.3,45.6,23.4,15.4,18.7,13.3,18.1
Bourguignon (25150),/management/ville/bourguignon/ville-25082,0.0,31.0,20.0,137.0,92.0,173.0,228.0,242.0,120.0,124.0,27.1,36.7,41.6,24.4,15.1,18.5,16.2,18.5
Allondrelle-la-Malmaison (54260),/management/ville/allondrelle-la-malmaison/ville-54011,5.0,5.0,45.0,30.0,115.0,115.0,123.0,123.0,97.0,90.0,23.9,33.0,35.8,21.1,22.9,21.9,17.4,24.2
Chevry-Cossigny (77173),/management/ville/chevry-cossigny/ville-77114,5.0,154.0,451.0,686.0,522.0,302.0,721.0,652.0,552.0,813.0,26.7,26.0,27.6,20.1,20.1,20.2,25.6,33.8
Auriol (13390),/management/ville/auriol/ville-13007,42.0,440.0,1045.0,1586.0,1542.0,822.0,1875.0,1981.0,1547.0,3055.0,21.0,23.3,27.2,19.6,17.4,19.2,34.4,37.8
Borée (07310),/management/ville/boree/ville-07037,5.0,5.0,5.0,5.0,27.0,11.0,51.0,32.0,20.0,22.0,25.0,58.3,34.4,15.4,21.9,8.3,18.8,16.7
Cézan (32410),/management/ville/cezan/ville-32102,15.0,5.0,10.0,30.0,35.0,5.0,45.0,42.0,41.0,44.0,27.6,24.7,33.3,17.1,21.8,25.9,17.2,34.1
Azerailles (54122),/management/ville/azerailles/ville-54038,15.0,36.0,5.0,87.0,93.0,103.0,178.0,235.0,109.0,100.0,18.2,38.7,47.2,25.6,19.1,16.0,15.5,16.4
Clermont-Soubiran (47270),/management/ville/clermont-soubiran/ville-47067,5.0,5.0,5.0,35.0,39.0,79.0,111.0,86.0,55.0,44.0,36.1,38.5,36.7,21.2,17.7,19.6,9.5,20.3
Belbèze-en-Comminges (31260),/management/ville/belbeze-en-comminges/ville-31059,10.0,0.0,14.0,10.0,0.0,14.0,26.0,24.0,12.0,29.0,23.9,33.3,32.6,20.4,13.0,13.3,30.4,31.1
Béard (58160),/management/ville/beard/ville-58025,0.0,0.0,5.0,15.0,31.0,10.0,37.0,51.0,28.0,17.0,35.3,20.0,38.2,34.2,17.6,23.1,8.8,16.9
Angoustrine-Villeneuve-des-Escaldes (66760),/management/ville/angoustrine-villeneuve-des-escaldes/ville-66005,10.0,5.0,20.0,91.0,94.0,47.0,146.0,126.0,85.0,149.0,23.7,33.6,32.7,17.7,16.7,16.8,26.9,31.7
Adamswiller (67320),/management/ville/adamswiller/ville-67002,0.0,20.0,20.0,15.0,65.0,74.0,105.0,113.0,35.0,52.0,27.8,40.5,45.0,25.6,8.6,14.4,18.5,15.7
Bourguignon-lès-Conflans (70800),/management/ville/bourguignon-les-conflans/ville-70087,10.0,0.0,5.0,20.0,30.0,15.0,18.0,32.0,13.0,31.0,21.3,17.0,40.4,23.6,17.0,10.6,21.3,44.7
Caubon-Saint-Sauveur (47120),/management/ville/caubon-saint-sauveur/ville-47059,15.0,10.0,0.0,5.0,29.0,44.0,52.0,65.0,36.0,43.0,26.5,26.0,38.8,26.5,15.3,21.9,19.4,24.0
Asson (64800),/management/ville/asson/ville-64068,75.0,70.0,100.0,203.0,259.0,209.0,359.0,472.0,266.0,401.0,21.8,26.0,38.2,23.6,16.6,18.8,23.3,30.1
Coublevie (38500),/management/ville/coublevie/ville-38133,0.0,118.0,599.0,604.0,433.0,241.0,695.0,530.0,516.0,1595.0,16.7,24.5,19.1,13.4,15.0,15.9,49.1,46.6
Bezolles (32310),/management/ville/bezolles/ville-32052,15.0,15.0,5.0,5.0,25.0,10.0,39.0,30.0,27.0,20.0,29.1,37.7,30.9,23.2,16.4,29.5,23.6,11.5
Crouy-sur-Cosson (41220),/management/ville/crouy-sur-cosson/ville-41071,5.0,15.0,24.0,54.0,78.0,93.0,126.0,136.0,63.0,81.0,29.3,32.7,39.8,25.4,12.6,17.8,18.3,21.5
Condac (16700),/management/ville/condac/ville-16104,0.0,15.0,30.0,30.0,89.0,45.0,92.0,138.0,99.0,60.0,23.5,24.2,37.2,31.8,21.9,28.5,17.5,14.0
Chaumont-le-Bourg (63220),/management/ville/chaumont-le-bourg/ville-63105,0.0,15.0,0.0,25.0,20.0,50.0,42.0,69.0,33.0,24.0,30.5,20.0,50.0,30.3,12.2,27.1,7.3,21.2
Cantigny (80500),/management/ville/cantigny/ville-80170,5.0,15.0,15.0,15.0,15.0,10.0,29.0,28.0,16.0,18.0,30.2,34.2,35.8,22.0,18.9,15.8,15.1,26.3
Charvieu-Chavagneux (38230),/management/ville/charvieu-chavagneux/ville-38085,9.0,213.0,407.0,1226.0,1134.0,1227.0,2028.0,1702.0,1095.0,1458.0,30.5,34.0,31.8,21.7,16.6,18.2,21.1,25.2
Berneuil (80620),/management/ville/berneuil/ville-80089,5.0,5.0,20.0,30.0,30.0,40.0,45.0,73.0,31.0,40.0,22.0,25.8,46.0,27.6,13.0,20.2,19.0,23.6
Barbizon (77630),/management/ville/barbizon/ville-77022,5.0,89.0,107.0,118.0,98.0,79.0,194.0,162.0,174.0,395.0,21.4,20.6,18.1,17.8,15.9,21.6,44.5,40.9
Champigny-sous-Varennes (52400),/management/ville/champigny-sous-varennes/ville-52103,0.0,0.0,0.0,10.0,20.0,25.0,39.0,21.0,16.0,10.0,36.4,54.8,34.1,15.0,18.2,19.0,11.4,11.9
Courvaudon (14260),/management/ville/courvaudon/ville-14195,10.0,0.0,5.0,20.0,40.0,60.0,37.0,56.0,35.0,50.0,26.0,14.6,33.3,27.6,16.7,23.2,24.0,32.9
Broye-les-Loups-et-Verfontaine (70100),/management/ville/broye-les-loups-et-verfontaine/ville-70100,5.0,10.0,0.0,5.0,25.0,10.0,25.0,26.0,15.0,18.0,32.6,26.3,34.8,25.0,15.2,21.1,17.4,26.3
Blismes (58120),/management/ville/blismes/ville-58034,20.0,0.0,0.0,20.0,40.0,0.0,40.0,42.0,29.0,29.0,21.4,35.7,38.6,21.1,21.4,20.0,18.6,22.9
Breitenau (67220),/management/ville/breitenau/ville-67062,4.0,0.0,21.0,29.0,52.0,49.0,53.0,72.0,43.0,66.0,18.4,26.4,36.0,23.3,21.9,15.7,23.7,32.2
Cabanès (81500),/management/ville/cabanes/ville-81044,5.0,5.0,25.0,35.0,44.0,25.0,51.0,60.0,30.0,60.0,22.8,28.7,39.6,18.9,14.9,14.9,22.8,36.6
Argenton-sur-Creuse (36200),/management/ville/argenton-sur-creuse/ville-36006,10.0,170.0,266.0,391.0,777.0,486.0,1463.0,1203.0,540.0,782.0,30.0,42.1,36.1,22.6,13.8,13.4,20.1,19.2
Azerat (24210),/management/ville/azerat/ville-24019,20.0,20.0,15.0,46.0,71.0,20.0,114.0,113.0,58.0,61.0,28.5,37.6,41.9,22.2,16.3,16.8,13.4,22.0
Broyes (51120),/management/ville/broyes/ville-51092,10.0,5.0,5.0,25.0,45.0,95.0,100.0,101.0,45.0,36.0,28.3,42.4,45.7,24.2,14.5,17.4,11.6,13.9
Boresse-et-Martron (17270),/management/ville/boresse-et-martron/ville-17054,5.0,5.0,0.0,15.0,15.0,30.0,79.0,51.0,19.0,23.0,41.7,50.6,38.1,18.8,11.9,10.3,8.3,18.4
Allonne (60000),/management/ville/allonne/ville-60009,10.0,39.0,131.0,223.0,218.0,189.0,261.0,312.0,193.0,385.0,19.8,25.4,32.3,21.3,15.7,17.8,32.3,34.6
Belbèze-en-Lomagne (82500),/management/ville/belbeze-en-lomagne/ville-82015,5.0,10.0,5.0,5.0,25.0,15.0,22.0,41.0,12.0,28.0,17.0,26.0,45.3,27.4,13.2,10.0,24.5,30.0
Angres (62143),/management/ville/angres/ville-62032,0.0,101.0,188.0,399.0,620.0,555.0,1002.0,880.0,570.0,763.0,26.2,35.5,31.7,22.4,16.9,18.5,25.2,22.4
Clermont-sur-Lauquet (11250),/management/ville/clermont-sur-lauquet/ville-11094,0.0,0.0,0.0,0.0,0.0,0.0,3.0,7.0,8.0,4.0,15.4,11.1,38.5,25.0,38.5,33.3,7.7,33.3
Chevry-en-Sereine (77710),/management/ville/chevry-en-sereine/ville-77115,0.0,10.0,20.0,70.0,60.0,50.0,96.0,98.0,75.0,101.0,26.8,25.1,33.0,20.7,18.4,22.0,21.8,32.5
Auriolles (33790),/management/ville/auriolles/ville-33020,20.0,0.0,5.0,10.0,10.0,30.0,38.0,36.0,13.0,21.0,33.9,36.5,35.7,25.0,16.1,7.7,14.3,25.0
Béard-Géovreissiat (01460),/management/ville/beard-geovreissiat/ville-01170,5.0,39.0,34.0,122.0,146.0,205.0,185.0,227.0,134.0,161.0,27.0,25.3,36.1,26.6,14.6,23.8,22.4,23.2
Cezay (42130),/management/ville/cezay/ville-42035,14.0,20.0,5.0,20.0,34.0,20.0,50.0,57.0,27.0,34.0,24.7,35.4,44.7,21.2,14.1,18.3,16.5,24.4
Condal (71480),/management/ville/condal/ville-71143,10.0,10.0,5.0,45.0,45.0,55.0,108.0,107.0,66.0,38.0,30.6,36.6,41.4,24.4,22.3,19.3,5.7,18.0
Chaumont-Porcien (08220),/management/ville/chaumont-porcien/ville-08113,15.0,10.0,15.0,19.0,63.0,73.0,119.0,130.0,60.0,45.0,26.4,40.6,44.8,26.1,17.2,16.7,11.5,13.3
Adast (65260),/management/ville/adast/ville-65001,0.0,0.0,20.0,40.0,55.0,25.0,68.0,75.0,35.0,52.0,25.9,33.1,42.0,22.0,14.3,16.1,17.9,27.1
Cantin (59169),/management/ville/cantin/ville-59126,9.0,19.0,76.0,144.0,228.0,234.0,331.0,339.0,194.0,256.0,25.4,33.7,37.9,21.8,16.4,18.3,20.3,25.2
Bezons (95870),/management/ville/bezons/ville-95063,4.0,772.0,2251.0,3336.0,4736.0,3071.0,6811.0,4648.0,3378.0,5172.0,32.7,35.2,26.0,20.1,16.2,17.5,25.1,26.5
Caubous (31110),/management/ville/caubous/ville-31127,0.0,0.0,0.0,0.0,0.0,0.0,0.0,1.0,0.0,2.0,0.0,0.0,0.0,33.3,0.0,0.0,100.0,50.0
Coublucq (64410),/management/ville/coublucq/ville-64195,5.0,10.0,0.0,20.0,25.0,10.0,27.0,22.0,17.0,19.0,28.3,37.5,34.8,17.1,13.0,27.5,23.9,20.0
Asswiller (67320),/management/ville/asswiller/ville-67013,5.0,0.0,5.0,31.0,51.0,41.0,83.0,74.0,42.0,19.0,35.7,40.6,42.9,24.3,15.2,23.6,6.3,11.3
Champigny-sur-Aube (10700),/management/ville/champigny-sur-aube/ville-10077,0.0,0.0,5.0,15.0,20.0,10.0,19.0,21.0,13.0,15.0,32.4,23.5,29.4,28.9,17.6,20.6,20.6,23.5
Barbonne-Fayel (51120),/management/ville/barbonne-fayel/ville-51036,45.0,0.0,20.0,75.0,85.0,45.0,120.0,130.0,72.0,80.0,25.2,34.5,42.6,22.0,13.9,22.0,18.3,21.5
Courvières (25560),/management/ville/courvieres/ville-25176,0.0,5.0,15.0,50.0,30.0,56.0,42.0,71.0,53.0,45.0,17.3,22.4,39.4,27.0,26.0,24.3,17.3,25.2
Charvonnex (74370),/management/ville/charvonnex/ville-74062,0.0,48.0,145.0,183.0,171.0,102.0,184.0,204.0,147.0,370.0,16.1,24.5,28.2,16.8,16.7,15.8,39.0,42.6
Crouy-sur-Ourcq (77840),/management/ville/crouy-sur-ourcq/ville-77148,0.0,31.0,82.0,252.0,379.0,219.0,467.0,397.0,240.0,245.0,31.3,37.9,36.9,21.9,15.7,19.7,16.2,19.9
Cézens (15230),/management/ville/cezens/ville-15033,46.0,0.0,10.0,10.0,41.0,10.0,71.0,63.0,31.0,15.0,39.6,39.2,41.6,24.4,16.8,17.7,2.0,16.5
Breitenbach (67220),/management/ville/breitenbach/ville-67063,15.0,20.0,15.0,86.0,122.0,132.0,149.0,201.0,86.0,102.0,21.7,33.3,44.6,26.5,15.7,16.5,18.0,20.1
Argentonnay (79150),/management/ville/argentonnay/ville-79013,116.0,100.0,87.0,180.0,296.0,499.0,844.0,781.0,371.0,408.0,30.4,39.5,41.5,21.9,16.6,14.3,11.5,22.2
Berneuil (87300),/management/ville/berneuil/ville-87012,24.0,5.0,24.0,19.0,68.0,58.0,116.0,111.0,53.0,50.0,32.3,38.4,39.0,25.8,14.0,17.7,14.6,15.2
Cabannes (13440),/management/ville/cabannes/ville-13018,35.0,210.0,245.0,534.0,584.0,524.0,1130.0,938.0,532.0,752.0,31.4,35.9,33.8,21.4,14.4,17.2,20.4,24.3
Blodelsheim (68740),/management/ville/blodelsheim/ville-68041,5.0,55.0,90.0,260.0,260.0,325.0,321.0,515.0,247.0,286.0,18.7,28.2,44.6,27.7,16.2,19.9,20.5,21.3
Borest (60300),/management/ville/borest/ville-60087,0.0,24.0,68.0,39.0,20.0,24.0,41.0,36.0,33.0,122.0,15.6,19.5,22.0,10.5,11.0,17.1,51.4,53.7
Belcaire (11340),/management/ville/belcaire/ville-11028,0.0,20.0,5.0,20.0,55.0,35.0,125.0,96.0,51.0,53.0,33.3,43.0,36.6,21.6,15.7,15.7,14.4,18.0
Cléron (25330),/management/ville/cleron/ville-25155,5.0,16.0,26.0,26.0,26.0,52.0,45.0,83.0,51.0,64.0,19.4,17.5,38.8,26.6,21.7,20.2,20.2,33.3
Broyes (60120),/management/ville/broyes/ville-60111,5.0,0.0,10.0,15.0,15.0,45.0,46.0,35.0,12.0,21.0,40.7,40.0,32.2,23.9,13.6,7.3,13.6,23.6
Beaubec-la-Rosière (76440),/management/ville/beaubec-la-rosiere/ville-76060,10.0,10.0,5.0,80.0,75.0,45.0,105.0,128.0,43.0,59.0,28.4,34.3,44.4,26.8,13.0,12.7,14.2,21.1
Azérat (43390),/management/ville/azerat/ville-43017,14.0,10.0,10.0,38.0,29.0,34.0,50.0,59.0,55.0,47.0,17.5,29.6,32.0,23.2,32.0,20.4,18.4,25.9
Chevry-sous-le-Bignon (45210),/management/ville/chevry-sous-le-bignon/ville-45094,0.0,15.0,5.0,30.0,15.0,10.0,57.0,42.0,29.0,47.0,27.8,37.6,26.7,20.0,17.8,15.3,27.8,25.9
Allonne (79130),/management/ville/allonne/ville-79007,50.0,5.0,10.0,85.0,115.0,100.0,145.0,171.0,79.0,96.0,22.9,36.2,42.4,24.5,16.3,15.9,18.4,20.7
Bourguignon-lès-la-Charité (70190),/management/ville/bourguignon-les-la-charite/ville-70088,0.0,5.0,0.0,21.0,26.0,16.0,30.0,25.0,20.0,20.0,25.5,39.1,34.0,19.1,23.4,17.4,17.0,23.9
Angresse (40150),/management/ville/angresse/ville-40004,5.0,137.0,76.0,264.0,371.0,193.0,263.0,395.0,302.0,526.0,16.3,19.0,29.7,22.8,20.6,20.0,33.3,37.3
Aurions-Idernes (64350),/management/ville/aurions-idernes/ville-64079,35.0,0.0,0.0,10.0,0.0,5.0,25.0,28.0,19.0,16.0,23.4,34.1,36.2,24.4,25.5,17.1,14.9,22.0
Cantoin (12420),/management/ville/cantoin/ville-12051,25.0,5.0,0.0,15.0,15.0,25.0,124.0,56.0,30.0,44.0,46.0,51.6,28.6,15.4,9.5,14.1,15.9,18.8
Bezonvaux (55100),/management/ville/bezonvaux/ville-55050,0.0,0.0,0.0,0.0,0.0,0.0,0.0,0.0,0.0,0.0,,,,,,,,
Adé (65100),/management/ville/ade/ville-65002,5.0,45.0,20.0,70.0,140.0,90.0,205.0,210.0,95.0,124.0,30.2,34.6,40.6,23.9,13.0,16.7,16.2,22.5
Barbonville (54360),/management/ville/barbonville/ville-54045,10.0,25.0,15.0,45.0,50.0,50.0,78.0,120.0,60.0,69.0,22.3,25.3,43.4,27.9,15.1,21.5,19.3,22.8
Chaumont-sur-Aire (55260),/management/ville/chaumont-sur-aire/ville-55108,16.0,0.0,0.0,11.0,16.0,16.0,32.0,37.0,12.0,26.0,25.0,34.5,34.6,27.1,13.5,7.3,26.9,23.6
Condamine (01430),/management/ville/condamine/ville-01112,0.0,15.0,5.0,41.0,70.0,120.0,80.0,88.0,43.0,76.0,25.0,30.7,36.5,22.9,14.2,15.7,24.3,28.6
Caubous (65230),/management/ville/caubous/ville-65136,5.0,0.0,0.0,0.0,5.0,0.0,16.0,5.0,3.0,12.0,35.3,55.6,23.5,5.9,5.9,11.1,35.3,27.8
Chas (63160),/management/ville/chas/ville-63096,0.0,10.0,20.0,40.0,40.0,55.0,66.0,74.0,44.0,85.0,23.1,26.2,35.7,18.5,13.3,19.8,28.0,35.7
Champigny-sur-Marne (94500),/management/ville/champigny-sur-marne/ville-94017,3.0,1857.0,5951.0,9809.0,12484.0,6921.0,17410.0,10732.0,9323.0,15508.0,32.5,33.2,21.9,18.5,17.9,17.4,27.7,30.7
Courville (51170),/management/ville/courville/ville-51194,10.0,5.0,30.0,66.0,61.0,66.0,76.0,97.0,63.0,88.0,18.8,27.8,37.0,22.7,18.8,19.5,25.3,29.0
Astaffort (47220),/management/ville/astaffort/ville-47015,30.0,51.0,51.0,167.0,233.0,243.0,598.0,422.0,280.0,308.0,34.4,39.7,31.6,20.8,15.9,18.8,18.1,20.1
Coubon (43700),/management/ville/coubon/ville-43078,15.0,115.0,130.0,505.0,495.0,250.0,570.0,635.0,492.0,709.0,23.1,24.2,33.3,20.6,18.1,22.6,25.5,33.0
Beaubery (71220),/management/ville/beaubery/ville-71025,25.0,21.0,10.0,20.0,30.0,46.0,101.0,85.0,56.0,53.0,28.1,41.4,35.3,21.2,19.6,17.9,17.0,18.6
Belcastel (12390),/management/ville/belcastel/ville-12024,14.0,0.0,5.0,10.0,15.0,10.0,52.0,50.0,28.0,24.0,30.8,35.5,43.6,21.1,15.4,21.1,10.3,22.4
Chey (79120),/management/ville/chey/ville-79087,15.0,30.0,5.0,20.0,64.0,74.0,157.0,139.0,67.0,72.0,30.4,41.6,39.6,22.7,14.7,16.0,15.2,17.8
Auris (38142),/management/ville/auris/ville-38020,0.0,32.0,5.0,37.0,21.0,26.0,37.0,42.0,38.0,42.0,22.2,24.4,28.4,24.7,22.2,25.6,27.2,25.6
Bourguignon-lès-Morey (70120),/management/ville/bourguignon-les-morey/ville-70089,5.0,0.0,0.0,10.0,0.0,5.0,23.0,6.0,4.0,12.0,48.0,55.0,16.0,10.0,8.0,10.0,28.0,25.0
Berneuil-en-Bray (60390),/management/ville/berneuil-en-bray/ville-60063,5.0,15.0,80.0,105.0,70.0,105.0,118.0,188.0,105.0,175.0,17.6,22.8,37.5,24.1,18.6,17.2,26.2,33.7
Blois (41000),/management/ville/blois/ville-41018,16.0,776.0,2947.0,4713.0,5701.0,5127.0,10992.0,7022.0,4960.0,9394.0,30.2,37.1,25.4,18.0,15.1,15.5,29.2,28.9
Argentré (53210),/management/ville/argentre/ville-53007,41.0,50.0,125.0,352.0,367.0,393.0,530.0,598.0,340.0,482.0,25.1,29.3,34.7,24.6,16.1,18.8,24.1,25.4
Cabara (33420),/management/ville/cabara/ville-33078,10.0,10.0,30.0,61.0,61.0,66.0,78.0,118.0,76.0,105.0,21.1,19.9,36.2,25.6,18.9,20.9,23.8,31.9
Allonnes (28150),/management/ville/allonnes/ville-28004,5.0,10.0,5.0,10.0,64.0,74.0,60.0,71.0,39.0,33.0,31.4,27.7,42.2,25.0,19.6,19.8,6.9,25.7
Crouzet-Migette (25270),/management/ville/crouzet-migette/ville-25180,10.0,0.0,0.0,20.0,15.0,20.0,18.0,24.0,22.0,24.0,22.7,18.2,31.8,21.7,31.8,18.2,13.6,40.9
Angrie (49440),/management/ville/angrie/ville-49008,45.0,20.0,0.0,75.0,120.0,135.0,218.0,175.0,137.0,102.0,31.0,38.0,35.1,20.7,20.9,22.5,13.0,19.3
Clerques (62890),/management/ville/clerques/ville-62228,5.0,0.0,0.0,35.0,60.0,50.0,73.0,53.0,33.0,67.0,28.4,36.4,30.2,15.7,17.2,11.8,24.1,35.5
Borey (70110),/management/ville/borey/ville-70077,0.0,0.0,15.0,15.0,25.0,20.0,67.0,58.0,29.0,30.0,30.7,41.2,42.0,21.0,17.0,14.4,10.2,21.6
Broze (81600),/management/ville/broze/ville-81041,10.0,10.0,0.0,10.0,25.0,5.0,31.0,18.0,19.0,26.0,31.9,34.0,21.3,17.8,19.1,21.3,27.7,27.7
Cézy (89410),/management/ville/cezy/ville-89067,15.0,41.0,25.0,107.0,112.0,173.0,308.0,329.0,116.0,138.0,30.2,38.9,43.7,26.1,11.7,14.3,14.4,16.6
Azereix (65380),/management/ville/azereix/ville-65057,10.0,30.0,65.0,110.0,130.0,125.0,185.0,248.0,107.0,237.0,21.6,26.0,39.0,22.8,11.9,15.6,27.5,33.4
Breitenbach-Haut-Rhin (68380),/management/ville/breitenbach-haut-rhin/ville-68051,0.0,20.0,30.0,64.0,143.0,132.0,164.0,230.0,126.0,138.0,20.2,29.6,43.5,25.0,17.0,21.3,19.3,22.8
Chaserey (10210),/management/ville/chaserey/ville-10087,0.0,5.0,5.0,0.0,5.0,10.0,13.0,16.0,5.0,5.0,28.6,38.9,47.6,28.6,9.5,16.7,14.3,11.1
Canville-la-Rocque (50580),/management/ville/canville-la-rocque/ville-50097,15.0,5.0,0.0,10.0,15.0,10.0,48.0,29.0,18.0,11.0,30.2,61.1,34.0,18.0,26.4,7.4,9.4,11.1
Barbuise (10400),/management/ville/barbuise/ville-10031,19.0,14.0,10.0,39.0,82.0,53.0,98.0,112.0,54.0,49.0,27.3,35.2,45.5,24.3,16.9,17.6,10.4,20.8
Chaumont-sur-Loire (41150),/management/ville/chaumont-sur-loire/ville-41045,5.0,45.0,45.0,75.0,170.0,120.0,212.0,279.0,132.0,181.0,23.1,29.6,42.0,25.1,15.1,17.7,19.8,25.1
Bezouce (30320),/management/ville/bezouce/ville-30039,15.0,70.0,80.0,260.0,415.0,175.0,511.0,465.0,307.0,440.0,27.7,31.4,30.8,22.3,17.8,17.9,23.7,27.2
Coubron (93470),/management/ville/coubron/ville-93015,5.0,151.0,452.0,885.0,538.0,266.0,823.0,842.0,671.0,1074.0,24.4,23.9,28.5,21.2,17.7,21.4,29.4,33.5
Champigny-sur-Veude (37120),/management/ville/champigny-sur-veude/ville-37051,10.0,21.0,10.0,87.0,118.0,113.0,238.0,228.0,96.0,132.0,26.4,42.2,40.2,22.4,15.8,11.8,17.5,20.5
Astaillac (19120),/management/ville/astaillac/ville-19012,5.0,15.0,10.0,10.0,25.0,30.0,70.0,51.0,29.0,36.0,29.8,45.1,38.3,16.3,16.0,15.4,16.0,23.1
Adelange (57380),/management/ville/adelange/ville-57008,15.0,5.0,0.0,15.0,15.0,40.0,43.0,55.0,29.0,36.0,23.7,28.7,39.5,25.3,21.1,14.9,15.8,27.6
Caucalières (81200),/management/ville/caucalieres/ville-81066,5.0,15.0,5.0,45.0,50.0,30.0,68.0,92.0,36.0,40.0,25.9,31.7,45.7,28.1,13.8,16.7,14.7,19.2
Courville-sur-Eure (28190),/management/ville/courville-sur-eure/ville-28116,0.0,65.0,130.0,290.0,421.0,316.0,913.0,645.0,287.0,332.0,35.3,47.6,36.3,21.3,14.2,12.4,14.1,16.2
Condamine (39570),/management/ville/condamine/ville-39162,10.0,15.0,10.0,45.0,25.0,45.0,45.0,71.0,47.0,34.0,22.4,23.0,39.8,30.6,22.4,25.0,15.3,19.0
Cheylade (15400),/management/ville/cheylade/ville-15049,26.0,26.0,5.0,10.0,16.0,5.0,60.0,57.0,46.0,33.0,22.6,39.6,34.0,22.3,26.4,19.8,17.0,17.6
Beaubray (27190),/management/ville/beaubray/ville-27047,15.0,5.0,10.0,30.0,65.0,65.0,67.0,74.0,45.0,49.0,23.0,34.5,41.0,21.1,18.0,20.4,18.0,23.9
Aurons (13121),/management/ville/aurons/ville-13008,5.0,19.0,92.0,92.0,48.0,0.0,72.0,71.0,69.0,185.0,16.1,20.0,18.1,17.9,17.6,17.5,48.2,44.5
Cabariot (17430),/management/ville/cabariot/ville-17075,25.0,51.0,30.0,85.0,282.0,185.0,369.0,313.0,182.0,168.0,31.4,39.9,39.0,21.9,14.7,20.3,14.9,17.4
Argentré-du-Plessis (35370),/management/ville/argentre-du-plessis/ville-35006,98.0,73.0,156.0,547.0,503.0,689.0,846.0,908.0,576.0,767.0,24.5,30.0,35.5,22.5,17.7,19.5,22.3,27.2
Allonnes (49650),/management/ville/allonnes/ville-49002,60.0,95.0,75.0,234.0,353.0,473.0,886.0,677.0,306.0,358.0,35.4,43.7,34.2,23.9,13.6,13.9,16.8,15.4
Chabanais (16150),/management/ville/chabanais/ville-16070,15.0,30.0,60.0,85.0,170.0,269.0,606.0,370.0,223.0,183.0,34.0,51.7,35.5,18.8,19.0,13.9,11.6,14.5
Berneuil-sur-Aisne (60350),/management/ville/berneuil-sur-aisne/ville-60064,5.0,30.0,30.0,120.0,181.0,120.0,219.0,202.0,147.0,176.0,27.2,31.6,33.2,20.9,19.8,19.9,19.8,27.3
Anguilcourt-le-Sart (02800),/management/ville/anguilcourt-le-sart/ville-02017,5.0,10.0,20.0,25.0,15.0,40.0,47.0,78.0,39.0,52.0,20.0,23.4,42.9,26.4,19.0,17.1,18.1,29.7
Blois-sur-Seille (39210),/management/ville/blois-sur-seille/ville-39057,0.0,5.0,0.0,5.0,10.0,5.0,27.0,29.0,18.0,16.0,26.7,34.9,40.0,22.9,24.4,14.0,8.9,25.6
Brû (88700),/management/ville/bru/ville-88077,0.0,20.0,5.0,49.0,74.0,118.0,118.0,163.0,60.0,68.0,28.4,29.4,43.3,30.2,13.5,15.9,14.9,18.4
Crouzilles (37220),/management/ville/crouzilles/ville-37093,16.0,31.0,16.0,41.0,72.0,129.0,154.0,141.0,68.0,65.0,30.6,41.5,43.1,21.8,13.0,18.9,13.4,17.0
Borgo (20290),/management/ville/borgo/ville-2B042,41.0,343.0,294.0,931.0,1442.0,903.0,1972.0,1492.0,1512.0,1507.0,31.9,28.9,27.4,20.1,20.4,26.4,20.4,26.2
Bourguignon-sous-Coucy (02300),/management/ville/bourguignon-sous-coucy/ville-02107,0.0,5.0,0.0,0.0,19.0,0.0,33.0,14.0,12.0,12.0,47.2,42.9,25.0,16.7,19.4,14.3,8.3,25.7
Azet (65170),/management/ville/azet/ville-65058,5.0,0.0,0.0,0.0,32.0,64.0,31.0,45.0,29.0,16.0,30.0,21.7,36.7,31.9,26.7,21.7,6.7,20.0
Belcastel (81500),/management/ville/belcastel/ville-81025,5.0,5.0,53.0,29.0,14.0,19.0,27.0,46.0,35.0,65.0,14.4,17.1,30.0,22.1,21.1,18.3,34.4,41.5
Brélès (29810),/management/ville/breles/ville-29017,0.0,41.0,25.0,109.0,145.0,104.0,147.0,153.0,169.0,166.0,19.1,27.3,32.1,17.3,28.4,24.4,20.4,32.5
Adelans-et-le-Val-de-Bithaine (70200),/management/ville/adelans-et-le-val-de-bithaine/ville-70004,0.0,10.0,10.0,20.0,50.0,50.0,84.0,69.0,31.0,40.0,37.7,37.3,32.5,25.4,13.2,14.5,16.7,19.1
Barby (08300),/management/ville/barby/ville-08048,5.0,5.0,45.0,35.0,40.0,40.0,81.0,91.0,50.0,79.0,19.6,34.0,40.5,20.0,14.2,19.0,25.7,26.8
Asté (65200),/management/ville/aste/ville-65042,0.0,25.0,25.0,74.0,45.0,35.0,91.0,145.0,76.0,110.0,16.8,26.4,43.0,24.5,15.0,21.6,25.2,26.4
Chasnais (85400),/management/ville/chasnais/ville-85058,10.0,30.0,35.0,60.0,120.0,100.0,123.0,183.0,108.0,128.0,22.6,22.9,40.6,25.9,17.7,21.9,19.2,28.0
Couches (71490),/management/ville/couches/ville-71149,10.0,30.0,45.0,165.0,160.0,145.0,355.0,358.0,161.0,254.0,23.0,39.3,41.7,21.0,13.3,15.1,22.0,23.0
Canville-les-Deux-Églises (76560),/management/ville/canville-les-deux-eglises/ville-76158,0.0,25.0,10.0,15.0,25.0,45.0,79.0,65.0,46.0,31.0,30.8,40.2,36.5,22.5,21.2,20.5,11.5,16.2
Condat (15190),/management/ville/condat/ville-15054,56.0,66.0,35.0,40.0,116.0,116.0,334.0,224.0,167.0,109.0,35.3,44.4,34.3,20.1,19.5,20.5,10.9,15.1
Cauchy-à-la-Tour (62260),/management/ville/cauchy-a-la-tour/ville-62217,0.0,57.0,67.0,294.0,382.0,429.0,687.0,746.0,355.0,332.0,25.3,38.7,44.5,24.7,15.1,18.3,15.2,16.1
Bézouotte (21310),/management/ville/bezouotte/ville-21072,0.0,5.0,5.0,41.0,20.0,55.0,86.0,38.0,19.0,30.0,53.4,47.0,21.6,20.2,8.0,14.5,17.0,16.9
Courzieu (69690),/management/ville/courzieu/ville-69067,43.0,29.0,86.0,101.0,115.0,125.0,244.0,236.0,155.0,198.0,25.1,34.1,37.5,18.5,16.7,20.8,20.8,27.2
Chaumont-sur-Tharonne (41600),/management/ville/chaumont-sur-tharonne/ville-41046,15.0,55.0,55.0,100.0,130.0,130.0,240.0,248.0,133.0,191.0,24.7,34.3,39.4,21.0,15.2,17.5,20.7,26.3
Champillet (36160),/management/ville/champillet/ville-36038,15.0,5.0,5.0,0.0,0.0,52.0,59.0,39.0,15.0,11.0,36.5,59.0,46.0,16.1,9.5,14.8,7.9,9.8
Angy (60250),/management/ville/angy/ville-60015,0.0,36.0,76.0,168.0,112.0,163.0,290.0,266.0,167.0,169.0,27.2,37.9,36.2,21.7,21.2,16.2,15.5,22.6
Cheylard-l'Évêque (48300),/management/ville/cheylard-l-eveque/ville-48048,5.0,0.0,5.0,5.0,10.0,5.0,17.0,22.0,5.0,11.0,33.3,28.0,36.7,31.4,13.3,4.0,16.7,24.0
Bruailles (71500),/management/ville/bruailles/ville-71064,15.0,25.0,25.0,80.0,115.0,115.0,290.0,259.0,114.0,106.0,32.1,43.1,43.5,22.8,11.4,18.1,13.0,14.5
Cabas-Loumassès (32140),/management/ville/cabas-loumasses/ville-32067,0.0,0.0,5.0,5.0,5.0,5.0,13.0,11.0,10.0,9.0,21.1,37.5,36.8,17.4,26.3,20.8,15.8,25.0
Cléry (21270),/management/ville/clery/ville-21180,0.0,0.0,0.0,5.0,10.0,30.0,35.0,38.0,18.0,13.0,27.8,39.6,38.9,28.1,20.4,14.6,13.0,12.5
Berneville (62123),/management/ville/berneville/ville-62115,5.0,26.0,31.0,78.0,42.0,21.0,71.0,101.0,87.0,100.0,14.0,24.9,36.8,21.2,25.1,23.3,24.0,31.2
Allonnes (72700),/management/ville/allonnes/ville-72003,31.0,104.0,167.0,774.0,1524.0,1607.0,3194.0,2468.0,1444.0,1018.0,37.0,41.2,36.9,23.9,14.8,20.1,11.3,13.5
Auros (33124),/management/ville/auros/ville-33021,10.0,20.0,30.0,95.0,180.0,105.0,232.0,212.0,163.0,156.0,27.4,33.2,32.1,23.2,21.5,21.3,19.0,21.8
Beaucaire (30300),/management/ville/beaucaire/ville-30032,153.0,514.0,450.0,1244.0,1959.0,2218.0,4870.0,2894.0,1879.0,1915.0,39.4,44.7,28.8,20.4,16.7,15.9,15.2,17.9
Crozant (23160),/management/ville/crozant/ville-23070,20.0,41.0,15.0,10.0,41.0,36.0,167.0,132.0,54.0,64.0,31.7,47.9,41.1,20.3,14.9,11.5,12.4,18.0
Argenvières (18140),/management/ville/argenvieres/ville-18012,5.0,10.0,35.0,35.0,70.0,44.0,123.0,119.0,56.0,63.0,28.7,39.1,42.5,21.9,14.9,16.2,13.8,21.2
Bormes-les-Mimosas (83230),/management/ville/bormes-les-mimosas/ville-83019,48.0,566.0,329.0,726.0,1045.0,581.0,1944.0,1889.0,1302.0,1536.0,27.0,31.1,33.1,23.1,17.8,21.1,22.0,24.0
Bourguignon-sous-Montbavin (02000),/management/ville/bourguignon-sous-montbavin/ville-02108,0.0,0.0,15.0,29.0,10.0,10.0,21.0,25.0,26.0,38.0,19.3,18.2,21.1,23.6,24.6,23.6,35.1,34.5
Blomac (11700),/management/ville/blomac/ville-11042,5.0,5.0,10.0,25.0,15.0,20.0,59.0,45.0,33.0,33.0,33.3,36.4,26.2,24.2,23.8,14.8,16.7,21.6
Azeville (50310),/management/ville/azeville/ville-50026,6.0,6.0,0.0,11.0,11.0,17.0,23.0,23.0,11.0,12.0,26.5,40.0,41.2,25.7,5.9,25.7,26.5,8.6
Chabanière (69440),/management/ville/chabaniere/ville-69228,93.0,174.0,278.0,668.0,497.0,363.0,1058.0,594.0,636.0,722.0,36.7,33.7,21.1,18.8,21.9,20.3,20.3,27.5
Belcastel-et-Buc (11580),/management/ville/belcastel-et-buc/ville-11029,5.0,0.0,0.0,5.0,0.0,5.0,14.0,12.0,10.0,14.0,30.8,25.0,26.9,20.0,23.1,16.7,19.2,37.5
Adervielle-Pouchergues (65240),/management/ville/adervielle-pouchergues/ville-65003,5.0,5.0,9.0,19.0,24.0,5.0,9.0,25.0,22.0,39.0,6.3,14.6,35.4,18.6,18.8,27.1,39.6,41.7
Aste-Béon (64260),/management/ville/aste-beon/ville-64069,10.0,5.0,10.0,20.0,49.0,49.0,35.0,77.0,32.0,46.0,15.4,21.8,46.2,28.5,22.0,12.9,16.5,30.7
Champillon (51160),/management/ville/champillon/ville-51119,15.0,0.0,24.0,74.0,15.0,50.0,96.0,104.0,71.0,128.0,22.5,25.3,30.5,20.8,18.5,17.2,28.5,35.9
Caucourt (62150),/management/ville/caucourt/ville-62218,15.0,20.0,35.0,75.0,30.0,25.0,52.0,73.0,62.0,66.0,16.2,24.3,33.3,25.0,23.9,25.0,26.5,25.7
Couchey (21160),/management/ville/couchey/ville-21200,15.0,35.0,65.0,200.0,130.0,119.0,219.0,213.0,124.0,333.0,21.7,27.1,29.8,17.7,14.3,13.7,34.3,40.6
Chaumontel (95270),/management/ville/chaumontel/ville-95149,0.0,113.0,305.0,594.0,390.0,241.0,640.0,661.0,463.0,643.0,26.1,27.0,32.5,22.1,17.9,20.6,23.5,29.9
Condat (46110),/management/ville/condat/ville-46074,0.0,44.0,10.0,34.0,44.0,25.0,108.0,95.0,51.0,50.0,28.8,42.1,40.5,21.6,12.4,21.1,18.3,15.1
Bézu-la-Forêt (27480),/management/ville/bezu-la-foret/ville-27066,0.0,20.0,10.0,50.0,35.0,50.0,47.0,73.0,38.0,38.0,22.2,25.8,43.4,27.8,19.2,19.6,15.2,23.7
Cany-Barville (76450),/management/ville/cany-barville/ville-76159,35.0,50.0,95.0,350.0,425.0,430.0,947.0,650.0,339.0,399.0,31.9,48.6,33.0,21.1,15.1,14.0,20.0,14.3
Barby (73230),/management/ville/barby/ville-73030,0.0,74.0,180.0,365.0,825.0,342.0,775.0,741.0,663.0,607.0,24.9,31.6,30.6,21.5,25.6,21.5,18.9,25.5
Brélidy (22140),/management/ville/brelidy/ville-22018,5.0,10.0,5.0,10.0,31.0,61.0,71.0,78.0,39.0,52.0,25.0,35.7,40.3,23.0,13.7,18.3,21.0,21.7
Chasnay (58350),/management/ville/chasnay/ville-58061,0.0,0.0,0.0,25.0,25.0,5.0,26.0,24.0,20.0,32.0,28.8,20.9,20.3,27.3,15.3,25.6,35.6,25.6
Cousance (39190),/management/ville/cousance/ville-39173,15.0,40.0,5.0,65.0,215.0,275.0,407.0,372.0,129.0,128.0,31.7,46.4,42.3,25.4,12.8,12.1,13.2,11.5
Aurouër (03460),/management/ville/aurouer/ville-03011,0.0,31.0,15.0,61.0,61.0,41.0,50.0,92.0,74.0,67.0,11.6,23.1,37.0,27.3,26.8,25.9,24.6,23.1
Croze (23500),/management/ville/croze/ville-23071,10.0,5.0,0.0,15.0,36.0,15.0,46.0,45.0,42.0,35.0,24.4,30.7,35.4,20.3,22.0,28.4,18.3,22.7
Argenvilliers (28480),/management/ville/argenvilliers/ville-28010,9.0,20.0,9.0,34.0,28.0,20.0,98.0,73.0,44.0,50.0,34.1,40.5,34.8,19.4,15.6,17.6,15.6,22.1
Cabasse (83340),/management/ville/cabasse/ville-83026,0.0,54.0,49.0,197.0,227.0,220.0,403.0,433.0,290.0,318.0,26.2,29.8,33.8,24.7,19.4,20.8,20.6,23.4
Blomard (03390),/management/ville/blomard/ville-03032,20.0,30.0,0.0,20.0,44.0,30.0,67.0,63.0,37.0,20.0,30.7,41.9,41.6,23.9,17.8,22.1,9.9,11.6
Bourguignons (10110),/management/ville/bourguignons/ville-10055,5.0,20.0,5.0,20.0,20.0,25.0,59.0,77.0,41.0,41.0,19.4,34.5,39.8,27.2,20.4,17.3,20.4,17.3
Cheyssieu (38550),/management/ville/cheyssieu/ville-38101,5.0,10.0,55.0,155.0,120.0,135.0,189.0,207.0,135.0,211.0,23.8,27.1,34.0,21.6,16.6,19.7,25.7,31.1
Bernex (74500),/management/ville/bernex/ville-74033,5.0,44.0,73.0,184.0,184.0,160.0,195.0,312.0,193.0,277.0,17.8,22.0,39.5,23.9,17.4,22.0,25.4,31.5
Cléry (73460),/management/ville/clery/ville-73086,0.0,16.0,36.0,52.0,78.0,47.0,60.0,74.0,51.0,118.0,16.5,23.3,32.3,16.7,15.8,17.8,35.4,42.5
Bornambusc (76110),/management/ville/bornambusc/ville-76118,0.0,0.0,5.0,40.0,15.0,30.0,46.0,57.0,30.0,37.0,23.6,30.4,41.6,22.6,18.0,17.7,16.9,27.8
Azillanet (34210),/management/ville/azillanet/ville-34020,24.0,20.0,28.0,15.0,43.0,20.0,106.0,65.0,62.0,72.0,34.7,34.8,25.3,18.4,18.0,22.6,22.0,25.2
Allons (04170),/management/ville/allons/ville-04005,5.0,11.0,0.0,11.0,11.0,5.0,49.0,30.0,30.0,22.0,28.4,49.1,28.4,18.5,23.0,22.8,20.3,10.5
Anhaux (64220),/management/ville/anhaux/ville-64026,21.0,10.0,5.0,52.0,31.0,57.0,69.0,94.0,37.0,94.0,18.0,28.2,44.6,19.3,11.5,14.1,25.9,37.2
Beaucaire (32410),/management/ville/beaucaire/ville-32035,5.0,22.0,5.0,27.0,38.0,27.0,72.0,78.0,39.0,39.0,27.8,34.2,42.6,26.4,10.2,23.3,19.4,15.0
Chabestan (05400),/management/ville/chabestan/ville-05028,10.0,10.0,0.0,5.0,5.0,5.0,29.0,35.0,23.0,22.0,23.6,29.8,45.5,19.6,14.5,28.1,16.4,24.6
Bruay-la-Buissière (62700),/management/ville/bruay-la-buissiere/ville-62178,14.0,285.0,489.0,1654.0,3166.0,3129.0,6413.0,5191.0,2594.0,2010.0,30.1,47.6,40.3,22.9,16.5,15.6,13.1,11.8
Adilly (79200),/management/ville/adilly/ville-79002,10.0,0.0,10.0,25.0,20.0,45.0,50.0,74.0,40.0,65.0,18.6,25.0,33.6,26.5,21.2,13.8,26.5,30.2
Caorches-Saint-Nicolas (27300),/management/ville/caorches-saint-nicolas/ville-27129,0.0,20.0,25.0,70.0,95.0,70.0,139.0,136.0,73.0,97.0,26.9,35.2,37.7,22.5,15.6,17.2,19.8,23.6
Caudan (56850),/management/ville/caudan/ville-56036,44.0,240.0,358.0,764.0,828.0,612.0,1374.0,1561.0,973.0,1287.0,22.2,30.4,34.5,24.1,18.9,18.6,24.3,25.2
Astet (07330),/management/ville/astet/ville-07018,0.0,0.0,0.0,0.0,0.0,0.0,12.0,12.0,7.0,9.0,19.0,42.1,38.1,19.0,23.8,10.5,19.0,26.3
Barc (27170),/management/ville/barc/ville-27037,0.0,40.0,46.0,187.0,157.0,177.0,227.0,257.0,153.0,183.0,25.4,30.1,37.6,23.6,17.9,19.4,19.1,25.6
21.2,19.1,16.8,11.2,19.0
Belcodène (13720),/management/ville/belcodene/ville-13013,0.0,60.0,195.0,331.0,170.0,100.0,295.0,307.0,207.0,607.0,17.2,24.2,27.2,16.4,12.9,16.2,42.6,43.1
Coucouron (07470),/management/ville/coucouron/ville-07071,10.0,40.0,25.0,55.0,100.0,55.0,275.0,205.0,112.0,86.0,38.9,42.2,32.9,24.7,17.4,15.7,10.8,14.5
Champis (07440),/management/ville/champis/ville-07052,15.0,40.0,25.0,84.0,70.0,70.0,92.0,127.0,97.0,127.0,18.3,23.6,33.5,22.9,21.7,22.2,26.5,31.0
Cousances-les-Forges (55170),/management/ville/cousances-les-forges/ville-55132,10.0,30.0,41.0,157.0,233.0,259.0,410.0,432.0,210.0,232.0,28.1,35.7,40.6,24.1,16.9,15.8,14.4,21.7
Chasné-sur-Illet (35250),/management/ville/chasne-sur-illet/ville-35067,0.0,30.0,216.0,256.0,185.0,150.0,170.0,251.0,160.0,416.0,16.3,17.9,27.6,21.1,17.3,14.7,38.9,44.6
Chaumot (58800),/management/ville/chaumot/ville-58069,0.0,10.0,0.0,5.0,25.0,44.0,49.0,54.0,18.0,13.0,25.7,50.8,52.7,22.1,13.5,13.1,8.1,11.5
Bézu-le-Guéry (02310),/management/ville/bezu-le-guery/ville-02084,30.0,15.0,5.0,55.0,50.0,20.0,48.0,49.0,38.0,51.0,21.9,30.0,36.5,16.5,19.8,21.1,21.9,33.3
Brem-sur-Mer (85470),/management/ville/brem-sur-mer/ville-85243,10.0,100.0,33.0,268.0,306.0,244.0,697.0,803.0,365.0,361.0,24.1,38.0,42.5,26.3,17.8,15.1,15.7,16.7
Argers (51800),/management/ville/argers/ville-51015,5.0,0.0,10.0,10.0,10.0,5.0,23.0,23.0,20.0,17.0,17.1,38.1,39.0,17.5,26.8,21.4,17.1,23.8
Bruay-sur-l'Escaut (59860),/management/ville/bruay-sur-l-escaut/ville-59112,3.0,184.0,207.0,877.0,1510.0,1758.0,3186.0,2535.0,1279.0,1043.0,33.3,45.1,38.5,23.3,15.2,16.6,13.0,12.9
Bernienville (27180),/management/ville/bernienville/ville-27057,0.0,0.0,0.0,49.0,59.0,59.0,60.0,56.0,41.0,54.0,27.9,28.8,31.5,21.0,18.9,20.2,21.6,29.8
Crozes-Hermitage (26600),/management/ville/crozes-hermitage/ville-26110,10.0,10.0,70.0,75.0,55.0,70.0,186.0,69.0,110.0,91.0,40.5,41.1,19.0,12.8,22.8,25.6,17.7,22.4
Bornay (39570),/management/ville/bornay/ville-39066,15.0,0.0,10.0,15.0,35.0,20.0,23.0,49.0,21.0,36.0,19.1,16.1,42.6,28.0,19.1,12.9,19.1,37.1
Beaucamps-le-Jeune (80430),/management/ville/beaucamps-le-jeune/ville-80061,0.0,11.0,6.0,17.0,17.0,17.0,84.0,32.0,18.0,22.0,54.9,52.7,22.0,17.5,12.2,10.8,11.0,17.6
Anhiers (59194),/management/ville/anhiers/ville-59007,10.0,10.0,40.0,85.0,105.0,120.0,188.0,197.0,127.0,120.0,21.5,38.3,37.7,23.4,20.2,19.9,20.6,17.4
Allons (47420),/management/ville/allons/ville-47007,15.0,10.0,5.0,5.0,25.0,5.0,60.0,27.0,20.0,24.0,41.0,50.0,29.5,13.4,13.1,17.1,16.4,20.0
Cabestany (66330),/management/ville/cabestany/ville-66028,0.0,296.0,461.0,1252.0,1223.0,596.0,2084.0,1755.0,1315.0,2239.0,24.9,30.9,27.3,20.2,17.4,18.1,30.4,30.2
Blombay (08260),/management/ville/blombay/ville-08071,0.0,5.0,15.0,25.0,20.0,10.0,31.0,25.0,22.0,24.0,21.6,39.2,41.2,8.9,23.5,19.6,13.7,33.3
Azille (11700),/management/ville/azille/ville-11022,45.0,55.0,89.0,99.0,135.0,155.0,341.0,225.0,189.0,181.0,34.8,38.0,28.0,20.6,17.8,22.5,19.3,19.3
Bourgvallées (50750),/management/ville/bourgvallees/ville-50546,54.0,74.0,99.0,345.0,508.0,336.0,623.0,777.0,396.0,544.0,23.7,29.6,39.4,24.3,17.2,16.6,19.6,27.1
Chabeuil (26120),/management/ville/chabeuil/ville-26064,35.0,230.0,611.0,1072.0,807.0,621.0,1155.0,1234.0,878.0,1838.0,20.6,24.6,27.7,20.1,17.3,17.0,34.5,37.5
Chezal-Benoît (18160),/management/ville/chezal-benoit/ville-18065,35.0,10.0,20.0,70.0,105.0,100.0,265.0,265.0,100.0,103.0,34.2,38.1,39.6,27.6,13.1,14.2,13.1,15.0
Bréménil (54540),/management/ville/bremenil/ville-54097,0.0,0.0,5.0,15.0,5.0,15.0,43.0,25.0,12.0,8.0,51.1,46.5,31.1,23.4,11.1,16.3,6.7,11.6
Coucy (08300),/management/ville/coucy/ville-08133,10.0,5.0,25.0,35.0,106.0,91.0,114.0,128.0,52.0,68.0,30.9,31.8,42.0,26.1,11.0,17.9,16.0,21.2
Chaumot (89500),/management/ville/chaumot/ville-89094,36.0,47.0,25.0,57.0,112.0,50.0,177.0,154.0,93.0,93.0,37.5,31.0,32.4,25.4,16.0,19.9,14.1,21.8
Champlan (91160),/management/ville/champlan/ville-91136,30.0,91.0,233.0,531.0,476.0,268.0,605.0,501.0,332.0,511.0,30.8,31.3,30.8,20.2,15.9,18.2,22.5,29.8
Caouënnec-Lanvézéac (22300),/management/ville/caouennec-lanvezeac/ville-22030,5.0,40.0,35.0,74.0,129.0,99.0,139.0,217.0,95.0,165.0,18.3,26.8,41.6,25.7,13.6,17.4,26.5,27.2
Condat-lès-Montboissier (63490),/management/ville/condat-les-montboissier/ville-63119,15.0,20.0,10.0,10.0,15.0,40.0,49.0,69.0,20.0,38.0,23.9,32.1,47.8,24.8,13.0,9.5,15.2,28.6
Barcelonne (26120),/management/ville/barcelonne/ville-26024,0.0,15.0,45.0,45.0,20.0,40.0,38.0,71.0,55.0,103.0,12.9,15.6,34.8,19.5,17.4,23.7,34.8,42.2
Astillé (53230),/management/ville/astille/ville-53011,40.0,5.0,40.0,85.0,105.0,150.0,140.0,205.0,126.0,111.0,20.8,27.6,42.7,26.2,19.2,24.4,17.3,21.1
Chaspinhac (43700),/management/ville/chaspinhac/ville-43061,15.0,10.0,63.0,146.0,83.0,53.0,73.0,164.0,101.0,231.0,15.5,10.1,33.3,22.6,18.2,17.3,33.0,48.6
Caudebec-lès-Elbeuf (76320),/management/ville/caudebec-les-elbeuf/ville-76165,8.0,175.0,221.0,954.0,1637.0,1740.0,3246.0,2228.0,1178.0,1171.0,36.6,45.8,34.0,21.7,15.4,14.7,14.0,15.8
Adinfer (62116),/management/ville/adinfer/ville-62009,5.0,0.0,10.0,26.0,36.0,41.0,41.0,44.0,42.0,47.0,19.1,27.9,29.2,20.9,27.0,20.9,24.7,30.2
Bélesta (09300),/management/ville/belesta/ville-09047,30.0,50.0,25.0,74.0,109.0,104.0,381.0,265.0,137.0,111.0,36.9,47.8,37.6,21.0,13.8,16.7,11.7,13.3
Cousances-lès-Triconville (55500),/management/ville/cousances-les-triconville/ville-55518,0.0,5.0,0.0,10.0,29.0,19.0,28.0,37.0,19.0,18.0,25.9,29.4,46.3,24.0,13.0,25.5,14.8,21.6
Arget (64410),/management/ville/arget/ville-64044,14.0,5.0,0.0,9.0,9.0,0.0,20.0,13.0,11.0,14.0,24.1,41.9,31.0,14.3,17.2,22.6,27.6,22.6
Bézu-Saint-Éloi (27660),/management/ville/bezu-saint-eloi/ville-27067,10.0,30.0,101.0,161.0,191.0,181.0,311.0,339.0,178.0,205.0,29.4,30.8,37.9,25.6,15.0,19.6,17.7,21.9
Bourgvilain (71520),/management/ville/bourgvilain/ville-71050,10.0,10.0,16.0,46.0,34.0,31.0,104.0,53.0,55.0,49.0,33.3,45.9,27.0,15.3,19.8,22.2,19.8,17.8
Blond (87300),/management/ville/blond/ville-87018,35.0,34.0,60.0,75.0,25.0,93.0,189.0,141.0,88.0,122.0,33.5,36.7,31.3,19.7,16.0,16.6,19.2,26.3
Cléry-le-Grand (55110),/management/ville/clery-le-grand/ville-55118,5.0,0.0,5.0,5.0,20.0,5.0,25.0,21.0,9.0,9.0,25.7,55.2,45.7,16.7,14.3,13.8,14.3,13.8
Chablis (89800),/management/ville/chablis/ville-89068,129.0,100.0,65.0,123.0,264.0,397.0,662.0,471.0,262.0,362.0,31.8,43.0,33.4,19.6,15.8,14.1,19.0,22.1
Beaucamps-le-Vieux (80430),/management/ville/beaucamps-le-vieux/ville-80062,0.0,40.0,5.0,45.0,159.0,259.0,583.0,289.0,120.0,84.0,48.9,59.1,33.1,19.2,10.6,11.7,7.3,8.3
Crozet (01170),/management/ville/crozet/ville-01135,5.0,89.0,257.0,371.0,262.0,134.0,175.0,331.0,241.0,721.0,8.7,15.3,27.4,17.6,15.2,17.8,48.7,49.4
Aurseulles (14240),/management/ville/aurseulles/ville-14011,35.0,65.0,106.0,215.0,266.0,298.0,433.0,396.0,233.0,277.0,29.5,35.3,35.4,22.4,16.2,18.7,18.9,22.4
Azilone-Ampaza (20190),/management/ville/azilone-ampaza/ville-2A026,7.0,8.0,2.0,23.0,19.0,19.0,40.0,33.0,27.0,42.0,24.3,30.9,31.1,15.2,21.6,17.6,23.0,36.8
Cabidos (64410),/management/ville/cabidos/ville-64158,0.0,5.0,16.0,32.0,21.0,16.0,32.0,35.0,25.0,49.0,19.7,25.7,28.2,21.7,14.1,22.9,38.0,30.0
15.1,14.3,18.3
Bernières (76210),/management/ville/bernieres/ville-76082,5.0,20.0,31.0,61.0,97.0,76.0,114.0,146.0,85.0,115.0,21.9,27.5,41.2,22.0,16.3,21.0,20.6,29.3
Borne (07590),/management/ville/borne/ville-07038,5.0,0.0,0.0,0.0,0.0,5.0,15.0,9.0,4.0,18.0,36.0,28.6,12.0,23.1,12.0,4.8,40.0,38.1
Chaumousey (88390),/management/ville/chaumousey/ville-88098,10.0,69.0,59.0,139.0,114.0,35.0,152.0,201.0,121.0,216.0,16.9,26.8,36.9,21.1,17.5,17.3,28.7,33.8
Condat-sur-Ganaveix (19140),/management/ville/condat-sur-ganaveix/ville-19060,45.0,20.0,30.0,50.0,85.0,20.0,191.0,176.0,79.0,108.0,33.7,35.4,35.4,24.6,13.6,15.0,17.3,21.9
Caours (80132),/management/ville/caours/ville-80171,5.0,10.0,35.0,105.0,80.0,45.0,123.0,144.0,82.0,124.0,22.6,29.3,35.0,23.8,17.5,17.2,24.8,27.6
Chaspuzac (43320),/management/ville/chaspuzac/ville-43062,5.0,49.0,20.0,104.0,123.0,89.0,97.0,158.0,157.0,140.0,18.0,16.8,36.3,24.2,22.7,34.4,23.0,27.8
Adissan (34230),/management/ville/adissan/ville-34002,24.0,33.0,53.0,120.0,143.0,124.0,193.0,226.0,183.0,232.0,22.3,24.0,30.6,23.3,22.0,21.9,25.1,30.4
Allonville (80260),/management/ville/allonville/ville-80020,0.0,15.0,85.0,120.0,70.0,65.0,110.0,114.0,116.0,187.0,17.2,24.1,25.0,19.2,22.3,21.9,35.5,35.6
Coucy-la-Ville (02380),/management/ville/coucy-la-ville/ville-02219,5.0,0.0,20.0,10.0,31.0,20.0,45.0,35.0,25.0,26.0,33.9,35.4,33.9,20.6,14.5,23.1,17.7,21.5
Chèze (65120),/management/ville/cheze/ville-65145,0.0,0.0,0.0,11.0,5.0,16.0,5.0,17.0,7.0,14.0,8.7,15.8,47.8,27.3,17.4,15.8,26.1,36.8
Astis (64450),/management/ville/astis/ville-64070,0.0,20.0,10.0,45.0,70.0,25.0,45.0,81.0,42.0,49.0,18.7,22.7,42.1,29.8,15.9,22.7,23.4,21.8
Caudebronde (11390),/management/ville/caudebronde/ville-11079,0.0,10.0,15.0,10.0,25.0,5.0,40.0,39.0,25.0,39.0,26.7,29.4,30.7,22.2,17.3,17.6,25.3,29.4
Bélesta (66720),/management/ville/belesta/ville-66019,5.0,0.0,0.0,47.0,36.0,31.0,60.0,45.0,43.0,28.0,30.8,37.6,28.6,22.9,24.2,24.7,16.5,15.3
Champlat-et-Boujacourt (51480),/management/ville/champlat-et-boujacourt/ville-51120,10.0,0.0,5.0,15.0,20.0,31.0,30.0,38.0,16.0,34.0,20.7,29.8,34.5,24.6,19.0,8.8,25.9,31.6
Barcelonne-du-Gers (32720),/management/ville/barcelonne-du-gers/ville-32027,40.0,75.0,55.0,80.0,174.0,154.0,317.0,338.0,189.0,246.0,25.1,32.5,35.4,24.8,18.0,16.8,21.6,23.2
Beaucamps-Ligny (59134),/management/ville/beaucamps-ligny/ville-59056,5.0,30.0,115.0,105.0,110.0,30.0,128.0,88.0,89.0,293.0,18.1,24.7,16.4,12.8,18.5,11.3,47.0,51.0
Argiésans (90800),/management/ville/argiesans/ville-90004,0.0,10.0,40.0,70.0,55.0,60.0,60.0,103.0,56.0,118.0,15.6,20.0,38.9,22.0,12.6,20.6,32.9,37.1
Azincourt (62310),/management/ville/azincourt/ville-62069,15.0,5.0,0.0,50.0,5.0,50.0,79.0,66.0,35.0,38.0,27.8,44.5,37.0,21.5,18.5,13.6,16.7,18.2
Cléry-le-Petit (55110),/management/ville/clery-le-petit/ville-55119,0.0,0.0,0.0,10.0,15.0,15.0,73.0,41.0,18.0,14.0,43.2,56.9,37.8,17.6,9.5,15.3,9.5,9.7
Aniche (59580),/management/ville/aniche/ville-59008,18.0,159.0,147.0,754.0,1453.0,1580.0,2545.0,2273.0,1232.0,1002.0,30.9,40.5,39.3,24.3,16.1,18.6,13.6,14.7
Brucamps (80690),/management/ville/brucamps/ville-80145,10.0,5.0,5.0,20.0,10.0,30.0,30.0,25.0,18.0,30.0,21.2,37.3,26.9,20.0,21.2,13.7,30.8,27.5
Châbons (38690),/management/ville/chabons/ville-38065,15.0,61.0,71.0,247.0,283.0,293.0,397.0,461.0,240.0,386.0,23.5,30.0,37.8,22.4,16.5,15.9,22.2,29.8
Cousolre (59149),/management/ville/cousolre/ville-59157,5.0,94.0,55.0,238.0,329.0,303.0,616.0,483.0,326.0,314.0,26.4,43.9,35.7,19.9,19.7,17.8,18.3,17.9
Crozon (29160),/management/ville/crozon/ville-29042,46.0,246.0,351.0,626.0,1194.0,443.0,1545.0,1702.0,1268.0,1656.0,19.1,30.4,31.1,23.2,21.9,19.3,27.9,25.9
Blondefontaine (70500),/management/ville/blondefontaine/ville-70074,5.0,5.0,0.0,5.0,36.0,36.0,105.0,66.0,17.0,19.0,43.6,57.5,40.6,20.3,8.9,7.5,6.9,11.3
Bézu-Saint-Germain (02400),/management/ville/bezu-saint-germain/ville-02085,5.0,16.0,52.0,140.0,166.0,182.0,174.0,216.0,141.0,173.0,25.8,23.5,33.5,26.0,19.4,20.9,21.3,27.8
Bourideys (33113),/management/ville/bourideys/ville-33068,9.0,9.0,5.0,5.0,0.0,5.0,23.0,10.0,15.0,9.0,31.0,45.2,17.2,20.0,31.0,22.6,20.7,12.9
Cabourg (14390),/management/ville/cabourg/ville-14117,5.0,125.0,120.0,220.0,350.0,360.0,1091.0,938.0,441.0,595.0,31.2,39.2,37.2,23.1,12.6,15.8,19.0,19.8
Aussac (81600),/management/ville/aussac/ville-81020,0.0,5.0,15.0,63.0,34.0,10.0,47.0,51.0,38.0,63.0,19.4,27.4,34.0,17.8,16.5,22.1,30.1,33.7
Caudecoste (47220),/management/ville/caudecoste/ville-47060,31.0,63.0,16.0,104.0,157.0,135.0,278.0,217.0,157.0,117.0,33.6,38.3,35.0,22.1,19.0,21.9,12.4,17.7
Aston (09310),/management/ville/aston/ville-09024,5.0,10.0,5.0,29.0,54.0,35.0,41.0,59.0,45.0,38.0,15.8,29.5,40.0,23.6,26.3,22.7,17.9,23.9
Bélesta-en-Lauragais (31540),/management/ville/belesta-en-lauragais/ville-31060,0.0,14.0,0.0,14.0,29.0,14.0,13.0,24.0,17.0,28.0,17.5,16.3,32.5,24.4,22.5,20.9,27.5,37.2
Adon (45230),/management/ville/adon/ville-45001,0.0,5.0,5.0,34.0,30.0,51.0,69.0,54.0,24.0,26.0,34.1,45.6,36.6,22.8,14.6,13.3,14.6,15.6
Cap-d'Ail (06320),/management/ville/cap-d-ail/ville-06032,5.0,136.0,332.0,594.0,844.0,298.0,878.0,806.0,713.0,1170.0,24.3,24.8,27.0,19.4,18.5,21.3,30.2,34.9
Chézeaux (52400),/management/ville/chezeaux/ville-52124,0.0,0.0,0.0,0.0,0.0,0.0,41.0,14.0,6.0,8.0,51.4,67.6,25.7,13.5,11.4,5.9,11.4,11.8
Bernières-d'Ailly (14170),/management/ville/bernieres-d-ailly/ville-14064,10.0,5.0,20.0,35.0,15.0,55.0,74.0,51.0,30.0,27.0,37.9,43.2,35.6,20.6,13.8,18.9,12.6,16.8
Chassagne (63320),/management/ville/chassagne/ville-63097,24.0,0.0,0.0,10.0,0.0,14.0,23.0,17.0,12.0,11.0,27.8,44.8,33.3,20.7,19.4,20.7,19.4,13.8
Allonzier-la-Caille (74350),/management/ville/allonzier-la-caille/ville-74006,20.0,35.0,220.0,385.0,315.0,245.0,234.0,370.0,277.0,565.0,16.6,15.8,27.1,22.7,20.1,18.2,36.2,42.0
Brémoncourt (54290),/management/ville/bremoncourt/ville-54098,5.0,10.0,5.0,26.0,15.0,10.0,40.0,25.0,12.0,44.0,37.3,29.5,20.3,17.6,11.9,8.2,30.5,42.6
Champlay (89300),/management/ville/champlay/ville-89075,15.0,20.0,35.0,85.0,104.0,99.0,171.0,176.0,93.0,115.0,27.0,34.5,36.7,24.1,18.1,15.5,18.1,23.2
Borne (43350),/management/ville/borne/ville-43036,0.0,26.0,21.0,15.0,41.0,87.0,69.0,97.0,72.0,69.0,17.3,27.8,40.4,23.1,21.8,25.2,20.5,24.5
Chaumoux-Marcilly (18140),/management/ville/chaumoux-marcilly/ville-18061,10.0,0.0,0.0,5.0,5.0,36.0,21.0,25.0,16.0,14.0,30.0,25.7,35.0,28.6,15.0,28.6,20.0,17.1
Condat-sur-Trincou (24530),/management/ville/condat-sur-trincou/ville-24129,10.0,10.0,10.0,15.0,84.0,49.0,126.0,134.0,66.0,48.0,31.2,35.5,41.0,27.8,16.2,19.2,11.6,14.3
Coucy-le-Château-Auffrique (02380),/management/ville/coucy-le-chateau-auffrique/ville-02217,5.0,26.0,26.0,113.0,149.0,108.0,268.0,190.0,145.0,182.0,31.6,36.5,27.4,20.3,20.5,16.5,20.5,25.7
Bouriège (11300),/management/ville/bouriege/ville-11045,10.0,15.0,10.0,20.0,5.0,10.0,37.0,23.0,17.0,19.0,34.1,41.2,31.8,18.4,13.6,21.6,20.5,19.6
Aussac-Vadalle (16560),/management/ville/aussac-vadalle/ville-16024,0.0,15.0,15.0,65.0,65.0,105.0,77.0,136.0,69.0,102.0,16.1,24.2,40.9,26.0,19.7,16.3,23.3,30.0
Anisy (14610),/management/ville/anisy/ville-14015,0.0,50.0,95.0,96.0,65.0,21.0,68.0,136.0,80.0,240.0,11.4,14.4,29.1,21.4,13.8,17.0,45.7,45.9
Argillières (70600),/management/ville/argillieres/ville-70027,14.0,5.0,0.0,14.0,5.0,5.0,25.0,16.0,10.0,9.0,31.0,50.0,41.4,13.3,17.2,18.8,10.3,18.8
Cabrerets (46330),/management/ville/cabrerets/ville-46040,20.0,10.0,5.0,15.0,55.0,15.0,43.0,59.0,30.0,48.0,22.1,25.9,41.1,22.5,14.7,18.8,22.1,31.8
Bruch (47130),/management/ville/bruch/ville-47041,20.0,35.0,25.0,70.0,100.0,90.0,196.0,140.0,99.0,136.0,32.8,35.6,27.5,21.3,15.1,19.3,24.5,23.2
Blonville-sur-Mer (14910),/management/ville/blonville-sur-mer/ville-14079,0.0,118.0,64.0,118.0,196.0,98.0,402.0,341.0,252.0,274.0,27.2,35.4,33.1,21.5,18.7,20.8,21.0,22.1
Chabottes (05260),/management/ville/chabottes/ville-05029,10.0,80.0,30.0,114.0,104.0,44.0,152.0,195.0,120.0,164.0,19.4,28.7,37.7,23.2,18.4,19.6,24.5,27.4
Beaucé (35133),/management/ville/beauce/ville-35021,0.0,39.0,29.0,157.0,192.0,187.0,273.0,292.0,190.0,279.0,25.4,27.7,31.3,22.7,20.2,16.2,23.1,31.5
Coussa (09120),/management/ville/coussa/ville-09101,14.0,0.0,5.0,37.0,51.0,42.0,38.0,58.0,37.0,57.0,19.2,20.9,39.4,21.3,16.2,23.1,25.3,35.2
Barcelonnette (04400),/management/ville/barcelonnette/ville-04019,5.0,196.0,125.0,338.0,391.0,159.0,548.0,480.0,436.0,582.0,21.7,31.4,29.3,18.5,22.5,20.1,26.4,30.3
Cléry-Saint-André (45370),/management/ville/clery-saint-andre/ville-45098,29.0,107.0,271.0,430.0,470.0,381.0,712.0,696.0,440.0,642.0,24.9,32.0,35.5,20.5,16.3,19.0,23.3,28.1
Bézues-Bajon (32140),/management/ville/bezues-bajon/ville-32053,20.0,10.0,5.0,20.0,30.0,5.0,43.0,38.0,37.0,35.0,27.1,28.9,32.9,20.0,20.0,27.7,20.0,25.3
Crozon-sur-Vauvre (36140),/management/ville/crozon-sur-vauvre/ville-36061,30.0,5.0,5.0,30.0,25.0,59.0,137.0,68.0,64.0,36.0,38.5,51.4,28.8,15.8,25.0,16.9,7.7,16.2
Azolette (69790),/management/ville/azolette/ville-69016,0.0,0.0,0.0,15.0,15.0,25.0,39.0,27.0,17.0,5.0,47.8,40.5,26.1,30.0,21.7,16.7,4.3,7.1
Astugue (65200),/management/ville/astugue/ville-65043,34.0,0.0,15.0,24.0,24.0,20.0,60.0,57.0,22.0,70.0,19.4,39.0,34.3,17.7,13.9,7.0,32.4,34.0
Caudiès-de-Conflent (66360),/management/ville/caudies-de-conflent/ville-66047,0.0,0.0,5.0,0.0,0.0,0.0,8.0,3.0,2.0,1.0,42.9,71.4,28.6,12.5,28.6,0.0,0.0,14.3
Adriers (86430),/management/ville/adriers/ville-86001,45.0,30.0,15.0,30.0,70.0,100.0,322.0,141.0,80.0,70.0,48.0,57.3,25.4,18.8,14.4,11.6,12.2,10.6
Chaumussay (37350),/management/ville/chaumussay/ville-37064,5.0,10.0,10.0,5.0,25.0,20.0,52.0,54.0,26.0,51.0,22.5,34.0,40.4,18.6,12.4,16.0,24.7,30.9
Bernières-sur-Mer (14990),/management/ville/bernieres-sur-mer/ville-14066,15.0,50.0,165.0,315.0,270.0,205.0,435.0,524.0,295.0,498.0,21.9,27.4,32.6,24.8,17.7,16.1,27.9,28.9
Beleymas (24140),/management/ville/beleymas/ville-24034,10.0,5.0,5.0,36.0,40.0,25.0,88.0,56.0,35.0,55.0,42.1,32.7,23.8,21.7,13.5,15.9,20.6,28.0
Condat-sur-Vézère (24570),/management/ville/condat-sur-vezere/ville-24130,0.0,30.0,15.0,86.0,127.0,152.0,226.0,230.0,105.0,120.0,27.1,38.5,40.3,24.9,14.2,16.8,18.5,17.0
Champlecy (71120),/management/ville/champlecy/ville-71082,20.0,0.0,0.0,30.0,40.0,25.0,51.0,63.0,25.0,28.0,23.8,37.3,48.8,23.9,14.3,15.7,13.1,20.5
Capavenir Vosges (88150),/management/ville/capavenir-vosges/ville-88465,15.0,261.0,297.0,980.0,1456.0,1272.0,2395.0,1958.0,1165.0,1287.0,31.2,38.7,34.6,22.3,16.6,17.6,17.6,20.1
Allos (04260),/management/ville/allos/ville-04006,0.0,66.0,33.0,75.0,99.0,66.0,115.0,187.0,139.0,154.0,20.4,18.5,36.4,25.6,20.7,26.4,22.6,29.7
Chezelle (03140),/management/ville/chezelle/ville-03075,5.0,5.0,16.0,27.0,5.0,0.0,44.0,48.0,27.0,29.0,29.7,30.7,37.8,24.7,17.6,18.7,14.9,24.0
Chassagne-Montrachet (21190),/management/ville/chassagne-montrachet/ville-21150,35.0,25.0,0.0,10.0,30.0,45.0,89.0,56.0,53.0,57.0,30.3,39.1,25.4,19.1,21.3,20.3,23.0,21.8
Bremondans (25530),/management/ville/bremondans/ville-25089,5.0,0.0,5.0,15.0,10.0,15.0,16.0,19.0,10.0,15.0,22.6,31.0,35.5,24.2,19.4,13.8,22.6,27.6
Bornel (60540),/management/ville/bornel/ville-60088,4.0,156.0,306.0,745.0,785.0,573.0,1002.0,1083.0,647.0,775.0,27.8,29.3,36.2,24.6,16.1,20.6,19.9,24.2
Coucy-lès-Eppes (02840),/management/ville/coucy-les-eppes/ville-02218,0.0,10.0,20.0,50.0,129.0,114.0,136.0,143.0,77.0,91.0,27.9,33.2,37.6,24.7,14.8,19.5,19.7,20.9
Biache-Saint-Vaast (62118),/management/ville/biache-saint-vaast/ville-62128,0.0,91.0,172.0,399.0,567.0,476.0,938.0,954.0,524.0,559.0,24.9,37.5,38.0,24.3,19.0,16.4,18.2,19.3
Cruas (07350),/management/ville/cruas/ville-07076,0.0,75.0,104.0,433.0,418.0,388.0,603.0,663.0,408.0,477.0,22.9,32.9,38.8,22.5,18.3,19.6,20.0,24.2
Cabrerolles (34480),/management/ville/cabrerolles/ville-34044,15.0,5.0,15.0,35.0,30.0,30.0,83.0,74.0,44.0,59.0,35.2,29.5,28.9,25.2,16.4,16.7,19.5,25.8
Bourigeole (11300),/management/ville/bourigeole/ville-11046,5.0,0.0,0.0,0.0,15.0,0.0,9.0,8.0,4.0,18.0,25.0,21.7,25.0,16.0,12.5,8.7,37.5,52.2
Ausseing (31260),/management/ville/ausseing/ville-31030,10.0,0.0,20.0,0.0,5.0,5.0,9.0,16.0,12.0,18.0,18.5,14.3,37.0,23.1,14.8,28.6,29.6,35.7
Barchain (57830),/management/ville/barchain/ville-57050,0.0,0.0,5.0,15.0,25.0,10.0,17.0,27.0,15.0,19.0,17.5,26.3,40.0,27.5,15.0,23.7,27.5,21.1
Blosseville (76460),/management/ville/blosseville/ville-76104,10.0,5.0,21.0,21.0,52.0,31.0,79.0,55.0,32.0,46.0,30.2,43.9,31.1,19.5,16.0,15.0,22.6,20.6
Coussac-Bonneval (87500),/management/ville/coussac-bonneval/ville-87049,35.0,50.0,30.0,130.0,160.0,175.0,380.0,313.0,173.0,222.0,32.7,37.1,34.0,22.0,15.8,16.0,17.5,23.2
Azoudange (57810),/management/ville/azoudange/ville-57044,0.0,0.0,0.0,10.0,19.0,29.0,20.0,36.0,18.0,9.0,18.2,32.5,50.0,29.8,25.0,17.5,6.8,15.0
Anizy-le-Grand (02320),/management/ville/anizy-le-grand/ville-02018,5.0,85.0,80.0,226.0,361.0,307.0,652.0,520.0,290.0,407.0,29.9,39.3,34.2,20.8,15.3,15.7,20.6,22.8
Cléry-sur-Somme (80200),/management/ville/clery-sur-somme/ville-80199,5.0,21.0,46.0,77.0,41.0,72.0,156.0,113.0,67.0,77.0,30.5,44.9,34.8,18.7,17.6,15.1,17.1,20.5
Chabournay (86380),/management/ville/chabournay/ville-86048,15.0,20.0,35.0,125.0,220.0,150.0,146.0,246.0,132.0,196.0,18.2,22.3,40.6,25.4,19.0,17.7,22.2,32.1
Argilliers (30210),/management/ville/argilliers/ville-30013,5.0,37.0,16.0,85.0,84.0,26.0,77.0,84.0,68.0,104.0,22.3,24.0,28.9,21.2,21.1,19.8,27.7,34.7
Beauce la Romaine (41160),/management/ville/beauce-la-romaine/ville-41173,110.0,109.0,84.0,331.0,490.0,493.0,878.0,820.0,421.0,413.0,28.2,40.8,40.5,22.9,16.5,16.8,14.9,17.7
Allouagne (62157),/management/ville/allouagne/ville-62023,0.0,40.0,136.0,352.0,417.0,317.0,616.0,704.0,393.0,493.0,21.1,34.3,38.9,23.3,19.2,16.5,20.8,23.8
Athée (21130),/management/ville/athee/ville-21028,15.0,10.0,30.0,128.0,81.0,36.0,250.0,150.0,78.0,118.0,34.2,47.9,33.1,17.9,14.8,11.8,17.9,21.0
Brémontier-Merval (76220),/management/ville/bremontier-merval/ville-76142,10.0,10.0,5.0,35.0,86.0,91.0,105.0,125.0,54.0,44.0,27.9,36.4,47.3,26.6,12.7,19.8,12.1,14.8
Chassagne-Saint-Denis (25290),/management/ville/chassagne-saint-denis/ville-25129,5.0,0.0,0.0,10.0,20.0,10.0,27.0,27.0,17.0,15.0,18.6,44.2,41.9,19.1,27.9,11.6,11.6,23.3
Belfahy (70290),/management/ville/belfahy/ville-70061,0.0,10.0,0.0,0.0,0.0,10.0,19.0,17.0,14.0,16.0,20.0,38.7,31.4,18.8,25.7,16.1,22.9,25.8
Boron (90100),/management/ville/boron/ville-90014,5.0,10.0,15.0,65.0,65.0,55.0,91.0,120.0,46.0,80.0,25.6,28.6,39.2,26.7,14.2,13.0,21.0,26.7
Chaumuzy (51170),/management/ville/chaumuzy/ville-51140,30.0,10.0,20.0,45.0,25.0,45.0,86.0,63.0,42.0,74.0,33.3,31.5,28.1,19.1,13.3,18.5,25.2,30.8
Capbreton (40130),/management/ville/capbreton/ville-40065,20.0,433.0,492.0,1102.0,1040.0,588.0,1760.0,1657.0,1463.0,2337.0,19.1,28.9,27.0,19.7,20.5,20.1,33.4,31.5
Chezelles (36500),/management/ville/chezelles/ville-36050,15.0,20.0,15.0,55.0,65.0,75.0,102.0,129.0,67.0,63.0,21.6,35.2,40.5,27.0,20.0,17.0,17.8,17.0
Caudiès-de-Fenouillèdes (66220),/management/ville/caudies-de-fenouilledes/ville-66046,25.0,40.0,5.0,30.0,55.0,50.0,176.0,162.0,77.0,104.0,29.5,38.4,36.8,22.9,15.7,14.0,18.0,22.1
Champlemy (58210),/management/ville/champlemy/ville-58053,10.0,25.0,19.0,15.0,15.0,25.0,110.0,83.0,39.0,46.0,37.1,42.0,35.0,22.4,13.6,14.5,14.3,18.8
Condat-sur-Vienne (87920),/management/ville/condat-sur-vienne/ville-87048,30.0,50.0,428.0,679.0,670.0,483.0,852.0,1004.0,672.0,1202.0,19.8,25.6,33.0,20.8,17.5,18.5,29.7,34.6
Bernieulles (62170),/management/ville/bernieulles/ville-62116,5.0,5.0,0.0,10.0,20.0,30.0,49.0,38.0,23.0,34.0,33.8,34.2,30.9,20.7,17.6,14.5,17.6,28.9
Afa (20167),/management/ville/afa/ville-2A001,15.0,126.0,195.0,476.0,497.0,292.0,665.0,581.0,535.0,667.0,28.4,25.9,27.3,20.5,22.5,21.3,21.8,32.5
Couddes (41700),/management/ville/couddes/ville-41062,35.0,15.0,25.0,65.0,75.0,60.0,160.0,134.0,41.0,81.0,33.3,43.5,41.1,20.9,8.7,11.0,16.9,22.0
Barcillonnette (05110),/management/ville/barcillonnette/ville-05013,0.0,0.0,16.0,16.0,16.0,16.0,20.0,30.0,22.0,46.0,10.6,25.0,34.8,13.2,24.2,11.5,30.3,50.0
Crucey-Villages (28270),/management/ville/crucey-villages/ville-28120,30.0,5.0,20.0,45.0,40.0,125.0,114.0,120.0,66.0,60.0,26.5,37.4,39.7,23.7,21.2,15.2,12.7,21.1
Aussevielle (64230),/management/ville/aussevielle/ville-64080,0.0,20.0,56.0,132.0,142.0,46.0,79.0,191.0,122.0,167.0,14.4,14.2,37.9,28.3,20.9,22.7,26.7,32.6
Cabrespine (11160),/management/ville/cabrespine/ville-11056,5.0,0.0,10.0,15.0,25.0,5.0,31.0,35.0,27.0,43.0,24.6,20.9,24.6,25.7,17.4,22.4,33.3,29.9
Argilly (21700),/management/ville/argilly/ville-21022,10.0,10.0,30.0,90.0,55.0,55.0,85.0,110.0,75.0,96.0,23.6,22.9,36.6,22.7,18.8,22.3,20.9,32.0
Chabrac (16150),/management/ville/chabrac/ville-16071,25.0,15.0,5.0,34.0,83.0,99.0,147.0,144.0,95.0,52.0,30.4,36.7,39.2,25.5,21.2,22.2,9.2,14.5
Clesles (51260),/management/ville/clesles/ville-51155,10.0,30.0,15.0,45.0,85.0,96.0,162.0,169.0,69.0,66.0,25.9,44.1,48.1,21.7,15.5,14.1,10.5,18.1
Beaucens (65400),/management/ville/beaucens/ville-65077,0.0,15.0,0.0,56.0,66.0,66.0,66.0,113.0,62.0,76.0,17.9,23.8,47.4,24.2,15.4,23.8,19.2,28.1
Coussan (65350),/management/ville/coussan/ville-65153,5.0,5.0,5.0,10.0,5.0,0.0,19.0,27.0,24.0,23.0,17.0,23.3,34.0,24.4,24.5,27.9,24.5,25.6
Bourisp (65170),/management/ville/bourisp/ville-65106,5.0,5.0,0.0,10.0,35.0,15.0,24.0,31.0,34.0,32.0,16.7,23.0,36.7,16.7,30.0,26.2,16.7,36.1
Azur (40140),/management/ville/azur/ville-40021,15.0,41.0,15.0,87.0,129.0,98.0,159.0,164.0,114.0,169.0,26.3,26.2,32.3,22.0,15.5,22.0,25.9,29.8
Brue-Auriac (83119),/management/ville/brue-auriac/ville-83025,10.0,91.0,92.0,183.0,188.0,193.0,281.0,266.0,186.0,263.0,27.5,29.2,32.0,21.0,16.9,20.5,23.7,29.2
Blosville (50480),/management/ville/blosville/ville-50059,10.0,10.0,15.0,44.0,44.0,34.0,61.0,75.0,36.0,50.0,23.6,31.3,42.7,22.6,18.2,14.3,15.5,29.5
Biaches (80200),/management/ville/biaches/ville-80102,5.0,10.0,20.0,40.0,80.0,45.0,107.0,91.0,49.0,60.0,28.9,40.5,34.9,22.7,16.1,15.8,20.1,19.0
Anjeux (70800),/management/ville/anjeux/ville-70023,10.0,5.0,0.0,10.0,10.0,35.0,42.0,29.0,26.0,17.0,37.9,36.8,25.9,24.6,20.7,24.6,15.5,14.0
Alloue (16490),/management/ville/alloue/ville-16007,28.0,9.0,11.0,32.0,53.0,56.0,193.0,91.0,73.0,63.0,42.9,49.5,26.5,16.1,18.3,16.5,12.3,18.0
Belfays (25470),/management/ville/belfays/ville-25049,5.0,21.0,5.0,0.0,21.0,36.0,24.0,31.0,16.0,27.0,18.8,30.6,41.7,20.8,16.7,14.3,22.9,32.7
Brémoy (14260),/management/ville/bremoy/ville-14096,5.0,10.0,5.0,30.0,15.0,10.0,50.0,61.0,30.0,30.0,28.1,30.5,39.3,27.4,19.1,15.9,13.5,22.0
Chezelles (37220),/management/ville/chezelles/ville-37071,0.0,0.0,5.0,20.0,15.0,20.0,31.0,33.0,15.0,27.0,23.6,35.3,36.4,22.4,16.4,11.8,23.6,27.5
Athée (53400),/management/ville/athee/ville-53012,40.0,30.0,5.0,20.0,74.0,75.0,91.0,110.0,73.0,77.0,23.3,28.0,34.7,25.4,23.9,17.7,18.2,26.3
Chassagnes (43230),/management/ville/chassagnes/ville-43063,20.0,5.0,5.0,35.0,5.0,10.0,31.0,47.0,22.0,28.0,16.7,34.5,43.1,25.4,15.3,20.0,25.0,18.2
Affieux (19260),/management/ville/affieux/ville-19001,20.0,30.0,5.0,0.0,35.0,46.0,116.0,89.0,54.0,59.0,29.3,43.4,36.7,19.7,17.3,16.3,16.7,19.9
Champlin (08260),/management/ville/champlin/ville-08100,0.0,0.0,0.0,15.0,5.0,10.0,17.0,12.0,12.0,13.0,23.1,39.3,34.6,11.5,26.9,17.9,15.4,32.1
Chaunac (17130),/management/ville/chaunac/ville-17096,0.0,5.0,11.0,5.0,5.0,5.0,23.0,24.0,14.0,12.0,28.6,34.4,33.3,28.6,19.0,21.9,19.0,12.5
Coudehard (61160),/management/ville/coudehard/ville-61120,0.0,5.0,5.0,10.0,15.0,5.0,25.0,13.0,13.0,13.0,28.1,50.0,25.0,15.6,25.0,15.6,21.9,18.8
Capdenac (46100),/management/ville/capdenac/ville-46055,0.0,15.0,55.0,95.0,144.0,125.0,207.0,254.0,151.0,255.0,19.4,28.0,35.3,22.6,15.8,19.0,29.5,29.4
Condé (36100),/management/ville/conde/ville-36059,10.0,0.0,0.0,31.0,15.0,51.0,43.0,88.0,28.0,35.0,16.3,29.2,56.7,27.4,14.4,13.5,12.5,24.7
Bernin (38190),/management/ville/bernin/ville-38039,5.0,136.0,615.0,297.0,197.0,71.0,275.0,376.0,287.0,1282.0,9.3,15.3,18.4,15.2,12.7,13.2,59.6,56.0
Caudrot (33490),/management/ville/caudrot/ville-33111,5.0,36.0,41.0,87.0,194.0,152.0,279.0,301.0,122.0,177.0,28.8,34.4,38.3,26.2,14.5,13.3,18.3,21.6
Aussillon (81200),/management/ville/aussillon/ville-81021,5.0,132.0,142.0,363.0,573.0,669.0,1870.0,1366.0,689.0,777.0,37.0,42.2,32.3,23.7,13.9,15.3,16.8,16.3
Barcugnan (32170),/management/ville/barcugnan/ville-32028,10.0,5.0,0.0,5.0,0.0,25.0,47.0,24.0,13.0,12.0,49.0,50.0,26.5,21.6,10.2,16.7,14.3,10.4
Borre (59190),/management/ville/borre/ville-59091,10.0,36.0,57.0,47.0,68.0,83.0,88.0,98.0,89.0,136.0,16.5,26.1,27.2,20.3,23.3,20.3,33.0,33.3
Crucheray (41100),/management/ville/crucheray/ville-41072,15.0,15.0,10.0,79.0,49.0,50.0,92.0,72.0,49.0,87.0,27.3,33.8,30.0,17.8,16.0,17.2,26.7,31.1
Bruebach (68440),/management/ville/bruebach/ville-68055,5.0,30.0,135.0,180.0,90.0,66.0,133.0,244.0,112.0,321.0,10.8,21.8,32.7,24.4,13.8,13.8,42.7,36.6
Bians-les-Usiers (25520),/management/ville/bians-les-usiers/ville-25060,26.0,20.0,56.0,78.0,73.0,105.0,127.0,136.0,96.0,119.0,23.9,29.4,35.4,21.0,20.2,20.0,20.6,29.4
Cabrières (30210),/management/ville/cabrieres/ville-30057,10.0,74.0,84.0,273.0,228.0,114.0,280.0,293.0,234.0,372.0,23.5,23.8,28.4,21.1,20.4,19.4,27.7,35.3
Chabreloche (63250),/management/ville/chabreloche/ville-63072,5.0,35.0,40.0,64.0,164.0,244.0,464.0,241.0,144.0,139.0,44.7,48.7,27.3,20.3,15.1,14.3,12.9,15.2
Argis (01230),/management/ville/argis/ville-01017,5.0,0.0,5.0,15.0,55.0,65.0,105.0,102.0,64.0,54.0,30.3,34.4,36.4,25.0,18.2,21.3,15.2,18.1
Coussay (86110),/management/ville/coussay/ville-86085,10.0,10.0,0.0,35.0,40.0,30.0,77.0,60.0,28.0,38.0,33.7,42.5,38.8,19.5,13.3,14.2,14.3,22.6
Beauchalot (31360),/management/ville/beauchalot/ville-31050,10.0,25.0,0.0,30.0,70.0,95.0,160.0,146.0,84.0,83.0,24.4,41.3,37.1,23.7,19.5,16.4,19.0,16.4
Clessé (71260),/management/ville/clesse/ville-71135,50.0,30.0,65.0,85.0,70.0,80.0,128.0,163.0,136.0,189.0,19.1,22.4,31.9,21.6,21.1,23.1,28.0,33.3
Blot-l'Église (63440),/management/ville/blot-l-eglise/ville-63043,18.0,37.0,9.0,50.0,32.0,73.0,79.0,93.0,78.0,64.0,22.1,28.1,38.3,22.1,24.7,25.0,14.9,25.6
Allouis (18500),/management/ville/allouis/ville-18005,5.0,50.0,35.0,141.0,181.0,141.0,138.0,217.0,142.0,260.0,16.1,20.1,32.7,23.8,17.2,20.1,34.1,35.0
Anjou (38150),/management/ville/anjou/ville-38009,10.0,55.0,50.0,125.0,100.0,115.0,242.0,219.0,146.0,164.0,29.0,33.6,30.4,24.3,21.1,16.9,19.5,22.9
Athée-sur-Cher (37270),/management/ville/athee-sur-cher/ville-37008,20.0,105.0,135.0,280.0,390.0,295.0,398.0,635.0,333.0,533.0,18.1,23.7,39.5,25.4,16.0,19.0,26.4,29.7
Chassaignes (24600),/management/ville/chassaignes/ville-24114,15.0,0.0,5.0,0.0,0.0,5.0,22.0,13.0,14.0,8.0,28.6,48.3,32.1,14.3,32.1,17.2,7.1,20.7
Chèzeneuve (38300),/management/ville/chezeneuve/ville-38102,0.0,25.0,90.0,50.0,40.0,66.0,66.0,113.0,70.0,139.0,14.3,20.0,37.8,20.5,15.3,20.5,32.7,38.9
Bourlens (47370),/management/ville/bourlens/ville-47036,5.0,5.0,5.0,35.0,56.0,45.0,91.0,105.0,44.0,52.0,24.1,38.1,44.8,24.2,15.2,15.0,15.9,19.7
Affléville (54800),/management/ville/affleville/ville-54004,15.0,5.0,10.0,25.0,35.0,20.0,40.0,48.0,24.0,27.0,33.3,24.3,33.3,29.8,18.8,15.7,14.5,24.3
Coudekerque-Branche (59210),/management/ville/coudekerque-branche/ville-59155,8.0,298.0,661.0,2471.0,3138.0,2630.0,5633.0,4379.0,2752.0,2983.0,28.7,41.9,34.3,21.0,18.5,16.6,18.5,19.4
Barcus (64130),/management/ville/barcus/ville-64093,107.0,31.0,25.0,56.0,46.0,71.0,152.0,178.0,91.0,128.0,23.9,32.0,38.6,23.3,16.7,16.4,20.8,26.2
Chaunay (86510),/management/ville/chaunay/ville-86068,20.0,79.0,30.0,59.0,157.0,123.0,371.0,292.0,154.0,155.0,30.8,45.6,39.6,19.4,15.5,16.3,14.1,17.9
Belflou (11410),/management/ville/belflou/ville-11030,0.0,15.0,21.0,0.0,5.0,10.0,18.0,14.0,9.0,41.0,15.4,27.9,20.5,13.0,15.4,7.0,48.7,51.2
Condé-en-Brie (02330),/management/ville/conde-en-brie/ville-02209,5.0,30.0,40.0,30.0,120.0,95.0,185.0,163.0,82.0,74.0,32.8,40.3,41.1,23.4,12.0,20.2,14.1,15.2
Capdenac-Gare (12700),/management/ville/capdenac-gare/ville-12052,25.0,145.0,179.0,304.0,623.0,574.0,1426.0,1010.0,673.0,560.0,30.2,46.6,35.5,19.9,18.6,18.1,15.7,14.8
Bernis (30620),/management/ville/bernis/ville-30036,5.0,74.0,196.0,368.0,599.0,270.0,739.0,672.0,454.0,623.0,28.9,30.4,30.0,23.1,17.4,19.0,23.6,26.3
Blotzheim (68730),/management/ville/blotzheim/ville-68042,10.0,120.0,423.0,480.0,613.0,701.0,844.0,1044.0,589.0,934.0,21.1,28.2,35.4,24.1,16.4,18.1,27.1,27.6
Caudry (59540),/management/ville/caudry/ville-59139,1.0,311.0,285.0,1058.0,2067.0,2318.0,4751.0,2906.0,1546.0,1383.0,38.9,50.0,33.6,20.6,14.4,14.8,13.1,13.1
Brémur-et-Vaurois (21400),/management/ville/bremur-et-vaurois/ville-21104,5.0,10.0,0.0,20.0,0.0,0.0,14.0,7.0,7.0,12.0,33.3,36.4,33.3,5.3,16.7,18.2,16.7,40.9
Coussay-les-Bois (86270),/management/ville/coussay-les-bois/ville-86086,15.0,20.0,25.0,120.0,145.0,115.0,233.0,227.0,126.0,150.0,26.8,36.1,37.3,22.9,18.1,16.2,17.8,22.8
Brueil-en-Vexin (78440),/management/ville/brueil-en-vexin/ville-78113,0.0,25.0,45.0,155.0,55.0,60.0,78.0,123.0,110.0,180.0,14.2,17.7,29.6,21.4,20.6,24.3,35.6,37.4
Cabrières (34800),/management/ville/cabrieres/ville-34045,25.0,15.0,25.0,69.0,70.0,50.0,110.0,103.0,68.0,104.0,29.0,28.0,31.2,21.3,18.3,17.0,21.5,32.5
Chabrignac (19350),/management/ville/chabrignac/ville-19035,0.0,10.0,10.0,71.0,76.0,91.0,177.0,116.0,74.0,78.0,32.5,46.4,36.4,17.4,14.6,18.1,16.5,18.1
Beauchamp (95250),/management/ville/beauchamp/ville-95051,0.0,188.0,1183.0,1323.0,943.0,576.0,1455.0,1474.0,1151.0,2286.0,20.0,25.4,26.1,20.0,18.6,17.6,35.3,36.4
Biard (86580),/management/ville/biard/ville-86027,0.0,20.0,155.0,255.0,250.0,70.0,352.0,342.0,196.0,396.0,21.2,32.6,32.6,20.2,15.7,14.9,30.5,31.0
Cruet (73800),/management/ville/cruet/ville-73096,0.0,66.0,55.0,158.0,122.0,95.0,178.0,210.0,157.0,238.0,17.9,27.5,32.2,21.2,19.7,20.4,30.1,30.7
Aussois (73500),/management/ville/aussois/ville-73023,0.0,80.0,35.0,130.0,65.0,65.0,92.0,134.0,114.0,172.0,17.0,19.0,33.7,19.6,19.3,25.4,29.9,37.5
Borrèze (24590),/management/ville/borreze/ville-24050,20.0,20.0,5.0,10.0,35.0,55.0,77.0,80.0,45.0,54.0,26.2,34.1,41.5,21.0,13.1,22.2,19.2,23.0
3
Azy (18220),/management/ville/azy/ville-18019,10.0,25.0,5.0,25.0,55.0,65.0,109.0,112.0,65.0,59.0,23.4,40.0,42.3,21.6,18.9,18.8,15.4,18.8
Allouville-Bellefosse (76190),/management/ville/allouville-bellefosse/ville-76001,5.0,45.0,29.0,120.0,163.0,162.0,271.0,291.0,142.0,158.0,25.6,37.1,43.7,22.6,15.3,17.6,15.5,21.3
Chassal-Molinges (39360),/management/ville/chassal-molinges/ville-39339,0.0,26.0,35.0,135.0,121.0,169.0,350.0,234.0,128.0,138.0,40.0,42.4,32.4,21.5,13.1,17.0,14.5,17.9
Athesans-Étroitefontaine (70110),/management/ville/athesans-etroitefontaine/ville-70031,15.0,20.0,35.0,89.0,79.0,74.0,160.0,168.0,69.0,75.0,28.5,38.8,40.9,26.2,15.3,14.2,15.3,16.7
Anjouin (36210),/management/ville/anjouin/ville-36004,15.0,5.0,0.0,30.0,45.0,59.0,112.0,90.0,35.0,34.0,37.0,46.0,41.8,22.1,8.9,17.7,12.3,12.9
Bourlon (62860),/management/ville/bourlon/ville-62164,10.0,25.0,81.0,127.0,147.0,142.0,203.0,251.0,186.0,219.0,17.9,28.7,34.2,23.7,23.3,20.2,24.6,26.3
Chézery-Forens (01200),/management/ville/chezery-forens/ville-01104,25.0,20.0,10.0,75.0,90.0,45.0,76.0,101.0,69.0,95.0,17.3,27.4,35.3,22.3,23.1,17.3,24.3,31.5
Argiusta-Moriccio (20140),/management/ville/argiusta-moriccio/ville-2A021,2.0,0.0,1.0,8.0,12.0,5.0,31.0,13.0,15.0,10.0,34.3,55.9,20.0,16.7,31.4,11.8,14.3,14.7
Coudes (63114),/management/ville/coudes/ville-63121,5.0,25.0,69.0,172.0,172.0,143.0,194.0,285.0,179.0,231.0,17.0,26.5,40.5,23.3,18.9,21.6,23.7,28.0
Barcy (77910),/management/ville/barcy/ville-77023,0.0,14.0,10.0,48.0,53.0,34.0,46.0,52.0,56.0,47.0,24.0,21.6,29.8,23.1,27.9,27.8,18.3,28.9
Cabrières-d'Aigues (84240),/management/ville/cabrieres-d-aigues/ville-84024,25.0,55.0,60.0,111.0,116.0,70.0,172.0,159.0,143.0,234.0,21.1,27.4,28.9,16.6,20.8,19.4,29.2,37.1
Blou (49160),/management/ville/blou/ville-49030,40.0,25.0,50.0,89.0,159.0,159.0,237.0,227.0,92.0,135.0,34.1,34.5,36.4,25.3,13.2,13.7,16.3,22.5
Condé-en-Normandie (14110),/management/ville/conde-en-normandie/ville-14174,85.0,162.0,137.0,579.0,640.0,1115.0,2254.0,1513.0,672.0,682.0,37.7,49.5,35.5,21.7,13.9,12.4,12.8,13.7
Beauchamps (50320),/management/ville/beauchamps/ville-50038,0.0,25.0,0.0,55.0,70.0,45.0,109.0,100.0,51.0,45.0,26.6,45.0,43.5,20.8,16.9,16.6,13.0,16.6
Ausson (31210),/management/ville/ausson/ville-31031,5.0,30.0,25.0,70.0,80.0,50.0,135.0,165.0,83.0,94.0,26.0,30.4,42.2,25.8,13.9,20.6,17.9,21.3
Bruère-Allichamps (18200),/management/ville/bruere-allichamps/ville-18038,0.0,25.0,15.0,60.0,70.0,25.0,161.0,132.0,59.0,70.0,30.7,44.8,41.7,20.7,12.1,15.7,15.6,17.5
Bernolsheim (67170),/management/ville/bernolsheim/ville-67033,4.0,10.0,87.0,78.0,90.0,55.0,70.0,172.0,71.0,142.0,13.0,18.3,41.1,28.7,16.0,14.7,29.9,32.6
Bren (26260),/management/ville/bren/ville-26061,25.0,40.0,25.0,35.0,54.0,74.0,102.0,138.0,67.0,113.0,24.5,23.6,38.9,23.9,15.7,16.7,20.8,33.5
Capdrot (24540),/management/ville/capdrot/ville-24080,35.0,10.0,20.0,10.0,51.0,35.0,232.0,79.0,44.0,65.0,52.9,57.6,26.7,12.3,6.4,13.9,13.9,16.5
Coussegrey (10210),/management/ville/coussegrey/ville-10112,0.0,5.0,10.0,10.0,26.0,31.0,59.0,51.0,21.0,20.0,31.0,46.9,45.1,20.7,18.3,9.9,5.6,19.8
Bors (Canton de Charente-Sud) (16360),/management/ville/bors-canton-de-charente-sud/ville-16053,5.0,5.0,0.0,14.0,14.0,19.0,35.0,28.0,21.0,9.0,38.2,36.8,30.9,26.2,25.5,18.4,5.5,15.8
Chauny (02300),/management/ville/chauny/ville-02173,3.0,284.0,388.0,1071.0,1632.0,1426.0,3516.0,2412.0,1436.0,1451.0,33.5,45.2,32.4,21.4,18.3,14.7,15.9,16.9
Chézy (03230),/management/ville/chezy/ville-03076,20.0,5.0,5.0,35.0,35.0,25.0,33.0,48.0,39.0,51.0,21.4,17.2,31.0,25.0,21.4,24.1,26.2,33.3
Clessy (71130),/management/ville/clessy/ville-71136,9.0,5.0,10.0,36.0,18.0,28.0,69.0,69.0,37.0,24.0,21.8,48.0,45.5,22.1,19.8,17.3,12.9,11.2
Chabrillan (26400),/management/ville/chabrillan/ville-26065,14.0,14.0,58.0,86.0,67.0,43.0,107.0,122.0,98.0,189.0,20.1,21.7,31.3,16.6,17.8,20.2,30.9,42.2
Champlitte (70600),/management/ville/champlitte/ville-70122,46.0,56.0,36.0,118.0,205.0,225.0,467.0,428.0,226.0,214.0,30.4,39.1,37.8,24.5,17.0,16.9,14.9,17.1
Cauffry (60290),/management/ville/cauffry/ville-60134,10.0,46.0,76.0,399.0,415.0,324.0,580.0,513.0,336.0,368.0,28.2,36.4,34.9,21.0,21.1,16.3,15.9,25.1
Affoux (69170),/management/ville/affoux/ville-69001,0.0,9.0,33.0,43.0,66.0,57.0,56.0,65.0,68.0,66.0,22.3,20.8,31.5,21.0,28.5,24.8,17.7,34.4
Biarne (39290),/management/ville/biarne/ville-39051,0.0,20.0,20.0,51.0,62.0,51.0,73.0,100.0,53.0,71.0,22.8,25.5,38.9,26.1,16.1,20.1,22.1,26.2
Belfonds (61500),/management/ville/belfonds/ville-61036,0.0,10.0,5.0,20.0,25.0,10.0,50.0,41.0,43.0,24.0,30.6,32.9,27.1,25.4,25.9,28.6,16.5,14.3
Alluy (58110),/management/ville/alluy/ville-58004,0.0,20.0,10.0,35.0,45.0,50.0,118.0,104.0,41.0,49.0,33.8,41.9,40.1,23.6,12.1,14.2,14.0,17.4
Chassant (28480),/management/ville/chassant/ville-28086,15.0,5.0,0.0,35.0,30.0,65.0,98.0,79.0,35.0,37.0,32.5,46.0,41.5,20.6,13.8,14.3,12.2,17.5
Cabrières-d'Avignon (84220),/management/ville/cabrieres-d-avignon/ville-84025,10.0,98.0,103.0,192.0,192.0,167.0,329.0,330.0,267.0,450.0,22.7,25.0,28.2,19.7,19.8,19.0,29.2,36.1
Bors (Canton de Tude-et-Lavalette) (16190),/management/ville/bors-canton-de-tude-et-lavalette/ville-16052,20.0,25.0,10.0,15.0,25.0,15.0,89.0,64.0,44.0,27.0,34.8,45.0,37.4,20.0,16.5,22.9,11.3,12.8
Argol (29560),/management/ville/argol/ville-29001,25.0,20.0,41.0,71.0,153.0,138.0,166.0,234.0,167.0,184.0,18.0,26.1,39.4,23.3,19.8,24.5,22.8,26.4
Coudeville-sur-Mer (50290),/management/ville/coudeville-sur-mer/ville-50143,10.0,24.0,15.0,80.0,109.0,125.0,193.0,185.0,143.0,127.0,26.6,33.2,33.7,23.0,22.0,21.8,17.6,21.5
Anjoutey (90170),/management/ville/anjoutey/ville-90003,0.0,51.0,46.0,62.0,72.0,41.0,82.0,166.0,86.0,135.0,13.5,21.1,39.9,27.5,18.8,17.8,27.8,30.0
Azy-le-Vif (58240),/management/ville/azy-le-vif/ville-58021,10.0,10.0,5.0,10.0,36.0,46.0,41.0,50.0,42.0,33.0,25.0,24.1,36.9,25.0,19.0,31.6,19.0,21.5
Crugey (21360),/management/ville/crugey/ville-21214,5.0,0.0,10.0,20.0,10.0,26.0,54.0,55.0,26.0,12.0,33.8,41.4,45.5,26.3,14.3,20.0,6.5,10.0
Athie (21500),/management/ville/athie/ville-21029,0.0,0.0,5.0,0.0,5.0,11.0,11.0,20.0,11.0,13.0,11.5,26.9,50.0,25.0,19.2,19.2,19.2,26.9
Blousson-Sérian (32230),/management/ville/blousson-serian/ville-32058,0.0,10.0,0.0,10.0,15.0,0.0,10.0,8.0,9.0,12.0,33.3,19.0,11.1,26.1,27.8,19.0,27.8,33.3
Brugairolles (11300),/management/ville/brugairolles/ville-11053,5.0,19.0,10.0,19.0,38.0,29.0,57.0,64.0,45.0,43.0,22.8,31.2,36.6,25.7,16.8,25.7,23.8,17.4
Brenas (34650),/management/ville/brenas/ville-34040,0.0,5.0,5.0,15.0,5.0,5.0,21.0,6.0,6.0,16.0,48.0,37.5,16.0,8.7,12.0,12.5,24.0,41.7
Beauchamps (80770),/management/ville/beauchamps/ville-80063,0.0,25.0,35.0,80.0,130.0,205.0,265.0,273.0,105.0,113.0,26.7,42.7,46.1,24.0,13.3,14.4,13.9,15.9
Condé-Folie (80890),/management/ville/conde-folie/ville-80205,20.0,20.0,10.0,115.0,130.0,155.0,263.0,240.0,93.0,95.0,31.7,44.0,41.0,24.3,16.8,10.4,10.5,16.8
Bard (42600),/management/ville/bard/ville-42012,10.0,21.0,35.0,91.0,66.0,51.0,111.0,135.0,90.0,149.0,23.1,23.0,32.9,21.7,17.3,20.0,26.7,34.8
Aussonce (08310),/management/ville/aussonce/ville-08032,10.0,10.0,5.0,30.0,25.0,30.0,24.0,43.0,36.0,48.0,15.1,16.7,30.1,25.3,27.4,20.5,27.4,35.9
Bourmont-entre-Meuse-et-Mouzon (52150),/management/ville/bourmont-entre-meuse-et-mouzon/ville-52064,5.0,20.0,25.0,74.0,94.0,135.0,256.0,180.0,106.0,104.0,33.0,45.6,34.6,20.6,16.2,16.6,16.2,16.3
Champlive (25360),/management/ville/champlive/ville-25116,5.0,15.0,5.0,30.0,30.0,30.0,58.0,50.0,32.0,44.0,22.3,40.2,34.0,18.6,21.3,14.1,22.3,26.1
Chasse-sur-Rhône (38670),/management/ville/chasse-sur-rhone/ville-38087,10.0,157.0,261.0,762.0,789.0,649.0,1215.0,1272.0,739.0,890.0,27.9,31.0,35.9,24.5,16.7,19.2,19.5,23.6
Bernon (10130),/management/ville/bernon/ville-10040,11.0,0.0,5.0,16.0,16.0,21.0,60.0,39.0,19.0,22.0,35.1,52.4,39.0,14.1,14.3,12.7,11.7,20.6
Chézy-en-Orxois (02810),/management/ville/chezy-en-orxois/ville-02185,5.0,15.0,35.0,61.0,51.0,25.0,86.0,92.0,56.0,49.0,24.8,36.4,43.8,21.7,17.5,21.7,13.9,20.3
Alluyes (28800),/management/ville/alluyes/ville-28005,5.0,20.0,60.0,70.0,110.0,115.0,150.0,193.0,84.0,113.0,24.4,31.0,42.9,25.9,13.5,17.5,19.2,22.6
Azy-sur-Marne (02400),/management/ville/azy-sur-marne/ville-02042,15.0,20.0,25.0,55.0,30.0,45.0,116.0,79.0,51.0,53.0,36.4,41.0,35.0,18.6,15.4,18.6,13.3,21.8
Caugé (27180),/management/ville/cauge/ville-27132,5.0,15.0,80.0,155.0,110.0,60.0,130.0,152.0,122.0,208.0,18.2,24.1,33.0,17.9,18.5,21.3,30.3,37.5
Chauray (79180),/management/ville/chauray/ville-79081,0.0,142.0,606.0,947.0,1045.0,664.0,1316.0,1373.0,945.0,1520.0,23.2,27.6,30.5,22.3,17.8,18.8,28.5,30.3
Cléty (62380),/management/ville/clety/ville-62229,14.0,14.0,10.0,111.0,101.0,111.0,116.0,153.0,106.0,146.0,17.9,26.3,35.9,22.0,21.4,19.3,24.8,31.7
Cabriès (13480),/management/ville/cabries/ville-13019,10.0,309.0,1460.0,1271.0,885.0,389.0,1462.0,1234.0,1199.0,3107.0,20.4,21.3,18.8,16.8,16.3,17.9,44.5,44.3
Aussonne (31840),/management/ville/aussonne/ville-31032,5.0,200.0,670.0,989.0,874.0,505.0,871.0,1202.0,899.0,1853.0,17.3,18.7,27.8,21.8,17.0,20.2,37.8,38.9
Condé-lès-Autry (08250),/management/ville/conde-les-autry/ville-08128,0.0,0.0,0.0,0.0,16.0,5.0,28.0,13.0,13.0,6.0,37.9,56.7,34.5,10.3,27.6,13.3,0.0,20.0
Coussey (88630),/management/ville/coussey/ville-88118,10.0,5.0,5.0,71.0,102.0,117.0,172.0,183.0,95.0,95.0,30.0,33.0,41.1,25.1,14.1,20.6,14.8,19.9
Capelle (59213),/management/ville/capelle/ville-59127,5.0,0.0,5.0,29.0,19.0,29.0,22.0,31.0,16.0,40.0,19.0,23.5,31.0,22.8,15.5,13.7,34.5,37.3
Bruges (33520),/management/ville/bruges/ville-33075,19.0,581.0,1917.0,3076.0,2786.0,1440.0,2529.0,2912.0,2537.0,5156.0,18.8,19.7,22.7,21.3,18.9,19.7,39.7,38.9
Biarre (80190),/management/ville/biarre/ville-80103,0.0,5.0,5.0,5.0,10.0,5.0,33.0,8.0,6.0,4.0,62.5,66.7,20.8,11.1,12.5,11.1,4.2,11.1
Belforêt-en-Perche (61130),/management/ville/belforet-en-perche/ville-61196,19.0,39.0,49.0,121.0,230.0,263.0,560.0,359.0,173.0,227.0,36.3,48.2,35.8,18.2,11.8,14.3,16.0,18.4
Athie (89440),/management/ville/athie/ville-89022,5.0,0.0,10.0,10.0,40.0,40.0,34.0,35.0,22.0,23.0,26.3,33.3,35.1,24.2,21.1,17.5,17.5,22.8
Chauriat (63117),/management/ville/chauriat/ville-63106,15.0,61.0,96.0,208.0,330.0,224.0,242.0,357.0,234.0,361.0,16.3,24.2,37.4,21.8,20.0,19.2,26.3,34.2
Argonay (74370),/management/ville/argonay/ville-74019,0.0,72.0,332.0,475.0,356.0,229.0,350.0,451.0,354.0,920.0,13.4,20.0,24.7,18.7,17.2,17.0,44.7,44.0
Bard-le-Régulier (21430),/management/ville/bard-le-regulier/ville-21046,5.0,0.0,5.0,10.0,20.0,0.0,17.0,11.0,11.0,15.0,19.2,42.9,26.9,14.8,23.1,17.9,30.8,25.0
Coudons (11500),/management/ville/coudons/ville-11101,5.0,0.0,0.0,5.0,0.0,0.0,26.0,13.0,6.0,7.0,46.2,53.8,38.5,12.5,3.8,19.2,11.5,15.4
Bort-l'Étang (63190),/management/ville/bort-l-etang/ville-63045,15.0,15.0,41.0,76.0,76.0,61.0,131.0,142.0,95.0,115.0,26.2,27.9,37.6,21.5,18.1,21.5,18.1,29.1
Bernos-Beaulac (33430),/management/ville/bernos-beaulac/ville-33046,5.0,49.0,29.0,78.0,153.0,129.0,318.0,270.0,137.0,150.0,32.7,39.8,37.3,22.7,15.2,16.1,14.7,19.5
Aussos (32140),/management/ville/aussos/ville-32468,0.0,5.0,10.0,5.0,5.0,10.0,27.0,11.0,9.0,14.0,36.7,51.6,26.7,9.7,20.0,9.7,16.7,29.0
Anla (65370),/management/ville/anla/ville-65012,0.0,6.0,11.0,11.0,0.0,11.0,15.0,21.0,17.0,20.0,21.1,20.0,31.6,25.0,23.7,22.9,23.7,31.4
Bloye (74150),/management/ville/bloye/ville-74035,0.0,36.0,21.0,92.0,82.0,61.0,105.0,121.0,89.0,112.0,21.7,27.4,33.0,22.9,21.7,20.0,23.6,28.8
Affracourt (54740),/management/ville/affracourt/ville-54005,0.0,0.0,0.0,20.0,15.0,5.0,26.0,25.0,12.0,21.0,23.1,37.8,38.5,20.8,12.8,15.6,25.6,24.4
Chabris (36210),/management/ville/chabris/ville-36034,25.0,50.0,20.0,169.0,328.0,397.0,938.0,690.0,311.0,272.0,35.4,48.6,40.1,21.5,13.3,14.7,11.1,13.3
Bournainville-Faverolles (27230),/management/ville/bournainville-faverolles/ville-27106,0.0,11.0,15.0,57.0,74.0,74.0,148.0,92.0,68.0,52.0,39.1,42.5,30.5,20.6,19.0,19.4,11.5,17.2
Crugny (51170),/management/ville/crugny/ville-51198,10.0,26.0,50.0,131.0,61.0,41.0,115.0,126.0,75.0,120.0,23.6,29.2,34.1,22.2,17.3,17.1,25.0,30.1
Chasselas (71570),/management/ville/chasselas/ville-71108,15.0,0.0,10.0,45.0,10.0,20.0,37.0,27.0,22.0,46.0,26.5,29.7,26.5,15.0,13.2,20.3,33.8,35.9
Chézy-sur-Marne (02570),/management/ville/chezy-sur-marne/ville-02186,70.0,25.0,45.0,135.0,155.0,220.0,391.0,306.0,169.0,218.0,31.6,40.1,33.9,21.3,16.7,14.6,17.8,22.1
Ally (15700),/management/ville/ally/ville-15003,36.0,5.0,26.0,31.0,73.0,52.0,236.0,150.0,74.0,64.0,40.2,49.5,34.9,21.1,14.9,13.4,10.0,14.1
Cleurie (88120),/management/ville/cleurie/ville-88109,0.0,15.0,25.0,61.0,36.0,86.0,152.0,151.0,86.0,126.0,24.7,34.5,35.7,20.4,21.3,11.9,18.3,31.0
Coudoux (13111),/management/ville/coudoux/ville-13118,10.0,133.0,468.0,517.0,399.0,207.0,413.0,578.0,443.0,1144.0,16.3,15.9,23.4,20.6,16.9,17.4,43.4,45.3
Belfort (90000),/management/ville/belfort/ville-90010,3.0,750.0,3784.0,4768.0,6384.0,5234.0,10675.0,8375.0,5076.0,10121.0,26.5,35.5,27.4,20.4,14.7,15.0,31.4,27.8
Brenat (63500),/management/ville/brenat/ville-63051,5.0,20.0,40.0,69.0,79.0,74.0,114.0,162.0,73.0,124.0,22.0,26.2,39.0,26.0,14.0,17.3,25.0,27.4
Cabris (06530),/management/ville/cabris/ville-06026,5.0,74.0,94.0,82.0,128.0,38.0,295.0,231.0,205.0,314.0,28.0,28.5,25.0,20.0,16.9,22.0,30.1,30.0
Caujac (31190),/management/ville/caujac/ville-31128,5.0,35.0,35.0,151.0,105.0,100.0,138.0,141.0,122.0,178.0,24.1,23.8,26.5,21.5,23.7,18.2,25.8,35.7
Condé-lès-Herpy (08360),/management/ville/conde-les-herpy/ville-08126,0.0,15.0,0.0,15.0,25.0,40.0,46.0,48.0,25.0,34.0,27.8,32.4,44.3,18.3,11.4,21.6,16.5,28.4
Beauchamps-sur-Huillard (45270),/management/ville/beauchamps-sur-huillard/ville-45027,16.0,10.0,26.0,62.0,67.0,47.0,89.0,102.0,50.0,79.0,21.3,34.1,42.6,20.3,14.8,16.5,21.3,28.0
Argoules (80120),/management/ville/argoules/ville-80025,0.0,15.0,5.0,15.0,20.0,34.0,78.0,48.0,32.0,35.0,31.9,48.0,34.0,16.3,16.0,18.0,18.1,18.0
Bluffy (74290),/management/ville/bluffy/ville-74036,0.0,20.0,56.0,71.0,61.0,19.0,42.0,60.0,53.0,135.0,13.5,15.0,25.7,16.9,14.2,22.9,46.6,46.4
Biarritz (64200),/management/ville/biarritz/ville-64122,9.0,1161.0,1929.0,2549.0,2617.0,1049.0,5043.0,3913.0,4033.0,7747.0,20.1,27.6,21.8,17.2,18.4,20.2,39.7,35.6
Bernot (02120),/management/ville/bernot/ville-02070,0.0,10.0,20.0,50.0,55.0,60.0,121.0,77.0,49.0,67.0,33.5,43.4,29.7,18.8,15.5,15.7,21.3,21.4
Bort-les-Orgues (19110),/management/ville/bort-les-orgues/ville-19028,10.0,60.0,80.0,210.0,335.0,395.0,977.0,724.0,323.0,281.0,34.6,48.8,39.2,22.6,13.6,14.4,12.6,11.8
Capelle-Fermont (62690),/management/ville/capelle-fermont/ville-62211,0.0,0.0,25.0,30.0,25.0,15.0,29.0,37.0,33.0,51.0,20.3,18.4,31.1,20.0,17.6,26.3,31.1,36.8
Coudray (27150),/management/ville/coudray/ville-27176,0.0,5.0,10.0,5.0,45.0,45.0,65.0,50.0,18.0,17.0,45.8,40.3,38.9,25.0,9.7,14.3,5.6,16.9
Chiatra (20230),/management/ville/chiatra/ville-2B088,11.0,11.0,13.0,25.0,28.0,18.0,74.0,34.0,32.0,56.0,42.4,33.0,18.2,16.7,15.2,17.5,24.2,33.0
Chasselay (38470),/management/ville/chasselay/ville-38086,10.0,30.0,10.0,40.0,46.0,30.0,68.0,89.0,53.0,99.0,20.8,22.8,35.2,21.0,17.0,16.8,27.0,38.3
Champlost (89210),/management/ville/champlost/ville-89076,20.0,15.0,25.0,101.0,56.0,142.0,152.0,246.0,102.0,104.0,21.6,29.0,47.8,28.8,14.7,19.6,15.9,18.9
Chaussan (69440),/management/ville/chaussan/ville-69051,35.0,35.0,55.0,186.0,175.0,85.0,126.0,228.0,147.0,293.0,15.5,16.2,35.1,22.0,15.8,21.0,33.6,40.5
Affringues (62380),/management/ville/affringues/ville-62010,0.0,0.0,9.0,9.0,33.0,19.0,45.0,45.0,28.0,37.0,21.9,35.4,37.0,20.2,23.3,13.4,17.8,29.3
Azzana (20121),/management/ville/azzana/ville-2A027,0.0,3.0,1.0,3.0,5.0,5.0,26.0,5.0,6.0,5.0,53.8,68.4,15.4,11.8,11.5,21.1,19.2,0.0
Caulaincourt (02490),/management/ville/caulaincourt/ville-02144,0.0,0.0,0.0,32.0,21.0,11.0,26.0,22.0,21.0,35.0,21.8,30.0,30.9,10.6,23.6,16.0,23.6,44.0
Condé-Northen (57220),/management/ville/conde-northen/ville-57150,20.0,25.0,30.0,118.0,89.0,74.0,67.0,167.0,98.0,157.0,10.6,16.9,36.2,27.6,24.4,15.3,28.9,35.5
Chacenay (10110),/management/ville/chacenay/ville-10071,5.0,0.0,0.0,0.0,5.0,19.0,7.0,16.0,8.0,5.0,20.0,18.8,50.0,31.6,25.0,18.8,5.0,25.0
Bournan (37240),/management/ville/bournan/ville-37032,15.0,0.0,0.0,25.0,30.0,25.0,49.0,61.0,40.0,44.0,22.1,28.9,39.4,23.3,15.4,26.7,23.1,22.2
Ally (43380),/management/ville/ally/ville-43006,15.0,5.0,15.0,5.0,5.0,25.0,56.0,27.0,22.0,14.0,37.9,58.5,27.3,16.4,22.7,13.2,12.1,11.3
1,8.2,27.3
Athienville (54370),/management/ville/athienville/ville-54026,15.0,0.0,0.0,25.0,30.0,20.0,38.0,37.0,31.0,24.0,27.3,31.3,33.3,23.1,25.8,21.9,13.6,23.4
Bard-lès-Époisses (21460),/management/ville/bard-les-epoisses/ville-21047,5.0,0.0,5.0,15.0,0.0,5.0,17.0,16.0,18.0,9.0,25.8,31.0,35.5,21.7,22.6,37.9,16.1,13.8
Chasselay (69380),/management/ville/chasselay/ville-69049,10.0,84.0,367.0,367.0,208.0,84.0,456.0,354.0,324.0,919.0,16.1,27.4,21.7,13.6,16.4,15.3,45.8,43.9
Belfort-du-Quercy (46230),/management/ville/belfort-du-quercy/ville-46023,45.0,35.0,15.0,30.0,35.0,54.0,128.0,99.0,70.0,111.0,25.6,37.1,28.4,19.4,17.1,17.8,28.9,25.4
Beauchastel (07800),/management/ville/beauchastel/ville-07027,0.0,70.0,75.0,215.0,229.0,207.0,534.0,357.0,201.0,262.0,36.4,42.4,33.3,18.9,13.7,16.0,16.6,22.1
Brenelle (02220),/management/ville/brenelle/ville-02120,0.0,20.0,5.0,15.0,20.0,30.0,48.0,48.0,23.0,26.0,28.0,38.6,41.3,22.4,16.0,15.7,14.7,21.4
Cachan (94230),/management/ville/cachan/ville-94016,0.0,546.0,5009.0,3665.0,3540.0,1327.0,4750.0,2735.0,2740.0,9257.0,21.0,27.2,15.7,12.8,14.0,14.1,49.3,46.0
Agassac (31230),/management/ville/agassac/ville-31001,5.0,0.0,0.0,5.0,30.0,15.0,27.0,28.0,17.0,20.0,25.0,34.1,37.5,22.2,16.7,20.5,20.8,22.7
Cruguel (56420),/management/ville/cruguel/ville-56051,15.0,25.0,10.0,50.0,74.0,94.0,173.0,170.0,68.0,86.0,29.0,40.4,40.5,23.8,15.1,12.7,15.5,19.6
Blumeray (52110),/management/ville/blumeray/ville-52057,0.0,15.0,15.0,20.0,0.0,5.0,32.0,28.0,16.0,15.0,19.0,49.0,45.2,17.6,21.4,14.3,14.3,18.4
Biarrotte (40390),/management/ville/biarrotte/ville-40042,10.0,5.0,5.0,25.0,40.0,25.0,50.0,84.0,36.0,36.0,17.5,30.3,48.5,28.7,19.6,15.6,14.4,20.2
Champmillon (16290),/management/ville/champmillon/ville-16077,0.0,15.0,31.0,56.0,87.0,107.0,93.0,127.0,61.0,107.0,21.1,27.0,40.2,23.4,13.1,18.5,25.6,29.6
Autainville (41240),/management/ville/autainville/ville-41006,5.0,10.0,15.0,25.0,84.0,109.0,76.0,130.0,49.0,73.0,17.6,29.1,47.9,26.8,13.9,15.8,20.6,24.2
Borville (54290),/management/ville/borville/ville-54085,5.0,5.0,0.0,10.0,20.0,15.0,26.0,22.0,19.0,6.0,26.8,45.2,41.5,17.2,29.3,22.6,2.4,16.1
Bruges-Capbis-Mifaget (64800),/management/ville/bruges-capbis-mifaget/ville-64148,44.0,60.0,15.0,109.0,105.0,110.0,182.0,222.0,128.0,187.0,22.5,28.3,36.4,23.1,19.2,16.1,21.9,30.3
Coudray (53200),/management/ville/coudray/ville-53078,30.0,25.0,25.0,86.0,122.0,142.0,137.0,228.0,103.0,101.0,19.8,28.3,47.2,28.5,18.1,18.4,14.9,20.8
Chiché (79350),/management/ville/chiche/ville-79088,50.0,75.0,50.0,135.0,191.0,327.0,415.0,417.0,197.0,224.0,28.4,37.6,38.7,24.6,17.3,14.2,15.6,20.2
Argueil (76780),/management/ville/argueil/ville-76025,10.0,10.0,25.0,30.0,45.0,35.0,102.0,83.0,53.0,29.0,34.8,41.5,31.8,27.5,19.7,20.0,13.6,8.1
Capelle-les-Grands (27270),/management/ville/capelle-les-grands/ville-27130,5.0,15.0,0.0,46.0,36.0,51.0,96.0,108.0,63.0,48.0,27.5,33.1,41.8,25.9,17.0,22.7,13.7,17.2
Chaussenac (15700),/management/ville/chaussenac/ville-15046,10.0,10.0,0.0,19.0,34.0,15.0,86.0,41.0,31.0,23.0,40.2,54.4,31.5,13.6,18.5,15.6,9.8,16.7
Chacrise (02200),/management/ville/chacrise/ville-02154,0.0,10.0,25.0,30.0,45.0,50.0,80.0,62.0,45.0,63.0,31.2,33.1,25.6,23.1,16.8,19.4,26.4,23.4
Anlhiac (24160),/management/ville/anlhiac/ville-24009,5.0,10.0,0.0,10.0,59.0,15.0,97.0,68.0,34.0,39.0,34.5,45.4,38.2,20.0,11.8,16.9,15.5,16.9
.4,18.0
Baâlon (55700),/management/ville/baalon/ville-55025,21.0,5.0,5.0,27.0,21.0,48.0,82.0,56.0,38.0,30.0,32.4,47.6,32.4,20.0,22.5,14.6,12.7,16.5
Condé-Sainte-Libiaire (77450),/management/ville/conde-sainte-libiaire/ville-77125,0.0,49.0,158.0,203.0,153.0,114.0,259.0,277.0,198.0,309.0,25.3,24.5,30.9,21.7,18.5,19.4,25.3,33.8
Caulières (80290),/management/ville/caulieres/ville-80179,0.0,10.0,5.0,5.0,25.0,34.0,44.0,38.0,26.0,34.0,29.0,32.9,30.4,22.5,17.4,18.4,23.2,25.0
Bernouil (89360),/management/ville/bernouil/ville-89038,5.0,0.0,10.0,5.0,19.0,24.0,25.0,33.0,11.0,11.0,20.9,44.7,48.8,25.0,20.9,5.3,9.3,18.4
Cléville (14370),/management/ville/cleville/ville-14163,5.0,10.0,10.0,55.0,40.0,35.0,61.0,93.0,57.0,54.0,23.7,21.9,39.3,28.1,21.5,21.9,15.6,25.8
Athies (62223),/management/ville/athies/ville-62042,5.0,14.0,101.0,168.0,154.0,115.0,138.0,211.0,135.0,242.0,16.7,21.4,30.9,24.7,20.4,16.8,32.0,34.5
Belfort-sur-Rebenty (11140),/management/ville/belfort-sur-rebenty/ville-11031,6.0,0.0,0.0,0.0,6.0,0.0,7.0,9.0,6.0,8.0,12.5,38.5,43.8,16.7,12.5,23.1,31.3,23.1
Bard-lès-Pesmes (70140),/management/ville/bard-les-pesmes/ville-70048,0.0,0.0,0.0,10.0,15.0,20.0,34.0,38.0,12.0,23.0,32.1,31.4,39.3,27.1,7.1,15.7,21.4,21.6
Cachen (40120),/management/ville/cachen/ville-40058,5.0,0.0,5.0,10.0,15.0,55.0,48.0,59.0,23.0,48.0,24.7,29.2,37.1,25.5,11.2,14.6,27.0,27.0
Cruis (04230),/management/ville/cruis/ville-04065,25.0,10.0,30.0,40.0,55.0,50.0,142.0,135.0,103.0,157.0,24.6,28.3,29.8,20.6,16.9,21.5,28.7,29.8
Biars-sur-Cère (46130),/management/ville/biars-sur-cere/ville-46029,0.0,56.0,86.0,167.0,248.0,390.0,595.0,542.0,268.0,217.0,30.0,42.8,40.8,24.2,16.7,16.4,12.5,14.2
Capelle-lès-Hesdin (62140),/management/ville/capelle-les-hesdin/ville-62212,14.0,0.0,24.0,52.0,66.0,75.0,81.0,111.0,57.0,89.0,19.4,28.5,37.0,25.6,17.6,15.7,26.1,26.7
Almenêches (61570),/management/ville/almeneches/ville-61002,15.0,15.0,10.0,60.0,105.0,100.0,210.0,171.0,72.0,91.0,33.7,43.2,35.2,24.4,12.9,13.6,18.2,15.4
Chichée (89800),/management/ville/chichee/ville-89104,35.0,0.0,5.0,10.0,40.0,90.0,76.0,88.0,52.0,33.0,25.6,35.8,42.6,25.4,22.5,19.2,9.3,17.5
Coust (18210),/management/ville/coust/ville-18076,20.0,5.0,5.0,36.0,71.0,76.0,128.0,134.0,60.0,39.0,29.1,42.1,43.4,26.4,19.2,14.0,8.2,12.9
Blussangeaux (25250),/management/ville/blussangeaux/ville-25066,0.0,5.0,0.0,0.0,10.0,15.0,25.0,19.0,12.0,8.0,37.1,41.4,28.6,25.7,25.7,10.3,8.6,17.2
Beauche (28270),/management/ville/beauche/ville-28030,30.0,15.0,10.0,20.0,20.0,55.0,78.0,68.0,32.0,39.0,33.0,39.0,35.7,23.3,17.0,12.4,14.3,21.9
Bosc-Bérenger (76680),/management/ville/bosc-berenger/ville-76119,0.0,5.0,0.0,23.0,28.0,14.0,40.0,39.0,19.0,30.0,30.3,32.3,39.4,19.7,15.2,14.5,15.2,32.3
Condé-sur-Aisne (02370),/management/ville/conde-sur-aisne/ville-02210,0.0,0.0,10.0,27.0,53.0,112.0,81.0,85.0,51.0,38.0,30.2,32.8,43.4,23.8,15.5,25.0,10.9,18.8
Arguel (80140),/management/ville/arguel/ville-80026,0.0,0.0,0.0,10.0,5.0,0.0,6.0,3.0,7.0,6.0,30.0,25.0,20.0,14.3,10.0,50.0,40.0,16.7
Brugheas (03700),/management/ville/brugheas/ville-03044,5.0,79.0,50.0,144.0,243.0,159.0,242.0,346.0,239.0,287.0,19.2,24.2,36.7,24.8,20.3,22.6,23.8,27.7
Baâlons (08430),/management/ville/baalons/ville-08041,5.0,11.0,5.0,43.0,11.0,32.0,47.0,54.0,22.0,38.0,25.6,31.8,42.3,22.1,15.4,12.9,16.7,30.6
Champmotteux (91150),/management/ville/champmotteux/ville-91137,5.0,15.0,20.0,65.0,55.0,20.0,52.0,67.0,55.0,77.0,19.7,21.8,33.1,21.4,18.1,25.8,29.1,32.3
Belgeard (53440),/management/ville/belgeard/ville-53028,0.0,25.0,15.0,51.0,81.0,117.0,91.0,157.0,67.0,88.0,20.7,25.0,46.3,27.5,15.8,17.0,17.2,26.5
Bernouville (27660),/management/ville/bernouville/ville-27059,0.0,24.0,10.0,44.0,44.0,34.0,67.0,78.0,31.0,37.0,25.2,38.1,45.8,24.8,13.1,16.2,15.9,18.1
Crulai (61300),/management/ville/crulai/ville-61140,20.0,25.0,15.0,135.0,80.0,135.0,166.0,262.0,107.0,121.0,24.1,26.5,44.9,29.7,15.4,17.3,15.7,21.3
Autechaux (25110),/management/ville/autechaux/ville-25032,10.0,25.0,10.0,70.0,45.0,60.0,71.0,99.0,42.0,71.0,21.7,28.3,37.0,27.7,15.9,13.8,25.4,24.8
Coudray-au-Perche (28330),/management/ville/coudray-au-perche/ville-28111,10.0,0.0,15.0,25.0,40.0,69.0,79.0,64.0,46.0,65.0,29.5,32.8,27.9,21.9,16.3,20.0,26.4,24.8
Brengues (46320),/management/ville/brengues/ville-46039,5.0,20.0,10.0,15.0,40.0,10.0,31.0,52.0,28.0,46.0,16.9,23.0,42.2,22.7,14.5,21.6,26.5,32.4
Bournazel (12390),/management/ville/bournazel/ville-12031,10.0,5.0,10.0,55.0,65.0,15.0,58.0,54.0,52.0,77.0,23.7,24.4,26.3,19.7,19.5,23.6,30.5,33.3
Caullery (59191),/management/ville/caullery/ville-59140,0.0,20.0,0.0,20.0,99.0,79.0,133.0,82.0,59.0,43.0,35.6,47.1,30.9,20.2,21.5,16.5,12.1,15.3
Cléville (76640),/management/ville/cleville/ville-76181,0.0,10.0,25.0,5.0,15.0,20.0,37.0,45.0,18.0,16.0,25.8,38.9,51.6,23.2,11.3,20.4,11.3,16.7
Athies (80200),/management/ville/athies/ville-80034,10.0,10.0,20.0,50.0,50.0,115.0,209.0,138.0,53.0,72.0,32.3,54.5,41.5,17.4,12.0,10.6,14.3,16.1
Cachy (80800),/management/ville/cachy/ville-80159,0.0,10.0,5.0,60.0,20.0,25.0,42.0,48.0,32.0,69.0,23.1,21.0,27.5,21.3,18.7,15.0,30.8,41.0
Bardenac (16210),/management/ville/bardenac/ville-16029,5.0,25.0,5.0,5.0,25.0,40.0,64.0,57.0,34.0,22.0,29.7,43.0,38.5,23.4,22.0,16.3,9.9,15.1
Chaussenans (39800),/management/ville/chaussenans/ville-39127,0.0,9.0,0.0,14.0,9.0,9.0,21.0,19.0,8.0,23.0,25.0,31.4,36.1,16.2,13.9,11.4,25.0,40.0
Agde (34300),/management/ville/agde/ville-34003,90.0,1271.0,875.0,2216.0,4011.0,1956.0,7744.0,5900.0,4162.0,4597.0,32.2,36.7,30.0,22.3,17.4,19.6,20.4,20.6
Chichery (89400),/management/ville/chichery/ville-89105,10.0,25.0,40.0,60.0,50.0,40.0,72.0,131.0,75.0,77.0,17.9,22.7,40.2,29.2,23.5,18.8,18.4,25.0
Coustaussa (11190),/management/ville/coustaussa/ville-11109,0.0,0.0,0.0,5.0,5.0,0.0,16.0,6.0,8.0,12.0,42.1,37.5,31.6,0.0,5.3,29.2,21.1,33.3
Annay (58450),/management/ville/annay/ville-58007,15.0,5.0,10.0,20.0,35.0,70.0,71.0,99.0,48.0,39.0,26.9,28.5,41.8,30.3,17.9,19.5,13.4,17.1
Capendu (11700),/management/ville/capendu/ville-11068,20.0,29.0,25.0,169.0,226.0,164.0,503.0,314.0,192.0,190.0,38.2,45.1,29.8,21.8,14.6,17.3,17.4,14.6
Babeau-Bouldoux (34360),/management/ville/babeau-bouldoux/ville-34021,10.0,15.0,5.0,30.0,45.0,40.0,73.0,66.0,45.0,51.0,26.2,36.3,39.3,17.3,14.8,23.9,19.7,23.9
Almont-les-Junies (12300),/management/ville/almont-les-junies/ville-12004,36.0,25.0,10.0,46.0,76.0,25.0,120.0,111.0,72.0,70.0,30.1,34.3,34.7,23.4,18.7,20.4,16.6,21.0
Bias (40170),/management/ville/bias/ville-40043,0.0,47.0,5.0,57.0,90.0,123.0,133.0,209.0,103.0,134.0,19.2,26.7,42.6,26.4,17.9,17.7,20.3,26.0
Arguenos (31160),/management/ville/arguenos/ville-31014,5.0,0.0,5.0,5.0,0.0,0.0,13.0,18.0,14.0,14.0,19.4,25.0,32.3,27.6,22.6,25.0,25.8,21.4
Bosc-Bordel (76750),/management/ville/bosc-bordel/ville-76120,5.0,5.0,25.0,55.0,75.0,55.0,90.0,113.0,55.0,64.0,20.9,35.2,46.6,22.3,15.3,18.9,17.2,22.6
Chadeleuf (63320),/management/ville/chadeleuf/ville-63073,10.0,10.0,45.0,50.0,55.0,55.0,77.0,86.0,53.0,102.0,20.4,28.0,33.8,19.8,16.6,16.8,29.3,34.8
Clévilliers (28300),/management/ville/clevilliers/ville-28102,5.0,15.0,40.0,124.0,124.0,129.0,104.0,153.0,93.0,142.0,20.0,22.5,42.4,20.1,16.3,21.7,21.2,36.1
Crupies (26460),/management/ville/crupies/ville-26111,10.0,5.0,10.0,10.0,0.0,5.0,25.0,17.0,14.0,24.0,34.1,30.0,29.3,13.2,17.1,17.5,19.5,40.0
Brennes (52200),/management/ville/brennes/ville-52070,0.0,6.0,0.0,17.0,22.0,17.0,33.0,48.0,21.0,14.0,22.4,34.5,51.7,26.9,20.7,15.5,5.2,19.0
Brugnac (47260),/management/ville/brugnac/ville-47042,0.0,10.0,5.0,5.0,10.0,44.0,41.0,35.0,26.0,33.0,29.9,30.6,29.9,19.4,24.7,12.9,15.6,35.5
Chassemy (02370),/management/ville/chassemy/ville-02167,5.0,20.0,40.0,101.0,137.0,127.0,196.0,203.0,105.0,111.0,28.2,35.2,40.1,23.7,17.0,17.4,14.7,21.7
Blussans (25250),/management/ville/blussans/ville-25067,0.0,0.0,15.0,25.0,30.0,25.0,36.0,39.0,24.0,39.0,23.9,28.4,26.8,25.6,21.1,13.4,28.2,28.4
Autechaux-Roide (25150),/management/ville/autechaux-roide/ville-25033,0.0,5.0,20.0,66.0,25.0,96.0,140.0,121.0,69.0,76.0,27.9,41.7,36.3,22.3,15.4,18.1,20.4,16.7
Bernwiller (68210),/management/ville/bernwiller/ville-68006,20.0,44.0,116.0,171.0,141.0,111.0,130.0,287.0,174.0,246.0,13.8,17.2,41.2,26.0,19.3,22.5,25.7,33.0
Cadalen (81600),/management/ville/cadalen/ville-81046,56.0,56.0,81.0,172.0,263.0,167.0,338.0,289.0,199.0,346.0,25.7,31.6,30.8,18.9,16.5,17.4,27.0,31.8
Agel (34210),/management/ville/agel/ville-34004,9.0,33.0,5.0,19.0,23.0,14.0,47.0,54.0,41.0,41.0,25.8,25.3,32.6,25.8,21.3,24.2,20.2,24.2
Bournazel (81170),/management/ville/bournazel/ville-81035,15.0,25.0,5.0,15.0,15.0,15.0,31.0,32.0,30.0,46.0,19.4,25.0,23.9,22.9,17.9,25.0,38.8,27.8
Condé-sur-Ifs (14270),/management/ville/conde-sur-ifs/ville-14173,5.0,5.0,26.0,47.0,57.0,73.0,73.0,109.0,65.0,72.0,15.8,30.0,48.1,21.0,17.7,22.5,18.4,26.9
Annay (62880),/management/ville/annay/ville-62033,5.0,54.0,108.0,476.0,530.0,614.0,1043.0,928.0,587.0,618.0,27.2,38.1,34.6,22.9,18.6,18.4,19.6,19.3
Athies-sous-Laon (02840),/management/ville/athies-sous-laon/ville-02028,5.0,40.0,133.0,313.0,488.0,292.0,681.0,542.0,348.0,371.0,30.5,39.1,33.5,21.8,18.6,17.4,17.5,20.6
Belgentier (83210),/management/ville/belgentier/ville-83017,10.0,115.0,150.0,345.0,365.0,175.0,370.0,498.0,346.0,573.0,18.0,23.4,32.9,22.5,17.5,21.2,31.6,32.6
Coudrecieux (72440),/management/ville/coudrecieux/ville-72094,5.0,15.0,55.0,35.0,80.0,90.0,138.0,154.0,80.0,81.0,26.9,34.2,38.9,25.5,19.2,16.0,15.0,21.0
Beauchemin (52260),/management/ville/beauchemin/ville-52042,0.0,5.0,5.0,10.0,15.0,10.0,19.0,26.0,13.0,15.0,20.0,31.6,51.4,22.2,8.6,26.3,20.0,21.1
Coustouge (11220),/management/ville/coustouge/ville-11110,5.0,5.0,16.0,5.0,5.0,10.0,30.0,29.0,17.0,23.0,34.0,28.3,37.7,19.6,13.2,19.6,15.1,32.6
Champnétery (87400),/management/ville/champnetery/ville-87035,45.0,10.0,15.0,35.0,84.0,50.0,129.0,121.0,84.0,82.0,30.1,32.5,31.5,24.1,22.2,18.0,16.2,23.5
Chausseterre (42430),/management/ville/chausseterre/ville-42339,15.0,15.0,10.0,15.0,26.0,15.0,79.0,51.0,28.0,29.0,41.6,44.0,31.7,21.6,11.9,17.9,14.9,15.5
Alos (09200),/management/ville/alos/ville-09008,10.0,0.0,0.0,10.0,21.0,10.0,38.0,28.0,10.0,17.0,39.1,43.5,34.8,22.0,6.5,15.2,19.6,17.4
Auterive (31190),/management/ville/auterive/ville-31033,20.0,314.0,526.0,1120.0,1557.0,982.0,1984.0,1881.0,1262.0,1847.0,24.9,31.6,31.7,21.8,17.5,18.6,25.9,27.0
Baby (77480),/management/ville/baby/ville-77015,5.0,0.0,10.0,0.0,15.0,20.0,13.0,28.0,12.0,18.0,22.2,14.3,44.4,27.3,25.0,8.6,8.3,42.9
Bosc-Édeline (76750),/management/ville/bosc-edeline/ville-76121,20.0,0.0,26.0,65.0,41.0,56.0,87.0,64.0,45.0,53.0,34.4,36.3,29.5,20.8,18.9,16.9,17.2,25.0
Argut-Dessous (31440),/management/ville/argut-dessous/ville-31015,6.0,0.0,0.0,0.0,6.0,0.0,13.0,3.0,1.0,8.0,54.5,50.0,27.3,0.0,0.0,7.1,18.2,42.9
Chichey (51120),/management/ville/chichey/ville-51151,0.0,15.0,10.0,25.0,25.0,20.0,55.0,40.0,31.0,14.0,30.4,47.1,37.7,19.7,26.1,18.6,5.8,14.3
Chadenac (17800),/management/ville/chadenac/ville-17078,46.0,5.0,15.0,31.0,42.0,78.0,158.0,108.0,57.0,43.0,36.2,49.7,37.3,20.8,15.8,15.3,10.7,12.7
Caulnes (22350),/management/ville/caulnes/ville-22032,40.0,75.0,55.0,251.0,301.0,291.0,655.0,550.0,308.0,339.0,28.6,41.7,35.5,22.4,17.8,15.4,18.0,18.5
Bardigues (82340),/management/ville/bardigues/ville-82010,0.0,15.0,0.0,20.0,55.0,35.0,56.0,68.0,44.0,44.0,22.9,29.9,39.0,23.9,21.9,19.6,16.2,25.2
Bias (47300),/management/ville/bias/ville-47027,10.0,120.0,104.0,230.0,365.0,345.0,967.0,623.0,422.0,356.0,38.5,42.9,31.7,21.0,17.1,18.4,12.7,17.0
Cleyrac (33540),/management/ville/cleyrac/ville-33129,5.0,10.0,0.0,0.0,15.0,25.0,48.0,32.0,32.0,14.0,34.8,42.1,23.2,25.8,30.4,19.3,11.6,10.5
Blye (39130),/management/ville/blye/ville-39058,0.0,0.0,15.0,25.0,10.0,0.0,35.0,32.0,24.0,24.0,25.4,35.7,30.5,24.6,18.6,23.2,25.4,16.1
Chassenard (03510),/management/ville/chassenard/ville-03063,20.0,25.0,5.0,101.0,146.0,173.0,300.0,208.0,130.0,109.0,37.7,42.6,34.2,20.7,17.0,17.7,11.1,18.3
Berny-en-Santerre (80200),/management/ville/berny-en-santerre/ville-80090,5.0,0.0,10.0,35.0,5.0,40.0,43.0,28.0,18.0,23.0,33.9,42.9,37.5,13.5,12.5,19.6,16.1,25.0
Crupilly (02120),/management/ville/crupilly/ville-02244,0.0,0.0,0.0,5.0,0.0,15.0,9.0,16.0,10.0,6.0,15.8,27.3,42.1,32.0,26.3,22.7,15.8,13.6
Brugnens (32500),/management/ville/brugnens/ville-32066,15.0,10.0,10.0,20.0,35.0,40.0,60.0,66.0,55.0,28.0,25.5,32.0,41.5,22.9,24.5,28.2,8.5,18.4
Agen (47000),/management/ville/agen/ville-47001,23.0,682.0,1917.0,4099.0,5442.0,3652.0,7552.0,5442.0,4364.0,7080.0,28.4,33.0,26.0,18.9,17.9,17.8,27.7,30.1
Bourneau (85200),/management/ville/bourneau/ville-85033,5.0,36.0,15.0,61.0,86.0,178.0,137.0,186.0,109.0,113.0,24.1,26.2,45.9,23.1,14.8,25.1,15.2,26.2
Athis (51150),/management/ville/athis/ville-51018,0.0,25.0,35.0,120.0,95.0,105.0,244.0,187.0,105.0,125.0,25.8,46.0,37.6,19.3,18.5,13.8,18.1,19.6
Coustouges (66260),/management/ville/coustouges/ville-66061,0.0,0.0,6.0,0.0,11.0,6.0,40.0,20.0,8.0,21.0,37.8,50.0,32.4,14.8,8.1,8.0,21.6,26.0
Brennilis (29690),/management/ville/brennilis/ville-29018,15.0,10.0,5.0,21.0,52.0,72.0,93.0,127.0,69.0,61.0,20.3,32.9,43.5,26.7,18.6,20.8,17.5,17.3
Condé-sur-l'Escaut (59163),/management/ville/conde-sur-l-escaut/ville-59153,15.0,85.0,181.0,669.0,975.0,1428.0,3220.0,1824.0,979.0,874.0,38.4,53.7,32.6,19.5,16.1,12.6,12.9,12.5
Chaussin (39120),/management/ville/chaussin/ville-39128,10.0,79.0,47.0,142.0,247.0,147.0,387.0,491.0,224.0,199.0,26.0,33.0,44.1,28.7,14.4,19.6,15.5,15.1
Annay-la-Côte (89200),/management/ville/annay-la-cote/ville-89009,5.0,15.0,29.0,64.0,29.0,34.0,75.0,80.0,55.0,73.0,27.1,25.7,33.6,23.0,15.7,23.6,23.6,27.9
Belgodère (20226),/management/ville/belgodere/ville-2B034,5.0,39.0,21.0,55.0,101.0,46.0,112.0,102.0,123.0,112.0,28.0,22.0,28.0,19.6,27.1,27.6,17.0,32.8
Coudres (27220),/management/ville/coudres/ville-27177,0.0,25.0,30.0,70.0,90.0,109.0,91.0,166.0,86.0,63.0,23.4,21.4,46.8,31.5,18.0,24.4,11.7,19.4
Cadarcet (09240),/management/ville/cadarcet/ville-09071,10.0,15.0,19.0,33.0,39.0,14.0,56.0,37.0,35.0,48.0,32.9,30.2,27.8,17.0,15.2,24.0,24.1,30.2
Champneuville (55100),/management/ville/champneuville/ville-55099,5.0,10.0,0.0,20.0,15.0,10.0,17.0,21.0,20.0,28.0,17.0,23.1,27.7,19.5,29.8,15.4,25.5,41.0
Beauchêne (41170),/management/ville/beauchene/ville-41014,6.0,22.0,0.0,0.0,28.0,44.0,36.0,55.0,28.0,22.0,22.1,29.7,53.2,23.0,14.3,26.6,10.4,21.9
Capens (31410),/management/ville/capens/ville-31104,5.0,35.0,66.0,127.0,96.0,51.0,87.0,110.0,94.0,157.0,18.2,20.4,26.8,22.0,22.3,20.0,32.7,37.0
Auterive (32550),/management/ville/auterive/ville-32019,9.0,10.0,24.0,62.0,88.0,18.0,112.0,110.0,75.0,119.0,28.4,25.0,29.9,22.3,18.1,17.9,23.5,33.5
Chasseneuil (36800),/management/ville/chasseneuil/ville-36042,15.0,20.0,10.0,110.0,85.0,50.0,162.0,196.0,110.0,95.0,28.0,29.3,37.4,29.2,17.5,21.2,17.1,16.9
Bardos (64520),/management/ville/bardos/ville-64094,31.0,77.0,62.0,206.0,201.0,248.0,391.0,371.0,228.0,384.0,23.3,33.3,34.7,19.2,15.8,17.4,26.2,29.6
Alos (81140),/management/ville/alos/ville-81007,0.0,0.0,5.0,10.0,5.0,10.0,33.0,7.0,13.0,24.0,39.5,43.6,15.8,3.0,15.8,17.9,28.9,35.9
Bosc-Guérard-Saint-Adrien (76710),/management/ville/bosc-guerard-saint-adrien/ville-76123,0.0,47.0,128.0,171.0,66.0,52.0,102.0,150.0,111.0,274.0,12.0,20.0,28.7,18.2,18.0,16.9,41.3,44.7
Argy (36500),/management/ville/argy/ville-36007,15.0,10.0,20.0,30.0,81.0,121.0,164.0,159.0,81.0,68.0,27.4,42.6,44.4,21.8,15.4,18.7,12.9,16.1
Caumont (02300),/management/ville/caumont/ville-02145,5.0,19.0,5.0,88.0,64.0,69.0,110.0,142.0,66.0,95.0,20.1,32.6,38.7,26.0,19.6,12.6,21.6,24.2
Chichilianne (38930),/management/ville/chichilianne/ville-38103,0.0,15.0,39.0,48.0,24.0,29.0,48.0,54.0,50.0,77.0,22.9,18.9,26.3,20.7,22.9,20.7,28.0,39.6
Biaudos (40390),/management/ville/biaudos/ville-40044,15.0,55.0,30.0,85.0,115.0,140.0,121.0,245.0,148.0,158.0,16.3,19.8,46.2,26.8,16.9,27.2,20.7,26.3
Brugny-Vaudancourt (51530),/management/ville/brugny-vaudancourt/ville-51093,30.0,20.0,15.0,70.0,65.0,55.0,68.0,124.0,69.0,85.0,18.4,20.8,42.3,27.1,20.9,19.1,18.4,30.1
Babœuf (60400),/management/ville/baboeuf/ville-60037,0.0,15.0,45.0,74.0,104.0,45.0,136.0,104.0,66.0,82.0,33.3,36.9,28.4,23.2,17.4,16.6,20.9,21.4
Blyes (01150),/management/ville/blyes/ville-01047,5.0,65.0,55.0,209.0,99.0,125.0,124.0,186.0,128.0,241.0,15.2,21.4,32.7,22.0,15.7,22.0,36.4,34.5
Cleyzieu (01230),/management/ville/cleyzieu/ville-01107,0.0,0.0,5.0,5.0,10.0,35.0,28.0,31.0,15.0,31.0,25.9,27.7,36.2,19.2,17.2,10.6,20.7,40.4
Cruscades (11200),/management/ville/cruscades/ville-11111,5.0,42.0,21.0,96.0,123.0,75.0,176.0,183.0,105.0,145.0,29.7,28.0,33.7,24.5,16.3,18.1,20.3,27.3
Champniers (16430),/management/ville/champniers/ville-16078,30.0,166.0,337.0,699.0,659.0,488.0,763.0,1375.0,779.0,1094.0,14.9,22.9,41.9,25.6,17.7,21.1,25.5,28.9
Alos-Sibas-Abense (64470),/management/ville/alos-sibas-abense/ville-64017,10.0,10.0,0.0,30.0,44.0,39.0,45.0,72.0,41.0,90.0,15.6,21.1,34.4,21.6,18.9,14.8,31.1,40.6
Agen-d'Aveyron (12630),/management/ville/agen-d-aveyron/ville-12001,30.0,45.0,45.0,155.0,135.0,100.0,149.0,269.0,138.0,237.0,16.2,21.2,44.3,23.2,13.9,20.7,25.5,34.1
Chasseneuil-du-Poitou (86360),/management/ville/chasseneuil-du-poitou/ville-86062,15.0,81.0,328.0,569.0,711.0,343.0,716.0,869.0,553.0,954.0,20.3,25.9,32.6,22.8,16.5,19.1,30.6,31.1
Annay-sur-Serein (89310),/management/ville/annay-sur-serein/ville-89010,11.0,5.0,5.0,22.0,16.0,22.0,52.0,56.0,39.0,40.0,26.8,29.5,32.9,25.2,20.7,21.0,19.5,22.9
Belhade (40410),/management/ville/belhade/ville-40032,0.0,20.0,5.0,20.0,15.0,40.0,40.0,48.0,21.0,35.0,27.1,28.4,35.7,26.7,14.3,14.9,22.9,25.7
Chaussoy-Epagny (80250),/management/ville/chaussoy-epagny/ville-80188,5.0,15.0,59.0,55.0,99.0,70.0,132.0,92.0,87.0,112.0,25.4,36.9,28.2,16.3,20.6,20.6,25.8,27.1
Athis-Mons (91200),/management/ville/athis-mons/ville-91027,8.0,719.0,2493.0,4226.0,5311.0,3483.0,7389.0,4556.0,4302.0,7039.0,30.9,32.5,21.5,17.9,18.8,18.2,28.8,31.5
Cadarsac (33750),/management/ville/cadarsac/ville-33079,0.0,26.0,31.0,26.0,46.0,36.0,45.0,77.0,51.0,83.0,17.9,18.0,34.3,24.2,19.4,20.5,28.4,36.1
Bardou (24560),/management/ville/bardou/ville-24024,0.0,5.0,0.0,5.0,0.0,5.0,6.0,6.0,5.0,15.0,7.7,26.3,23.1,15.0,23.1,10.5,46.2,47.4
Caumont (09160),/management/ville/caumont/ville-09086,15.0,10.0,15.0,15.0,45.0,60.0,67.0,69.0,79.0,40.0,29.5,23.0,25.6,29.5,30.2,31.7,14.7,16.7
Capestang (34310),/management/ville/capestang/ville-34052,78.0,151.0,127.0,317.0,414.0,292.0,782.0,735.0,461.0,491.0,29.2,33.9,33.8,24.2,19.2,18.2,17.8,21.8
Beauchery-Saint-Martin (77560),/management/ville/beauchery-saint-martin/ville-77026,10.0,5.0,21.0,73.0,57.0,57.0,86.0,66.0,47.0,77.0,31.5,30.8,24.5,21.1,18.2,15.8,25.9,30.8
Condé-sur-Marne (51150),/management/ville/conde-sur-marne/ville-51161,21.0,11.0,74.0,79.0,110.0,120.0,192.0,149.0,99.0,136.0,27.7,38.8,31.9,18.8,20.0,14.6,20.4,26.9
Auterive (82500),/management/ville/auterive/ville-82006,10.0,0.0,5.0,5.0,10.0,10.0,17.0,11.0,7.0,23.0,25.0,33.3,25.0,12.9,14.3,10.0,35.7,43.3
Berny-Rivière (02290),/management/ville/berny-riviere/ville-02071,0.0,20.0,40.0,90.0,135.0,65.0,145.0,138.0,90.0,98.0,30.7,30.9,30.7,25.7,19.3,18.9,19.3,22.2
Chadenet (48190),/management/ville/chadenet/ville-48037,8.0,8.0,0.0,8.0,13.0,0.0,12.0,27.0,15.0,22.0,15.9,15.6,43.2,25.0,15.9,25.0,25.0,34.4
Bournel (47210),/management/ville/bournel/ville-47037,20.0,20.0,0.0,10.0,25.0,40.0,53.0,61.0,44.0,34.0,22.8,32.0,29.3,28.8,30.4,16.0,17.4,18.0
Coudroy (45260),/management/ville/coudroy/ville-45107,0.0,0.0,5.0,41.0,56.0,20.0,72.0,80.0,45.0,42.0,30.5,29.8,39.0,26.8,14.4,23.1,16.1,19.0
Bosc-Hyons (76220),/management/ville/bosc-hyons/ville-76124,0.0,20.0,26.0,56.0,51.0,97.0,91.0,118.0,40.0,46.0,32.0,29.9,42.0,30.7,12.7,13.9,13.3,18.1
Argœuves (80470),/management/ville/argoeuves/ville-80024,10.0,21.0,30.0,95.0,74.0,81.0,129.0,135.0,61.0,103.0,22.8,38.2,45.1,16.7,11.6,17.2,20.5,27.9
Bibiche (57320),/management/ville/bibiche/ville-57079,15.0,0.0,0.0,60.0,45.0,90.0,83.0,141.0,51.0,56.0,18.0,32.7,47.7,30.1,16.9,13.8,17.4,16.4
Bobigny (93000),/management/ville/bobigny/ville-93008,1.0,894.0,1656.0,4173.0,8751.0,6486.0,16459.0,5966.0,5247.0,6157.0,47.7,49.5,18.7,16.5,15.1,15.9,18.4,18.0
Aloxe-Corton (21420),/management/ville/aloxe-corton/ville-21010,5.0,5.0,15.0,15.0,10.0,25.0,26.0,33.0,20.0,22.0,21.3,29.1,42.6,25.0,14.9,23.6,21.3,21.8
Belhomert-Guéhouville (28240),/management/ville/belhomert-guehouville/ville-28033,15.0,10.0,14.0,84.0,149.0,139.0,219.0,204.0,90.0,102.0,32.1,39.1,40.1,23.7,13.9,15.4,13.9,19.2
Chiconi (97670),/management/ville/chiconi/ville-97605,,,,,,,,,,,,,,,,,,
Brénod (01110),/management/ville/brenod/ville-01060,5.0,15.0,36.0,56.0,72.0,62.0,98.0,121.0,69.0,119.0,18.0,29.9,39.7,19.7,17.5,16.4,24.7,33.2
Baccarat (54120),/management/ville/baccarat/ville-54039,11.0,79.0,110.0,357.0,633.0,559.0,1394.0,1025.0,527.0,543.0,32.0,46.8,35.9,21.7,15.9,14.4,16.1,15.1
Athis-Val de Rouvre (61100),/management/ville/athis-val-de-rouvre/ville-61007,111.0,86.0,222.0,429.0,444.0,560.0,1013.0,989.0,538.0,698.0,27.9,34.5,36.2,23.1,16.9,16.4,18.9,24.1
Cruseilles (74350),/management/ville/cruseilles/ville-74096,15.0,117.0,427.0,787.0,661.0,497.0,572.0,748.0,693.0,1235.0,15.0,20.1,27.3,19.2,22.5,20.3,35.2,40.7
Annebault (14430),/management/ville/annebault/ville-14016,5.0,5.0,20.0,35.0,75.0,55.0,112.0,83.0,54.0,73.0,31.0,38.6,31.6,19.7,16.8,16.3,20.6,24.7
Chaussy (45480),/management/ville/chaussy/ville-45088,10.0,5.0,5.0,59.0,25.0,40.0,73.0,86.0,32.0,44.0,28.5,33.9,44.7,24.4,13.0,14.3,13.8,24.1
Chasseneuil-sur-Bonnieure (16260),/management/ville/chasseneuil-sur-bonnieure/ville-16085,20.0,60.0,70.0,216.0,478.0,346.0,849.0,811.0,393.0,366.0,30.0,39.4,38.2,26.3,15.4,16.9,16.3,14.1
Cadaujac (33140),/management/ville/cadaujac/ville-33080,15.0,211.0,389.0,1008.0,936.0,557.0,941.0,1294.0,831.0,1368.0,19.9,22.4,33.9,23.6,18.0,19.5,28.2,33.2
Champniers (86400),/management/ville/champniers/ville-86054,10.0,15.0,10.0,20.0,46.0,36.0,107.0,83.0,59.0,47.0,30.2,42.2,32.9,22.4,20.1,19.7,16.8,15.0
Arhansus (64120),/management/ville/arhansus/ville-64045,15.0,5.0,0.0,0.0,0.0,5.0,30.0,17.0,3.0,8.0,52.9,50.0,26.5,25.8,5.9,4.2,14.7,12.5
Bruguières (31150),/management/ville/bruguieres/ville-31091,5.0,260.0,586.0,824.0,677.0,450.0,923.0,1092.0,687.0,1399.0,19.3,25.6,31.2,21.0,17.0,16.5,32.4,35.7
Agencourt (21700),/management/ville/agencourt/ville-21001,5.0,10.0,15.0,44.0,49.0,30.0,129.0,103.0,60.0,57.0,43.2,29.9,27.3,27.7,16.4,18.6,13.1,20.4
Coutances (50200),/management/ville/coutances/ville-50147,5.0,170.0,422.0,798.0,1153.0,1059.0,2544.0,1553.0,907.0,1501.0,34.4,43.0,28.7,18.5,15.5,12.7,21.5,24.4
Chadrac (43770),/management/ville/chadrac/ville-43046,5.0,30.0,117.0,340.0,286.0,167.0,614.0,561.0,359.0,482.0,27.4,33.1,33.8,21.7,17.1,18.4,21.7,25.9
Condé-sur-Risle (27290),/management/ville/conde-sur-risle/ville-27167,5.0,15.0,35.0,89.0,84.0,89.0,117.0,143.0,78.0,109.0,25.6,26.5,38.3,23.5,17.2,18.3,18.9,30.1
Caumont (27310),/management/ville/caumont/ville-27133,0.0,35.0,100.0,115.0,106.0,60.0,151.0,246.0,137.0,252.0,14.0,24.4,36.4,24.0,18.1,16.8,31.6,32.6
Bardouville (76480),/management/ville/bardouville/ville-76056,5.0,40.0,25.0,65.0,85.0,95.0,100.0,176.0,79.0,101.0,18.2,25.5,44.4,28.6,16.9,17.7,20.4,23.8
Biblisheim (67360),/management/ville/biblisheim/ville-67037,0.0,10.0,15.0,25.0,40.0,45.0,56.0,90.0,45.0,81.0,8.7,31.0,39.4,24.4,18.9,14.5,33.1,26.9
Capesterre-Belle-Eau (97130),/management/ville/capesterre-belle-eau/ville-97107,157.0,616.0,428.0,1247.0,2626.0,1902.0,7629.0,2690.0,1902.0,1624.0,55.3,54.9,22.8,16.3,12.5,14.8,9.4,13.7
Bobital (22100),/management/ville/bobital/ville-22008,0.0,25.0,50.0,126.0,172.0,111.0,192.0,266.0,149.0,197.0,22.1,25.5,38.4,25.9,17.0,20.0,22.4,26.5
Coudun (60150),/management/ville/coudun/ville-60166,0.0,20.0,64.0,147.0,127.0,108.0,208.0,254.0,133.0,216.0,23.6,27.7,34.9,24.9,16.6,16.0,24.9,28.4
Bourneville-Sainte-Croix (27500),/management/ville/bourneville-sainte-croix/ville-27107,29.0,58.0,68.0,184.0,116.0,208.0,256.0,289.0,158.0,229.0,25.3,29.6,34.6,24.5,18.4,15.4,21.8,27.5
Auterrive (64270),/management/ville/auterrive/ville-64082,25.0,0.0,0.0,0.0,10.0,20.0,28.0,38.0,15.0,23.0,23.4,29.8,42.6,27.7,10.6,17.5,23.4,21.1
Bérou-la-Mulotière (28270),/management/ville/berou-la-mulotiere/ville-28037,0.0,15.0,10.0,40.0,55.0,45.0,79.0,68.0,42.0,52.0,33.9,31.7,30.5,23.4,20.3,14.6,15.3,27.6
Bosc-le-Hard (76850),/management/ville/bosc-le-hard/ville-76125,5.0,35.0,45.0,144.0,183.0,174.0,522.0,294.0,137.0,175.0,40.4,51.7,32.0,18.9,12.7,11.7,15.0,16.0
Clézentaine (88700),/management/ville/clezentaine/ville-88110,20.0,15.0,0.0,15.0,40.0,15.0,46.0,57.0,36.0,22.0,22.5,34.1,38.8,29.0,25.0,19.5,13.8,13.4
Beauclair (55700),/management/ville/beauclair/ville-55036,0.0,0.0,0.0,0.0,15.0,20.0,21.0,26.0,11.0,10.0,29.4,33.3,52.9,22.6,5.9,27.3,11.8,18.2
Brenon (83840),/management/ville/brenon/ville-83022,0.0,0.0,0.0,0.0,11.0,0.0,4.0,5.0,5.0,6.0,25.0,16.7,37.5,18.2,25.0,25.0,12.5,41.7
Chicourt (57590),/management/ville/chicourt/ville-57141,0.0,0.0,5.0,10.0,5.0,5.0,27.0,19.0,17.0,19.0,25.0,39.1,19.4,22.6,33.3,10.9,22.2,23.9
Chaussy (95710),/management/ville/chaussy/ville-95150,20.0,25.0,30.0,80.0,95.0,45.0,85.0,112.0,77.0,138.0,20.1,21.2,32.0,22.0,15.1,22.8,32.9,34.2
Athos-Aspis (64390),/management/ville/athos-aspis/ville-64071,30.0,5.0,5.0,10.0,35.0,30.0,49.0,54.0,29.0,41.0,25.9,30.7,36.5,24.0,16.5,17.0,21.2,26.1
Béligneux (01360),/management/ville/beligneux/ville-01032,0.0,94.0,197.0,400.0,528.0,365.0,525.0,639.0,439.0,597.0,22.1,25.5,33.3,24.1,18.8,21.0,25.8,28.3
Crusnes (54680),/management/ville/crusnes/ville-54149,0.0,25.0,45.0,135.0,275.0,185.0,323.0,445.0,198.0,226.0,20.7,32.9,42.9,27.9,16.4,16.8,20.0,18.1
Annecy (74000),/management/ville/annecy/ville-74010,57.0,3458.0,12004.0,17760.0,17739.0,11431.0,22635.0,20281.0,15674.0,35499.0,21.5,26.3,24.6,18.5,16.4,16.9,37.6,37.9
Alquines (62850),/management/ville/alquines/ville-62024,0.0,16.0,21.0,67.0,129.0,145.0,246.0,194.0,125.0,112.0,32.8,39.9,34.6,21.9,17.4,19.5,15.1,18.0
Chassenon (16150),/management/ville/chassenon/ville-16086,15.0,45.0,10.0,45.0,95.0,106.0,298.0,242.0,105.0,68.0,35.0,48.5,39.3,24.8,16.5,12.7,9.1,10.0
Cadéac (65240),/management/ville/cadeac/ville-65116,10.0,16.0,5.0,36.0,62.0,31.0,45.0,64.0,44.0,86.0,17.8,20.5,33.9,20.2,15.3,22.1,33.1,37.7
Caumont (32400),/management/ville/caumont/ville-32093,11.0,5.0,0.0,0.0,16.0,11.0,26.0,30.0,17.0,16.0,25.5,35.7,44.7,20.5,19.1,16.7,10.6,26.2
Condé-sur-Sarthe (61250),/management/ville/conde-sur-sarthe/ville-61117,0.0,49.0,158.0,257.0,287.0,227.0,608.0,578.0,319.0,486.0,29.7,31.5,33.8,22.3,14.9,17.2,21.6,27.5
Bibost (69690),/management/ville/bibost/ville-69022,25.0,20.0,35.0,40.0,106.0,80.0,90.0,125.0,75.0,112.0,22.3,22.7,35.6,24.5,18.3,19.2,23.8,31.8
Bruille-lez-Marchiennes (59490),/management/ville/bruille-lez-marchiennes/ville-59113,0.0,44.0,29.0,141.0,189.0,184.0,248.0,279.0,206.0,199.0,23.1,29.9,36.1,24.0,20.6,23.5,20.2,22.5
Baccon (45130),/management/ville/baccon/ville-45019,24.0,50.0,35.0,125.0,89.0,35.0,100.0,153.0,85.0,155.0,16.1,24.7,38.6,21.9,16.5,18.0,28.7,34.3
Agenville (80370),/management/ville/agenville/ville-80005,5.0,0.0,5.0,10.0,16.0,10.0,27.0,21.0,10.0,8.0,34.5,47.2,37.9,22.5,17.2,13.9,10.3,13.9
Coutansouze (03330),/management/ville/coutansouze/ville-03089,5.0,0.0,5.0,10.0,15.0,5.0,28.0,35.0,17.0,41.0,23.2,23.1,25.0,25.6,23.2,6.2,28.6,38.5
Bocognano (20136),/management/ville/bocognano/ville-2A040,7.0,20.0,14.0,51.0,64.0,24.0,122.0,74.0,91.0,68.0,37.3,31.9,23.1,20.5,24.9,26.5,14.8,22.7
Chadron (43150),/management/ville/chadron/ville-43047,24.0,15.0,10.0,44.0,29.0,15.0,49.0,52.0,37.0,62.0,21.7,26.9,28.3,22.7,18.9,19.4,31.1,30.1
Autet (70180),/management/ville/autet/ville-70037,0.0,5.0,5.0,10.0,34.0,30.0,91.0,48.0,34.0,33.0,44.1,43.5,28.0,19.1,14.0,19.1,14.0,18.3
Coudures (40500),/management/ville/coudures/ville-40086,5.0,20.0,10.0,62.0,74.0,59.0,123.0,103.0,59.0,73.0,26.9,41.2,39.8,18.6,14.6,18.2,18.7,21.9
Aries-Espénan (65230),/management/ville/aries-espenan/ville-65026,5.0,5.0,0.0,10.0,10.0,5.0,15.0,5.0,13.0,19.0,40.9,19.4,13.6,8.3,18.2,29.0,27.3,45.2
Annelles (08310),/management/ville/annelles/ville-08014,15.0,10.0,5.0,10.0,15.0,15.0,22.0,23.0,12.0,36.0,20.4,27.3,28.6,17.6,20.4,4.5,30.6,47.7
Berrac (32480),/management/ville/berrac/ville-32047,25.0,0.0,0.0,5.0,15.0,0.0,23.0,13.0,16.0,27.0,24.4,34.2,17.1,16.2,22.0,18.4,36.6,31.6
Capesterre-de-Marie-Galante (97140),/management/ville/capesterre-de-marie-galante/ville-97108,75.0,150.0,80.0,145.0,470.0,255.0,1182.0,683.0,262.0,420.0,44.7,48.0,29.3,21.5,10.1,10.5,16.0,17.0
Barèges (65120),/management/ville/bareges/ville-65481,0.0,26.0,5.0,10.0,31.0,15.0,35.0,44.0,32.0,29.0,26.4,23.9,34.7,27.1,18.1,28.2,20.8,21.1
Bournezeau (85480),/management/ville/bournezeau/ville-85034,70.0,105.0,70.0,425.0,390.0,585.0,708.0,757.0,426.0,509.0,24.3,34.7,38.3,23.0,18.2,17.3,19.1,23.3
Beaucoudray (50420),/management/ville/beaucoudray/ville-50039,0.0,15.0,0.0,10.0,15.0,40.0,29.0,30.0,27.0,16.0,23.7,34.9,45.8,11.1,13.6,44.2,16.9,14.0
Chiddes (58170),/management/ville/chiddes/ville-58074,20.0,10.0,5.0,25.0,15.0,35.0,64.0,81.0,73.0,59.0,15.3,30.7,34.3,24.5,27.7,25.0,22.6,20.0
Attainville (95570),/management/ville/attainville/ville-95028,15.0,50.0,172.0,299.0,255.0,117.0,255.0,329.0,250.0,408.0,21.2,19.8,29.7,22.5,19.9,20.3,29.1,36.7
Cruviers-Lascours (30360),/management/ville/cruviers-lascours/ville-30100,20.0,41.0,41.0,97.0,82.0,61.0,141.0,114.0,89.0,150.0,30.6,26.4,27.8,18.3,17.7,18.3,23.8,37.0
Chassey (21150),/management/ville/chassey/ville-21151,0.0,0.0,0.0,10.0,10.0,15.0,29.0,17.0,14.0,8.0,38.2,45.7,35.3,18.8,14.7,25.7,11.8,11.4
Bach (46230),/management/ville/bach/ville-46013,10.0,20.0,5.0,20.0,15.0,5.0,34.0,46.0,29.0,45.0,11.4,31.0,50.0,14.7,12.9,23.8,25.7,32.1
Brenouille (60870),/management/ville/brenouille/ville-60102,0.0,50.0,196.0,312.0,350.0,177.0,376.0,442.0,265.0,395.0,25.2,25.6,33.4,24.6,17.1,18.7,24.2,29.2
Clichy (92110),/management/ville/clichy/ville-92024,15.0,1334.0,9455.0,8395.0,9171.0,4291.0,11276.0,6031.0,6482.0,18474.0,26.2,27.1,16.5,12.6,14.5,16.1,42.7,44.7
Alrance (12430),/management/ville/alrance/ville-12006,74.0,10.0,5.0,26.0,20.0,15.0,134.0,71.0,58.0,32.0,42.2,48.9,31.2,16.7,20.8,18.4,5.8,16.3
Cadeilhan (32380),/management/ville/cadeilhan/ville-32068,5.0,0.0,5.0,19.0,29.0,5.0,20.0,28.0,15.0,40.0,22.0,18.5,36.0,18.5,12.0,18.5,30.0,44.4
Belin-Béliet (33830),/management/ville/belin-beliet/ville-33042,5.0,266.0,266.0,712.0,824.0,671.0,1028.0,1211.0,710.0,861.0,25.4,28.5,36.2,25.4,17.8,19.5,20.6,24.5
Agenvillers (80150),/management/ville/agenvillers/ville-80006,5.0,0.0,14.0,38.0,29.0,24.0,52.0,40.0,22.0,37.0,32.9,35.9,31.5,20.2,15.1,14.1,20.5,28.2
Bruille-Saint-Amand (59199),/management/ville/bruille-saint-amand/ville-59114,0.0,35.0,115.0,215.0,210.0,220.0,350.0,322.0,206.0,358.0,20.4,35.6,34.3,18.2,16.6,16.8,28.7,29.2
Coutarnoux (89440),/management/ville/coutarnoux/ville-89128,0.0,5.0,5.0,21.0,26.0,26.0,20.0,40.0,21.0,21.0,14.8,23.9,44.4,30.9,22.2,17.4,18.5,21.7
Chauvac-Laux-Montaux (26510),/management/ville/chauvac-laux-montaux/ville-26091,10.0,0.0,0.0,5.0,5.0,0.0,14.0,3.0,9.0,9.0,47.1,29.4,11.8,7.7,23.5,29.4,17.6,35.3
Bosc-Mesnil (76680),/management/ville/bosc-mesnil/ville-76126,5.0,0.0,10.0,45.0,71.0,45.0,78.0,62.0,45.0,37.0,34.5,35.5,34.5,21.1,19.1,21.8,11.8,21.8
Annemasse (74100),/management/ville/annemasse/ville-74012,1.0,942.0,1635.0,3951.0,6828.0,4776.0,8055.0,6093.0,4550.0,6551.0,28.5,35.0,28.5,19.7,17.8,18.2,25.1,26.7
Coueilles (31230),/management/ville/coueilles/ville-31152,0.0,5.0,5.0,10.0,5.0,5.0,27.0,10.0,16.0,23.0,29.4,39.0,17.6,10.8,23.5,19.5,29.4,31.7
Bichancourt (02300),/management/ville/bichancourt/ville-02086,5.0,30.0,25.0,167.0,182.0,120.0,264.0,242.0,143.0,135.0,29.6,37.7,38.2,22.3,19.0,17.6,13.2,21.1
Chassey-Beaupré (55130),/management/ville/chassey-beaupre/ville-55104,6.0,0.0,6.0,11.0,11.0,6.0,35.0,33.0,3.0,8.0,39.5,48.8,44.7,29.1,2.6,4.9,13.2,7.3
Bocquegney (88270),/management/ville/bocquegney/ville-88063,0.0,5.0,0.0,10.0,30.0,40.0,16.0,38.0,17.0,30.0,7.8,24.0,43.1,26.2,23.5,10.0,25.5,34.0
Chadurie (16250),/management/ville/chadurie/ville-16072,15.0,20.0,28.0,50.0,50.0,65.0,91.0,154.0,67.0,84.0,19.4,26.7,45.3,27.9,17.4,16.4,17.9,24.6
Condé-sur-Seulles (14400),/management/ville/conde-sur-seulles/ville-14175,10.0,5.0,21.0,82.0,36.0,51.0,30.0,57.0,41.0,66.0,18.6,11.3,35.1,23.5,20.6,22.7,25.8,42.3
Berre-l'Étang (13130),/management/ville/berre-l-etang/ville-13014,60.0,301.0,266.0,1199.0,2012.0,2124.0,4398.0,2743.0,1395.0,1437.0,45.0,43.2,29.6,23.4,11.2,16.8,14.2,14.6
Bourniquel (24150),/management/ville/bourniquel/ville-24060,5.0,5.0,5.0,0.0,5.0,14.0,12.0,13.0,11.0,19.0,16.7,28.6,30.0,19.2,16.7,25.0,36.7,28.6
Caumont (33540),/management/ville/caumont/ville-33112,0.0,5.0,5.0,25.0,10.0,5.0,47.0,26.0,20.0,30.0,44.1,32.8,22.0,19.4,16.9,15.6,16.9,31.3
Chiddes (71220),/management/ville/chiddes/ville-71128,5.0,0.0,0.0,11.0,27.0,5.0,17.0,17.0,11.0,25.0,24.3,27.3,29.7,17.1,16.2,12.1,29.7,42.4
Capian (33550),/management/ville/capian/ville-33093,40.0,49.0,30.0,59.0,79.0,74.0,129.0,169.0,114.0,120.0,24.5,24.1,35.0,26.2,22.6,19.8,17.9,27.6
Crux-la-Ville (58330),/management/ville/crux-la-ville/ville-58092,15.0,20.0,5.0,10.0,65.0,40.0,103.0,116.0,48.0,82.0,27.2,31.8,40.5,23.1,14.5,13.1,17.9,29.0
Bélis (40120),/management/ville/belis/ville-40033,5.0,0.0,0.0,15.0,15.0,5.0,41.0,21.0,16.0,43.0,33.9,33.9,15.3,17.9,15.3,11.3,35.6,35.5
Arifat (81360),/management/ville/arifat/ville-81017,15.0,0.0,5.0,15.0,20.0,20.0,46.0,36.0,26.0,34.0,30.6,34.3,29.2,21.4,15.3,21.4,25.0,22.9
Beaucourt (90500),/management/ville/beaucourt/ville-90009,0.0,86.0,217.0,545.0,625.0,807.0,1130.0,1196.0,666.0,812.0,22.6,36.1,36.7,24.3,18.4,16.8,22.4,20.4
Bareilles (65240),/management/ville/bareilles/ville-65064,0.0,0.0,0.0,0.0,15.0,10.0,9.0,20.0,7.0,1.0,6.7,36.4,80.0,33.3,6.7,27.3,6.7,0.0
Attancourt (52130),/management/ville/attancourt/ville-52021,10.0,14.0,5.0,33.0,33.0,33.0,50.0,69.0,35.0,36.0,20.8,31.9,44.8,26.5,13.5,23.4,20.8,17.0
Champniers-et-Reilhac (24360),/management/ville/champniers-et-reilhac/ville-24100,0.0,31.0,10.0,21.0,36.0,82.0,157.0,111.0,65.0,68.0,31.3,47.0,37.8,17.5,14.9,17.5,15.9,18.0
Alsting (57515),/management/ville/alsting/ville-57013,0.0,105.0,110.0,330.0,471.0,355.0,608.0,682.0,352.0,476.0,21.8,35.4,37.1,24.6,17.4,15.9,23.7,21.2
Chauvé (44320),/management/ville/chauve/ville-44038,44.0,103.0,64.0,235.0,479.0,489.0,473.0,728.0,404.0,385.0,19.7,27.9,41.6,28.3,20.2,20.4,18.6,20.2
Brenoux (48000),/management/ville/brenoux/ville-48030,10.0,30.0,0.0,65.0,60.0,20.0,50.0,72.0,65.0,88.0,19.0,17.5,30.7,21.5,24.8,22.6,25.5,38.7
Brûlain (79230),/management/ville/brulain/ville-79058,34.0,20.0,30.0,99.0,84.0,128.0,145.0,169.0,87.0,144.0,23.2,30.4,40.7,19.6,16.1,15.6,20.0,33.5
Coutençon (77154),/management/ville/coutencon/ville-77140,5.0,15.0,25.0,31.0,41.0,46.0,40.0,77.0,43.0,50.0,17.0,20.6,40.6,30.7,17.9,22.5,24.5,22.5
Biches (58110),/management/ville/biches/ville-58030,26.0,0.0,5.0,26.0,31.0,36.0,96.0,76.0,35.0,37.0,36.1,43.3,39.3,21.9,11.5,16.7,13.1,16.7
Couëron (44220),/management/ville/coueron/ville-44047,53.0,498.0,1781.0,2933.0,2856.0,2158.0,3378.0,4559.0,2608.0,4424.0,19.1,25.8,35.1,24.2,17.0,17.8,28.8,30.3
Clichy-sous-Bois (93390),/management/ville/clichy-sous-bois/ville-93014,3.0,573.0,539.0,1933.0,4314.0,3822.0,9632.0,3124.0,2814.0,2393.0,52.8,54.4,20.1,15.0,15.0,16.3,12.1,14.5
Bachant (59138),/management/ville/bachant/ville-59041,5.0,10.0,61.0,222.0,328.0,408.0,589.0,596.0,304.0,229.0,27.6,40.8,41.8,25.2,17.9,17.5,12.7,13.9
Auteuil (60390),/management/ville/auteuil/ville-60030,10.0,26.0,47.0,78.0,119.0,62.0,105.0,128.0,81.0,110.0,22.8,27.0,31.5,26.3,18.7,19.1,26.9,25.0
Annéot (89200),/management/ville/anneot/ville-89011,5.0,0.0,16.0,16.0,16.0,11.0,26.0,45.0,9.0,19.0,21.6,30.6,52.9,30.5,2.0,16.3,23.5,16.3
Altagène (20112),/management/ville/altagene/ville-2A011,0.0,1.0,2.0,4.0,7.0,1.0,14.0,4.0,9.0,11.0,23.5,47.6,5.9,17.4,41.2,9.5,29.4,23.8
Boscamnant (17360),/management/ville/boscamnant/ville-17055,5.0,20.0,5.0,30.0,45.0,25.0,204.0,70.0,30.0,23.0,56.6,67.2,28.3,14.7,8.3,10.0,6.9,7.2
Cruzille (71260),/management/ville/cruzille/ville-71156,20.0,5.0,25.0,10.0,20.0,30.0,43.0,52.0,44.0,60.0,13.5,30.5,30.8,20.4,26.0,17.9,29.8,30.5
Bournois (25250),/management/ville/bournois/ville-25083,5.0,0.0,10.0,20.0,10.0,30.0,53.0,54.0,22.0,14.0,37.3,36.8,37.3,30.9,16.4,14.5,9.0,10.5
Condé-sur-Suippe (02190),/management/ville/conde-sur-suippe/ville-02211,5.0,10.0,0.0,35.0,45.0,40.0,80.0,52.0,38.0,39.0,31.4,45.2,32.4,17.3,19.0,17.3,17.1,20.2
Arignac (09400),/management/ville/arignac/ville-09015,5.0,40.0,25.0,70.0,95.0,30.0,151.0,157.0,114.0,124.0,24.8,30.3,34.7,23.4,17.6,23.9,22.9,22.5
9,44.5
Caumont (62140),/management/ville/caumont/ville-62219,5.0,0.0,0.0,21.0,26.0,21.0,50.0,35.0,23.0,30.0,29.7,43.8,29.7,20.9,14.9,17.2,25.7,17.2
Chassey-le-Camp (71150),/management/ville/chassey-le-camp/ville-71109,15.0,15.0,15.0,40.0,50.0,50.0,67.0,71.0,54.0,66.0,22.0,30.2,36.4,19.3,18.2,23.8,23.5,27.8
Ageville (52340),/management/ville/ageville/ville-52001,0.0,20.0,15.0,30.0,15.0,60.0,65.0,75.0,38.0,46.0,26.3,31.8,49.1,18.4,10.5,23.6,14.0,27.3
Bodilis (29400),/management/ville/bodilis/ville-29010,30.0,59.0,31.0,259.0,226.0,258.0,170.0,344.0,303.0,348.0,14.2,15.1,31.2,26.6,27.7,24.0,26.9,33.4
Berre-les-Alpes (06390),/management/ville/berre-les-alpes/ville-06015,5.0,59.0,60.0,127.0,216.0,94.0,281.0,259.0,179.0,255.0,28.0,29.6,34.0,19.7,15.4,21.3,22.6,29.8
Climbach (67510),/management/ville/climbach/ville-67075,0.0,10.0,10.0,70.0,80.0,40.0,76.0,119.0,68.0,53.0,16.0,31.9,46.8,27.2,19.9,23.1,17.3,16.3
Auteuil (78770),/management/ville/auteuil/ville-78034,0.0,83.0,167.0,133.0,79.0,25.0,124.0,148.0,109.0,299.0,15.7,20.8,25.4,17.8,16.0,16.1,42.9,44.9
Bosdarros (64290),/management/ville/bosdarros/ville-64139,35.0,20.0,95.0,140.0,120.0,40.0,112.0,239.0,118.0,300.0,13.5,15.3,37.0,23.8,12.4,18.1,37.0,41.0
Barembach (67130),/management/ville/barembach/ville-67020,0.0,20.0,20.0,81.0,127.0,122.0,208.0,243.0,120.0,83.0,27.8,35.8,40.4,29.5,18.0,19.0,13.8,11.3
Condé-sur-Vesgre (78113),/management/ville/conde-sur-vesgre/ville-78171,0.0,52.0,159.0,196.0,113.0,62.0,143.0,194.0,154.0,365.0,16.1,17.4,25.4,19.7,16.8,19.1,41.7,43.7
Chidrac (63320),/management/ville/chidrac/ville-63109,10.0,34.0,10.0,39.0,78.0,58.0,85.0,115.0,77.0,89.0,14.9,31.0,39.2,23.5,19.9,22.3,26.0,22.8
Champoléon (05260),/management/ville/champoleon/ville-05032,5.0,0.0,5.0,16.0,21.0,11.0,18.0,39.0,17.0,34.0,18.9,14.5,52.8,21.1,13.2,18.2,15.1,45.5
Attenschwiller (68220),/management/ville/attenschwiller/ville-68013,0.0,44.0,87.0,160.0,116.0,116.0,138.0,233.0,141.0,228.0,13.3,23.7,37.2,24.4,18.6,19.5,30.8,30.8
Brens (01300),/management/ville/brens/ville-01061,10.0,80.0,75.0,170.0,135.0,105.0,203.0,268.0,145.0,229.0,19.6,28.6,38.9,22.8,16.6,17.8,24.9,29.3
Chauvency-le-Château (55600),/management/ville/chauvency-le-chateau/ville-55109,0.0,0.0,10.0,35.0,20.0,70.0,81.0,42.0,33.0,27.0,40.9,47.8,29.0,16.5,20.4,15.6,9.7,20.0
Bickenholtz (57635),/management/ville/bickenholtz/ville-57080,0.0,0.0,0.0,5.0,5.0,30.0,13.0,25.0,11.0,7.0,23.3,23.1,46.7,34.4,20.0,19.2,10.0,15.4
Chaffois (25300),/management/ville/chaffois/ville-25110,44.0,40.0,44.0,104.0,124.0,133.0,159.0,239.0,132.0,174.0,21.1,24.1,37.6,26.7,21.1,16.1,20.2,29.2
Coutens (09500),/management/ville/coutens/ville-09102,0.0,5.0,15.0,10.0,15.0,20.0,50.0,37.0,22.0,21.0,42.6,34.8,29.5,25.3,14.8,18.8,13.1,18.8
Couesmes (37330),/management/ville/couesmes/ville-37084,14.0,37.0,9.0,45.0,68.0,73.0,138.0,131.0,61.0,33.0,32.3,44.2,44.8,24.5,16.1,17.4,6.8,11.6
Chassey-lès-Montbozon (70230),/management/ville/chassey-les-montbozon/ville-70137,10.0,15.0,5.0,25.0,20.0,30.0,52.0,58.0,28.0,27.0,26.7,35.6,45.3,24.5,16.0,17.8,12.0,20.0
Beaucourt-en-Santerre (80110),/management/ville/beaucourt-en-santerre/ville-80064,0.0,5.0,11.0,53.0,16.0,11.0,27.0,29.0,16.0,50.0,21.3,23.3,34.4,12.1,11.5,15.0,32.8,50.0
Autevielle-Saint-Martin-Bideren (64390),/management/ville/autevielle-saint-martin-bideren/ville-64083,0.0,16.0,10.0,5.0,26.0,21.0,36.0,72.0,23.0,29.0,22.8,23.5,49.4,31.4,16.5,11.1,11.4,24.7
Annepont (17350),/management/ville/annepont/ville-17011,20.0,10.0,11.0,31.0,51.0,52.0,95.0,96.0,53.0,40.0,31.4,34.7,37.1,27.3,18.6,18.8,12.9,16.0
Brulange (57340),/management/ville/brulange/ville-57115,0.0,0.0,0.0,9.0,14.0,14.0,23.0,26.0,9.0,22.0,25.0,31.6,35.0,25.5,15.0,7.9,25.0,28.9
Bournoncle-Saint-Pierre (43360),/management/ville/bournoncle-saint-pierre/ville-43038,10.0,20.0,25.0,121.0,121.0,171.0,275.0,245.0,146.0,119.0,29.2,40.9,38.1,23.1,19.3,17.7,13.3,16.7
Cruzilles-lès-Mépillat (01290),/management/ville/cruzilles-les-mepillat/ville-01136,15.0,26.0,46.0,108.0,103.0,118.0,181.0,166.0,106.0,159.0,29.0,30.1,34.6,18.7,16.2,18.7,20.2,32.5
Alteckendorf (67270),/management/ville/alteckendorf/ville-67005,10.0,21.0,104.0,109.0,83.0,114.0,125.0,242.0,109.0,193.0,11.4,26.0,46.0,24.0,15.0,17.7,27.6,30.3
Condé-sur-Vire (50420),/management/ville/conde-sur-vire/ville-50139,21.0,102.0,158.0,376.0,600.0,571.0,1023.0,961.0,481.0,573.0,29.8,37.2,37.4,23.6,16.5,15.2,16.2,21.4
Caplong (33220),/management/ville/caplong/ville-33094,5.0,5.0,5.0,10.0,25.0,80.0,67.0,57.0,27.0,38.0,31.6,39.6,36.7,21.2,14.3,14.3,17.3,23.1
Chierry (02400),/management/ville/chierry/ville-02187,10.0,55.0,80.0,135.0,85.0,75.0,203.0,257.0,155.0,213.0,19.8,28.4,42.1,21.6,15.9,21.1,22.2,28.7
Arinthod (39240),/management/ville/arinthod/ville-39016,10.0,30.0,20.0,84.0,93.0,240.0,369.0,265.0,144.0,113.0,32.8,49.8,36.2,21.3,19.0,13.4,11.9,13.4
Couesmes-Vaucé (53300),/management/ville/couesmes-vauce/ville-53079,30.0,20.0,0.0,20.0,30.0,25.0,90.0,81.0,53.0,54.0,30.8,34.1,31.5,25.2,17.5,20.7,20.3,18.5
Boé (47550),/management/ville/boe/ville-47031,15.0,201.0,231.0,682.0,840.0,567.0,1139.0,1179.0,749.0,1002.0,25.7,29.9,32.7,24.1,18.1,18.7,23.5,25.6
Berriac (11000),/management/ville/berriac/ville-11037,0.0,23.0,23.0,83.0,124.0,101.0,339.0,151.0,105.0,106.0,49.0,47.9,24.2,18.4,13.5,16.3,13.3,16.9
Agey (21410),/management/ville/agey/ville-21002,0.0,11.0,5.0,54.0,21.0,11.0,43.0,55.0,36.0,85.0,18.3,20.2,26.6,22.6,14.7,18.3,40.4,37.6
Bosgouet (27310),/management/ville/bosgouet/ville-27091,14.0,28.0,28.0,70.0,108.0,75.0,118.0,156.0,74.0,148.0,20.3,27.2,39.0,21.7,16.3,13.6,24.4,35.2
Beaucourt-sur-l'Ancre (80300),/management/ville/beaucourt-sur-l-ancre/ville-80065,10.0,0.0,0.0,15.0,0.0,5.0,29.0,21.0,7.0,11.0,42.4,42.9,30.3,25.6,12.1,8.6,15.2,17.1
Clinchamp (52700),/management/ville/clinchamp/ville-52133,5.0,0.0,0.0,0.0,10.0,10.0,28.0,23.0,9.0,10.0,35.9,45.5,41.0,22.2,10.3,15.2,12.8,15.2
Bellac (87300),/management/ville/bellac/ville-87011,16.0,103.0,119.0,228.0,549.0,320.0,1261.0,976.0,536.0,551.0,29.8,44.6,37.3,21.7,14.2,17.7,18.7,14.9
Baren (31440),/management/ville/baren/ville-31046,0.0,5.0,0.0,0.0,0.0,0.0,4.0,0.0,3.0,3.0,40.0,40.0,0.0,0.0,40.0,20.0,20.0,40.0
Chagey (70400),/management/ville/chagey/ville-70116,0.0,10.0,26.0,92.0,77.0,92.0,120.0,163.0,78.0,137.0,17.8,30.2,40.5,22.9,16.6,14.7,25.1,29.8
Brens (81600),/management/ville/brens/ville-81038,25.0,75.0,155.0,310.0,300.0,130.0,416.0,425.0,294.0,487.0,24.1,27.2,30.3,21.4,17.7,18.5,27.9,32.1
Bicqueley (54200),/management/ville/bicqueley/ville-54073,0.0,20.0,28.0,121.0,147.0,127.0,176.0,187.0,141.0,157.0,23.4,30.1,36.8,19.9,19.9,22.9,19.9,27.9
Altenach (68210),/management/ville/altenach/ville-68002,10.0,5.0,10.0,49.0,39.0,69.0,80.0,96.0,61.0,60.0,21.1,33.1,39.5,24.3,19.7,21.1,19.7,20.4
Chauvency-Saint-Hubert (55600),/management/ville/chauvency-saint-hubert/ville-55110,0.0,0.0,0.0,5.0,43.0,76.0,87.0,45.0,39.0,22.0,41.8,48.9,30.6,16.1,18.4,22.3,9.2,13.8
Arith (73340),/management/ville/arith/ville-73020,0.0,25.0,55.0,56.0,40.0,71.0,73.0,106.0,66.0,95.0,19.1,24.1,38.7,22.3,20.2,18.1,22.0,34.3
Couternon (21560),/management/ville/couternon/ville-21209,5.0,65.0,219.0,254.0,214.0,150.0,190.0,358.0,252.0,577.0,13.2,14.4,30.2,21.1,18.6,18.1,38.0,45.5
Champoly (42430),/management/ville/champoly/ville-42047,20.0,5.0,20.0,20.0,35.0,30.0,95.0,67.0,37.0,50.0,37.0,39.3,32.3,20.2,14.2,15.6,16.5,23.8
Beaucourt-sur-l'Hallue (80260),/management/ville/beaucourt-sur-l-hallue/ville-80066,0.0,0.0,20.0,56.0,45.0,20.0,45.0,50.0,34.0,68.0,16.7,29.3,33.3,17.2,17.7,17.2,32.3,36.4
Bosjean (71330),/management/ville/bosjean/ville-71044,10.0,5.0,5.0,10.0,20.0,66.0,85.0,90.0,44.0,40.0,28.4,39.3,43.3,22.5,18.4,14.5,9.9,21.4
Cadeilhan-Trachère (65170),/management/ville/cadeilhan-trachere/ville-65117,0.0,5.0,0.0,14.0,0.0,5.0,12.0,13.0,6.0,5.0,12.5,47.6,50.0,24.0,25.0,9.5,12.5,14.3
Chassey-lès-Scey (70360),/management/ville/chassey-les-scey/ville-70138,0.0,5.0,5.0,11.0,21.0,16.0,28.0,34.0,12.0,22.0,27.7,30.6,42.6,24.6,10.6,12.2,19.1,28.6
Bruley (54200),/management/ville/bruley/ville-54102,10.0,20.0,40.0,55.0,98.0,55.0,95.0,153.0,81.0,129.0,20.3,20.8,39.0,25.3,17.7,17.7,22.9,33.6
Bournonville (62240),/management/ville/bournonville/ville-62165,0.0,0.0,10.0,46.0,21.0,26.0,59.0,45.0,29.0,39.0,30.3,38.1,29.2,21.7,18.0,14.3,22.5,23.8
Condécourt (95450),/management/ville/condecourt/ville-95170,5.0,20.0,71.0,81.0,56.0,51.0,84.0,113.0,78.0,136.0,18.8,22.4,29.3,23.1,22.6,15.6,29.3,36.6
Chieulles (57070),/management/ville/chieulles/ville-57142,0.0,10.0,70.0,85.0,50.0,10.0,35.0,82.0,49.0,140.0,11.5,11.4,29.7,22.5,14.9,17.1,43.9,47.5
Cruzy (34310),/management/ville/cruzy/ville-34092,34.0,53.0,25.0,105.0,133.0,89.0,295.0,198.0,111.0,179.0,37.5,37.8,29.8,20.0,11.9,16.3,20.8,24.9
Capoulet-et-Junac (09400),/management/ville/capoulet-et-junac/ville-09077,0.0,5.0,0.0,25.0,25.0,55.0,42.0,44.0,31.0,28.0,29.3,28.6,34.1,23.9,23.2,19.0,13.4,27.0
Annequin (62149),/management/ville/annequin/ville-62034,0.0,70.0,60.0,250.0,305.0,385.0,503.0,556.0,284.0,259.0,25.5,36.7,42.1,25.7,16.3,19.0,16.1,16.3
Caumont (82210),/management/ville/caumont/ville-82035,19.0,5.0,10.0,30.0,49.0,35.0,78.0,78.0,45.0,47.0,26.8,35.8,38.6,23.6,15.0,21.7,19.7,18.3
Attiches (59551),/management/ville/attiches/ville-59022,10.0,45.0,275.0,330.0,300.0,160.0,405.0,405.0,271.0,577.0,20.8,28.1,28.3,19.4,18.0,14.7,32.8,36.7
Boëcé (61560),/management/ville/boece/ville-61048,10.0,5.0,0.0,5.0,15.0,24.0,27.0,39.0,13.0,12.0,23.9,35.6,52.2,29.4,8.7,20.0,15.2,11.1
Bachas (31420),/management/ville/bachas/ville-31039,0.0,10.0,0.0,5.0,20.0,0.0,19.0,8.0,4.0,20.0,32.0,42.3,24.0,7.7,8.0,7.7,36.0,42.3
Authe (08240),/management/ville/authe/ville-08033,10.0,0.0,0.0,5.0,10.0,15.0,22.0,18.0,14.0,18.0,25.7,35.1,28.6,21.1,20.0,18.9,25.7,24.3
Aghione (20270),/management/ville/aghione/ville-2B002,16.0,5.0,7.0,24.0,22.0,44.0,73.0,48.0,36.0,45.0,37.2,34.1,27.3,18.3,18.2,18.3,17.4,29.3
Clion (17240),/management/ville/clion/ville-17111,20.0,35.0,10.0,20.0,105.0,80.0,205.0,222.0,107.0,101.0,23.6,40.3,45.6,23.1,17.4,16.4,13.4,18.2
Berrias-et-Casteljau (07460),/management/ville/berrias-et-casteljau/ville-07031,20.0,34.0,44.0,64.0,64.0,49.0,131.0,184.0,91.0,172.0,21.2,24.1,43.4,20.7,13.1,17.8,22.3,36.6
Bosmie-l'Aiguille (87110),/management/ville/bosmie-l-aiguille/ville-87021,0.0,56.0,172.0,399.0,331.0,245.0,461.0,536.0,344.0,548.0,21.2,27.5,35.8,20.8,17.1,19.3,25.9,32.0
Brullemail (61390),/management/ville/brullemail/ville-61064,5.0,0.0,0.0,25.0,0.0,5.0,20.0,18.0,12.0,23.0,18.9,36.1,35.1,13.2,24.3,8.3,21.6,41.7
Chignin (73800),/management/ville/chignin/ville-73084,10.0,45.0,95.0,160.0,85.0,95.0,137.0,183.0,106.0,234.0,19.6,21.9,34.4,20.2,15.1,17.0,30.8,40.1
Chagnon (42800),/management/ville/chagnon/ville-42036,15.0,15.0,40.0,50.0,75.0,75.0,118.0,77.0,89.0,73.0,33.0,33.1,23.6,19.5,29.7,20.0,13.7,27.4
Brenthonne (74890),/management/ville/brenthonne/ville-74048,0.0,40.0,60.0,185.0,175.0,160.0,151.0,242.0,125.0,221.0,17.6,23.2,39.0,24.4,16.5,17.3,26.9,32.8
Bidache (64520),/management/ville/bidache/ville-64123,41.0,31.0,71.0,143.0,183.0,148.0,290.0,327.0,177.0,240.0,26.8,29.3,37.1,24.2,16.7,17.6,19.4,26.8
Champosoult (61120),/management/ville/champosoult/ville-61089,5.0,5.0,5.0,5.0,5.0,20.0,26.0,31.0,10.0,11.0,33.3,33.3,40.5,29.8,16.7,8.3,9.5,19.4
Clion (36700),/management/ville/clion/ville-36055,0.0,46.0,10.0,41.0,118.0,93.0,368.0,286.0,148.0,82.0,35.2,47.3,42.5,22.4,13.8,19.3,8.5,10.0
Couteuges (43230),/management/ville/couteuges/ville-43079,5.0,15.0,0.0,20.0,40.0,40.0,78.0,77.0,43.0,38.0,25.0,41.4,43.3,21.7,14.2,22.4,17.5,14.7
Arlanc (63220),/management/ville/arlanc/ville-63010,20.0,75.0,55.0,125.0,254.0,333.0,700.0,432.0,211.0,178.0,38.3,53.1,36.2,19.8,14.5,13.2,11.0,12.3
Altenheim (67490),/management/ville/altenheim/ville-67006,5.0,0.0,0.0,34.0,44.0,34.0,44.0,58.0,33.0,28.0,23.8,30.5,42.9,25.9,17.9,23.2,15.5,19.5
Attichy (60350),/management/ville/attichy/ville-60025,10.0,35.0,59.0,225.0,227.0,237.0,419.0,437.0,240.0,361.0,25.6,31.5,35.6,22.9,17.6,15.5,21.2,27.9
Beaucouzé (49070),/management/ville/beaucouze/ville-49020,18.0,130.0,462.0,743.0,730.0,387.0,839.0,939.0,682.0,1177.0,19.9,26.1,28.1,22.6,18.6,18.9,33.4,31.4
Bournos (64450),/management/ville/bournos/ville-64146,9.0,4.0,15.0,49.0,29.0,29.0,49.0,72.0,61.0,56.0,14.5,27.2,39.5,21.7,24.2,27.2,21.8,25.4
Berric (56230),/management/ville/berric/ville-56015,15.0,48.0,92.0,276.0,223.0,237.0,240.0,382.0,256.0,360.0,18.2,20.5,35.8,24.5,21.8,19.6,24.2,33.8
Cadeillan (32220),/management/ville/cadeillan/ville-32069,5.0,10.0,5.0,10.0,10.0,0.0,14.0,9.0,8.0,18.0,26.1,33.3,13.0,21.4,13.0,18.5,47.8,25.9
Chigny (02120),/management/ville/chigny/ville-02188,5.0,10.0,0.0,5.0,20.0,30.0,40.0,44.0,20.0,16.0,21.7,45.0,43.3,26.5,16.7,16.7,18.3,8.3
Chassiecq (16350),/management/ville/chassiecq/ville-16087,0.0,5.0,5.0,15.0,10.0,20.0,43.0,38.0,23.0,15.0,33.3,38.7,40.4,23.4,17.5,21.0,8.8,16.1
Barentin (76360),/management/ville/barentin/ville-76057,3.0,162.0,507.0,1370.0,1842.0,1672.0,3038.0,2415.0,1523.0,1933.0,29.6,38.1,33.1,20.9,16.5,17.6,20.8,22.5
Bellaffaire (04250),/management/ville/bellaffaire/ville-04026,20.0,5.0,0.0,30.0,20.0,0.0,38.0,37.0,23.0,27.0,27.7,33.3,40.0,19.6,12.3,25.0,20.0,23.3
Annesse-et-Beaulieu (24430),/management/ville/annesse-et-beaulieu/ville-24010,5.0,36.0,66.0,194.0,193.0,148.0,349.0,382.0,209.0,224.0,26.6,33.1,39.7,24.8,15.6,20.1,18.0,20.4
Chauvigné (35490),/management/ville/chauvigne/ville-35075,44.0,0.0,31.0,76.0,112.0,126.0,216.0,189.0,105.0,98.0,35.0,36.0,35.0,24.7,17.2,17.7,12.9,19.3
Caumont-sur-Aure (14240),/management/ville/caumont-sur-aure/ville-14143,59.0,40.0,40.0,203.0,318.0,377.0,763.0,500.0,220.0,248.0,37.3,50.2,37.2,19.7,12.7,12.7,12.8,15.7
Cappel (57450),/management/ville/cappel/ville-57122,5.0,10.0,15.0,76.0,116.0,76.0,172.0,204.0,79.0,93.0,25.7,36.9,40.3,28.3,16.0,12.9,17.9,15.8
Bachos (31440),/management/ville/bachos/ville-31040,0.0,6.0,0.0,0.0,6.0,0.0,13.0,8.0,0.0,9.0,43.8,42.9,37.5,12.5,0.0,0.0,18.8,42.9
Autheuil-Authouillet (27490),/management/ville/autheuil-authouillet/ville-27025,0.0,15.0,70.0,130.0,95.0,130.0,173.0,186.0,126.0,199.0,23.3,27.3,31.5,21.4,21.0,15.8,24.2,34.0
Boëge (74420),/management/ville/boege/ville-74037,9.0,52.0,137.0,256.0,242.0,152.0,212.0,370.0,252.0,425.0,14.7,18.8,36.6,22.4,19.2,20.8,29.5,37.6
Agincourt (54770),/management/ville/agincourt/ville-54006,5.0,0.0,70.0,65.0,45.0,50.0,55.0,79.0,40.0,148.0,14.1,19.9,30.8,17.6,12.2,12.7,42.9,48.8
Couëtron-au-Perche (41170),/management/ville/couetron-au-perche/ville-41248,58.0,50.0,45.0,93.0,109.0,105.0,301.0,256.0,143.0,147.0,27.3,44.6,38.8,20.0,16.7,17.1,17.2,17.6
Chagny (08430),/management/ville/chagny/ville-08095,0.0,0.0,10.0,21.0,26.0,26.0,41.0,35.0,21.0,31.0,25.4,39.7,34.9,19.7,15.9,15.9,23.8,23.8
Bosmont-sur-Serre (02250),/management/ville/bosmont-sur-serre/ville-02101,5.0,0.0,0.0,10.0,20.0,20.0,51.0,36.0,27.0,26.0,33.3,39.2,31.8,20.5,16.7,21.6,18.2,18.9
Condeissiat (01400),/management/ville/condeissiat/ville-01113,19.0,35.0,40.0,79.0,114.0,112.0,193.0,165.0,110.0,119.0,29.3,36.3,35.9,20.0,20.2,17.3,14.6,25.7
Brullioles (69690),/management/ville/brullioles/ville-69030,10.0,70.0,45.0,126.0,80.0,70.0,125.0,159.0,146.0,147.0,20.8,22.3,34.8,21.3,24.9,25.5,19.5,31.9
Cruzy-le-Châtel (89740),/management/ville/cruzy-le-chatel/ville-89131,11.0,0.0,5.0,16.0,42.0,21.0,73.0,76.0,35.0,23.0,30.3,39.1,45.5,26.7,13.1,20.0,11.1,11.8
Breny (02210),/management/ville/breny/ville-02121,0.0,5.0,0.0,30.0,15.0,81.0,81.0,68.0,25.0,18.0,37.5,48.3,46.2,22.0,6.7,20.2,9.6,9.0
Barenton (50720),/management/ville/barenton/ville-50029,45.0,15.0,15.0,91.0,106.0,166.0,490.0,250.0,98.0,125.0,45.3,56.0,32.9,18.0,10.6,9.6,11.3,14.5
Annet-sur-Marne (77410),/management/ville/annet-sur-marne/ville-77005,0.0,150.0,370.0,555.0,415.0,265.0,409.0,545.0,523.0,786.0,18.1,18.0,27.8,21.2,22.5,23.7,31.6,37.7
Bidarray (64780),/management/ville/bidarray/ville-64124,21.0,62.0,36.0,98.0,67.0,87.0,131.0,176.0,93.0,124.0,19.6,30.0,43.9,22.3,18.8,16.5,17.6,29.6
Arlay (39140),/management/ville/arlay/ville-39017,25.0,75.0,55.0,155.0,181.0,206.0,217.0,304.0,178.0,248.0,19.8,25.8,38.1,24.4,19.6,17.9,22.6,29.8
Champougny (55140),/management/ville/champougny/ville-55100,6.0,0.0,17.0,11.0,6.0,6.0,16.0,16.0,13.0,26.0,25.7,18.9,22.9,20.5,22.9,16.2,28.6,43.2
Cademène (25290),/management/ville/cademene/ville-25106,0.0,6.0,0.0,6.0,6.0,6.0,19.0,29.0,7.0,13.0,20.0,36.4,51.4,26.8,8.6,9.1,20.0,21.2
Althen-des-Paluds (84210),/management/ville/althen-des-paluds/ville-84001,5.0,93.0,214.0,433.0,375.0,234.0,515.0,532.0,376.0,650.0,22.2,27.1,30.0,21.3,16.6,19.5,31.1,31.6
Berrie (86120),/management/ville/berrie/ville-86022,26.0,0.0,5.0,10.0,26.0,31.0,82.0,60.0,34.0,31.0,35.2,44.9,37.0,20.6,14.8,17.3,13.0,16.3
Beaucroissant (38140),/management/ville/beaucroissant/ville-38030,0.0,72.0,48.0,207.0,236.0,227.0,293.0,361.0,212.0,312.0,23.7,26.1,35.3,24.5,15.9,20.1,25.1,27.9
Brûlon (72350),/management/ville/brulon/ville-72050,55.0,30.0,46.0,111.0,172.0,282.0,588.0,342.0,145.0,154.0,42.5,52.6,35.3,19.5,10.5,13.0,11.7,13.4
Attignat (01340),/management/ville/attignat/ville-01024,10.0,102.0,188.0,474.0,458.0,367.0,481.0,788.0,430.0,617.0,17.3,24.2,41.6,25.2,16.3,20.7,24.8,28.5
Chauvigny (86300),/management/ville/chauvigny/ville-86070,55.0,145.0,386.0,736.0,977.0,706.0,1847.0,1373.0,923.0,1335.0,29.1,37.6,30.7,19.6,17.0,16.7,23.2,25.3
Bellaing (59135),/management/ville/bellaing/ville-59064,0.0,39.0,54.0,166.0,147.0,93.0,246.0,271.0,185.0,223.0,18.9,33.0,36.6,22.6,19.6,20.4,25.0,23.4
Cliousclat (26270),/management/ville/cliousclat/ville-26097,0.0,30.0,40.0,45.0,75.0,110.0,138.0,139.0,83.0,132.0,29.2,26.9,32.0,23.1,14.8,19.0,24.0,29.8
Chigny-les-Roses (51500),/management/ville/chigny-les-roses/ville-51152,45.0,5.0,25.0,80.0,30.0,80.0,106.0,119.0,78.0,105.0,21.4,30.1,39.1,20.5,17.2,20.8,22.4,28.7
Chassiers (07110),/management/ville/chassiers/ville-07058,20.0,75.0,30.0,80.0,105.0,85.0,289.0,200.0,139.0,191.0,29.8,40.4,32.6,16.8,16.9,17.0,20.7,25.8
Coutevroult (77580),/management/ville/coutevroult/ville-77141,0.0,30.0,75.0,216.0,150.0,120.0,161.0,160.0,149.0,249.0,22.9,21.8,25.4,19.5,20.2,21.3,31.5,37.8
Caumont-sur-Durance (84510),/management/ville/caumont-sur-durance/ville-84034,62.0,268.0,358.0,667.0,579.0,465.0,1135.0,922.0,597.0,1036.0,28.6,32.8,30.5,19.4,15.3,17.0,25.7,30.3
Cappelle-Brouck (59630),/management/ville/cappelle-brouck/ville-59130,16.0,11.0,26.0,211.0,143.0,134.0,263.0,239.0,144.0,196.0,26.0,36.5,34.8,20.3,20.3,13.8,18.9,27.7
Bachy (59830),/management/ville/bachy/ville-59042,10.0,67.0,192.0,238.0,114.0,171.0,226.0,249.0,200.0,505.0,14.3,23.9,25.4,16.7,18.6,15.3,41.8,43.9
Bosmoreau-les-Mines (23400),/management/ville/bosmoreau-les-mines/ville-23027,19.0,13.0,5.0,10.0,35.0,14.0,92.0,65.0,34.0,23.0,34.8,51.9,41.1,18.7,15.2,16.3,8.9,12.5
Agmé (47350),/management/ville/agme/ville-47002,5.0,5.0,0.0,10.0,5.0,5.0,35.0,24.0,12.0,14.0,39.0,42.2,34.1,23.4,7.3,20.0,19.5,13.3
Caden (56220),/management/ville/caden/ville-56028,66.0,66.0,20.0,81.0,176.0,347.0,500.0,380.0,189.0,198.0,31.9,46.9,38.6,20.0,15.9,13.9,13.6,17.7
Champoulet (45420),/management/ville/champoulet/ville-45070,0.0,0.0,0.0,4.0,4.0,8.0,20.0,13.0,9.0,5.0,44.4,40.0,22.2,30.4,18.5,20.0,14.8,5.0
Chagny (71150),/management/ville/chagny/ville-71073,0.0,131.0,141.0,560.0,894.0,996.0,1469.0,1494.0,699.0,657.0,29.1,38.5,40.5,25.9,16.1,16.3,14.4,15.9
Condéon (16360),/management/ville/condeon/ville-16105,20.0,20.0,15.0,75.0,70.0,85.0,146.0,141.0,75.0,92.0,23.8,40.8,41.6,19.5,16.5,16.6,18.2,22.4
Autheuil-en-Valois (60890),/management/ville/autheuil-en-valois/ville-60031,0.0,15.0,15.0,58.0,29.0,38.0,41.0,52.0,47.0,51.0,27.0,16.3,31.0,25.0,18.0,31.5,24.0,29.3
Bourogne (90140),/management/ville/bourogne/ville-90017,0.0,20.0,130.0,215.0,395.0,320.0,324.0,433.0,329.0,305.0,21.2,26.3,31.5,27.1,27.8,17.7,19.5,25.4
Brères (25440),/management/ville/breres/ville-25090,0.0,0.0,0.0,19.0,10.0,5.0,8.0,21.0,5.0,13.0,24.0,8.7,48.0,32.3,12.0,8.7,16.0,39.1
Couffé (44521),/management/ville/couffe/ville-44048,35.0,51.0,101.0,364.0,358.0,359.0,351.0,537.0,361.0,460.0,16.6,24.5,38.5,23.3,22.2,20.0,22.7,31.2
Anneux (59400),/management/ville/anneux/ville-59010,5.0,5.0,0.0,30.0,49.0,54.0,67.0,51.0,34.0,49.0,30.7,36.0,31.7,19.0,14.9,19.0,22.8,26.0
Attignat-Oncin (73610),/management/ville/attignat-oncin/ville-73022,19.0,15.0,60.0,52.0,59.0,69.0,127.0,114.0,73.0,110.0,27.2,33.3,33.5,19.3,15.6,18.9,23.7,28.4
Beaudéan (65710),/management/ville/beaudean/ville-65078,5.0,15.0,5.0,44.0,54.0,59.0,79.0,82.0,59.0,99.0,23.9,25.3,35.0,16.7,17.8,18.8,23.3,39.6
Altiani (20251),/management/ville/altiani/ville-2B012,3.0,1.0,3.0,4.0,1.0,2.0,19.0,6.0,6.0,10.0,43.5,50.0,17.4,11.8,13.0,16.7,26.1,22.2
Berrien (29690),/management/ville/berrien/ville-29007,20.0,31.0,26.0,67.0,123.0,118.0,157.0,218.0,134.0,239.0,19.5,22.6,38.7,19.1,17.9,18.2,23.9,39.9
Bidart (64210),/management/ville/bidart/ville-64125,5.0,340.0,485.0,940.0,885.0,515.0,969.0,1253.0,951.0,1909.0,16.7,21.2,29.2,20.2,18.1,19.3,35.9,39.1
Cry (89390),/management/ville/cry/ville-89132,10.0,5.0,10.0,5.0,30.0,5.0,44.0,48.0,27.0,21.0,27.6,36.4,39.5,26.0,19.7,18.2,13.2,16.7
Boeil-Bezing (64510),/management/ville/boeil-bezing/ville-64133,15.0,40.0,80.0,180.0,195.0,135.0,187.0,281.0,148.0,306.0,16.6,23.8,36.5,22.6,16.8,15.3,30.1,36.2
Agnac (47800),/management/ville/agnac/ville-47003,10.0,15.0,10.0,35.0,65.0,30.0,130.0,98.0,52.0,76.0,33.3,39.5,32.2,21.8,12.3,16.8,22.2,20.5
Cadenet (84160),/management/ville/cadenet/ville-84026,35.0,224.0,344.0,513.0,508.0,304.0,828.0,777.0,543.0,981.0,23.2,29.3,31.7,18.9,15.2,19.3,29.9,32.6
Brumath (67170),/management/ville/brumath/ville-67067,0.0,284.0,727.0,1299.0,1309.0,1150.0,1707.0,2227.0,1241.0,2303.0,18.3,26.9,34.8,23.2,16.6,16.6,30.3,31.3
Bacilly (50530),/management/ville/bacilly/ville-50027,0.0,25.0,45.0,125.0,135.0,125.0,200.0,193.0,127.0,167.0,25.4,32.8,36.7,19.7,16.2,20.6,21.7,27.0
Chassieu (69680),/management/ville/chassieu/ville-69271,5.0,282.0,1196.0,1284.0,1323.0,718.0,1764.0,1552.0,1303.0,2652.0,21.4,27.0,24.7,18.1,18.0,17.9,36.0,37.0
Chauvigny-du-Perche (41270),/management/ville/chauvigny-du-perche/ville-41048,20.0,10.0,0.0,15.0,20.0,25.0,42.0,54.0,34.0,30.0,18.1,35.4,42.2,23.8,22.9,19.0,16.9,20.3
Couthenans (70400),/management/ville/couthenans/ville-70184,0.0,10.0,27.0,122.0,93.0,88.0,177.0,179.0,84.0,135.0,22.1,38.8,37.9,22.6,15.1,14.1,25.0,22.0
Barenton-Bugny (02000),/management/ville/barenton-bugny/ville-02046,5.0,5.0,10.0,74.0,83.0,83.0,109.0,132.0,88.0,84.0,20.4,31.8,39.8,24.0,21.4,21.2,18.4,22.1
Arlebosc (07410),/management/ville/arlebosc/ville-07014,0.0,20.0,30.0,25.0,35.0,20.0,79.0,82.0,52.0,61.0,23.4,34.3,39.4,20.3,18.2,19.7,19.0,25.5
Bresdon (17490),/management/ville/bresdon/ville-17062,5.0,10.0,0.0,10.0,15.0,45.0,80.0,47.0,38.0,26.0,36.6,46.9,32.3,17.9,19.4,20.4,11.8,15.3
Bosquel (80160),/management/ville/bosquel/ville-80114,21.0,10.0,10.0,46.0,31.0,56.0,75.0,68.0,35.0,69.0,27.6,33.3,31.5,21.1,15.7,12.5,25.2,30.8
Bellancourt (80132),/management/ville/bellancourt/ville-80078,10.0,20.0,50.0,40.0,85.0,30.0,85.0,116.0,83.0,104.0,19.1,24.7,31.4,25.7,24.7,18.0,24.7,28.9
Berrieux (02820),/management/ville/berrieux/ville-02072,0.0,5.0,0.0,10.0,40.0,65.0,42.0,38.0,36.0,30.0,24.7,33.3,32.5,20.0,24.7,24.6,18.2,23.2
Condes (39240),/management/ville/condes/ville-39163,0.0,0.0,5.0,15.0,15.0,15.0,23.0,24.0,14.0,23.0,22.4,34.3,28.6,25.0,18.4,14.3,30.6,22.9
Cliponville (76640),/management/ville/cliponville/ville-76182,5.0,5.0,30.0,25.0,20.0,36.0,52.0,59.0,29.0,52.0,20.0,33.7,40.0,20.4,16.8,13.7,23.2,30.5
Boën-sur-Lignon (42130),/management/ville/boen-sur-lignon/ville-42019,0.0,65.0,35.0,215.0,450.0,510.0,1157.0,752.0,344.0,352.0,37.4,50.4,35.1,21.3,13.9,12.6,13.6,13.5
Couffoulens (11250),/management/ville/couffoulens/ville-11102,15.0,20.0,30.0,90.0,70.0,50.0,118.0,130.0,77.0,130.0,26.6,25.3,33.0,23.9,11.5,21.9,28.9,28.3
Chahaignes (72340),/management/ville/chahaignes/ville-72052,14.0,20.0,15.0,45.0,68.0,78.0,231.0,171.0,94.0,92.0,30.6,47.1,34.2,22.1,18.5,13.7,16.7,14.7
Autheux (80600),/management/ville/autheux/ville-80042,5.0,0.0,5.0,10.0,5.0,26.0,28.0,22.0,22.0,12.0,27.5,40.5,35.0,18.9,22.5,28.6,15.0,14.3
Cappelle-en-Pévèle (59242),/management/ville/cappelle-en-pevele/ville-59129,15.0,70.0,250.0,325.0,220.0,165.0,342.0,361.0,223.0,590.0,19.0,25.9,28.5,18.8,13.0,16.3,39.5,38.4
Altier (48800),/management/ville/altier/ville-48004,15.0,15.0,5.0,25.0,29.0,5.0,55.0,55.0,30.0,34.0,28.6,34.1,34.5,24.3,21.4,14.3,15.5,24.2
Chauvincourt-Provemont (27150),/management/ville/chauvincourt-provemont/ville-27153,10.0,0.0,5.0,60.0,50.0,60.0,83.0,83.0,54.0,48.0,30.6,31.3,33.1,26.1,23.4,17.4,12.9,22.2
Anneville-Ambourville (76480),/management/ville/anneville-ambourville/ville-76020,20.0,35.0,55.0,126.0,186.0,75.0,311.0,306.0,124.0,148.0,32.0,37.9,41.6,24.4,12.7,15.0,13.6,19.6
Attignéville (88300),/management/ville/attigneville/ville-88015,5.0,11.0,0.0,16.0,5.0,21.0,70.0,50.0,28.0,36.0,33.3,42.9,33.3,19.8,15.1,15.4,18.3,20.9
Beaudéduit (60210),/management/ville/beaudeduit/ville-60051,5.0,5.0,0.0,31.0,46.0,41.0,63.0,56.0,31.0,11.0,36.4,41.7,39.0,28.6,15.6,22.6,9.1,4.8
Chilhac (43380),/management/ville/chilhac/ville-43070,21.0,0.0,0.0,15.0,21.0,52.0,38.0,55.0,32.0,34.0,26.3,22.6,38.2,28.6,17.1,22.6,18.4,23.8
.6,12.7
Bidestroff (57260),/management/ville/bidestroff/ville-57081,5.0,0.0,0.0,30.0,0.0,15.0,31.0,29.0,16.0,18.0,31.8,34.0,29.5,27.6,18.2,16.0,20.5,18.0
Condes (52000),/management/ville/condes/ville-52141,0.0,10.0,10.0,40.0,66.0,35.0,62.0,76.0,43.0,67.0,20.3,29.5,35.8,22.8,21.1,13.9,22.8,31.1
Champoux (25640),/management/ville/champoux/ville-25117,0.0,5.0,5.0,10.0,5.0,0.0,11.0,29.0,8.0,14.0,9.4,26.7,59.4,27.8,12.5,13.3,18.8,26.7
Boeschepe (59299),/management/ville/boeschepe/ville-59086,40.0,90.0,100.0,285.0,305.0,325.0,528.0,405.0,268.0,409.0,30.4,35.2,30.3,19.5,15.7,17.6,23.5,27.3
Caderousse (84860),/management/ville/caderousse/ville-84027,25.0,96.0,172.0,319.0,345.0,188.0,525.0,568.0,398.0,557.0,23.8,27.4,32.8,22.7,16.9,21.7,26.5,27.8
Berrogain-Laruns (64130),/management/ville/berrogain-laruns/ville-64115,5.0,10.0,5.0,15.0,5.0,15.0,34.0,40.0,13.0,14.0,28.3,37.5,50.0,28.1,6.5,17.9,15.2,12.5
Couthures-sur-Garonne (47180),/management/ville/couthures-sur-garonne/ville-47074,5.0,19.0,5.0,34.0,44.0,34.0,118.0,63.0,53.0,43.0,40.1,44.9,29.6,16.2,20.4,17.4,9.9,21.7
Anneville-en-Saire (50760),/management/ville/anneville-en-saire/ville-50013,5.0,15.0,5.0,41.0,41.0,46.0,113.0,109.0,44.0,47.0,30.5,42.0,41.6,24.7,14.9,12.7,13.0,16.6
Bourran (47320),/management/ville/bourran/ville-47038,50.0,10.0,10.0,45.0,45.0,90.0,166.0,143.0,74.0,82.0,28.9,42.9,40.0,20.2,15.7,16.0,15.3,19.9
Baconnes (51400),/management/ville/baconnes/ville-51031,10.0,5.0,5.0,40.0,45.0,20.0,41.0,52.0,22.0,65.0,19.4,26.4,37.6,18.7,9.7,14.9,33.3,39.1
Chassignelles (89160),/management/ville/chassignelles/ville-89087,0.0,10.0,5.0,10.0,55.0,39.0,119.0,78.0,35.0,19.0,47.3,47.5,32.1,26.1,13.4,14.4,7.1,7.9
Bresilley (70140),/management/ville/bresilley/ville-70092,0.0,16.0,5.0,10.0,21.0,26.0,51.0,42.0,26.0,33.0,27.8,39.2,34.2,19.0,20.3,13.5,17.7,27.0
Bosquentin (27480),/management/ville/bosquentin/ville-27094,0.0,5.0,10.0,21.0,0.0,10.0,14.0,34.0,20.0,23.0,12.8,16.7,42.6,31.3,21.3,21.4,23.4,26.2
Arlempdes (43490),/management/ville/arlempdes/ville-43008,14.0,19.0,0.0,19.0,5.0,0.0,43.0,33.0,17.0,22.0,40.7,33.9,35.6,21.1,10.2,19.6,13.6,25.0
Cliron (08090),/management/ville/cliron/ville-08125,5.0,18.0,32.0,28.0,60.0,51.0,60.0,91.0,58.0,65.0,20.3,23.4,42.9,23.6,20.3,22.0,16.5,30.5
Caumont-sur-Garonne (47430),/management/ville/caumont-sur-garonne/ville-47061,23.0,23.0,28.0,65.0,98.0,98.0,138.0,160.0,96.0,113.0,23.3,30.7,38.8,23.6,19.2,19.2,18.8,25.3
Biding (57660),/management/ville/biding/ville-57082,0.0,20.0,15.0,30.0,35.0,45.0,49.0,76.0,47.0,70.0,18.3,22.1,34.2,26.5,18.3,20.5,29.2,28.7
Champrenault (21690),/management/ville/champrenault/ville-21141,0.0,0.0,5.0,5.0,5.0,5.0,2.0,10.0,10.0,8.0,0.0,12.5,50.0,23.1,28.6,37.5,21.4,31.3
Agnat (43100),/management/ville/agnat/ville-43001,10.0,0.0,0.0,20.0,20.0,25.0,56.0,49.0,26.0,22.0,32.1,41.6,42.3,21.3,15.4,18.2,10.3,18.2
Brumetz (02810),/management/ville/brumetz/ville-02125,0.0,5.0,5.0,15.0,35.0,40.0,39.0,46.0,25.0,25.0,26.2,31.4,38.5,26.9,18.5,18.6,16.9,20.0
Cadillac (33410),/management/ville/cadillac/ville-33081,5.0,74.0,85.0,253.0,338.0,332.0,659.0,643.0,353.0,468.0,29.7,32.3,31.7,25.5,17.7,15.6,20.9,23.2
Altillac (19120),/management/ville/altillac/ville-19007,30.0,20.0,25.0,70.0,110.0,101.0,266.0,221.0,112.0,138.0,31.5,40.6,37.5,21.4,13.2,17.2,17.8,19.6
Cappelle-la-Grande (59180),/management/ville/cappelle-la-grande/ville-59131,5.0,90.0,203.0,801.0,1125.0,1389.0,2251.0,1702.0,969.0,805.0,32.4,45.6,37.4,21.5,16.3,17.5,13.9,14.2
Barenton-Cel (02000),/management/ville/barenton-cel/ville-02047,0.0,5.0,0.0,30.0,10.0,15.0,39.0,26.0,19.0,9.0,42.0,41.9,28.0,25.0,24.0,16.3,6.0,14.0
Couffy (41110),/management/ville/couffy/ville-41063,10.0,21.0,21.0,52.0,52.0,41.0,155.0,127.0,59.0,75.0,36.9,37.7,36.0,22.7,13.6,14.7,13.6,22.5
Chauvirey-le-Châtel (70500),/management/ville/chauvirey-le-chatel/ville-70143,15.0,0.0,0.0,10.0,20.0,5.0,47.0,32.0,11.0,7.0,38.0,59.6,48.0,17.4,4.0,19.1,10.0,4.3
Annéville-la-Prairie (52310),/management/ville/anneville-la-prairie/ville-52011,0.0,0.0,0.0,19.0,14.0,10.0,14.0,22.0,7.0,20.0,24.1,22.9,41.4,25.0,6.9,14.3,27.6,34.3
Coutiches (59310),/management/ville/coutiches/ville-59158,15.0,75.0,378.0,523.0,334.0,164.0,386.0,484.0,342.0,879.0,15.9,21.0,26.2,19.1,18.0,14.7,39.9,44.2
Cubelles (43170),/management/ville/cubelles/ville-43083,15.0,5.0,0.0,10.0,10.0,10.0,39.0,42.0,25.0,7.0,28.1,41.1,42.1,28.1,26.3,17.9,3.5,8.9
Beaudignies (59530),/management/ville/beaudignies/ville-59057,25.0,10.0,40.0,50.0,85.0,35.0,79.0,128.0,72.0,131.0,15.0,23.5,38.3,22.3,18.9,16.2,27.7,36.3
Bellange (57340),/management/ville/bellange/ville-57059,5.0,0.0,0.0,0.0,5.0,5.0,15.0,9.0,12.0,9.0,33.3,33.3,33.3,11.8,14.3,37.5,19.0,20.8
Condette (62360),/management/ville/condette/ville-62235,5.0,101.0,181.0,292.0,282.0,211.0,463.0,422.0,336.0,725.0,19.3,27.9,24.4,18.7,18.4,16.2,37.9,36.7
Berru (51420),/management/ville/berru/ville-51052,24.0,5.0,58.0,82.0,68.0,53.0,83.0,109.0,63.0,152.0,18.0,23.0,32.0,20.3,15.5,15.5,34.5,40.0
Chahains (61320),/management/ville/chahains/ville-61080,11.0,0.0,5.0,0.0,11.0,27.0,23.0,18.0,9.0,15.0,31.3,39.4,31.3,22.5,18.8,6.1,18.8,27.3
Boëseghem (59189),/management/ville/boeseghem/ville-59087,15.0,20.0,30.0,55.0,121.0,117.0,182.0,166.0,85.0,109.0,31.4,35.5,35.4,23.3,16.1,15.5,17.1,23.4
Authevernes (27420),/management/ville/authevernes/ville-27026,10.0,15.0,41.0,87.0,41.0,46.0,63.0,88.0,59.0,67.0,23.6,22.0,35.8,25.9,18.9,24.2,21.6,27.3
Bourréac (65100),/management/ville/bourreac/ville-65107,0.0,0.0,5.0,15.0,20.0,0.0,15.0,17.0,9.0,32.0,17.9,23.5,23.1,20.5,15.4,8.8,43.6,44.1
Cadillac-en-Fronsadais (33240),/management/ville/cadillac-en-fronsadais/ville-33082,0.0,50.0,40.0,166.0,191.0,156.0,222.0,261.0,184.0,240.0,23.2,25.7,35.0,22.5,18.5,22.2,23.2,29.6
Arles (13104),/management/ville/arles/ville-13004,320.0,1503.0,2152.0,5016.0,6563.0,4949.0,13681.0,9561.0,6858.0,9836.0,32.7,35.5,28.0,20.0,15.9,18.3,23.4,25.7
Couffy-sur-Sarsonne (19340),/management/ville/couffy-sur-sarsonne/ville-19064,5.0,0.0,5.0,5.0,0.0,16.0,21.0,23.0,11.0,15.0,29.3,33.3,39.0,21.9,19.5,7.4,12.2,33.3
Bacouël (60120),/management/ville/bacouel/ville-60039,0.0,10.0,5.0,47.0,72.0,93.0,136.0,106.0,50.0,50.0,34.6,45.4,40.2,20.0,12.8,16.6,12.3,17.2
Clisson (44190),/management/ville/clisson/ville-44043,20.0,230.0,727.0,1059.0,664.0,579.0,1185.0,1268.0,874.0,1865.0,16.9,27.9,28.7,19.7,18.1,15.7,36.2,35.7
Chassignieu (38730),/management/ville/chassignieu/ville-38089,10.0,5.0,5.0,36.0,31.0,36.0,56.0,48.0,36.0,34.0,28.9,37.2,33.0,19.8,23.7,16.7,14.4,25.6
Bresle (80300),/management/ville/bresle/ville-80138,0.0,0.0,0.0,21.0,16.0,26.0,19.0,36.0,14.0,16.0,19.6,25.6,47.8,28.6,21.7,10.3,10.9,28.2
Chillac (16480),/management/ville/chillac/ville-16099,5.0,15.0,15.0,15.0,15.0,15.0,53.0,62.0,22.0,31.0,28.9,33.8,37.8,29.3,11.1,15.6,22.2,15.6
Cauna (40500),/management/ville/cauna/ville-40076,10.0,15.0,20.0,10.0,85.0,95.0,110.0,106.0,66.0,52.0,28.7,37.1,38.3,23.6,21.0,18.6,12.0,19.2
Agneaux (50180),/management/ville/agneaux/ville-50002,5.0,79.0,292.0,617.0,503.0,247.0,923.0,803.0,496.0,896.0,25.4,33.0,29.2,21.4,16.4,15.5,28.9,28.6
Barenton-sur-Serre (02270),/management/ville/barenton-sur-serre/ville-02048,5.0,0.0,5.0,30.0,20.0,5.0,25.0,20.0,26.0,25.0,30.0,21.7,18.0,25.0,26.0,28.3,26.0,26.1
Attigny (08130),/management/ville/attigny/ville-08025,0.0,35.0,25.0,104.0,144.0,124.0,362.0,278.0,122.0,111.0,34.2,47.9,37.1,23.5,15.7,12.6,13.0,12.6
Brunehamel (02360),/management/ville/brunehamel/ville-02126,0.0,21.0,10.0,36.0,36.0,36.0,180.0,84.0,52.0,48.0,43.7,54.3,31.1,16.1,13.2,15.2,12.0,14.2
Coutouvre (42460),/management/ville/coutouvre/ville-42074,20.0,20.0,35.0,105.0,171.0,171.0,310.0,235.0,155.0,141.0,32.0,41.6,34.9,20.8,18.3,18.4,14.9,18.6
Altkirch (68130),/management/ville/altkirch/ville-68004,10.0,134.0,433.0,788.0,683.0,756.0,1305.0,1134.0,730.0,1209.0,25.2,34.0,30.5,20.6,17.2,16.2,27.2,28.0
Berrwiller (68500),/management/ville/berrwiller/ville-68032,10.0,50.0,55.0,253.0,114.0,139.0,124.0,295.0,171.0,309.0,7.9,19.6,37.3,25.6,20.4,17.4,34.4,34.4
Cadillon (64330),/management/ville/cadillon/ville-64159,5.0,5.0,0.0,15.0,19.0,15.0,17.0,26.0,18.0,15.0,8.1,35.0,45.9,23.8,27.0,20.0,18.9,20.0
Chauvirey-le-Vieil (70500),/management/ville/chauvirey-le-vieil/ville-70144,0.0,0.0,0.0,0.0,5.0,0.0,17.0,6.0,2.0,3.0,53.8,68.8,23.1,16.7,7.7,6.3,15.4,6.3
Bosrobert (27800),/management/ville/bosrobert/ville-27095,5.0,45.0,15.0,81.0,51.0,96.0,121.0,138.0,84.0,108.0,25.1,28.1,35.7,24.1,17.6,19.6,21.6,26.8
Champrepus (50800),/management/ville/champrepus/ville-50118,0.0,25.0,10.0,30.0,40.0,85.0,81.0,93.0,41.0,35.0,34.4,30.3,37.4,30.3,17.6,15.1,10.7,17.6
Bellavilliers (61360),/management/ville/bellavilliers/ville-61037,27.0,0.0,0.0,38.0,11.0,21.0,31.0,28.0,17.0,34.0,27.8,28.6,37.0,15.1,11.1,19.6,24.1,37.5
Beaudricourt (62810),/management/ville/beaudricourt/ville-62091,10.0,0.0,0.0,5.0,15.0,10.0,29.0,17.0,12.0,13.0,30.3,50.0,36.4,13.9,15.2,18.4,18.2,18.4
Anneville-sur-Scie (76590),/management/ville/anneville-sur-scie/ville-76019,0.0,26.0,10.0,31.0,42.0,36.0,110.0,114.0,64.0,50.0,31.0,34.1,39.9,26.0,16.7,21.2,12.5,17.1
Cubières (48190),/management/ville/cubieres/ville-48053,5.0,10.0,0.0,14.0,43.0,10.0,36.0,40.0,30.0,32.0,29.9,21.7,31.2,24.6,23.4,18.3,15.6,33.3
Condezaygues (47500),/management/ville/condezaygues/ville-47070,20.0,45.0,40.0,35.0,115.0,125.0,244.0,257.0,101.0,97.0,29.1,40.6,45.5,25.4,11.2,17.6,14.1,13.6
Bourret (82700),/management/ville/bourret/ville-82023,15.0,15.0,19.0,97.0,170.0,161.0,167.0,224.0,105.0,138.0,26.0,27.0,41.1,26.3,14.2,19.1,18.7,25.0
Couflens (09140),/management/ville/couflens/ville-09100,5.0,5.0,5.0,5.0,10.0,5.0,13.0,21.0,13.0,25.0,17.9,18.2,38.5,19.4,12.8,24.2,30.8,39.4
Bresles (60510),/management/ville/bresles/ville-60103,10.0,109.0,119.0,407.0,579.0,698.0,1244.0,894.0,428.0,490.0,36.6,44.4,35.5,21.4,14.7,13.4,13.3,18.5
Authezat (63114),/management/ville/authezat/ville-63021,20.0,5.0,25.0,125.0,75.0,80.0,92.0,154.0,91.0,154.0,13.8,23.4,44.8,18.6,18.8,18.3,22.6,39.7
Bidon (07700),/management/ville/bidon/ville-07034,10.0,15.0,15.0,40.0,25.0,15.0,39.0,44.0,36.0,56.0,22.8,21.7,31.5,19.2,17.4,24.1,28.3,36.1
Cappy (80340),/management/ville/cappy/ville-80172,10.0,10.0,5.0,39.0,87.0,121.0,165.0,124.0,57.0,62.0,37.4,43.3,37.4,21.8,13.1,14.8,12.1,18.1
Arles-sur-Tech (66150),/management/ville/arles-sur-tech/ville-66009,15.0,100.0,70.0,245.0,355.0,300.0,757.0,685.0,336.0,401.0,30.4,38.7,40.3,22.1,13.2,17.4,16.1,20.5
Attigny (88260),/management/ville/attigny/ville-88016,5.0,25.0,5.0,0.0,40.0,29.0,102.0,58.0,18.0,23.0,48.5,52.5,31.7,22.2,7.9,9.9,11.9,11.9
Clitourps (50330),/management/ville/clitourps/ville-50135,0.0,10.0,20.0,10.0,5.0,25.0,40.0,41.0,26.0,28.0,28.2,31.3,36.6,22.7,18.3,20.3,16.9,25.0
Berry-au-Bac (02190),/management/ville/berry-au-bac/ville-02073,0.0,10.0,25.0,55.0,105.0,85.0,153.0,164.0,81.0,90.0,28.1,34.9,40.6,24.3,14.1,19.4,17.2,19.8
Caunay (79190),/management/ville/caunay/ville-79060,15.0,5.0,5.0,15.0,5.0,25.0,55.0,46.0,19.0,30.0,32.5,41.4,36.3,22.4,10.0,15.7,21.3,18.6
Chassignolles (36400),/management/ville/chassignolles/ville-36043,60.0,5.0,20.0,75.0,75.0,15.0,118.0,142.0,75.0,89.0,19.8,35.5,45.4,21.6,15.5,19.8,19.3,22.6
Boëssé-le-Sec (72400),/management/ville/boesse-le-sec/ville-72038,0.0,5.0,30.0,35.0,70.0,106.0,169.0,140.0,68.0,70.0,36.5,39.2,33.9,25.2,14.6,16.0,15.0,16.5
Brunembert (62240),/management/ville/brunembert/ville-62179,10.0,0.0,25.0,50.0,75.0,45.0,80.0,72.0,62.0,68.0,21.9,34.5,30.7,21.1,21.2,22.8,26.3,22.1
Barésia-sur-l'Ain (39130),/management/ville/baresia-sur-l-ain/ville-39038,21.0,5.0,5.0,10.0,5.0,26.0,23.0,34.0,18.0,34.0,21.8,22.2,36.4,23.0,18.2,13.0,23.6,38.9
Chille (39570),/management/ville/chille/ville-39145,0.0,20.0,25.0,40.0,30.0,25.0,44.0,60.0,49.0,89.0,19.8,16.7,20.7,26.7,19.0,21.4,40.5,33.3
Bacouel-sur-Selle (80480),/management/ville/bacouel-sur-selle/ville-80050,0.0,30.0,40.0,69.0,45.0,35.0,117.0,76.0,61.0,144.0,26.9,31.6,18.3,19.2,14.0,16.5,40.9,32.1
Chaignay (21120),/management/ville/chaignay/ville-21127,30.0,15.0,50.0,100.0,45.0,30.0,75.0,98.0,62.0,127.0,20.2,21.2,32.0,21.5,15.7,18.5,32.0,38.0
Coutras (33230),/management/ville/coutras/ville-33138,30.0,276.0,226.0,713.0,1410.0,1129.0,2482.0,2068.0,957.0,1040.0,33.9,41.3,36.5,24.4,14.3,14.9,15.3,16.3
Altorf (67120),/management/ville/altorf/ville-67008,5.0,21.0,153.0,179.0,174.0,133.0,190.0,357.0,163.0,283.0,17.2,20.9,39.5,28.0,17.0,15.7,26.4,30.6
Bosroger (23200),/management/ville/bosroger/ville-23028,5.0,0.0,10.0,5.0,10.0,25.0,24.0,29.0,10.0,21.0,26.2,31.0,38.1,26.5,9.5,14.3,26.2,23.8
Belle Vie en Auge (14270),/management/ville/belle-vie-en-auge/ville-14527,5.0,36.0,10.0,61.0,71.0,86.0,134.0,114.0,61.0,82.0,29.9,38.8,38.1,19.3,16.0,14.8,16.0,26.0
Authie (14280),/management/ville/authie/ville-14030,5.0,64.0,197.0,231.0,143.0,69.0,177.0,228.0,183.0,527.0,16.6,15.3,23.8,17.5,14.0,18.6,45.5,48.9
Arlet (43380),/management/ville/arlet/ville-43009,10.0,0.0,0.0,5.0,0.0,0.0,7.0,6.0,4.0,3.0,40.0,30.0,30.0,30.0,10.0,30.0,20.0,10.0
Agnetz (60600),/management/ville/agnetz/ville-60007,0.0,86.0,220.0,555.0,466.0,228.0,483.0,579.0,404.0,727.0,20.3,23.7,32.2,20.4,18.5,18.4,29.1,37.0
Beaufai (61270),/management/ville/beaufai/ville-61032,10.0,19.0,0.0,39.0,29.0,29.0,94.0,84.0,48.0,32.0,31.3,41.6,37.3,25.0,18.7,18.4,12.7,12.8
Chauvoncourt (55300),/management/ville/chauvoncourt/ville-55111,5.0,10.0,15.0,40.0,50.0,80.0,116.0,116.0,72.0,62.0,23.9,39.2,40.6,22.2,20.6,18.8,15.0,18.8
Anneyron (26140),/management/ville/anneyron/ville-26010,45.0,153.0,213.0,406.0,491.0,586.0,963.0,881.0,481.0,638.0,29.1,35.7,35.5,22.6,16.2,16.2,19.2,23.7
Condillac (26740),/management/ville/condillac/ville-26102,0.0,10.0,5.0,10.0,25.0,25.0,28.0,35.0,15.0,36.0,22.4,26.8,37.9,21.7,10.3,16.1,29.3,33.9
Bourriot-Bergonce (40120),/management/ville/bourriot-bergonce/ville-40053,36.0,5.0,5.0,26.0,26.0,56.0,84.0,78.0,48.0,53.0,24.5,40.0,36.7,20.8,18.7,17.6,20.1,20.8
Berry-Bouy (18500),/management/ville/berry-bouy/ville-18028,30.0,20.0,50.0,154.0,159.0,120.0,161.0,275.0,154.0,284.0,15.8,21.1,34.9,25.1,18.8,16.6,30.5,34.3
Cauneille (40300),/management/ville/cauneille/ville-40077,10.0,29.0,50.0,81.0,75.0,104.0,200.0,208.0,111.0,141.0,26.2,34.4,36.0,24.3,17.4,16.3,20.4,22.4
Champrond (72320),/management/ville/champrond/ville-72057,0.0,15.0,0.0,5.0,5.0,19.0,8.0,26.0,9.0,10.0,10.7,19.2,57.1,35.5,10.7,23.1,21.4,15.4
Couture (16460),/management/ville/couture/ville-16114,0.0,5.0,5.0,10.0,10.0,10.0,56.0,30.0,30.0,18.0,26.6,55.7,35.9,11.3,23.4,21.4,14.1,12.9
Bresnay (03210),/management/ville/bresnay/ville-03039,10.0,0.0,5.0,73.0,39.0,49.0,79.0,85.0,54.0,64.0,26.2,29.8,40.4,21.1,12.8,25.5,20.6,24.8
Attilloncourt (57170),/management/ville/attilloncourt/ville-57036,0.0,0.0,5.0,10.0,15.0,20.0,23.0,22.0,16.0,12.0,35.0,27.3,35.0,25.8,15.0,30.3,15.0,18.2
Cadix (81340),/management/ville/cadix/ville-81047,26.0,5.0,5.0,5.0,26.0,20.0,70.0,60.0,36.0,26.0,36.3,37.5,38.2,23.1,16.7,20.5,8.8,18.2
Chilleurs-aux-Bois (45170),/management/ville/chilleurs-aux-bois/ville-45095,10.0,10.0,74.0,199.0,262.0,447.0,466.0,519.0,213.0,268.0,27.4,36.1,40.7,26.2,13.9,15.2,18.0,18.5
Bosroumois (27670),/management/ville/bosroumois/ville-27090,19.0,43.0,246.0,441.0,504.0,349.0,702.0,801.0,451.0,673.0,22.0,31.3,36.8,22.7,17.5,16.8,23.8,27.5
Belle-Église (60540),/management/ville/belle-eglise/ville-60060,0.0,50.0,65.0,110.0,40.0,35.0,85.0,119.0,97.0,138.0,19.7,19.0,31.7,22.3,22.9,21.3,25.7,37.1
Beaufay (72110),/management/ville/beaufay/ville-72026,25.0,60.0,51.0,136.0,158.0,201.0,419.0,328.0,176.0,178.0,33.3,42.6,37.9,20.9,14.8,17.3,14.0,18.2
Brunémont (59151),/management/ville/brunemont/ville-59115,0.0,10.0,40.0,80.0,90.0,85.0,138.0,138.0,91.0,122.0,26.9,29.5,32.4,22.6,20.6,16.7,20.2,29.5
Chassignolles (43440),/management/ville/chassignolles/ville-43064,5.0,0.0,10.0,0.0,5.0,10.0,18.0,20.0,5.0,16.0,20.0,40.6,43.3,22.2,3.3,12.5,33.3,21.9
Clohars-Carnoët (29360),/management/ville/clohars-carnoet/ville-29031,45.0,175.0,323.0,419.0,360.0,365.0,902.0,860.0,630.0,1034.0,21.4,30.8,29.3,20.5,19.5,17.4,29.8,30.5
Bacourt (57590),/management/ville/bacourt/ville-57045,15.0,0.0,0.0,10.0,0.0,25.0,27.0,23.0,10.0,23.0,24.4,40.5,41.5,14.0,12.2,11.9,22.0,33.3
Barfleur (50760),/management/ville/barfleur/ville-50030,0.0,40.0,5.0,35.0,45.0,75.0,211.0,121.0,78.0,93.0,33.3,48.6,29.7,18.6,17.8,13.7,19.2,18.0
Coufouleux (81800),/management/ville/coufouleux/ville-81070,30.0,76.0,172.0,319.0,506.0,197.0,554.0,486.0,369.0,593.0,25.4,29.9,30.4,18.5,17.2,19.7,27.0,32.1
Chaignes (27120),/management/ville/chaignes/ville-27136,10.0,5.0,25.0,40.0,20.0,20.0,40.0,65.0,30.0,66.0,18.2,21.6,39.4,24.1,10.1,19.6,32.3,33.3
Champrond-en-Gâtine (28240),/management/ville/champrond-en-gatine/ville-28071,20.0,26.0,20.0,66.0,81.0,81.0,149.0,135.0,91.0,79.0,30.4,35.1,36.1,23.7,16.3,24.0,17.2,17.3
Cubières-sur-Cinoble (11190),/management/ville/cubieres-sur-cinoble/ville-11112,5.0,10.0,5.0,5.0,23.0,10.0,24.0,11.0,17.0,22.0,37.5,28.6,15.6,15.4,25.0,21.4,21.9,35.7
Agnez-lès-Duisans (62161),/management/ville/agnez-les-duisans/ville-62011,0.0,40.0,25.0,119.0,75.0,40.0,111.0,119.0,81.0,179.0,18.0,27.6,29.4,19.2,15.1,17.9,37.6,35.0
Altrippe (57660),/management/ville/altrippe/ville-57014,10.0,0.0,40.0,50.0,40.0,50.0,74.0,101.0,58.0,53.0,15.4,35.3,41.2,26.6,23.5,17.3,19.9,17.3
Authie (80560),/management/ville/authie/ville-80043,25.0,5.0,15.0,20.0,30.0,50.0,65.0,62.0,41.0,46.0,24.5,35.7,35.3,22.4,18.6,19.6,21.6,21.4
Boësses (45390),/management/ville/boesses/ville-45033,5.0,10.0,26.0,51.0,51.0,46.0,82.0,92.0,50.0,61.0,27.4,29.8,41.1,22.9,14.4,21.3,17.1,25.5
Condom (32100),/management/ville/condom/ville-32107,145.0,170.0,215.0,415.0,770.0,685.0,2213.0,1220.0,830.0,989.0,38.1,45.6,29.3,17.8,14.3,17.1,18.3,19.3
Bossancourt (10140),/management/ville/bossancourt/ville-10050,15.0,10.0,0.0,15.0,40.0,35.0,57.0,54.0,20.0,39.0,23.9,43.9,40.9,20.0,11.4,12.2,23.9,22.0
Captieux (33840),/management/ville/captieux/ville-33095,5.0,20.0,30.0,99.0,158.0,277.0,430.0,379.0,130.0,129.0,36.1,44.6,43.7,24.1,9.7,14.5,10.5,13.8
Bargème (83840),/management/ville/bargeme/ville-83010,0.0,28.0,5.0,9.0,28.0,28.0,39.0,49.0,43.0,40.0,23.4,22.1,35.1,22.5,22.3,28.6,19.1,28.6
Chauvry (95560),/management/ville/chauvry/ville-95151,0.0,10.0,25.0,25.0,30.0,15.0,39.0,52.0,43.0,87.0,16.7,18.9,31.5,16.8,14.8,24.3,37.0,41.4
Bourron-Marlotte (77780),/management/ville/bourron-marlotte/ville-77048,10.0,120.0,265.0,320.0,245.0,170.0,463.0,414.0,321.0,815.0,20.6,25.1,23.6,17.6,16.8,15.1,39.1,41.7
Bersac-sur-Rivalier (87370),/management/ville/bersac-sur-rivalier/ville-87013,10.0,34.0,54.0,59.0,69.0,54.0,152.0,143.0,82.0,97.0,27.5,36.8,37.1,22.3,15.0,19.7,20.4,20.5
Attilly (02490),/management/ville/attilly/ville-02029,0.0,10.0,20.0,40.0,74.0,64.0,84.0,71.0,52.0,66.0,29.1,32.3,29.8,20.9,21.3,17.3,19.9,28.6
Bresse Vallons (01340),/management/ville/bresse-vallons/ville-01130,40.0,65.0,130.0,281.0,301.0,312.0,353.0,522.0,312.0,372.0,18.3,27.1,43.2,22.9,19.3,20.8,19.2,28.6
Couilly-Pont-aux-Dames (77860),/management/ville/couilly-pont-aux-dames/ville-77128,0.0,114.0,213.0,284.0,318.0,180.0,422.0,333.0,345.0,442.0,26.1,28.4,25.4,19.0,22.0,22.7,26.6,30.7
Caunes-Minervois (11160),/management/ville/caunes-minervois/ville-11081,25.0,105.0,45.0,125.0,210.0,180.0,437.0,333.0,266.0,271.0,31.7,35.1,30.4,21.3,18.5,21.9,19.5,21.9
Cubiérettes (48190),/management/ville/cubierettes/ville-48054,5.0,0.0,0.0,5.0,10.0,0.0,15.0,17.0,8.0,4.0,40.9,27.3,45.5,30.4,9.1,27.3,4.5,13.6
Agnicourt-et-Séchelles (02340),/management/ville/agnicourt-et-sechelles/ville-02004,5.0,5.0,5.0,20.0,15.0,15.0,65.0,40.0,18.0,19.0,39.7,51.4,39.7,16.7,11.0,14.3,9.6,17.1
Chilly (08260),/management/ville/chilly/ville-08121,5.0,5.0,11.0,37.0,0.0,26.0,32.0,33.0,19.0,27.0,27.4,30.6,43.5,12.2,9.7,26.5,19.4,32.7
Arleuf (58430),/management/ville/arleuf/ville-58010,15.0,15.0,10.0,30.0,139.0,89.0,224.0,222.0,86.0,56.0,33.3,43.0,45.4,26.6,11.7,17.8,9.6,9.4
Belle-et-Houllefort (62142),/management/ville/belle-et-houllefort/ville-62105,5.0,10.0,30.0,80.0,80.0,60.0,115.0,93.0,79.0,128.0,17.8,37.1,31.2,14.7,19.8,18.3,31.2,30.5
Bacquepuis (27930),/management/ville/bacquepuis/ville-27033,0.0,0.0,5.0,75.0,45.0,35.0,62.0,70.0,38.0,52.0,30.6,25.2,33.3,27.3,13.5,20.7,22.5,24.3
Brunet (04210),/management/ville/brunet/ville-04035,14.0,23.0,5.0,32.0,18.0,46.0,51.0,65.0,37.0,52.0,18.5,31.3,38.9,22.5,17.6,17.7,25.0,27.1
Beauficel (50150),/management/ville/beauficel/ville-50040,23.0,0.0,0.0,11.0,6.0,17.0,53.0,40.0,19.0,14.0,39.1,44.6,34.8,25.0,15.9,14.3,10.1,12.5
Chassigny (52190),/management/ville/chassigny/ville-52113,0.0,0.0,0.0,30.0,25.0,50.0,72.0,65.0,25.0,33.0,33.0,41.1,43.0,21.6,10.0,15.8,14.0,20.0
Clohars-Fouesnant (29950),/management/ville/clohars-fouesnant/ville-29032,20.0,125.0,75.0,274.0,246.0,148.0,344.0,379.0,324.0,486.0,17.8,26.7,29.3,20.5,21.8,20.6,31.1,32.3
Annezay (17380),/management/ville/annezay/ville-17012,11.0,21.0,0.0,16.0,5.0,27.0,45.0,31.0,27.0,28.0,31.1,37.1,29.5,19.4,18.0,22.9,21.3,21.4
Couture-d'Argenson (79110),/management/ville/couture-d-argenson/ville-79106,5.0,28.0,9.0,15.0,28.0,53.0,137.0,91.0,48.0,35.0,42.2,45.7,37.3,20.3,12.4,19.2,8.1,14.6
Champrond-en-Perchet (28400),/management/ville/champrond-en-perchet/ville-28072,0.0,5.0,20.0,10.0,75.0,50.0,106.0,118.0,52.0,44.0,25.5,40.9,39.1,28.1,21.1,11.3,14.3,13.2
Chaillac (36310),/management/ville/chaillac/ville-36035,65.0,60.0,25.0,35.0,75.0,105.0,350.0,285.0,130.0,119.0,34.1,44.7,38.8,23.1,16.6,12.9,10.5,16.2
Authieule (80600),/management/ville/authieule/ville-80044,5.0,10.0,21.0,31.0,67.0,36.0,112.0,76.0,62.0,44.0,37.7,37.9,33.1,19.7,17.9,24.1,11.3,19.3
Bossay-sur-Claise (37290),/management/ville/bossay-sur-claise/ville-37028,20.0,15.0,10.0,15.0,142.0,107.0,214.0,197.0,131.0,101.0,27.4,38.8,39.1,21.9,20.5,20.2,12.9,18.7
Altviller (57730),/management/ville/altviller/ville-57015,0.0,5.0,15.0,75.0,70.0,75.0,95.0,153.0,73.0,123.0,14.5,27.8,40.7,26.3,13.1,19.6,31.8,23.9
Boffles (62390),/management/ville/boffles/ville-62143,5.0,0.0,0.0,5.0,0.0,5.0,14.0,6.0,12.0,4.0,33.3,41.2,22.2,14.3,38.9,29.4,5.6,17.6
Bidos (64400),/management/ville/bidos/ville-64126,0.0,80.0,60.0,60.0,140.0,115.0,275.0,328.0,138.0,216.0,23.5,33.3,41.3,24.9,14.0,14.8,21.2,23.7
Condom-d'Aubrac (12470),/management/ville/condom-d-aubrac/ville-12074,45.0,15.0,0.0,10.0,35.0,15.0,101.0,66.0,47.0,33.0,39.0,42.4,35.8,19.7,13.0,24.8,12.2,14.4
Capvern (65130),/management/ville/capvern/ville-65127,0.0,67.0,57.0,139.0,196.0,98.0,248.0,308.0,187.0,267.0,26.0,23.2,34.7,24.9,17.4,19.6,21.9,30.6
Chaux (21700),/management/ville/chaux/ville-21162,15.0,20.0,30.0,40.0,81.0,71.0,70.0,116.0,58.0,101.0,17.3,22.9,39.7,24.5,18.4,14.5,24.6,34.9
Bourrou (24110),/management/ville/bourrou/ville-24061,0.0,5.0,4.0,35.0,10.0,5.0,41.0,23.0,11.0,26.0,34.8,44.4,34.8,12.5,13.0,9.3,17.4,33.3
Bersaillin (39800),/management/ville/bersaillin/ville-39049,5.0,0.0,20.0,64.0,40.0,40.0,86.0,97.0,46.0,70.0,30.2,27.0,37.7,24.2,13.8,17.7,18.2,29.1
Bargemon (83830),/management/ville/bargemon/ville-83011,0.0,85.0,75.0,80.0,230.0,115.0,314.0,302.0,224.0,248.0,25.5,32.0,34.7,21.8,17.5,23.4,22.3,23.3
Bresse-sur-Grosne (71460),/management/ville/bresse-sur-grosne/ville-71058,10.0,0.0,0.0,10.0,25.0,20.0,29.0,39.0,19.0,51.0,20.0,22.4,40.0,16.9,8.6,19.4,31.4,41.8
Couin (62760),/management/ville/couin/ville-62242,10.0,5.0,0.0,20.0,20.0,15.0,29.0,22.0,20.0,8.0,30.0,42.1,37.5,21.2,20.0,31.6,12.5,7.9
Cadolive (13950),/management/ville/cadolive/ville-13020,0.0,85.0,235.0,350.0,210.0,160.0,346.0,373.0,269.0,615.0,21.5,21.6,26.6,19.4,18.1,15.5,33.8,42.6
Attin (62170),/management/ville/attin/ville-62044,10.0,10.0,20.0,70.0,124.0,64.0,162.0,178.0,96.0,94.0,24.0,37.1,39.0,25.8,18.0,18.2,19.1,16.3
Chassigny-sous-Dun (71170),/management/ville/chassigny-sous-dun/ville-71110,15.0,25.0,20.0,70.0,85.0,55.0,142.0,156.0,67.0,84.0,29.6,33.8,44.6,22.1,14.6,15.3,11.2,26.9
Agnières (62690),/management/ville/agnieres/ville-62012,0.0,0.0,50.0,15.0,30.0,10.0,25.0,43.0,47.0,50.0,9.8,20.5,26.8,25.6,30.5,26.5,32.9,27.7
Caunette-sur-Lauquet (11250),/management/ville/caunette-sur-lauquet/ville-11082,10.0,0.0,0.0,0.0,5.0,0.0,2.0,0.0,2.0,0.0,66.7,0.0,,,33.3,100.0,0.0,0.0
Chilly (74270),/management/ville/chilly/ville-74075,5.0,70.0,105.0,190.0,175.0,170.0,181.0,296.0,175.0,288.0,16.4,22.3,40.4,21.2,18.9,18.4,24.4,37.4
Chaillac-sur-Vienne (87200),/management/ville/chaillac-sur-vienne/ville-87030,0.0,45.0,20.0,185.0,180.0,190.0,216.0,354.0,177.0,189.0,19.1,27.1,43.9,27.9,19.5,18.3,17.4,23.0
Annezin (62232),/management/ville/annezin/ville-62035,0.0,85.0,260.0,709.0,824.0,731.0,1283.0,1221.0,856.0,954.0,23.5,35.4,34.2,22.0,20.8,19.0,21.5,22.7
Belle-Isle-en-Terre (22810),/management/ville/belle-isle-en-terre/ville-22005,10.0,25.0,45.0,105.0,85.0,110.0,298.0,234.0,143.0,142.0,29.3,42.5,38.7,20.5,12.9,21.3,19.1,16.0
Bacqueville (27440),/management/ville/bacqueville/ville-27034,0.0,30.0,20.0,50.0,65.0,130.0,115.0,167.0,70.0,69.0,26.6,28.0,48.3,28.3,13.3,19.7,11.8,20.6
Champrougier (39230),/management/ville/champrougier/ville-39100,0.0,0.0,0.0,14.0,10.0,14.0,20.0,26.0,9.0,24.0,25.6,26.3,35.9,25.6,7.7,15.8,30.8,28.9
Beauficel-en-Lyons (27480),/management/ville/beauficel-en-lyons/ville-27048,0.0,0.0,10.0,35.0,30.0,40.0,41.0,44.0,27.0,40.0,31.7,21.4,31.7,24.3,15.9,20.0,20.7,32.9
Bruniquel (82800),/management/ville/bruniquel/ville-82026,10.0,35.0,45.0,110.0,95.0,45.0,161.0,116.0,91.0,151.0,33.5,28.6,25.7,19.1,16.0,19.1,24.9,33.2
Clomot (21230),/management/ville/clomot/ville-21181,15.0,0.0,0.0,15.0,20.0,5.0,29.0,22.0,25.0,20.0,27.7,32.7,34.0,14.6,23.4,28.6,14.9,26.5
Arleux (59151),/management/ville/arleux/ville-59015,5.0,66.0,117.0,320.0,428.0,450.0,829.0,660.0,370.0,437.0,28.4,43.0,36.3,20.7,17.2,15.2,18.2,19.8
Cubjac-Auvézère-Val d'Ans (24640),/management/ville/cubjac-auvezere-val-d-ans/ville-24147,20.0,74.0,64.0,73.0,133.0,114.0,229.0,276.0,185.0,168.0,22.9,30.4,36.4,25.8,24.6,18.6,16.1,22.7
Authieux-Ratiéville (76690),/management/ville/authieux-ratieville/ville-76038,0.0,10.0,10.0,90.0,80.0,55.0,63.0,102.0,47.0,90.0,17.2,24.8,43.3,21.9,14.6,16.6,24.8,35.2
Couturelle (62158),/management/ville/couturelle/ville-62253,0.0,0.0,0.0,0.0,10.0,19.0,25.0,15.0,11.0,5.0,46.4,37.9,25.0,29.0,17.9,24.1,10.7,6.9
Condorcet (26110),/management/ville/condorcet/ville-26103,20.0,41.0,0.0,20.0,30.0,66.0,147.0,115.0,57.0,73.0,39.7,35.2,32.2,24.2,12.1,17.1,16.1,21.2
Chaux (90330),/management/ville/chaux/ville-90023,0.0,29.0,39.0,123.0,147.0,138.0,239.0,287.0,141.0,198.0,21.1,34.2,40.0,23.3,19.3,13.3,19.5,26.3
Bossée (37240),/management/ville/bossee/ville-37029,25.0,20.0,42.0,15.0,30.0,53.0,78.0,81.0,55.0,40.0,27.1,34.4,39.1,24.0,19.5,24.6,14.3,17.2
Altwiller (67260),/management/ville/altwiller/ville-67009,0.0,16.0,26.0,53.0,37.0,53.0,79.0,105.0,61.0,67.0,14.4,37.1,48.1,18.8,16.9,22.5,20.6,22.5
Biécourt (88170),/management/ville/biecourt/ville-88058,5.0,5.0,0.0,0.0,10.0,20.0,32.0,21.0,9.0,9.0,35.3,54.1,38.2,19.5,14.7,10.8,11.8,13.5
Belleau (02400),/management/ville/belleau/ville-02062,15.0,0.0,0.0,15.0,0.0,20.0,25.0,35.0,12.0,25.0,20.0,31.9,44.0,24.1,12.0,12.8,24.0,27.7
Caragoudes (31460),/management/ville/caragoudes/ville-31105,5.0,5.0,30.0,30.0,10.0,10.0,30.0,33.0,35.0,69.0,14.8,20.9,27.2,14.7,16.0,25.6,42.0,40.7
Barges (21910),/management/ville/barges/ville-21048,5.0,14.0,62.0,90.0,67.0,90.0,68.0,93.0,88.0,162.0,15.0,17.7,30.1,16.4,20.9,22.2,34.0,44.8
Beaufin (38970),/management/ville/beaufin/ville-38031,0.0,10.0,0.0,0.0,5.0,0.0,8.0,8.0,4.0,0.0,40.0,40.0,40.0,33.3,20.0,20.0,0.0,0.0
Bersée (59235),/management/ville/bersee/ville-59071,5.0,96.0,259.0,336.0,214.0,217.0,387.0,348.0,319.0,577.0,20.4,27.0,23.6,18.9,20.2,18.9,35.7,35.1
Bressey-sur-Tille (21560),/management/ville/bressey-sur-tille/ville-21105,0.0,45.0,101.0,162.0,147.0,152.0,121.0,243.0,135.0,215.0,14.4,19.6,42.4,24.7,17.3,20.4,25.9,34.0
Couiza (11190),/management/ville/couiza/ville-11103,5.0,25.0,35.0,59.0,176.0,105.0,443.0,214.0,146.0,131.0,42.4,51.8,28.7,17.8,13.5,17.5,15.4,12.9
Boffres (07440),/management/ville/boffres/ville-07035,31.0,31.0,26.0,57.0,94.0,73.0,137.0,134.0,91.0,148.0,29.0,24.8,34.0,19.5,11.6,24.0,25.5,32.8
Cadours (31480),/management/ville/cadours/ville-31098,5.0,50.0,50.0,130.0,130.0,90.0,243.0,211.0,136.0,209.0,24.5,35.4,33.5,20.0,15.7,18.2,26.4,26.0
Caunettes-en-Val (11220),/management/ville/caunettes-en-val/ville-11083,5.0,0.0,0.0,10.0,5.0,5.0,11.0,11.0,9.0,11.0,24.0,29.4,36.0,14.3,16.0,29.4,24.0,29.4
Atton (54700),/management/ville/atton/ville-54027,0.0,15.0,61.0,166.0,80.0,85.0,129.0,175.0,118.0,165.0,17.3,26.9,34.0,23.5,23.3,16.8,25.3,30.8
Champs (02670),/management/ville/champs/ville-02159,10.0,20.0,5.0,15.0,50.0,15.0,92.0,64.0,38.0,22.0,37.9,46.9,39.8,20.5,13.6,21.2,8.7,11.5
Chailland (53420),/management/ville/chailland/ville-53048,72.0,36.0,46.0,148.0,138.0,164.0,243.0,276.0,166.0,184.0,24.9,31.2,37.9,23.7,19.7,18.4,17.5,25.1
Chaux-Champagny (39110),/management/ville/chaux-champagny/ville-39133,26.0,0.0,0.0,5.0,11.0,5.0,13.0,17.0,10.0,12.0,20.0,29.2,40.0,26.9,16.0,20.8,24.0,20.8
Caraman (31460),/management/ville/caraman/ville-31106,15.0,90.0,220.0,375.0,365.0,200.0,456.0,439.0,344.0,554.0,22.7,27.9,29.3,20.0,18.0,20.3,29.9,31.8
Annoire (39120),/management/ville/annoire/ville-39011,15.0,15.0,10.0,45.0,74.0,55.0,118.0,100.0,45.0,41.0,30.4,48.0,40.5,22.6,15.2,14.2,13.9,12.8
Bourrouillan (32370),/management/ville/bourrouillan/ville-32062,19.0,0.0,0.0,10.0,10.0,10.0,38.0,32.0,30.0,36.0,24.7,31.7,28.8,19.0,21.9,21.7,24.7,28.3
Clonas-sur-Varèze (38550),/management/ville/clonas-sur-vareze/ville-38114,15.0,50.0,100.0,280.0,230.0,120.0,210.0,350.0,184.0,304.0,18.3,21.8,40.2,24.5,17.1,18.0,24.4,33.7
Chassillé (72540),/management/ville/chassille/ville-72070,0.0,15.0,0.0,20.0,54.0,64.0,50.0,77.0,26.0,31.0,20.8,33.7,51.0,26.7,14.6,13.5,13.5,21.3
Brunoy (91800),/management/ville/brunoy/ville-91114,0.0,558.0,3334.0,3580.0,3029.0,1716.0,4307.0,3384.0,3200.0,7221.0,21.3,26.0,21.4,16.5,17.6,17.8,39.7,40.0
Cublac (19520),/management/ville/cublac/ville-19066,15.0,61.0,56.0,175.0,284.0,235.0,437.0,410.0,216.0,242.0,27.3,39.4,39.9,21.6,17.4,15.7,15.4,21.6
Bacqueville-en-Caux (76730),/management/ville/bacqueville-en-caux/ville-76051,0.0,40.0,80.0,171.0,259.0,316.0,642.0,335.0,224.0,207.0,39.3,51.3,29.2,18.3,16.0,15.8,15.4,14.0
Agnin (38150),/management/ville/agnin/ville-38003,0.0,50.0,55.0,151.0,55.0,156.0,185.0,230.0,139.0,201.0,18.9,30.1,36.5,22.5,20.5,16.5,24.1,29.1
Cadrieu (46160),/management/ville/cadrieu/ville-46041,5.0,5.0,5.0,10.0,15.0,5.0,29.0,52.0,19.0,34.0,14.9,28.8,40.3,29.8,16.4,10.6,28.4,22.7
Coutures (24320),/management/ville/coutures/ville-24141,0.0,15.0,0.0,5.0,55.0,20.0,55.0,54.0,23.0,28.0,20.3,46.5,50.0,18.7,14.9,14.0,14.9,19.8
Aluze (71510),/management/ville/aluze/ville-71005,0.0,15.0,10.0,30.0,20.0,40.0,45.0,54.0,35.0,59.0,19.2,28.1,34.6,19.1,21.2,14.6,25.0,37.1
Condren (02700),/management/ville/condren/ville-02212,5.0,15.0,20.0,80.0,115.0,80.0,187.0,178.0,95.0,73.0,31.5,38.7,38.6,25.8,16.9,18.8,13.1,14.3
Bosselshausen (67330),/management/ville/bosselshausen/ville-67057,5.0,10.0,14.0,10.0,38.0,24.0,28.0,38.0,24.0,31.0,17.7,28.1,37.1,24.2,21.0,17.5,24.2,28.1
Champs (63440),/management/ville/champs/ville-63082,0.0,40.0,44.0,40.0,49.0,74.0,55.0,77.0,57.0,100.0,13.6,25.2,34.0,19.1,19.7,20.3,32.7,35.7
Belleau (54610),/management/ville/belleau/ville-54059,9.0,34.0,45.0,94.0,92.0,119.0,147.0,169.0,99.0,138.0,25.3,27.9,36.1,23.7,16.2,19.6,22.4,27.5
Brunstatt-Didenheim (68350),/management/ville/brunstatt-didenheim/ville-68056,0.0,275.0,950.0,980.0,935.0,620.0,1041.0,1712.0,966.0,2167.0,14.5,20.5,30.6,24.8,17.0,15.9,37.9,35.9
Chilly (80170),/management/ville/chilly/ville-80191,5.0,0.0,0.0,15.0,29.0,34.0,58.0,36.0,24.0,19.0,33.3,50.7,29.0,21.6,20.3,15.9,17.4,10.1
Barges (43340),/management/ville/barges/ville-43019,4.0,4.0,0.0,0.0,8.0,12.0,19.0,26.0,15.0,7.0,20.6,36.4,44.1,28.9,26.5,18.2,8.8,12.1
Bogève (74250),/management/ville/bogeve/ville-74038,28.0,71.0,71.0,208.0,123.0,132.0,119.0,236.0,165.0,295.0,13.8,15.3,33.8,22.6,20.5,20.0,32.0,41.3
Bressieux (38870),/management/ville/bressieux/ville-38056,0.0,5.0,0.0,5.0,10.0,5.0,18.0,20.0,19.0,18.0,32.4,16.2,32.4,22.9,21.6,27.0,13.5,35.1
Beaufort (31370),/management/ville/beaufort/ville-31051,0.0,40.0,55.0,40.0,80.0,20.0,39.0,98.0,61.0,104.0,10.7,15.0,38.3,26.5,14.8,25.5,36.2,32.7
Bersillies (59600),/management/ville/bersillies/ville-59072,0.0,10.0,15.0,10.0,20.0,60.0,47.0,56.0,50.0,44.0,19.2,28.6,33.3,23.7,26.3,24.5,21.2,23.5
Condrieu (69420),/management/ville/condrieu/ville-69064,15.0,111.0,273.0,416.0,507.0,418.0,1060.0,661.0,460.0,750.0,31.6,40.0,27.2,17.9,16.9,14.6,24.3,26.8
Couladère (31220),/management/ville/couladere/ville-31153,0.0,16.0,16.0,57.0,26.0,26.0,103.0,79.0,54.0,105.0,21.6,37.6,30.2,16.0,20.4,11.8,27.8,33.7
Champs-Romain (24470),/management/ville/champs-romain/ville-24101,10.0,21.0,5.0,26.0,26.0,31.0,97.0,62.0,37.0,49.0,35.0,43.1,30.9,18.8,15.4,15.4,18.7,22.0
Bossendorf (67270),/management/ville/bossendorf/ville-67058,10.0,5.0,10.0,75.0,85.0,60.0,59.0,100.0,47.0,79.0,18.3,23.1,42.3,25.5,14.8,18.2,24.6,30.8
Authiou (58700),/management/ville/authiou/ville-58018,5.0,0.0,0.0,5.0,0.0,0.0,12.0,9.0,7.0,9.0,41.2,25.0,17.6,26.1,23.5,15.0,17.6,30.0
Chaillé-les-Marais (85450),/management/ville/chaille-les-marais/ville-85042,10.0,56.0,30.0,172.0,258.0,324.0,458.0,558.0,281.0,199.0,25.0,35.8,45.8,26.6,18.6,18.9,10.6,15.9
Annois (02480),/management/ville/annois/ville-02019,0.0,5.0,15.0,40.0,10.0,75.0,97.0,92.0,47.0,43.0,31.9,37.5,40.0,23.6,19.3,14.6,8.9,21.5
Bours (62550),/management/ville/bours/ville-62166,20.0,15.0,15.0,105.0,75.0,85.0,85.0,154.0,79.0,105.0,14.5,26.2,44.3,25.5,18.6,18.8,22.6,27.2
Caen (14000),/management/ville/caen/ville-14118,53.0,1984.0,9929.0,12317.0,13585.0,7686.0,19138.0,13833.0,10663.0,26142.0,23.9,30.4,22.6,17.1,15.6,15.0,38.0,37.0
Chaux-des-Crotenay (39150),/management/ville/chaux-des-crotenay/ville-39129,10.0,5.0,20.0,56.0,30.0,51.0,114.0,85.0,60.0,64.0,42.1,28.7,27.0,24.9,15.7,20.7,15.1,24.4
Chassors (16200),/management/ville/chassors/ville-16088,5.0,30.0,35.0,126.0,121.0,172.0,253.0,282.0,169.0,174.0,25.6,32.0,39.9,23.9,16.8,21.6,17.7,21.8
Arleux-en-Gohelle (62580),/management/ville/arleux-en-gohelle/ville-62039,0.0,55.0,45.0,180.0,135.0,85.0,135.0,174.0,116.0,204.0,17.1,25.8,32.4,21.1,22.5,14.3,27.9,36.9
Caramany (66720),/management/ville/caramany/ville-66039,0.0,5.0,0.0,15.0,20.0,20.0,56.0,36.0,26.0,15.0,39.7,44.7,39.7,18.8,10.3,26.3,10.3,11.8
Cublize (69550),/management/ville/cublize/ville-69070,10.0,60.0,25.0,145.0,145.0,185.0,439.0,172.0,188.0,128.0,49.8,45.1,19.4,18.2,20.1,20.5,10.7,16.7
Coutures (33580),/management/ville/coutures/ville-33139,0.0,5.0,10.0,0.0,10.0,10.0,21.0,12.0,10.0,16.0,40.7,31.3,18.5,20.0,22.2,12.5,18.5,34.4
Badailhac (15800),/management/ville/badailhac/ville-15017,25.0,0.0,0.0,5.0,10.0,20.0,37.0,26.0,21.0,16.0,34.0,39.6,34.0,19.2,21.3,20.8,10.6,20.8
Alvignac (46500),/management/ville/alvignac/ville-46003,5.0,57.0,21.0,90.0,123.0,56.0,156.0,164.0,116.0,131.0,22.5,32.3,35.6,22.3,19.6,21.0,22.2,24.1
Agnos (64400),/management/ville/agnos/ville-64007,10.0,34.0,44.0,142.0,196.0,128.0,133.0,251.0,158.0,218.0,14.0,21.1,38.6,25.9,19.7,22.1,27.7,29.6
Attray (45170),/management/ville/attray/ville-45011,10.0,10.0,5.0,35.0,10.0,25.0,33.0,55.0,38.0,36.0,18.6,22.4,37.2,28.0,24.4,22.4,19.8,25.0
Caupenne (40250),/management/ville/caupenne/ville-40078,16.0,5.0,5.0,26.0,89.0,47.0,135.0,94.0,53.0,52.0,41.2,39.6,30.9,23.9,12.7,18.9,15.2,16.0
Biederthal (68480),/management/ville/biederthal/ville-68035,0.0,10.0,40.0,25.0,30.0,55.0,40.0,90.0,42.0,61.0,13.2,21.0,45.6,27.5,20.2,16.0,21.1,31.1
Clos-Fontaine (77370),/management/ville/clos-fontaine/ville-77119,10.0,10.0,20.0,24.0,40.0,38.0,57.0,49.0,49.0,44.0,29.5,27.4,31.4,20.0,18.1,32.6,21.0,23.2
Bellebat (33760),/management/ville/bellebat/ville-33043,5.0,18.0,0.0,27.0,41.0,32.0,47.0,60.0,36.0,30.0,23.0,31.4,42.5,26.1,17.2,24.4,17.2,17.4
Bogny-sur-Meuse (08120),/management/ville/bogny-sur-meuse/ville-08081,0.0,103.0,51.0,365.0,561.0,957.0,1758.0,1204.0,496.0,402.0,39.3,51.5,39.2,21.6,11.7,14.0,9.9,10.9
Barges (70500),/management/ville/barges/ville-70049,5.0,5.0,0.0,0.0,0.0,29.0,28.0,14.0,18.0,3.0,44.1,40.0,26.5,22.2,29.4,30.0,0.0,10.0
Chailles (41120),/management/ville/chailles/ville-41032,20.0,95.0,180.0,310.0,435.0,305.0,523.0,545.0,368.0,616.0,21.6,29.3,32.8,20.3,16.5,19.2,29.1,30.9
Authoison (70190),/management/ville/authoison/ville-70038,0.0,15.0,5.0,55.0,40.0,30.0,56.0,70.0,35.0,68.0,24.6,24.3,36.0,23.0,14.9,15.7,24.6,34.8
Brunvillers-la-Motte (60130),/management/ville/brunvillers-la-motte/ville-60112,0.0,0.0,10.0,49.0,49.0,78.0,69.0,73.0,42.0,52.0,28.2,29.7,35.0,24.2,18.8,17.8,17.9,26.3
Beaufort (34210),/management/ville/beaufort/ville-34026,15.0,10.0,10.0,15.0,30.0,10.0,43.0,51.0,24.0,56.0,23.1,26.5,34.1,22.2,12.1,15.7,30.8,33.7
Caëstre (59190),/management/ville/caestre/ville-59120,35.0,35.0,148.0,277.0,277.0,208.0,410.0,339.0,255.0,383.0,26.7,32.3,28.6,20.0,18.7,18.0,26.1,29.2
Bours (65460),/management/ville/bours/ville-65108,5.0,29.0,51.0,125.0,129.0,63.0,117.0,205.0,135.0,172.0,17.2,20.0,37.6,26.1,22.1,20.9,23.1,31.1
Chaux-la-Lotière (70190),/management/ville/chaux-la-lotiere/ville-70145,5.0,10.0,15.0,83.0,54.0,44.0,48.0,85.0,64.0,114.0,13.6,17.0,29.6,24.0,21.0,20.4,35.8,37.4
Champs-sur-Marne (77420),/management/ville/champs-sur-marne/ville-77083,3.0,424.0,2769.0,3546.0,3800.0,1691.0,3850.0,3168.0,3037.0,6007.0,23.2,24.7,21.6,18.1,19.2,18.6,35.9,38.7
Bosset (24130),/management/ville/bosset/ville-24051,10.0,0.0,0.0,40.0,30.0,25.0,60.0,66.0,22.0,30.0,32.1,35.1,42.9,25.4,19.0,6.4,6.0,26.6
Chassy (18800),/management/ville/chassy/ville-18056,5.0,20.0,25.0,30.0,25.0,10.0,61.0,59.0,38.0,40.0,24.0,38.0,36.5,22.9,18.8,19.0,20.8,19.0
Bressolles (01360),/management/ville/bressolles/ville-01062,5.0,48.0,72.0,139.0,120.0,57.0,118.0,125.0,142.0,249.0,18.2,18.7,23.3,17.3,23.3,21.5,35.2,43.4
Agny (62217),/management/ville/agny/ville-62013,0.0,15.0,100.0,264.0,299.0,225.0,344.0,465.0,225.0,402.0,20.9,26.6,37.7,25.1,13.5,17.5,27.8,28.2
Coulaines (72190),/management/ville/coulaines/ville-72095,0.0,110.0,279.0,684.0,1064.0,794.0,2058.0,1645.0,745.0,1022.0,33.6,41.3,34.5,23.1,13.7,13.6,18.2,19.2
Bellebrune (62142),/management/ville/bellebrune/ville-62104,5.0,5.0,16.0,89.0,52.0,37.0,59.0,57.0,46.0,98.0,20.2,25.0,30.2,15.3,14.7,20.5,34.9,40.2
Annoisin-Chatelans (38460),/management/ville/annoisin-chatelans/ville-38010,15.0,35.0,45.0,90.0,49.0,100.0,125.0,142.0,88.0,130.0,23.0,28.6,38.1,20.4,15.6,20.7,23.4,30.3
Conflandey (70170),/management/ville/conflandey/ville-70167,0.0,5.0,15.0,56.0,46.0,71.0,91.0,107.0,34.0,49.0,30.3,34.5,42.3,28.4,11.3,12.9,16.2,18.0
Arlos (31440),/management/ville/arlos/ville-31017,0.0,10.0,10.0,5.0,15.0,10.0,35.0,17.0,21.0,11.0,35.9,46.7,20.5,20.5,28.2,22.2,15.4,11.1
Chaillevette (17890),/management/ville/chaillevette/ville-17079,25.0,50.0,36.0,147.0,234.0,162.0,420.0,378.0,212.0,192.0,33.2,36.7,36.8,24.7,15.7,19.4,14.4,17.4
Cubnezais (33620),/management/ville/cubnezais/ville-33142,10.0,41.0,51.0,173.0,204.0,229.0,319.0,375.0,157.0,182.0,28.2,33.5,43.5,26.1,13.9,16.4,14.5,20.6
Coutures (82210),/management/ville/coutures/ville-82046,9.0,0.0,0.0,19.0,19.0,19.0,31.0,23.0,14.0,14.0,35.7,40.0,38.1,18.4,11.9,22.5,14.3,20.0
Badaroux (48000),/management/ville/badaroux/ville-48013,5.0,49.0,35.0,129.0,148.0,94.0,127.0,170.0,185.0,228.0,19.1,16.5,30.2,20.1,23.1,29.1,27.6,36.6
Bargny (60620),/management/ville/bargny/ville-60046,5.0,0.0,15.0,40.0,74.0,25.0,49.0,54.0,42.0,62.0,28.7,18.7,29.7,21.4,22.8,17.8,18.8,41.1
Bossey (74160),/management/ville/bossey/ville-74044,0.0,70.0,155.0,185.0,95.0,40.0,122.0,101.0,129.0,356.0,17.4,17.1,16.5,13.2,17.1,19.3,49.1,51.4
Chassy (71130),/management/ville/chassy/ville-71111,5.0,5.0,10.0,36.0,36.0,66.0,66.0,104.0,41.0,50.0,17.7,33.6,54.6,23.7,11.5,19.5,16.2,21.9
Attricourt (70100),/management/ville/attricourt/ville-70032,0.0,0.0,0.0,0.0,5.0,10.0,9.0,9.0,5.0,10.0,22.2,33.3,27.8,22.2,22.2,6.7,27.8,33.3
Bief (25190),/management/ville/bief/ville-25061,0.0,5.0,0.0,14.0,5.0,19.0,20.0,41.0,9.0,21.0,16.3,30.2,53.1,27.5,6.1,14.0,24.5,23.3
Carantec (29660),/management/ville/carantec/ville-29023,15.0,85.0,205.0,265.0,300.0,160.0,594.0,518.0,516.0,982.0,16.1,28.3,23.9,17.0,20.3,19.4,39.7,35.9
Berson (33390),/management/ville/berson/ville-33047,30.0,50.0,45.0,180.0,229.0,190.0,391.0,450.0,212.0,291.0,25.4,32.9,38.2,25.2,16.4,15.0,20.0,23.5
Authon (04200),/management/ville/authon/ville-04016,18.0,0.0,5.0,9.0,0.0,5.0,11.0,13.0,7.0,20.0,20.0,26.1,33.3,13.6,13.3,17.4,33.3,43.5
Caffiers (62132),/management/ville/caffiers/ville-62191,0.0,10.0,5.0,81.0,76.0,86.0,258.0,129.0,75.0,64.0,32.2,61.0,41.1,13.1,16.4,12.6,10.3,13.2
Alvimare (76640),/management/ville/alvimare/ville-76002,10.0,0.0,10.0,86.0,60.0,106.0,115.0,134.0,72.0,102.0,23.2,31.2,43.5,19.9,15.9,17.7,17.4,30.7
Agon-Coutainville (50230),/management/ville/agon-coutainville/ville-50003,35.0,120.0,135.0,305.0,260.0,115.0,757.0,628.0,426.0,614.0,23.9,37.0,33.8,19.5,15.6,19.2,26.7,24.2
Beaufort (38270),/management/ville/beaufort/ville-38032,10.0,25.0,5.0,46.0,86.0,61.0,138.0,142.0,73.0,62.0,28.6,37.6,40.4,25.3,18.7,16.9,12.3,17.4
Brusque (12360),/management/ville/brusque/ville-12039,11.0,16.0,11.0,16.0,16.0,43.0,96.0,79.0,49.0,34.0,29.9,44.4,38.1,22.7,17.2,21.4,14.9,11.1
Chaux-lès-Passavant (25530),/management/ville/chaux-les-passavant/ville-25141,0.0,0.0,0.0,14.0,5.0,9.0,42.0,14.0,45.0,18.0,34.8,36.1,19.6,11.1,28.3,44.4,17.4,12.5
Annoix (18340),/management/ville/annoix/ville-18006,11.0,5.0,9.0,30.0,26.0,50.0,53.0,48.0,37.0,55.0,14.6,38.5,37.1,15.0,20.2,18.3,28.1,28.8
Caupenne-d'Armagnac (32110),/management/ville/caupenne-d-armagnac/ville-32094,5.0,20.0,5.0,60.0,65.0,30.0,119.0,98.0,67.0,68.0,26.6,40.8,28.9,24.1,22.5,15.6,22.0,16.8
Bossieu (38260),/management/ville/bossieu/ville-38049,10.0,15.0,10.0,25.0,20.0,45.0,68.0,75.0,49.0,36.0,25.9,33.9,40.5,25.0,18.1,25.0,15.5,16.1
Champs-sur-Tarentaine-Marchal (15270),/management/ville/champs-sur-tarentaine-marchal/ville-15038,20.0,35.0,5.0,55.0,80.0,135.0,350.0,247.0,149.0,146.0,31.1,46.6,35.8,19.7,15.9,17.5,17.1,15.7
Clouange (57185),/management/ville/clouange/ville-57143,11.0,58.0,154.0,430.0,595.0,420.0,958.0,941.0,452.0,549.0,27.2,38.4,37.3,24.9,15.9,15.3,19.7,18.3
Bogy (07340),/management/ville/bogy/ville-07036,5.0,5.0,34.0,80.0,39.0,44.0,63.0,117.0,40.0,100.0,18.1,21.5,43.9,24.1,13.5,11.4,24.6,38.9
Chaillevois (02000),/management/ville/chaillevois/ville-02155,0.0,0.0,5.0,25.0,25.0,30.0,36.0,41.0,32.0,32.0,16.1,32.9,45.2,17.3,24.2,21.5,14.5,29.1
Coulandon (03000),/management/ville/coulandon/ville-03085,10.0,35.0,49.0,94.0,89.0,87.0,109.0,142.0,100.0,131.0,24.5,20.8,32.5,25.7,18.1,23.3,24.9,29.4
Badecon-le-Pin (36200),/management/ville/badecon-le-pin/ville-36158,0.0,15.0,24.0,44.0,137.0,83.0,209.0,184.0,115.0,86.0,32.0,37.9,40.8,22.5,16.2,22.0,11.0,17.4
Aubagnan (40700),/management/ville/aubagnan/ville-40016,10.0,5.0,5.0,15.0,35.0,50.0,55.0,81.0,20.0,37.0,28.3,28.7,46.5,29.7,9.1,11.7,16.2,22.3
Armaillé (49420),/management/ville/armaille/ville-49010,5.0,9.0,10.0,15.0,46.0,60.0,62.0,66.0,55.0,41.0,34.5,20.4,29.4,29.0,22.7,26.2,13.4,23.3
Beaufort (59330),/management/ville/beaufort/ville-59058,15.0,24.0,39.0,132.0,112.0,141.0,182.0,221.0,150.0,198.0,19.9,28.3,35.6,22.8,19.7,20.2,24.8,27.8
Brussey (70150),/management/ville/brussey/ville-70102,0.0,0.0,15.0,25.0,45.0,20.0,66.0,45.0,32.0,58.0,30.0,35.6,29.0,15.8,16.0,15.8,25.0,32.7
Agonac (24460),/management/ville/agonac/ville-24002,35.0,66.0,30.0,240.0,250.0,176.0,400.0,432.0,246.0,281.0,23.3,34.9,38.6,23.5,20.2,16.2,17.9,23.2
Conflans-en-Jarnisy (54800),/management/ville/conflans-en-jarnisy/ville-54136,20.0,40.0,60.0,180.0,340.0,345.0,512.0,672.0,318.0,328.0,24.7,31.1,42.5,27.8,16.6,18.1,16.3,19.4
Chassy (89110),/management/ville/chassy/ville-89088,5.0,25.0,20.0,50.0,45.0,70.0,84.0,103.0,58.0,103.0,25.7,22.5,33.7,23.9,14.3,19.1,26.3,32.9
Cagnac-les-Mines (81130),/management/ville/cagnac-les-mines/ville-81048,0.0,73.0,54.0,263.0,365.0,297.0,602.0,601.0,390.0,372.0,26.6,34.2,38.8,22.9,18.1,21.4,16.5,21.1
Chilly-le-Vignoble (39570),/management/ville/chilly-le-vignoble/ville-39146,0.0,15.0,40.0,146.0,81.0,65.0,122.0,143.0,73.0,129.0,23.1,29.1,36.7,23.4,12.2,18.6,27.9,27.4
Chaux-lès-Port (70170),/management/ville/chaux-les-port/ville-70146,5.0,0.0,0.0,29.0,19.0,29.0,30.0,52.0,16.0,19.0,20.0,30.2,56.9,26.8,7.7,22.6,15.4,18.9
Carantilly (50570),/management/ville/carantilly/ville-50098,5.0,15.0,10.0,71.0,71.0,96.0,136.0,137.0,102.0,84.0,26.0,33.1,40.6,21.6,17.4,26.4,16.0,20.2
Cloué (86600),/management/ville/cloue/ville-86080,0.0,10.0,5.0,62.0,103.0,77.0,94.0,122.0,63.0,92.0,19.9,30.8,41.4,22.8,16.1,17.8,22.6,27.0
Berstett (67370),/management/ville/berstett/ville-67034,5.0,117.0,242.0,295.0,280.0,190.0,339.0,506.0,312.0,641.0,15.5,21.9,32.3,22.5,18.2,16.7,33.9,37.2
Couvains (50680),/management/ville/couvains/ville-50148,26.0,26.0,31.0,52.0,52.0,52.0,125.0,108.0,56.0,67.0,34.0,36.3,36.7,21.5,16.0,15.5,13.3,25.0
Bief-des-Maisons (39150),/management/ville/bief-des-maisons/ville-39052,10.0,5.0,0.0,0.0,10.0,0.0,20.0,20.0,12.0,4.0,16.1,60.0,48.4,18.5,29.0,12.0,6.5,8.0
Bellechassagne (19290),/management/ville/bellechassagne/ville-19021,10.0,0.0,0.0,5.0,35.0,20.0,22.0,22.0,11.0,20.0,20.0,37.5,34.3,21.7,20.0,10.0,25.7,27.5
Cubrial (25680),/management/ville/cubrial/ville-25181,0.0,0.0,10.0,5.0,30.0,15.0,40.0,26.0,16.0,20.0,36.2,41.8,27.7,21.3,19.1,12.7,17.0,21.8
Boursault (51480),/management/ville/boursault/ville-51076,65.0,5.0,10.0,35.0,40.0,80.0,105.0,122.0,51.0,70.0,26.4,33.9,40.8,24.9,17.8,11.5,14.9,25.3
Alzen (09240),/management/ville/alzen/ville-09009,10.0,20.0,20.0,45.0,5.0,5.0,28.0,34.0,41.0,68.0,18.7,13.8,25.3,15.1,25.3,22.5,30.8,50.0
Annonay (07100),/management/ville/annonay/ville-07010,10.0,401.0,651.0,1441.0,2051.0,2134.0,4699.0,3400.0,1842.0,2709.0,32.9,40.9,30.6,21.4,16.2,13.1,20.2,22.5
Bressolles (03000),/management/ville/bressolles/ville-03040,10.0,30.0,102.0,132.0,152.0,76.0,221.0,240.0,168.0,221.0,22.4,29.6,32.5,22.5,22.2,17.4,22.9,29.1
Authon (41310),/management/ville/authon/ville-41007,10.0,20.0,40.0,69.0,114.0,114.0,154.0,166.0,83.0,110.0,24.1,35.5,41.1,21.9,16.6,16.2,18.2,24.7
Conflans-Sainte-Honorine (78700),/management/ville/conflans-sainte-honorine/ville-78172,0.0,677.0,4430.0,5027.0,4436.0,2354.0,5934.0,4960.0,4340.0,9559.0,21.7,26.0,22.5,17.7,17.1,17.9,38.7,38.4
Caurel (22530),/management/ville/caurel/ville-22033,20.0,15.0,0.0,20.0,30.0,55.0,102.0,88.0,43.0,53.0,28.9,42.4,40.8,20.5,10.6,19.4,19.7,17.4
Barguelonne-en-Quercy (46800),/management/ville/barguelonne-en-quercy/ville-46263,15.0,10.0,10.0,60.0,85.0,100.0,152.0,138.0,122.0,132.0,25.0,30.8,32.1,19.9,20.5,24.3,22.4,26.1
Chailley (89770),/management/ville/chailley/ville-89069,5.0,5.0,10.0,30.0,40.0,207.0,157.0,143.0,56.0,66.0,30.5,43.8,42.4,23.1,14.3,11.9,12.8,17.8
Bossugan (33350),/management/ville/bossugan/ville-33064,6.0,0.0,0.0,0.0,17.0,0.0,14.0,10.0,1.0,8.0,44.4,46.7,33.3,21.1,5.6,0.0,16.7,26.7
Coulangeron (89580),/management/ville/coulangeron/ville-89117,10.0,0.0,10.0,34.0,29.0,15.0,28.0,40.0,25.0,46.0,19.4,21.1,32.8,21.8,22.4,14.1,25.4,40.8
Champs-sur-Yonne (89290),/management/ville/champs-sur-yonne/ville-89077,15.0,64.0,74.0,158.0,273.0,148.0,383.0,387.0,188.0,264.0,26.0,35.9,38.6,23.4,13.8,16.7,21.5,21.8
Badefols-d'Ans (24390),/management/ville/badefols-d-ans/ville-24021,15.0,31.0,10.0,26.0,41.0,31.0,117.0,124.0,68.0,47.0,27.7,37.5,43.9,25.0,16.2,21.7,12.1,14.7
Armancourt (60880),/management/ville/armancourt/ville-60023,0.0,15.0,50.0,110.0,75.0,65.0,95.0,124.0,79.0,125.0,18.9,26.1,32.1,24.2,20.3,17.1,28.8,30.3
Beaufort (73270),/management/ville/beaufort/ville-73034,45.0,120.0,75.0,273.0,323.0,235.0,384.0,507.0,318.0,433.0,20.3,26.4,38.6,22.4,19.6,19.2,21.5,31.1
Aubagne (13400),/management/ville/aubagne/ville-13005,53.0,1060.0,2761.0,5363.0,6692.0,3656.0,10074.0,8107.0,6063.0,9317.0,27.6,32.1,28.0,20.3,17.6,18.5,26.9,28.6
Brussieu (69690),/management/ville/brussieu/ville-69031,16.0,37.0,37.0,261.0,190.0,172.0,205.0,240.0,197.0,251.0,21.3,24.6,30.9,22.1,24.4,19.7,23.3,32.9
Cubry (25680),/management/ville/cubry/ville-25182,0.0,0.0,0.0,15.0,5.0,20.0,23.0,15.0,11.0,15.0,29.4,43.3,29.4,16.7,17.6,16.7,23.5,23.3
Bohain-en-Vermandois (02110),/management/ville/bohain-en-vermandois/ville-02095,30.0,130.0,50.0,221.0,718.0,820.0,2369.0,1051.0,401.0,272.0,54.1,61.2,29.6,19.7,10.1,9.5,6.2,7.1
Chilly-Mazarin (91380),/management/ville/chilly-mazarin/ville-91161,3.0,393.0,1598.0,2879.0,3293.0,2031.0,3972.0,2796.0,2941.0,4530.0,29.6,26.3,21.1,18.9,20.1,21.1,29.1,34.2
Chaux-Neuve (25240),/management/ville/chaux-neuve/ville-25142,0.0,19.0,5.0,43.0,29.0,82.0,57.0,62.0,50.0,54.0,21.9,29.6,36.0,19.6,21.1,24.1,21.1,27.8
Cagnano (20228),/management/ville/cagnano/ville-2B046,1.0,5.0,6.0,15.0,13.0,14.0,67.0,22.0,24.0,37.0,42.1,47.3,15.8,13.3,19.7,12.2,22.4,27.0
Couvertpuis (55290),/management/ville/couvertpuis/ville-55133,10.0,0.0,0.0,10.0,0.0,0.0,30.0,21.0,9.0,8.0,43.2,45.2,35.1,24.2,8.1,19.4,13.5,9.7
Berstheim (67170),/management/ville/berstheim/ville-67035,0.0,5.0,30.0,95.0,55.0,75.0,41.0,125.0,60.0,97.0,10.2,15.1,40.1,31.0,20.4,16.9,29.3,30.7
Carayac (46160),/management/ville/carayac/ville-46056,0.0,5.0,20.0,10.0,10.0,10.0,21.0,16.0,14.0,27.0,27.5,26.3,25.0,15.4,22.5,13.2,25.0,44.7
Cloyes-les-Trois-Rivières (28220),/management/ville/cloyes-les-trois-rivieres/ville-28103,80.0,85.0,180.0,565.0,777.0,596.0,1669.0,1393.0,648.0,772.0,30.1,43.8,38.9,21.9,14.5,14.4,16.6,17.8
Bressols (82710),/management/ville/bressols/ville-82025,15.0,135.0,260.0,535.0,545.0,350.0,624.0,806.0,524.0,730.0,22.7,23.8,33.6,25.3,17.7,21.2,26.0,28.3
Annonville (52230),/management/ville/annonville/ville-52012,5.0,0.0,0.0,5.0,0.0,0.0,12.0,7.0,5.0,1.0,25.0,69.2,50.0,8.3,25.0,15.4,0.0,7.7
Chastanier (48300),/management/ville/chastanier/ville-48041,15.0,5.0,0.0,0.0,10.0,5.0,18.0,26.0,6.0,14.0,17.6,40.0,50.0,24.3,11.8,6.7,20.6,23.3
Alzi (20212),/management/ville/alzi/ville-2B013,1.0,3.0,1.0,2.0,3.0,1.0,11.0,4.0,3.0,4.0,69.2,22.2,23.1,12.5,7.7,22.2,0.0,44.4
Bellechaume (89210),/management/ville/bellechaume/ville-89035,5.0,5.0,10.0,39.0,44.0,94.0,92.0,120.0,55.0,59.0,24.7,31.2,44.7,25.7,15.3,19.1,15.3,21.7
Agonès (34190),/management/ville/agones/ville-34005,0.0,5.0,15.0,40.0,25.0,15.0,43.0,55.0,30.0,69.0,21.9,21.6,30.2,23.0,15.6,14.7,32.3,38.2
Boursay (41270),/management/ville/boursay/ville-41024,20.0,0.0,10.0,15.0,20.0,15.0,34.0,42.0,18.0,44.0,25.7,25.0,36.5,22.4,8.1,18.8,29.7,32.8
Bief-du-Fourg (39250),/management/ville/bief-du-fourg/ville-39053,10.0,5.0,15.0,20.0,20.0,10.0,40.0,36.0,26.0,29.0,31.3,29.7,29.9,24.2,17.9,21.9,20.9,23.4
Bossus-lès-Rumigny (08290),/management/ville/bossus-les-rumigny/ville-08073,0.0,10.0,10.0,10.0,5.0,0.0,36.0,21.0,10.0,11.0,52.4,38.9,28.6,23.7,7.1,19.4,11.9,16.7
Chaillon (55210),/management/ville/chaillon/ville-55096,0.0,0.0,5.0,20.0,10.0,34.0,11.0,36.0,20.0,17.0,13.3,12.5,44.4,36.2,22.2,25.0,20.0,20.0
Champsac (87230),/management/ville/champsac/ville-87036,25.0,30.0,15.0,61.0,96.0,66.0,165.0,173.0,99.0,107.0,27.4,33.0,39.5,22.9,19.0,17.7,14.1,24.8
Armancourt (80700),/management/ville/armancourt/ville-80027,5.0,0.0,11.0,0.0,0.0,0.0,2.0,6.0,1.0,7.0,0.0,33.3,50.0,14.3,10.0,0.0,40.0,50.0
Caurel (51110),/management/ville/caurel/ville-51101,5.0,15.0,31.0,77.0,82.0,58.0,115.0,112.0,101.0,150.0,20.6,27.3,27.9,19.4,21.9,20.4,29.6,33.1
Coulanges (03470),/management/ville/coulanges/ville-03086,20.0,15.0,0.0,16.0,51.0,31.0,105.0,95.0,28.0,30.0,35.7,46.5,44.2,24.8,11.6,9.4,8.5,14.2
Conflans-sur-Anille (72120),/management/ville/conflans-sur-anille/ville-72087,10.0,10.0,5.0,52.0,77.0,89.0,163.0,139.0,67.0,48.0,37.3,40.6,40.2,24.7,13.4,18.8,9.1,14.0
Cagnes-sur-Mer (06800),/management/ville/cagnes-sur-mer/ville-06027,33.0,2005.0,3651.0,5725.0,7284.0,3417.0,11429.0,8666.0,7062.0,12062.0,26.4,31.4,25.2,19.4,17.0,18.8,31.3,30.3
Beaufort-Blavincourt (62810),/management/ville/beaufort-blavincourt/ville-62092,5.0,0.0,25.0,40.0,64.0,45.0,100.0,91.0,42.0,72.0,27.0,37.7,36.5,21.7,13.5,13.8,23.0,24.5
Barie (33190),/management/ville/barie/ville-33027,16.0,26.0,21.0,16.0,21.0,21.0,73.0,46.0,36.0,61.0,32.1,35.2,22.9,18.8,18.3,15.7,26.6,29.6
Authon-du-Perche (28330),/management/ville/authon-du-perche/ville-28018,35.0,59.0,40.0,134.0,148.0,234.0,504.0,331.0,200.0,168.0,37.5,46.0,35.2,19.7,16.4,16.7,10.9,16.9
Aubaine (21360),/management/ville/aubaine/ville-21030,0.0,5.0,0.0,10.0,5.0,20.0,21.0,29.0,12.0,19.0,19.1,35.3,46.8,20.0,12.8,17.6,21.3,26.5
Brusson (51300),/management/ville/brusson/ville-51094,5.0,5.0,5.0,10.0,35.0,50.0,45.0,41.0,25.0,28.0,27.1,37.7,37.1,21.1,17.1,18.8,18.6,21.7
Badefols-sur-Dordogne (24150),/management/ville/badefols-sur-dordogne/ville-24022,0.0,5.0,0.0,42.0,49.0,35.0,50.0,47.0,24.0,43.0,31.3,29.8,30.1,23.7,16.9,11.9,21.7,31.0
Bohal (56140),/management/ville/bohal/ville-56020,5.0,15.0,10.0,160.0,106.0,106.0,85.0,191.0,113.0,153.0,13.3,18.0,40.7,27.3,21.1,20.6,24.8,31.6
Chasteaux (19600),/management/ville/chasteaux/ville-19049,10.0,42.0,37.0,90.0,134.0,91.0,124.0,168.0,113.0,165.0,17.0,26.6,36.1,22.3,18.8,20.9,28.1,29.8
Carbay (49420),/management/ville/carbay/ville-49056,15.0,10.0,15.0,25.0,20.0,50.0,40.0,56.0,41.0,35.0,23.2,23.4,38.9,25.3,21.1,27.3,16.8,24.7
Bellecombe (39310),/management/ville/bellecombe/ville-39046,5.0,5.0,5.0,10.0,10.0,10.0,15.0,13.0,10.0,17.0,30.0,24.0,33.3,13.0,16.7,20.0,20.0,44.0
Chilly-sur-Salins (39110),/management/ville/chilly-sur-salins/ville-39147,10.0,0.0,0.0,31.0,5.0,0.0,21.0,25.0,12.0,25.0,20.9,30.0,37.2,19.6,20.9,7.5,20.9,40.0
Cubry-lès-Faverney (70160),/management/ville/cubry-les-faverney/ville-70190,16.0,5.0,0.0,26.0,21.0,21.0,38.0,42.0,21.0,22.0,26.2,35.5,39.3,24.7,23.0,11.3,11.5,24.2
Bresson (38320),/management/ville/bresson/ville-38057,0.0,30.0,125.0,90.0,30.0,25.0,80.0,95.0,51.0,285.0,13.6,17.7,21.8,14.5,10.5,9.4,54.1,57.5
Cloyes-sur-Marne (51300),/management/ville/cloyes-sur-marne/ville-51156,5.0,5.0,5.0,5.0,26.0,21.0,39.0,23.0,18.0,21.0,37.3,43.8,29.4,15.2,15.7,18.8,17.6,22.9
Annot (04240),/management/ville/annot/ville-04008,0.0,35.0,30.0,110.0,151.0,136.0,240.0,283.0,168.0,128.0,23.0,34.9,44.2,24.9,19.6,21.1,13.1,17.9
Bourscheid (57370),/management/ville/bourscheid/ville-57100,0.0,0.0,20.0,20.0,8.0,43.0,15.0,46.0,43.0,33.0,3.5,23.1,37.6,25.5,37.6,21.2,21.2,28.8
Chauzon (07120),/management/ville/chauzon/ville-07061,5.0,40.0,20.0,20.0,55.0,30.0,97.0,80.0,68.0,73.0,26.9,34.0,30.8,20.0,21.8,21.0,20.5,25.3
Alzing (57320),/management/ville/alzing/ville-57016,10.0,0.0,15.0,56.0,41.0,61.0,90.0,112.0,64.0,52.0,16.1,40.1,43.2,25.8,21.3,18.5,19.4,13.0
Bert (03130),/management/ville/bert/ville-03024,0.0,5.0,0.0,0.0,46.0,56.0,98.0,58.0,23.0,22.0,45.3,52.6,34.0,20.4,13.2,9.5,7.5,14.7
Aubais (30250),/management/ville/aubais/ville-30019,38.0,137.0,269.0,364.0,227.0,208.0,434.0,437.0,351.0,784.0,20.0,23.0,27.0,17.1,17.4,17.6,35.6,42.3
Biefmorin (39800),/management/ville/biefmorin/ville-39054,0.0,0.0,0.0,5.0,10.0,10.0,9.0,21.0,15.0,21.0,15.2,12.1,39.4,24.2,21.2,24.2,24.2,39.4
Couvignon (10200),/management/ville/couvignon/ville-10113,15.0,20.0,0.0,20.0,30.0,10.0,60.0,52.0,24.0,29.0,31.4,41.8,45.3,16.5,12.8,16.5,10.5,25.3
Cauro (20117),/management/ville/cauro/ville-2A085,4.0,53.0,92.0,196.0,223.0,110.0,301.0,219.0,251.0,334.0,26.8,27.6,26.0,16.2,20.6,24.6,26.6,33.2
Bost (03300),/management/ville/bost/ville-03033,0.0,0.0,10.0,40.0,40.0,35.0,26.0,50.0,34.0,24.0,15.6,22.9,50.0,26.5,21.9,28.6,12.5,22.9
Coulanges-la-Vineuse (89580),/management/ville/coulanges-la-vineuse/ville-89118,20.0,36.0,36.0,117.0,117.0,66.0,217.0,188.0,120.0,126.0,23.9,41.1,37.4,21.2,18.2,18.7,20.5,18.4
Beaufort-en-Anjou (49250),/management/ville/beaufort-en-anjou/ville-49021,50.0,182.0,281.0,750.0,990.0,1095.0,1865.0,1463.0,793.0,920.0,32.6,41.1,34.5,21.9,16.8,14.8,16.1,20.2
Brusvily (22100),/management/ville/brusvily/ville-22021,20.0,30.0,35.0,121.0,166.0,221.0,224.0,303.0,172.0,165.0,23.1,28.9,42.7,26.2,17.2,22.5,17.0,21.1
Barinque (64160),/management/ville/barinque/ville-64095,5.0,21.0,10.0,98.0,98.0,62.0,68.0,167.0,87.0,129.0,16.6,13.6,39.3,30.1,19.2,19.0,24.9,32.6
Bellecombe-en-Bauges (73340),/management/ville/bellecombe-en-bauges/ville-73036,10.0,40.0,60.0,90.0,70.0,65.0,98.0,127.0,78.0,172.0,17.7,23.4,34.5,18.5,17.7,15.2,30.2,42.2
Bourseul (22130),/management/ville/bourseul/ville-22014,35.0,40.0,35.0,119.0,99.0,174.0,268.0,260.0,164.0,137.0,28.5,36.0,35.3,25.5,19.7,19.7,16.5,16.8
Conflans-sur-Lanterne (70800),/management/ville/conflans-sur-lanterne/ville-70168,15.0,30.0,30.0,50.0,65.0,115.0,199.0,163.0,75.0,56.0,31.3,48.3,40.4,24.0,14.8,15.6,13.5,9.5
Champsanglard (23220),/management/ville/champsanglard/ville-23049,0.0,5.0,15.0,25.0,55.0,10.0,59.0,61.0,40.0,34.0,24.2,36.4,40.0,23.0,18.9,22.2,16.8,18.2
Cagnicourt (62182),/management/ville/cagnicourt/ville-62192,5.0,10.0,15.0,45.0,55.0,80.0,90.0,77.0,60.0,74.0,23.4,35.6,34.0,19.0,17.0,22.5,25.5,23.8
Baden (56870),/management/ville/baden/ville-56008,20.0,242.0,318.0,494.0,408.0,192.0,645.0,768.0,609.0,1412.0,14.8,22.5,25.2,19.4,17.4,18.1,42.7,39.7
Agonges (03210),/management/ville/agonges/ville-03002,10.0,24.0,15.0,19.0,44.0,35.0,71.0,63.0,50.0,66.0,28.3,28.5,28.3,22.5,17.7,21.9,25.7,27.0
Authon-Ébéon (17770),/management/ville/authon-ebeon/ville-17026,21.0,0.0,5.0,37.0,52.0,42.0,114.0,104.0,57.0,43.0,31.2,39.8,42.9,23.1,14.3,21.7,11.7,15.1
Bohars (29820),/management/ville/bohars/ville-29011,5.0,105.0,329.0,428.0,304.0,189.0,539.0,512.0,515.0,1047.0,12.0,28.0,23.1,17.0,20.6,18.9,44.3,36.5
Carbes (81570),/management/ville/carbes/ville-81058,15.0,0.0,10.0,46.0,15.0,5.0,27.0,44.0,33.0,62.0,15.5,17.5,32.1,20.0,20.2,20.0,32.1,42.5
Alzon (30770),/management/ville/alzon/ville-30009,5.0,0.0,0.0,0.0,16.0,26.0,43.0,52.0,26.0,33.0,33.8,22.4,36.4,28.0,11.7,22.4,18.2,25.0
Chastel (43300),/management/ville/chastel/ville-43065,10.0,15.0,0.0,5.0,5.0,20.0,58.0,28.0,24.0,11.0,40.0,57.1,30.8,14.8,21.5,17.9,7.7,10.7
Chavagne (35310),/management/ville/chavagne/ville-35076,15.0,58.0,302.0,589.0,457.0,350.0,588.0,780.0,487.0,933.0,18.7,23.4,32.1,22.6,17.7,17.2,31.5,35.3
Chimilin (38490),/management/ville/chimilin/ville-38104,5.0,35.0,35.0,167.0,175.0,297.0,333.0,307.0,201.0,210.0,27.2,36.4,36.1,21.3,19.6,18.7,17.1,23.0
Cubzac-les-Ponts (33240),/management/ville/cubzac-les-ponts/ville-33143,0.0,83.0,98.0,260.0,388.0,260.0,419.0,660.0,288.0,410.0,24.3,22.9,39.2,29.7,15.8,16.5,20.7,25.4
Bressuire (79300),/management/ville/bressuire/ville-79049,257.0,505.0,853.0,2079.0,2320.0,3063.0,4677.0,4107.0,2245.0,3303.0,28.3,36.7,34.8,21.4,15.4,15.9,21.5,24.5
Chailloué (61240),/management/ville/chailloue/ville-61081,36.0,46.0,62.0,87.0,108.0,103.0,162.0,221.0,129.0,123.0,21.2,29.9,42.7,25.3,19.0,22.0,17.1,21.7
Armaucourt (54760),/management/ville/armaucourt/ville-54021,0.0,5.0,5.0,28.0,19.0,52.0,34.0,50.0,24.0,50.0,16.7,27.4,38.1,22.2,15.5,13.7,29.8,34.2
Clucy (39110),/management/ville/clucy/ville-39155,0.0,10.0,0.0,5.0,0.0,5.0,21.0,20.0,12.0,8.0,31.0,36.7,27.6,29.7,27.6,13.3,13.8,13.3
Aubarède (65350),/management/ville/aubarede/ville-65044,5.0,20.0,20.0,5.0,30.0,25.0,45.0,73.0,38.0,58.0,16.8,25.2,43.0,23.9,15.9,19.6,24.3,29.9
Couville (50690),/management/ville/couville/ville-50149,5.0,39.0,34.0,182.0,187.0,148.0,165.0,269.0,160.0,203.0,15.4,26.4,41.5,24.3,19.5,21.0,23.7,27.2
Biefvillers-lès-Bapaume (62450),/management/ville/biefvillers-les-bapaume/ville-62129,0.0,0.0,5.0,24.0,0.0,19.0,14.0,25.0,7.0,21.0,21.6,21.9,37.8,26.8,13.5,6.3,27.0,37.5
Cauroir (59400),/management/ville/cauroir/ville-59141,0.0,15.0,41.0,71.0,76.0,96.0,112.0,122.0,70.0,116.0,21.6,31.6,35.6,21.1,18.3,15.1,24.5,30.7
Bertangles (80260),/management/ville/bertangles/ville-80092,9.0,27.0,32.0,105.0,55.0,64.0,91.0,119.0,71.0,169.0,16.2,24.4,30.6,21.1,16.2,15.4,37.0,37.6
Annouville-Vilmesnil (76110),/management/ville/annouville-vilmesnil/ville-76021,5.0,0.0,45.0,55.0,75.0,75.0,108.0,100.0,67.0,60.0,31.0,33.5,36.3,22.9,18.1,22.0,14.6,21.3
Beaufort-en-Argonne (55700),/management/ville/beaufort-en-argonne/ville-55037,10.0,0.0,0.0,5.0,10.0,30.0,47.0,30.0,21.0,16.0,40.3,42.3,27.4,22.8,21.0,15.4,11.3,17.3
Barisey-au-Plain (54170),/management/ville/barisey-au-plain/ville-54046,15.0,10.0,5.0,50.0,35.0,55.0,79.0,84.0,58.0,57.0,24.2,32.2,35.6,23.7,23.5,18.5,16.7,24.0
Alzonne (11170),/management/ville/alzonne/ville-11009,5.0,71.0,30.0,96.0,243.0,192.0,454.0,306.0,199.0,200.0,37.3,40.9,33.0,20.3,13.6,20.4,16.0,18.4
Authon-la-Plaine (91410),/management/ville/authon-la-plaine/ville-91035,5.0,15.0,20.0,40.0,45.0,45.0,62.0,82.0,48.0,70.0,28.2,19.1,37.4,25.6,9.9,26.7,24.4,29.0
Brutelles (80230),/management/ville/brutelles/ville-80146,5.0,5.0,0.0,30.0,25.0,35.0,52.0,48.0,28.0,26.0,26.9,41.6,35.9,23.3,21.8,14.3,15.4,18.2
Bourseville (80130),/management/ville/bourseville/ville-80124,10.0,25.0,10.0,74.0,97.0,95.0,249.0,148.0,67.0,88.0,42.0,48.2,33.9,18.9,9.9,14.3,14.2,17.5
Bellecombe-Tarendol (26110),/management/ville/bellecombe-tarendol/ville-26046,21.0,0.0,5.0,11.0,5.0,16.0,19.0,28.0,12.0,13.0,19.4,35.3,44.4,28.6,19.4,11.8,16.7,17.6
Cagnoncles (59161),/management/ville/cagnoncles/ville-59121,10.0,10.0,37.0,84.0,68.0,89.0,128.0,92.0,80.0,130.0,25.0,35.1,26.8,15.3,20.5,16.6,27.7,33.2
Carbini (20170),/management/ville/carbini/ville-2A061,1.0,6.0,3.0,9.0,12.0,5.0,48.0,9.0,17.0,20.0,60.4,41.3,10.4,10.0,14.6,21.7,14.6,28.3
Bohas-Meyriat-Rignat (01250),/management/ville/bohas-meyriat-rignat/ville-01245,5.0,58.0,48.0,149.0,72.0,77.0,121.0,168.0,133.0,229.0,15.8,21.5,30.9,20.2,22.1,18.7,31.2,39.3
Agos-Vidalos (65400),/management/ville/agos-vidalos/ville-65004,0.0,16.0,26.0,57.0,68.0,52.0,80.0,93.0,59.0,107.0,16.6,31.0,37.3,17.8,17.2,17.3,29.0,33.9
Clugnat (23270),/management/ville/clugnat/ville-23064,20.0,15.0,20.0,45.0,90.0,50.0,182.0,161.0,108.0,90.0,30.6,36.8,33.8,23.8,20.9,19.2,14.7,18.8
Cauroy (08310),/management/ville/cauroy/ville-08092,0.0,0.0,5.0,15.0,30.0,45.0,49.0,41.0,24.0,25.0,28.8,40.3,30.3,24.4,25.8,9.7,15.2,20.8
Aubas (24290),/management/ville/aubas/ville-24014,5.0,41.0,20.0,36.0,87.0,107.0,139.0,171.0,81.0,86.0,23.5,34.6,44.0,25.3,16.7,17.3,15.8,20.2
Brest (29200),/management/ville/brest/ville-29019,82.0,2408.0,11201.0,16226.0,20204.0,13294.0,22105.0,22739.0,18307.0,32809.0,17.8,27.8,27.0,20.1,20.5,17.8,34.7,33.7
Bertaucourt-Epourdon (02800),/management/ville/bertaucourt-epourdon/ville-02074,0.0,20.0,0.0,74.0,79.0,109.0,133.0,141.0,83.0,84.0,27.0,33.8,39.1,22.7,19.1,18.3,14.8,23.9
Chindrieux (73310),/management/ville/chindrieux/ville-73085,25.0,30.0,30.0,204.0,159.0,144.0,234.0,334.0,199.0,263.0,17.5,27.6,40.0,24.1,17.9,20.5,24.5,26.6
Armbouts-Cappel (59380),/management/ville/armbouts-cappel/ville-59016,0.0,30.0,119.0,346.0,282.0,250.0,501.0,490.0,307.0,401.0,24.0,34.8,35.7,21.3,18.1,18.0,22.2,25.0
Chastel-Arnaud (26340),/management/ville/chastel-arnaud/ville-26080,5.0,0.0,0.0,0.0,0.0,0.0,5.0,5.0,5.0,10.0,30.8,14.3,15.4,21.4,23.1,21.4,30.8,42.9
Couvonges (55800),/management/ville/couvonges/ville-55134,0.0,0.0,5.0,26.0,46.0,31.0,30.0,38.0,27.0,25.0,14.0,36.1,42.1,21.9,26.3,18.0,17.5,23.0
Bielle (64260),/management/ville/bielle/ville-64127,0.0,15.0,5.0,29.0,34.0,29.0,83.0,104.0,51.0,91.0,21.6,28.7,37.7,23.4,15.4,15.6,25.3,29.9
Chavagnes-en-Paillers (85250),/management/ville/chavagnes-en-paillers/ville-85065,55.0,105.0,100.0,341.0,336.0,808.0,775.0,857.0,495.0,553.0,22.9,34.6,37.8,24.5,18.2,18.7,21.0,20.3
Conflans-sur-Loing (45700),/management/ville/conflans-sur-loing/ville-45102,0.0,28.0,35.0,59.0,25.0,35.0,69.0,81.0,55.0,91.0,18.7,28.1,32.0,21.7,18.7,18.5,30.7,30.8
Annoux (89440),/management/ville/annoux/ville-89012,0.0,0.0,0.0,10.0,0.0,0.0,26.0,21.0,13.0,15.0,25.6,42.9,35.9,19.4,17.9,17.1,20.5,20.0
Badens (11800),/management/ville/badens/ville-11023,13.0,55.0,45.0,60.0,96.0,105.0,206.0,157.0,106.0,137.0,33.3,34.9,33.3,19.0,15.3,19.2,18.0,26.9
Cuchery (51480),/management/ville/cuchery/ville-51199,25.0,15.0,5.0,10.0,60.0,85.0,113.0,102.0,42.0,59.0,32.9,38.9,37.1,23.4,14.4,12.1,15.6,22.1
Chailly-en-Bière (77930),/management/ville/chailly-en-biere/ville-77069,10.0,105.0,164.0,279.0,209.0,239.0,446.0,355.0,254.0,471.0,28.0,30.4,26.1,20.2,14.3,19.0,31.6,30.1
Boigneville (91720),/management/ville/boigneville/ville-91069,0.0,0.0,20.0,60.0,40.0,55.0,76.0,90.0,48.0,96.0,23.0,25.8,32.9,23.5,13.2,18.1,30.9,31.0
Beaufort-en-Santerre (80170),/management/ville/beaufort-en-santerre/ville-80067,5.0,25.0,10.0,30.0,20.0,30.0,66.0,29.0,21.0,27.0,45.3,47.1,22.7,17.1,14.7,14.7,17.3,20.6
Champsecret (61700),/management/ville/champsecret/ville-61091,10.0,25.0,40.0,105.0,80.0,120.0,245.0,227.0,92.0,136.0,31.0,38.8,38.6,23.2,14.0,12.3,16.4,22.3
Coulanges-lès-Nevers (58660),/management/ville/coulanges-les-nevers/ville-58088,5.0,65.0,225.0,500.0,410.0,230.0,701.0,948.0,515.0,685.0,21.4,27.3,38.1,26.2,18.2,18.0,22.3,25.6
Brestot (27350),/management/ville/brestot/ville-27110,10.0,10.0,29.0,106.0,63.0,48.0,91.0,127.0,74.0,113.0,20.8,23.9,34.7,24.8,22.8,13.9,21.8,33.8
Bruville (54800),/management/ville/bruville/ville-54103,20.0,0.0,10.0,35.0,15.0,15.0,41.0,54.0,25.0,44.0,21.8,27.9,38.5,24.5,16.7,14.0,23.1,30.2
Cagnotte (40300),/management/ville/cagnotte/ville-40059,14.0,40.0,25.0,55.0,138.0,94.0,129.0,211.0,79.0,148.0,22.3,23.2,40.6,28.4,12.0,15.8,25.1,27.5
Carbon-Blanc (33560),/management/ville/carbon-blanc/ville-33096,0.0,243.0,479.0,1011.0,1242.0,746.0,1632.0,1882.0,1105.0,1427.0,23.8,29.7,35.2,25.3,18.1,18.5,22.9,24.2
Amage (70280),/management/ville/amage/ville-70011,10.0,5.0,5.0,40.0,30.0,65.0,102.0,76.0,37.0,43.0,38.3,40.8,35.3,21.6,12.8,16.0,13.5,20.0
Bellefond (21490),/management/ville/bellefond/ville-21059,0.0,46.0,86.0,203.0,56.0,36.0,108.0,148.0,127.0,262.0,14.2,19.2,25.9,20.2,17.4,22.0,42.4,39.0
Barisey-la-Côte (54170),/management/ville/barisey-la-cote/ville-54047,0.0,0.0,0.0,51.0,35.0,41.0,43.0,53.0,42.0,31.0,20.9,30.0,38.4,24.4,23.3,26.3,17.4,20.0
Boursières (70000),/management/ville/boursieres/ville-70090,5.0,0.0,0.0,5.0,5.0,10.0,8.0,23.0,4.0,7.0,25.0,11.1,45.8,41.4,12.5,5.6,16.7,16.7
Bosville (76450),/management/ville/bosville/ville-76128,5.0,5.0,15.0,55.0,80.0,115.0,139.0,122.0,72.0,81.0,30.1,37.0,38.8,19.8,16.5,18.3,14.6,24.5
Badevel (25490),/management/ville/badevel/ville-25040,0.0,30.0,20.0,109.0,95.0,169.0,214.0,204.0,105.0,109.0,31.7,36.0,36.5,25.7,14.3,18.9,17.5,17.0
Armeau (89500),/management/ville/armeau/ville-89018,5.0,25.0,20.0,95.0,85.0,150.0,185.0,191.0,111.0,108.0,29.5,32.8,37.1,24.8,19.2,18.1,14.2,22.2
Chavagnes-les-Redoux (85390),/management/ville/chavagnes-les-redoux/ville-85066,15.0,5.0,20.0,45.0,61.0,222.0,186.0,215.0,114.0,92.0,28.0,33.3,40.8,26.7,19.0,18.9,12.2,18.2
Cauroy-lès-Hermonville (51220),/management/ville/cauroy-les-hermonville/ville-51102,16.0,26.0,58.0,42.0,84.0,32.0,62.0,109.0,60.0,129.0,13.4,21.4,33.7,23.7,18.7,14.5,34.2,37.6
Conflans-sur-Seine (51260),/management/ville/conflans-sur-seine/ville-51162,10.0,15.0,5.0,46.0,72.0,88.0,178.0,187.0,83.0,52.0,29.8,41.2,45.9,25.9,18.2,14.9,6.2,14.1
Agris (16110),/management/ville/agris/ville-16003,5.0,45.0,20.0,81.0,116.0,136.0,200.0,226.0,126.0,107.0,28.6,32.7,41.4,25.1,17.5,20.6,12.5,20.0
Cluis (36340),/management/ville/cluis/ville-36056,35.0,25.0,45.0,59.0,75.0,180.0,388.0,238.0,106.0,120.0,37.6,52.5,36.1,18.8,13.8,11.4,12.5,15.6
Chastel-Nouvel (48000),/management/ville/chastel-nouvel/ville-48042,29.0,39.0,39.0,146.0,146.0,88.0,97.0,152.0,140.0,223.0,14.9,17.2,30.8,19.2,22.2,23.6,32.1,41.1
Couvrelles (02220),/management/ville/couvrelles/ville-02230,0.0,0.0,15.0,25.0,10.0,40.0,35.0,33.0,18.0,56.0,20.9,28.0,32.8,14.3,13.4,12.0,32.8,45.3
Chinon (37500),/management/ville/chinon/ville-37072,25.0,233.0,421.0,852.0,1121.0,858.0,2271.0,1642.0,981.0,1570.0,27.2,41.9,31.2,19.3,16.1,14.4,25.6,23.2
Cucq (62780),/management/ville/cucq/ville-62261,0.0,220.0,205.0,510.0,740.0,465.0,1389.0,989.0,759.0,1030.0,27.4,38.2,29.0,19.3,17.4,18.9,26.2,23.5
Aubazat (43380),/management/ville/aubazat/ville-43011,29.0,5.0,14.0,19.0,5.0,10.0,41.0,40.0,24.0,33.0,30.0,29.4,35.7,21.1,17.1,17.6,17.1,30.9
Berteaucourt-les-Dames (80850),/management/ville/berteaucourt-les-dames/ville-80093,10.0,25.0,40.0,95.0,205.0,200.0,333.0,265.0,132.0,108.0,35.7,43.6,37.8,23.3,15.7,15.9,10.8,14.9
Annoville (50660),/management/ville/annoville/ville-50015,0.0,40.0,35.0,75.0,35.0,50.0,221.0,164.0,66.0,92.0,32.7,47.8,37.4,21.2,13.0,11.4,16.9,17.0
Authou (27290),/management/ville/authou/ville-27028,0.0,0.0,10.0,20.0,41.0,81.0,69.0,92.0,41.0,47.0,26.7,28.9,37.5,31.6,13.3,18.8,22.5,14.8
Biencourt (80140),/management/ville/biencourt/ville-80104,0.0,5.0,0.0,10.0,21.0,26.0,42.0,32.0,19.0,8.0,37.7,47.9,37.7,23.5,17.0,18.8,7.5,8.3
Chailly-en-Brie (77120),/management/ville/chailly-en-brie/ville-77070,10.0,50.0,85.0,245.0,145.0,210.0,288.0,303.0,197.0,212.0,27.1,30.4,35.9,24.0,18.1,21.3,18.9,23.5
Bretagne (36110),/management/ville/bretagne/ville-36024,0.0,5.0,5.0,21.0,21.0,26.0,36.0,32.0,18.0,15.0,34.0,37.0,32.1,26.4,20.8,15.2,13.2,17.4
Beaufort-Orbagna (39190),/management/ville/beaufort-orbagna/ville-39043,15.0,45.0,25.0,136.0,191.0,211.0,307.0,333.0,192.0,191.0,27.0,32.8,37.7,25.9,16.4,20.9,18.9,18.6
Coulanges-sur-Yonne (89480),/management/ville/coulanges-sur-yonne/ville-89119,0.0,10.0,20.0,25.0,50.0,70.0,168.0,116.0,47.0,112.0,32.2,43.1,36.0,16.1,10.9,10.3,20.9,29.3
Barisis-aux-Bois (02700),/management/ville/barisis-aux-bois/ville-02049,5.0,10.0,10.0,96.0,76.0,91.0,141.0,192.0,75.0,150.0,21.0,29.7,41.3,23.8,14.9,11.7,22.8,31.1
Boursies (59400),/management/ville/boursies/ville-59097,0.0,10.0,5.0,49.0,49.0,59.0,72.0,85.0,57.0,47.0,26.6,28.1,31.5,29.7,24.2,19.3,17.7,18.5
Champseru (28700),/management/ville/champseru/ville-28073,5.0,20.0,50.0,30.0,40.0,10.0,53.0,73.0,57.0,55.0,17.9,26.4,35.0,24.8,28.2,19.8,18.8,27.3
Armendarits (64640),/management/ville/armendarits/ville-64046,51.0,20.0,20.0,20.0,56.0,41.0,73.0,79.0,59.0,80.0,19.6,30.8,35.8,18.3,20.9,18.9,23.6,32.2
Clumanc (04330),/management/ville/clumanc/ville-04059,25.0,5.0,0.0,5.0,30.0,5.0,47.0,63.0,27.0,31.0,26.4,29.9,40.7,28.6,16.5,15.6,16.5,20.8
Aubazines (19190),/management/ville/aubazines/ville-19013,20.0,35.0,55.0,114.0,130.0,119.0,154.0,218.0,109.0,204.0,18.8,25.8,37.5,24.0,16.0,15.8,27.7,31.9
Confolens (16500),/management/ville/confolens/ville-16106,35.0,71.0,56.0,147.0,359.0,329.0,867.0,592.0,376.0,383.0,31.8,44.8,33.5,20.5,16.4,17.4,18.3,16.5
Chipilly (80800),/management/ville/chipilly/ville-80192,0.0,10.0,10.0,29.0,29.0,5.0,38.0,39.0,23.0,29.0,28.1,29.7,34.4,23.9,17.2,20.3,20.3,25.0
Amagne (08300),/management/ville/amagne/ville-08008,0.0,20.0,15.0,75.0,85.0,120.0,158.0,193.0,77.0,90.0,23.5,37.1,47.0,24.5,16.3,13.5,13.1,21.3
Cagny (14630),/management/ville/cagny/ville-14119,0.0,60.0,30.0,205.0,320.0,270.0,462.0,425.0,216.0,188.0,28.9,42.0,41.0,23.8,15.4,17.9,14.8,14.4
Badménil-aux-Bois (88330),/management/ville/badmenil-aux-bois/ville-88027,0.0,10.0,0.0,21.0,26.0,41.0,44.0,32.0,19.0,18.0,35.5,44.2,33.9,20.0,17.7,15.4,12.9,19.2
Chastellux-sur-Cure (89630),/management/ville/chastellux-sur-cure/ville-89089,0.0,5.0,0.0,10.0,25.0,15.0,42.0,28.0,23.0,17.0,39.6,36.8,24.5,24.6,22.6,19.3,13.2,17.5
Brux (86510),/management/ville/brux/ville-86039,0.0,30.0,10.0,61.0,96.0,93.0,154.0,188.0,102.0,104.0,22.3,33.6,43.1,23.8,19.7,17.9,14.9,22.9
Annœullin (59112),/management/ville/annoeullin/ville-59011,10.0,235.0,690.0,1355.0,1500.0,1010.0,2548.0,1844.0,1320.0,1955.0,31.5,35.1,28.0,19.4,16.5,18.0,24.0,27.1
Agudelle (17500),/management/ville/agudelle/ville-17002,0.0,5.0,0.0,5.0,15.0,0.0,40.0,28.0,17.0,14.0,37.8,42.6,31.1,23.3,20.0,14.8,11.1,16.7
Authuille (80300),/management/ville/authuille/ville-80045,5.0,5.0,5.0,26.0,21.0,15.0,29.0,57.0,15.0,25.0,17.7,28.6,56.5,28.9,9.7,14.3,16.1,22.2
Botans (90400),/management/ville/botans/ville-90015,0.0,10.0,25.0,40.0,30.0,20.0,49.0,55.0,24.0,57.0,24.7,28.3,34.4,22.5,11.8,14.1,29.0,32.6
Bellefond (33760),/management/ville/bellefond/ville-33044,0.0,30.0,5.0,15.0,39.0,25.0,61.0,47.0,38.0,40.0,31.6,34.0,28.4,21.9,20.0,20.2,20.0,23.4
Chailly-en-Gâtinais (45260),/management/ville/chailly-en-gatinais/ville-45066,25.0,30.0,20.0,96.0,81.0,91.0,174.0,160.0,83.0,114.0,30.8,34.4,35.4,23.9,11.5,19.6,22.3,20.7
Carbonne (31390),/management/ville/carbonne/ville-31107,15.0,147.0,309.0,672.0,819.0,555.0,1183.0,1060.0,710.0,1128.0,24.8,32.6,32.4,20.1,15.5,19.0,27.2,28.0
Boigny-sur-Bionne (45760),/management/ville/boigny-sur-bionne/ville-45034,10.0,59.0,196.0,246.0,275.0,226.0,448.0,518.0,253.0,394.0,23.9,31.5,38.3,23.9,14.8,16.5,23.0,25.8
Chavanac (19290),/management/ville/chavanac/ville-19052,0.0,0.0,0.0,10.0,0.0,0.0,18.0,6.0,6.0,11.0,47.6,40.0,14.3,15.0,14.3,15.0,23.8,30.0
Biencourt-sur-Orge (55290),/management/ville/biencourt-sur-orge/ville-55051,0.0,0.0,0.0,0.0,15.0,35.0,38.0,37.0,12.0,11.0,37.3,40.4,43.1,27.3,9.8,14.9,9.8,12.8
Couvron-et-Aumencourt (02270),/management/ville/couvron-et-aumencourt/ville-02231,10.0,5.0,45.0,94.0,153.0,143.0,171.0,205.0,126.0,128.0,24.3,30.0,35.4,27.2,20.0,19.8,20.3,20.1
Cause-de-Clérans (24150),/management/ville/cause-de-clerans/ville-24088,0.0,15.0,10.0,15.0,35.0,45.0,87.0,68.0,65.0,56.0,30.5,32.4,29.0,21.1,24.4,22.8,16.0,24.1
Armentières (59280),/management/ville/armentieres/ville-59017,6.0,352.0,944.0,2371.0,3679.0,3366.0,6628.0,4197.0,2747.0,3764.0,35.0,41.1,28.0,19.9,15.7,15.9,21.3,22.1
Coulans-sur-Gée (72550),/management/ville/coulans-sur-gee/ville-72096,15.0,55.0,105.0,230.0,205.0,195.0,297.0,320.0,192.0,320.0,22.9,29.6,32.2,22.6,18.6,15.5,26.3,30.2
Cagny (80330),/management/ville/cagny/ville-80160,0.0,30.0,115.0,166.0,176.0,56.0,315.0,194.0,122.0,329.0,29.0,36.2,26.3,14.6,11.1,14.1,33.6,35.0
Bretagne (90130),/management/ville/bretagne/ville-90019,0.0,0.0,0.0,35.0,20.0,40.0,40.0,63.0,34.0,51.0,21.5,21.1,33.3,28.8,19.4,16.8,25.8,28.4
Berteaucourt-lès-Thennes (80110),/management/ville/berteaucourt-les-thennes/ville-80094,0.0,15.0,60.0,65.0,65.0,35.0,93.0,87.0,59.0,99.0,23.0,32.3,31.6,18.5,20.7,14.0,24.7,34.1
Badonviller (54540),/management/ville/badonviller/ville-54040,10.0,40.0,30.0,126.0,176.0,146.0,462.0,370.0,175.0,198.0,33.0,43.6,36.9,22.4,14.6,14.4,15.5,17.2
Bruyères (88600),/management/ville/bruyeres/ville-88078,5.0,55.0,55.0,190.0,400.0,335.0,1149.0,662.0,277.0,329.0,39.2,53.9,35.1,19.6,11.0,11.8,14.7,12.8
Aguessac (12520),/management/ville/aguessac/ville-12002,25.0,30.0,25.0,115.0,165.0,105.0,146.0,209.0,125.0,155.0,22.2,23.8,38.9,25.4,17.9,21.5,21.0,28.0
Cluny (71250),/management/ville/cluny/ville-71137,10.0,164.0,274.0,368.0,586.0,462.0,1140.0,873.0,528.0,828.0,27.5,39.0,32.1,19.9,15.5,15.8,24.9,24.3
Cucugnan (11350),/management/ville/cucugnan/ville-11113,0.0,20.0,0.0,0.0,31.0,31.0,32.0,31.0,20.0,22.0,24.6,37.0,40.4,18.2,17.5,21.7,17.5,23.9
Aube (57580),/management/ville/aube/ville-57037,0.0,5.0,5.0,74.0,30.0,30.0,35.0,55.0,46.0,57.0,16.3,19.8,32.6,24.5,23.9,23.8,27.2,31.7
Amagney (25220),/management/ville/amagney/ville-25014,4.0,31.0,72.0,99.0,99.0,81.0,154.0,191.0,98.0,168.0,23.3,27.0,38.0,22.7,16.3,15.8,22.3,32.5
Beaufort-sur-Gervanne (26400),/management/ville/beaufort-sur-gervanne/ville-26035,5.0,15.0,15.0,45.0,40.0,74.0,55.0,89.0,69.0,119.0,16.1,17.6,35.7,18.6,19.0,23.0,29.2,41.8
Chirac (16150),/management/ville/chirac/ville-16100,25.0,25.0,10.0,50.0,115.0,75.0,214.0,200.0,110.0,71.0,33.0,38.6,37.8,26.9,17.5,19.5,11.7,12.2
Chastreix (63680),/management/ville/chastreix/ville-63098,24.0,5.0,0.0,14.0,25.0,14.0,82.0,57.0,34.0,22.0,41.4,41.9,36.0,21.2,14.4,22.1,8.1,15.1
Confolent-Port-Dieu (19200),/management/ville/confolent-port-dieu/ville-19167,0.0,0.0,0.0,5.0,5.0,0.0,7.0,10.0,6.0,10.0,15.8,28.6,42.1,15.4,15.8,21.4,26.3,35.7
Boinville-en-Mantois (78930),/management/ville/boinville-en-mantois/ville-78070,0.0,0.0,25.0,65.0,35.0,25.0,32.0,66.0,37.0,81.0,8.4,21.1,38.3,21.9,15.9,18.3,37.4,37.6
Coulaures (24420),/management/ville/coulaures/ville-24137,20.0,26.0,41.0,72.0,97.0,46.0,174.0,167.0,114.0,119.0,24.7,35.5,36.7,21.1,21.8,17.9,16.7,24.7
Armentières-en-Brie (77440),/management/ville/armentieres-en-brie/ville-77008,0.0,5.0,59.0,143.0,117.0,119.0,266.0,166.0,141.0,167.0,35.7,36.2,28.4,17.5,17.0,21.0,18.9,26.0
Barizey (71640),/management/ville/barizey/ville-71019,0.0,5.0,10.0,14.0,19.0,24.0,6.0,45.0,13.0,42.0,5.4,5.9,48.2,30.5,7.1,19.6,39.3,39.2
Botmeur (29690),/management/ville/botmeur/ville-29013,0.0,5.0,5.0,30.0,20.0,15.0,47.0,40.0,37.0,47.0,22.8,32.9,23.9,22.2,22.8,20.3,30.4,24.1
Boursin (62132),/management/ville/boursin/ville-62167,10.0,5.0,10.0,31.0,21.0,31.0,37.0,42.0,36.0,60.0,16.0,27.2,31.9,15.2,23.4,17.3,28.7,40.7
Chailly-lès-Ennery (57365),/management/ville/chailly-les-ennery/ville-57125,0.0,10.0,10.0,43.0,29.0,29.0,61.0,63.0,54.0,83.0,19.2,27.2,29.6,19.4,20.8,20.6,30.4,33.1
Bellefonds (86210),/management/ville/bellefonds/ville-86020,5.0,0.0,10.0,30.0,40.0,20.0,37.0,62.0,45.0,55.0,17.2,19.8,34.4,26.1,25.8,19.8,22.6,32.1
Carbuccia (20133),/management/ville/carbuccia/ville-2A062,4.0,22.0,16.0,40.0,64.0,58.0,126.0,91.0,57.0,49.0,37.3,39.9,32.5,22.6,16.3,19.6,13.9,17.1
Bienville (60280),/management/ville/bienville/ville-60070,0.0,30.0,30.0,41.0,88.0,53.0,107.0,83.0,51.0,97.0,31.6,31.3,23.4,23.9,14.0,15.7,31.0,26.5
Champsevraine (52500),/management/ville/champsevraine/ville-52083,25.0,5.0,30.0,40.0,84.0,134.0,223.0,225.0,92.0,70.0,23.1,48.5,49.3,23.3,15.0,15.3,12.6,10.4
Chavanat (23250),/management/ville/chavanat/ville-23060,15.0,0.0,0.0,15.0,30.0,15.0,33.0,26.0,27.0,27.0,22.6,35.0,30.2,17.5,26.4,21.7,20.8,26.7
Caussade (82300),/management/ville/caussade/ville-82037,55.0,157.0,262.0,526.0,1009.0,794.0,2290.0,1256.0,861.0,870.0,39.3,46.9,28.6,19.0,16.6,16.0,15.5,17.3
Couvrot (51300),/management/ville/couvrot/ville-51195,5.0,10.0,26.0,131.0,99.0,99.0,206.0,270.0,100.0,121.0,23.6,34.6,49.1,26.2,11.8,16.9,15.5,19.1
Bretagne-d'Armagnac (32800),/management/ville/bretagne-d-armagnac/ville-32064,21.0,26.0,0.0,32.0,42.0,69.0,121.0,113.0,65.0,62.0,29.1,37.8,36.3,24.1,17.9,18.4,16.8,17.8
Cucuron (84160),/management/ville/cucuron/ville-84042,45.0,105.0,90.0,211.0,171.0,145.0,396.0,360.0,256.0,424.0,22.9,31.8,32.1,18.9,16.5,19.0,28.5,30.4
Authume (39100),/management/ville/authume/ville-39030,5.0,30.0,76.0,114.0,80.0,123.0,165.0,200.0,103.0,155.0,23.6,29.3,38.0,24.0,16.7,16.1,21.6,28.1
Bertheauville (76450),/management/ville/bertheauville/ville-76083,0.0,0.0,0.0,0.0,25.0,25.0,18.0,23.0,20.0,9.0,30.0,20.0,35.0,31.0,25.0,33.3,10.0,16.7
Armentières-sur-Avre (27820),/management/ville/armentieres-sur-avre/ville-27019,10.0,15.0,0.0,15.0,15.0,40.0,33.0,41.0,18.0,28.0,23.0,32.2,34.4,28.2,16.4,13.6,26.2,20.3
Cluses (74300),/management/ville/cluses/ville-74081,1.0,434.0,600.0,1730.0,2002.0,3530.0,4886.0,3416.0,2058.0,2327.0,33.7,43.0,31.5,21.3,16.1,16.3,18.7,18.0
Badonvilliers-Gérauvilliers (55130),/management/ville/badonvilliers-gerauvilliers/ville-55026,10.0,0.0,0.0,10.0,40.0,15.0,54.0,36.0,13.0,9.0,48.1,48.3,33.3,25.7,13.0,10.3,5.6,10.3
Boinville-en-Woëvre (55400),/management/ville/boinville-en-woevre/ville-55057,0.0,0.0,5.0,9.0,9.0,18.0,13.0,21.0,7.0,9.0,25.0,22.7,46.4,32.0,10.7,22.7,17.9,18.2
Bruyères-et-Montbérault (02860),/management/ville/bruyeres-et-montberault/ville-02128,10.0,45.0,120.0,200.0,190.0,175.0,321.0,333.0,201.0,304.0,22.5,32.8,33.0,23.1,17.0,17.6,27.5,24.9
Amailloux (79350),/management/ville/amailloux/ville-79008,30.0,40.0,15.0,50.0,95.0,105.0,192.0,205.0,99.0,110.0,26.4,36.8,42.6,23.1,17.6,15.2,13.5,22.6
Aube (61270),/management/ville/aube/ville-61008,0.0,16.0,16.0,84.0,162.0,157.0,427.0,372.0,99.0,109.0,32.3,50.8,48.1,23.3,10.5,9.3,9.0,12.3
Anor (59186),/management/ville/anor/ville-59012,15.0,56.0,76.0,254.0,396.0,431.0,864.0,710.0,370.0,372.0,32.3,41.9,37.3,22.8,14.7,17.1,15.7,16.4
Beaufou (85170),/management/ville/beaufou/ville-85015,16.0,31.0,53.0,225.0,221.0,241.0,229.0,310.0,205.0,265.0,19.3,26.4,37.9,22.4,19.7,21.1,23.1,29.8
Confort (01200),/management/ville/confort/ville-01114,19.0,9.0,24.0,90.0,52.0,85.0,137.0,119.0,81.0,128.0,24.0,34.7,34.6,17.8,16.1,18.1,25.3,29.4
Chailly-sur-Armançon (21320),/management/ville/chailly-sur-armancon/ville-21128,15.0,0.0,0.0,35.0,20.0,20.0,70.0,39.0,40.0,38.0,34.8,40.0,28.3,15.3,18.5,24.2,18.5,22.1
Bienville-la-Petite (54300),/management/ville/bienville-la-petite/ville-54074,0.0,0.0,0.0,16.0,5.0,0.0,7.0,5.0,4.0,6.0,27.3,36.4,36.4,11.1,9.1,27.3,27.3,27.3
Couleuvre (03320),/management/ville/couleuvre/ville-03087,55.0,10.0,5.0,45.0,65.0,78.0,214.0,137.0,72.0,55.0,40.2,49.4,33.1,21.8,16.7,13.5,10.0,13.1
Aguilcourt (02190),/management/ville/aguilcourt/ville-02005,10.0,15.0,15.0,25.0,71.0,46.0,74.0,79.0,58.0,68.0,18.4,33.8,33.8,22.2,23.5,17.9,24.3,24.8
Boursonne (60141),/management/ville/boursonne/ville-60094,5.0,10.0,25.0,80.0,25.0,15.0,55.0,70.0,33.0,58.0,31.5,19.4,33.3,27.4,13.9,16.7,21.3,32.4
Chirac-Bellevue (19160),/management/ville/chirac-bellevue/ville-19055,15.0,0.0,20.0,25.0,15.0,30.0,43.0,67.0,46.0,60.0,17.3,22.3,37.5,24.3,20.2,22.3,25.0,30.4
Bellefont-La Rauze (46090),/management/ville/bellefont-la-rauze/ville-46156,0.0,60.0,115.0,115.0,130.0,140.0,239.0,265.0,195.0,265.0,24.3,25.3,33.1,21.6,20.4,20.0,22.2,32.7
Champtercier (04660),/management/ville/champtercier/ville-04047,0.0,37.0,65.0,135.0,105.0,55.0,179.0,136.0,119.0,210.0,26.3,29.3,28.4,15.4,13.4,23.5,31.9,33.3
Coux (07000),/management/ville/coux/ville-07072,10.0,58.0,107.0,259.0,251.0,73.0,330.0,290.0,256.0,385.0,23.2,28.9,28.2,18.6,19.6,21.0,29.0,32.0
Caussade-Rivière (65700),/management/ville/caussade-riviere/ville-65137,5.0,0.0,0.0,0.0,5.0,10.0,28.0,24.0,13.0,15.0,27.0,41.9,35.1,22.0,24.3,9.3,13.5,23.3
Chavanatte (90100),/management/ville/chavanatte/ville-90024,0.0,0.0,10.0,20.0,15.0,30.0,36.0,38.0,19.0,23.0,24.6,38.2,39.3,23.0,18.0,14.5,18.0,21.8
Botsorhel (29650),/management/ville/botsorhel/ville-29014,20.0,20.0,10.0,30.0,40.0,45.0,106.0,119.0,48.0,54.0,32.4,32.5,38.8,28.8,12.9,16.6,15.9,17.2
Armentières-sur-Ourcq (02210),/management/ville/armentieres-sur-ourcq/ville-02023,0.0,0.0,10.0,41.0,5.0,10.0,18.0,27.0,19.0,18.0,15.8,27.5,42.1,24.4,23.7,22.5,18.4,25.0
Authumes (71270),/management/ville/authumes/ville-71013,0.0,10.0,0.0,15.0,15.0,30.0,86.0,65.0,26.0,27.0,39.0,45.2,42.0,20.7,10.0,15.4,9.0,17.3
Baerendorf (67320),/management/ville/baerendorf/ville-67017,5.0,10.0,5.0,36.0,20.0,76.0,75.0,79.0,29.0,41.0,26.5,42.9,47.9,19.6,11.1,14.3,14.5,21.9
Cahagnes (14240),/management/ville/cahagnes/ville-14120,50.0,55.0,60.0,176.0,141.0,191.0,305.0,280.0,167.0,240.0,30.1,31.4,33.5,21.6,17.1,16.4,19.3,29.1
Bruyères-le-Châtel (91680),/management/ville/bruyeres-le-chatel/ville-91115,5.0,40.0,341.0,513.0,518.0,211.0,513.0,545.0,394.0,896.0,20.5,23.1,27.4,18.8,16.3,17.3,35.8,40.4
Aubéguimont (76390),/management/ville/aubeguimont/ville-76028,0.0,5.0,0.0,5.0,5.0,65.0,73.0,38.0,21.0,9.0,54.5,48.4,31.2,21.2,11.7,18.8,2.6,10.9
Chatain (86250),/management/ville/chatain/ville-86063,15.0,5.0,10.0,10.0,45.0,30.0,87.0,61.0,32.0,31.0,31.2,52.0,37.6,18.9,14.7,15.7,16.5,12.7
Carcagny (14740),/management/ville/carcagny/ville-14135,0.0,0.0,25.0,25.0,45.0,76.0,56.0,44.0,31.0,74.0,25.0,29.9,26.9,15.5,14.8,15.5,33.3,39.2
Bretagne-de-Marsan (40280),/management/ville/bretagne-de-marsan/ville-40055,10.0,29.0,103.0,215.0,264.0,78.0,312.0,311.0,182.0,323.0,18.6,35.4,36.2,19.6,15.5,16.6,29.7,27.7
Berthecourt (60370),/management/ville/berthecourt/ville-60065,0.0,30.0,70.0,175.0,285.0,250.0,369.0,408.0,213.0,221.0,28.9,31.9,38.1,26.9,15.4,19.7,17.6,18.9
Cudos (33430),/management/ville/cudos/ville-33144,0.0,35.0,44.0,69.0,138.0,91.0,209.0,174.0,110.0,104.0,30.7,39.2,34.1,22.8,19.5,17.4,15.7,19.0
Beaufour-Druval (14340),/management/ville/beaufour-druval/ville-14231,10.0,30.0,5.0,35.0,69.0,74.0,80.0,98.0,53.0,79.0,20.1,30.9,41.6,21.6,15.4,19.1,22.8,27.8
Confort-Meilars (29790),/management/ville/confort-meilars/ville-29145,10.0,40.0,34.0,50.0,143.0,139.0,144.0,229.0,145.0,127.0,20.6,24.0,40.6,27.8,24.1,20.9,14.7,24.6
Bellefontaine (39400),/management/ville/bellefontaine/ville-39047,15.0,5.0,40.0,65.0,35.0,65.0,97.0,138.0,70.0,105.0,19.3,28.1,37.2,26.5,17.4,16.7,26.1,25.1
Barjac (30430),/management/ville/barjac/ville-30029,25.0,100.0,35.0,135.0,190.0,145.0,429.0,332.0,235.0,282.0,27.6,39.2,31.0,20.6,19.3,17.5,22.2,21.9
Boinville-le-Gaillard (78660),/management/ville/boinville-le-gaillard/ville-78071,0.0,5.0,45.0,95.0,80.0,65.0,76.0,118.0,82.0,146.0,15.6,20.7,33.5,21.6,19.3,19.7,31.6,37.5
Anos (64160),/management/ville/anos/ville-64027,0.0,10.0,25.0,44.0,15.0,15.0,15.0,48.0,22.0,44.0,14.1,9.0,43.8,27.6,15.6,17.9,26.6,41.8
Bou (45430),/management/ville/bou/ville-45043,0.0,41.0,88.0,114.0,181.0,72.0,158.0,221.0,114.0,201.0,17.6,27.7,37.6,23.8,17.1,15.8,27.6,30.2
Bienvillers-au-Bois (62111),/management/ville/bienvillers-au-bois/ville-62130,5.0,10.0,35.0,70.0,105.0,65.0,127.0,145.0,94.0,104.0,23.2,30.6,33.8,26.0,20.2,19.8,22.8,21.5
Bourth (27580),/management/ville/bourth/ville-27108,10.0,71.0,41.0,157.0,172.0,178.0,370.0,299.0,145.0,152.0,31.9,44.2,36.9,22.9,16.5,13.7,14.8,16.5
Armentieux (32230),/management/ville/armentieux/ville-32008,5.0,5.0,0.0,0.0,10.0,10.0,35.0,13.0,12.0,5.0,63.6,43.8,15.2,23.5,18.2,18.8,3.0,12.5
Coulevon (70000),/management/ville/coulevon/ville-70179,10.0,10.0,5.0,16.0,21.0,16.0,40.0,40.0,22.0,41.0,23.2,32.4,34.8,20.5,14.5,16.2,27.5,29.7
Champtocé-sur-Loire (49123),/management/ville/champtoce-sur-loire/ville-49068,25.0,50.0,100.0,231.0,191.0,266.0,379.0,409.0,239.0,316.0,23.6,32.6,37.5,22.7,16.7,18.7,22.2,24.8
Clussais-la-Pommeraie (79190),/management/ville/clussais-la-pommeraie/ville-79095,15.0,25.0,20.0,30.0,70.0,75.0,194.0,135.0,67.0,74.0,38.2,44.4,32.5,21.9,16.3,12.1,13.0,18.8
Aubenas (07200),/management/ville/aubenas/ville-07019,34.0,396.0,515.0,1083.0,1687.0,1194.0,3249.0,2280.0,1786.0,2062.0,28.3,39.9,28.9,20.0,20.6,17.8,22.3,21.7
Bretagnolles (27220),/management/ville/bretagnolles/ville-27111,0.0,10.0,24.0,24.0,29.0,15.0,32.0,40.0,23.0,50.0,25.0,20.5,27.9,25.0,13.2,19.2,33.8,33.3
Chirassimont (42114),/management/ville/chirassimont/ville-42063,10.0,35.0,5.0,44.0,44.0,59.0,109.0,81.0,44.0,52.0,39.5,35.6,30.9,23.0,15.8,15.6,13.8,23.7
Bruyères-sur-Fère (02130),/management/ville/bruyeres-sur-fere/ville-02127,5.0,5.0,5.0,14.0,24.0,43.0,46.0,59.0,23.0,14.0,31.9,31.9,45.8,30.6,15.3,18.1,6.9,13.9
Chainaz-les-Frasses (74540),/management/ville/chainaz-les-frasses/ville-74054,24.0,19.0,72.0,125.0,91.0,24.0,58.0,104.0,89.0,220.0,9.2,15.5,28.8,16.2,15.8,22.0,46.3,47.4
Aguts (81470),/management/ville/aguts/ville-81001,5.0,10.0,19.0,24.0,24.0,5.0,32.0,31.0,30.0,75.0,20.7,16.9,19.5,16.9,18.3,16.9,41.5,49.4
Cahagnolles (14490),/management/ville/cahagnolles/ville-14121,10.0,5.0,10.0,45.0,25.0,20.0,54.0,49.0,35.0,42.0,30.9,29.1,36.2,17.9,19.1,19.8,13.8,33.7
Baerenthal (57230),/management/ville/baerenthal/ville-57046,5.0,20.0,30.0,60.0,84.0,140.0,211.0,220.0,84.0,122.0,27.6,38.5,44.6,22.6,11.9,14.5,16.0,22.2
Berthegon (86420),/management/ville/berthegon/ville-86023,10.0,5.0,5.0,30.0,30.0,45.0,74.0,98.0,27.0,23.0,25.5,40.9,49.1,30.8,12.3,12.2,13.2,7.8
Causse-Bégon (30750),/management/ville/causse-begon/ville-30074,5.0,0.0,0.0,0.0,0.0,5.0,4.0,11.0,0.0,2.0,44.4,0.0,55.6,41.7,0.0,0.0,0.0,28.6
Autichamp (26400),/management/ville/autichamp/ville-26021,10.0,15.0,5.0,15.0,10.0,5.0,31.0,21.0,15.0,27.0,27.7,38.3,27.7,16.7,17.0,14.9,27.7,29.8
Coux (17130),/management/ville/coux/ville-17130,5.0,10.0,5.0,20.0,58.0,93.0,136.0,107.0,56.0,48.0,30.2,48.0,43.0,18.6,16.9,14.9,9.9,17.7
Chavanay (42410),/management/ville/chavanay/ville-42056,55.0,95.0,160.0,340.0,406.0,335.0,578.0,609.0,411.0,560.0,24.5,29.0,33.0,22.4,19.7,18.4,22.8,29.0
Amance (10140),/management/ville/amance/ville-10005,10.0,5.0,5.0,46.0,26.0,56.0,100.0,54.0,23.0,32.0,48.6,47.5,27.1,22.6,9.3,11.9,15.0,14.9
Châtaincourt (28270),/management/ville/chataincourt/ville-28087,0.0,10.0,20.0,40.0,25.0,20.0,41.0,55.0,35.0,49.0,16.3,29.5,35.9,24.2,17.4,21.6,30.4,23.9
Carcanières (09460),/management/ville/carcanieres/ville-09078,0.0,0.0,0.0,25.0,5.0,0.0,14.0,16.0,23.0,21.0,18.5,20.0,20.4,22.7,37.0,15.0,24.1,40.0
Barjac (48000),/management/ville/barjac/ville-48018,20.0,35.0,60.0,115.0,105.0,60.0,87.0,147.0,111.0,194.0,16.1,16.2,32.1,21.3,22.5,18.5,29.3,43.2
Beaufremont (88300),/management/ville/beaufremont/ville-88045,14.0,0.0,5.0,10.0,0.0,10.0,20.0,24.0,10.0,19.0,27.5,27.3,32.5,28.2,12.5,15.2,27.5,24.2
Clux-Villeneuve (71270),/management/ville/clux-villeneuve/ville-71578,0.0,24.0,5.0,20.0,40.0,88.0,109.0,77.0,38.0,36.0,34.4,49.6,36.7,20.5,16.4,12.8,12.5,15.0
Bellefontaine (88370),/management/ville/bellefontaine/ville-88048,40.0,35.0,15.0,135.0,115.0,155.0,224.0,244.0,117.0,145.0,30.2,31.2,37.4,25.7,16.3,15.7,16.0,23.9
Cudot (89116),/management/ville/cudot/ville-89133,5.0,15.0,15.0,25.0,60.0,60.0,102.0,85.0,36.0,46.0,35.1,40.6,34.4,24.5,16.0,10.9,14.5,19.6
Champtonnay (70100),/management/ville/champtonnay/ville-70124,0.0,5.0,5.0,15.0,5.0,10.0,21.0,23.0,10.0,7.0,40.0,29.0,43.3,29.4,10.0,22.6,6.7,16.1
Bourthes (62650),/management/ville/bourthes/ville-62168,31.0,46.0,36.0,88.0,93.0,77.0,177.0,151.0,119.0,139.0,25.7,34.4,33.1,19.3,19.7,20.9,21.5,25.8
Bruyères-sur-Oise (95820),/management/ville/bruyeres-sur-oise/ville-95116,0.0,81.0,218.0,756.0,721.0,442.0,834.0,842.0,480.0,604.0,29.9,30.6,33.9,24.9,16.9,17.9,19.4,24.3
Anost (71550),/management/ville/anost/ville-71009,34.0,29.0,15.0,82.0,60.0,97.0,224.0,161.0,96.0,155.0,27.5,43.0,33.8,16.6,14.4,15.8,24.4,24.4
Autignac (34480),/management/ville/autignac/ville-34018,15.0,30.0,35.0,89.0,149.0,65.0,202.0,198.0,136.0,157.0,26.5,31.7,35.7,22.4,14.9,24.2,22.9,22.2
Chavanges (10330),/management/ville/chavanges/ville-10094,10.0,15.0,0.0,35.0,81.0,35.0,208.0,145.0,39.0,63.0,39.7,51.0,41.6,20.9,6.5,10.4,12.1,14.9
Biermes (08300),/management/ville/biermes/ville-08064,5.0,5.0,20.0,40.0,60.0,25.0,64.0,56.0,40.0,62.0,23.9,33.6,35.8,15.5,18.3,17.7,22.0,33.6
Coulgens (16560),/management/ville/coulgens/ville-16107,0.0,5.0,44.0,56.0,66.0,76.0,112.0,143.0,78.0,61.0,23.9,33.3,44.3,26.1,18.4,21.5,13.4,17.4
Aubenas-les-Alpes (04110),/management/ville/aubenas-les-alpes/ville-04012,0.0,0.0,5.0,15.0,25.0,10.0,14.0,16.0,19.0,23.0,11.8,26.3,29.4,17.6,26.5,26.3,32.4,31.6
Confracourt (70120),/management/ville/confracourt/ville-70169,10.0,15.0,0.0,29.0,24.0,10.0,32.0,50.0,20.0,48.0,14.9,28.0,39.2,23.6,17.6,9.3,28.4,34.7
Bouafle (78410),/management/ville/bouafle/ville-78090,0.0,85.0,330.0,290.0,285.0,155.0,423.0,405.0,249.0,494.0,22.6,31.1,31.9,19.0,16.0,15.7,29.5,33.4
Chirat-l'Église (03330),/management/ville/chirat-l-eglise/ville-03077,10.0,0.0,15.0,5.0,15.0,15.0,17.0,45.0,20.0,17.0,13.1,23.7,54.1,29.3,18.0,23.7,14.8,21.1
Beaugas (47290),/management/ville/beaugas/ville-47023,55.0,10.0,30.0,35.0,5.0,35.0,78.0,83.0,57.0,61.0,24.7,31.6,38.4,20.8,18.5,22.6,18.5,25.6
Amance (54770),/management/ville/amance/ville-54012,5.0,10.0,25.0,45.0,40.0,15.0,34.0,58.0,41.0,101.0,9.8,18.5,25.9,21.9,21.4,13.7,42.9,43.5
Carcans (33121),/management/ville/carcans/ville-33097,20.0,151.0,141.0,241.0,372.0,166.0,541.0,511.0,347.0,455.0,26.6,31.8,31.4,22.7,18.6,18.8,23.4,25.6
Chaînée-des-Coupis (39120),/management/ville/chainee-des-coupis/ville-39090,10.0,0.0,10.0,0.0,15.0,35.0,40.0,43.0,33.0,14.0,29.4,32.3,35.3,28.4,27.9,22.6,7.4,14.5
Anould (88650),/management/ville/anould/ville-88009,20.0,95.0,75.0,280.0,585.0,575.0,843.0,895.0,372.0,450.0,27.2,38.3,42.7,24.8,13.1,15.8,17.0,18.1
Causse-de-la-Selle (34380),/management/ville/causse-de-la-selle/ville-34060,5.0,10.0,15.0,30.0,40.0,40.0,83.0,55.0,54.0,92.0,32.4,25.7,22.3,17.3,15.5,22.8,29.7,35.3
Châtas (88210),/management/ville/chatas/ville-88093,0.0,0.0,0.0,0.0,15.0,15.0,13.0,5.0,9.0,14.0,30.0,33.3,25.0,0.0,25.0,19.0,20.0,47.6
Breteau (45250),/management/ville/breteau/ville-45052,0.0,9.0,0.0,9.0,4.0,17.0,23.0,20.0,9.0,10.0,44.1,32.1,26.5,32.4,8.8,17.9,20.6,10.7
Cahan (61430),/management/ville/cahan/ville-61069,5.0,0.0,0.0,25.0,10.0,30.0,56.0,46.0,22.0,17.0,34.6,46.0,37.2,23.9,16.7,14.3,11.5,12.7
Boinvilliers (78200),/management/ville/boinvilliers/ville-78072,0.0,10.0,35.0,39.0,40.0,44.0,37.0,72.0,32.0,75.0,17.5,16.7,37.1,26.1,14.4,15.0,30.9,38.3
Agy (14400),/management/ville/agy/ville-14003,0.0,20.0,25.0,20.0,51.0,20.0,50.0,75.0,26.0,63.0,21.7,25.5,39.1,24.8,13.9,10.2,25.2,34.7
Barjols (83670),/management/ville/barjols/ville-83012,5.0,91.0,101.0,253.0,374.0,258.0,804.0,632.0,410.0,507.0,32.1,36.1,33.5,20.3,15.9,18.8,18.5,24.4
Aubenasson (26340),/management/ville/aubenasson/ville-26015,4.0,0.0,4.0,4.0,9.0,9.0,7.0,9.0,3.0,22.0,20.0,15.0,20.0,18.2,10.0,10.0,50.0,55.0
Chiré-en-Montreuil (86190),/management/ville/chire-en-montreuil/ville-86074,15.0,30.0,40.0,120.0,180.0,130.0,146.0,217.0,139.0,173.0,19.0,24.4,36.7,25.4,21.6,19.6,22.7,28.6
Champvans (39100),/management/ville/champvans/ville-39101,10.0,50.0,55.0,141.0,211.0,176.0,319.0,353.0,158.0,233.0,25.2,34.5,40.3,24.1,13.1,16.3,21.4,22.6
Bellefontaine (95270),/management/ville/bellefontaine/ville-95055,5.0,15.0,55.0,80.0,50.0,25.0,141.0,73.0,54.0,104.0,32.9,42.2,22.5,16.1,18.5,11.1,26.0,29.6
Baffie (63600),/management/ville/baffie/ville-63027,5.0,5.0,0.0,15.0,5.0,10.0,32.0,27.0,15.0,17.0,29.5,40.4,45.5,16.3,9.1,23.4,15.9,21.3
Coadout (22970),/management/ville/coadout/ville-22040,10.0,20.0,20.0,60.0,75.0,95.0,92.0,157.0,54.0,102.0,19.3,26.3,42.0,28.5,15.5,11.1,23.2,27.3
Bourville (76740),/management/ville/bourville/ville-76134,5.0,15.0,0.0,15.0,55.0,35.0,61.0,98.0,37.0,22.0,21.1,34.9,56.9,29.5,12.8,21.1,9.2,11.0
Cuébris (06910),/management/ville/cuebris/ville-06052,0.0,0.0,10.0,15.0,25.0,10.0,50.0,46.0,14.0,26.0,31.7,41.1,38.1,25.3,9.5,11.0,20.6,17.8
Berthelange (25410),/management/ville/berthelange/ville-25055,0.0,9.0,24.0,52.0,56.0,24.0,38.0,60.0,48.0,74.0,18.4,16.0,30.7,22.9,22.8,20.8,28.1,39.6
Anoux (54150),/management/ville/anoux/ville-54018,5.0,0.0,15.0,34.0,29.0,44.0,56.0,75.0,35.0,44.0,22.9,30.4,43.1,24.3,16.5,17.6,17.4,25.5
Breteil (35160),/management/ville/breteil/ville-35040,40.0,61.0,158.0,514.0,467.0,531.0,680.0,758.0,440.0,661.0,24.1,29.5,36.1,22.1,17.1,17.5,22.7,29.5
Chavaniac-Lafayette (43230),/management/ville/chavaniac-lafayette/ville-43067,0.0,10.0,5.0,25.0,40.0,35.0,55.0,71.0,49.0,48.0,20.6,28.4,41.1,22.7,23.4,20.7,15.0,27.6
Biermont (60490),/management/ville/biermont/ville-60071,5.0,5.0,0.0,15.0,20.0,34.0,46.0,31.0,25.0,24.0,35.0,38.2,31.7,19.7,16.7,22.1,16.7,20.6
Coulimer (61360),/management/ville/coulimer/ville-61121,5.0,15.0,20.0,0.0,26.0,26.0,65.0,65.0,47.0,48.0,27.2,31.0,30.7,25.0,23.7,17.7,18.4,23.9
Causse-et-Diège (12700),/management/ville/causse-et-diege/ville-12257,14.0,33.0,24.0,81.0,57.0,81.0,130.0,149.0,109.0,179.0,19.4,26.4,32.6,20.0,19.0,19.4,29.0,34.0
Bouafles (27700),/management/ville/bouafles/ville-27097,0.0,5.0,35.0,54.0,54.0,108.0,169.0,154.0,86.0,102.0,27.1,39.1,39.8,20.2,15.9,17.4,17.1,22.5
Beaugeay (17620),/management/ville/beaugeay/ville-17036,0.0,41.0,25.0,97.0,137.0,137.0,116.0,178.0,114.0,128.0,21.9,21.5,35.1,28.1,22.3,20.4,20.8,27.0
Amance (70160),/management/ville/amance/ville-70012,0.0,15.0,15.0,55.0,95.0,110.0,146.0,188.0,74.0,77.0,24.7,35.9,50.6,23.7,14.3,16.2,10.4,21.8
Boiry-Becquerelle (62128),/management/ville/boiry-becquerelle/ville-62144,5.0,14.0,38.0,75.0,33.0,42.0,57.0,81.0,67.0,108.0,15.7,21.1,31.4,21.4,17.0,24.8,35.9,33.5
Confrançon (01310),/management/ville/confrancon/ville-01115,20.0,30.0,40.0,270.0,205.0,140.0,209.0,298.0,214.0,227.0,21.3,22.8,37.6,25.1,20.3,24.9,20.9,27.1
Carcarès-Sainte-Croix (40400),/management/ville/carcares-sainte-croix/ville-40066,15.0,10.0,20.0,49.0,59.0,54.0,100.0,128.0,58.0,102.0,21.8,30.2,36.5,26.0,12.2,17.2,29.4,23.4
Chaingy (45380),/management/ville/chaingy/ville-45067,5.0,116.0,282.0,663.0,441.0,328.0,596.0,799.0,467.0,780.0,19.6,25.4,35.0,23.6,18.5,16.9,26.9,32.0
Autigny (76740),/management/ville/autigny/ville-76040,10.0,21.0,5.0,31.0,31.0,46.0,100.0,68.0,31.0,27.0,41.6,47.3,36.3,22.0,14.2,12.7,8.0,15.5
Ahaxe-Alciette-Bascassan (64220),/management/ville/ahaxe-alciette-bascassan/ville-64008,34.0,19.0,5.0,10.0,55.0,0.0,75.0,53.0,42.0,52.0,31.8,35.4,28.2,19.0,21.8,16.8,18.2,28.3
Champvans (70100),/management/ville/champvans/ville-70125,5.0,5.0,0.0,30.0,20.0,30.0,68.0,47.0,14.0,16.0,40.3,53.4,44.4,18.8,8.3,11.0,6.9,15.1
Coux et Bigaroque-Mouzens (24220),/management/ville/coux-et-bigaroque-mouzens/ville-24142,30.0,90.0,30.0,165.0,150.0,90.0,268.0,287.0,177.0,254.0,24.2,30.0,36.7,21.5,15.8,20.0,23.3,28.1
Armes (58500),/management/ville/armes/ville-58011,0.0,10.0,10.0,36.0,15.0,46.0,69.0,69.0,38.0,51.0,26.4,34.6,37.2,20.5,19.8,13.1,16.5,29.9
Caharet (65190),/management/ville/caharet/ville-65118,0.0,0.0,5.0,5.0,0.0,0.0,10.0,6.0,5.0,5.0,27.3,46.7,18.2,22.2,36.4,6.7,18.2,20.0
Barjon (21580),/management/ville/barjon/ville-21049,0.0,0.0,0.0,0.0,5.0,5.0,9.0,8.0,10.0,4.0,20.0,37.5,53.3,0.0,26.7,37.5,0.0,25.0
Château (71250),/management/ville/chateau/ville-71112,0.0,5.0,34.0,34.0,24.0,5.0,29.0,41.0,27.0,75.0,17.8,16.9,23.3,21.6,15.6,16.9,43.3,43.4
Boury-en-Vexin (60240),/management/ville/boury-en-vexin/ville-60095,5.0,10.0,45.0,65.0,40.0,35.0,67.0,65.0,49.0,89.0,28.1,21.4,25.9,21.5,17.3,19.1,28.8,37.4
Chirens (38850),/management/ville/chirens/ville-38105,15.0,140.0,185.0,305.0,295.0,220.0,338.0,484.0,304.0,522.0,18.9,22.1,34.6,23.3,16.3,20.6,30.2,33.1
Cuélas (32300),/management/ville/cuelas/ville-32114,5.0,0.0,5.0,20.0,20.0,15.0,46.0,33.0,6.0,21.0,38.6,49.0,29.8,24.6,10.5,0.0,21.1,18.4
Bellefontaine (97222),/management/ville/bellefontaine/ville-97234,5.0,24.0,57.0,166.0,341.0,175.0,424.0,297.0,201.0,227.0,37.5,36.3,31.9,20.5,15.6,19.0,15.0,23.7
Coaraze (06390),/management/ville/coaraze/ville-06043,0.0,20.0,76.0,142.0,112.0,61.0,155.0,187.0,114.0,182.0,27.4,21.1,35.6,22.8,13.1,23.1,24.0,33.1
Bruys (02220),/management/ville/bruys/ville-02129,11.0,0.0,0.0,0.0,0.0,5.0,2.0,1.0,2.0,11.0,22.2,0.0,11.1,0.0,22.2,0.0,44.4,100.0
Aubencheul-au-Bac (59265),/management/ville/aubencheul-au-bac/ville-59023,0.0,10.0,27.0,69.0,43.0,74.0,125.0,114.0,76.0,87.0,28.4,34.2,34.3,21.1,20.9,16.8,16.4,26.7
Bagard (30140),/management/ville/bagard/ville-30027,15.0,138.0,70.0,310.0,325.0,206.0,654.0,481.0,422.0,446.0,32.9,32.5,28.1,20.8,18.9,23.1,20.1,24.2
Bierne (59380),/management/ville/bierne/ville-59082,0.0,40.0,139.0,203.0,283.0,218.0,258.0,361.0,268.0,405.0,17.0,22.7,31.4,23.6,22.3,19.2,29.3,33.2
Chavannaz (74270),/management/ville/chavannaz/ville-74066,5.0,15.0,10.0,30.0,10.0,30.0,36.0,42.0,32.0,51.0,20.5,23.9,30.1,22.7,16.4,22.7,32.9,30.7
Berthelming (57930),/management/ville/berthelming/ville-57066,0.0,10.0,35.0,35.0,70.0,95.0,141.0,137.0,52.0,65.0,28.2,42.5,40.4,25.1,14.4,12.1,17.0,15.9
Bouan (09310),/management/ville/bouan/ville-09064,0.0,0.0,0.0,11.0,0.0,11.0,7.0,10.0,10.0,5.0,5.6,38.5,38.9,23.1,38.9,23.1,16.7,15.4
Boiry-Notre-Dame (62156),/management/ville/boiry-notre-dame/ville-62145,15.0,20.0,15.0,61.0,56.0,51.0,83.0,95.0,92.0,92.0,18.8,26.9,30.7,22.3,27.8,23.1,22.7,28.0
Amancey (25330),/management/ville/amancey/ville-25015,15.0,5.0,10.0,79.0,94.0,119.0,137.0,145.0,83.0,145.0,22.6,30.9,33.1,22.2,16.9,15.6,27.4,29.4
Congé-sur-Orne (72290),/management/ville/conge-sur-orne/ville-72088,5.0,20.0,25.0,45.0,50.0,35.0,67.0,83.0,44.0,46.0,27.6,28.6,41.7,25.0,15.0,22.3,15.7,23.2
Beaugency (45190),/management/ville/beaugency/ville-45028,5.0,137.0,430.0,734.0,881.0,820.0,1823.0,1420.0,827.0,1387.0,28.6,37.4,30.5,20.9,14.7,15.5,26.2,24.8
Chaintré (71570),/management/ville/chaintre/ville-71074,10.0,25.0,51.0,76.0,61.0,46.0,109.0,99.0,60.0,154.0,21.4,29.9,28.1,17.9,17.1,10.9,33.3,39.8
,17.9,19.1,25.3,26.4
Caussens (32100),/management/ville/caussens/ville-32095,26.0,41.0,5.0,77.0,98.0,52.0,171.0,146.0,79.0,106.0,30.8,37.2,35.0,21.8,17.1,14.6,17.1,24.5
Anoye (64350),/management/ville/anoye/ville-64028,0.0,0.0,5.0,22.0,43.0,27.0,18.0,44.0,18.0,35.0,10.9,19.7,45.5,26.4,20.0,13.1,23.6,36.1
Coullemelle (80250),/management/ville/coullemelle/ville-80214,15.0,0.0,20.0,35.0,30.0,60.0,83.0,54.0,48.0,46.0,39.3,32.1,27.0,19.8,19.7,22.0,13.9,26.6
Autigny-la-Tour (88300),/management/ville/autigny-la-tour/ville-88019,0.0,10.0,15.0,10.0,19.0,19.0,39.0,41.0,22.0,21.0,23.0,39.1,41.0,22.2,24.6,12.5,11.5,23.4
Bousbach (57460),/management/ville/bousbach/ville-57101,0.0,25.0,45.0,205.0,185.0,190.0,176.0,303.0,176.0,242.0,15.9,23.3,35.7,28.3,20.0,19.3,28.5,25.5
Chirmont (80250),/management/ville/chirmont/ville-80193,5.0,5.0,5.0,10.0,5.0,20.0,40.0,13.0,16.0,26.0,38.6,45.1,15.9,12.8,13.6,19.6,31.8,23.5
Cuers (83390),/management/ville/cuers/ville-83049,44.0,511.0,628.0,1466.0,1715.0,897.0,2119.0,2230.0,1680.0,2376.0,22.0,28.2,31.0,21.9,19.6,20.4,27.4,29.1
Cahon (80132),/management/ville/cahon/ville-80161,0.0,25.0,10.0,20.0,15.0,35.0,44.0,39.0,29.0,31.0,27.7,33.3,35.4,20.3,21.5,19.2,15.4,26.9
Bruz (35170),/management/ville/bruz/ville-35047,27.0,486.0,1818.0,2511.0,2352.0,1294.0,2320.0,2659.0,2344.0,4686.0,16.5,22.0,25.6,19.1,19.3,19.7,38.7,39.3
Champvans-les-Moulins (25170),/management/ville/champvans-les-moulins/ville-25119,0.0,15.0,10.0,24.0,59.0,34.0,80.0,71.0,46.0,58.0,33.1,30.1,29.8,24.3,18.2,18.0,19.0,25.6
Ahetze (64210),/management/ville/ahetze/ville-64009,0.0,162.0,110.0,355.0,297.0,256.0,229.0,436.0,299.0,582.0,12.2,17.4,35.5,21.2,17.6,21.0,34.7,40.4
Château-Arnoux-Saint-Auban (04160),/management/ville/chateau-arnoux-saint-auban/ville-04049,5.0,171.0,186.0,587.0,657.0,527.0,1252.0,1348.0,650.0,770.0,26.2,35.5,40.6,24.7,15.8,16.5,17.5,20.6
Couy (18140),/management/ville/couy/ville-18077,5.0,15.0,10.0,40.0,54.0,39.0,108.0,79.0,41.0,46.0,36.6,42.4,34.5,21.3,14.1,15.9,14.8,18.9
Barjouville (28630),/management/ville/barjouville/ville-28024,0.0,40.0,75.0,267.0,267.0,146.0,293.0,347.0,227.0,368.0,22.0,25.3,33.5,22.3,16.7,20.1,27.8,31.6
Bellefosse (67130),/management/ville/bellefosse/ville-67026,0.0,5.0,35.0,30.0,0.0,0.0,25.0,35.0,21.0,35.0,19.6,23.3,39.3,21.0,17.9,18.3,23.2,36.7
Coarraze (64800),/management/ville/coarraze/ville-64191,5.0,55.0,105.0,244.0,250.0,255.0,416.0,492.0,252.0,393.0,23.7,29.6,37.3,24.5,14.1,18.1,24.9,25.7
Bagas (33190),/management/ville/bagas/ville-33024,10.0,5.0,15.0,20.0,35.0,65.0,54.0,79.0,33.0,41.0,29.6,22.2,38.0,30.9,17.6,14.1,14.8,25.3
Aubencheul-aux-Bois (02420),/management/ville/aubencheul-aux-bois/ville-02030,0.0,5.0,5.0,10.0,36.0,77.0,86.0,49.0,44.0,31.0,34.3,46.8,26.5,20.5,24.5,18.3,14.7,13.8
Amancy (74800),/management/ville/amancy/ville-74007,5.0,106.0,218.0,450.0,232.0,271.0,315.0,513.0,323.0,679.0,15.9,18.3,34.4,20.9,18.4,17.0,31.3,42.8
Bouaye (44830),/management/ville/bouaye/ville-44018,5.0,229.0,673.0,1226.0,972.0,528.0,981.0,1587.0,1050.0,1794.0,15.3,20.7,32.7,24.7,18.8,19.9,33.1,33.2
Coullemont (62158),/management/ville/coullemont/ville-62243,0.0,0.0,0.0,9.0,9.0,19.0,34.0,27.0,13.0,14.0,33.3,43.9,33.3,23.9,16.7,14.6,16.7,14.6
Chavanne (70400),/management/ville/chavanne/ville-70147,5.0,10.0,5.0,40.0,45.0,30.0,51.0,63.0,24.0,33.0,23.0,36.9,43.7,25.8,13.8,14.3,19.5,19.0
Chaintreaux (77460),/management/ville/chaintreaux/ville-77071,15.0,25.0,65.0,110.0,149.0,75.0,185.0,216.0,111.0,155.0,23.7,31.9,39.1,24.1,13.6,19.8,23.7,22.8
Beaugies-sous-Bois (60640),/management/ville/beaugies-sous-bois/ville-60052,5.0,0.0,0.0,21.0,10.0,26.0,22.0,24.0,11.0,16.0,17.1,41.7,42.9,20.0,20.0,11.1,20.0,25.0
Causses-et-Veyran (34490),/management/ville/causses-et-veyran/ville-34061,10.0,0.0,20.0,35.0,70.0,94.0,171.0,138.0,86.0,88.0,33.8,37.2,35.8,21.4,14.6,21.1,15.8,20.2
Bierné-les-Villages (53290),/management/ville/bierne-les-villages/ville-53029,80.0,25.0,10.0,100.0,131.0,267.0,245.0,288.0,188.0,149.0,25.0,31.5,37.6,26.8,20.7,22.3,16.7,17.8
Anquetierville (76490),/management/ville/anquetierville/ville-76022,10.0,10.0,10.0,36.0,26.0,51.0,56.0,89.0,46.0,59.0,16.7,28.6,43.2,24.4,20.5,16.8,19.7,27.7
Boiry-Saint-Martin (62175),/management/ville/boiry-saint-martin/ville-62146,5.0,5.0,5.0,20.0,50.0,40.0,61.0,69.0,47.0,33.0,25.7,32.1,39.6,25.7,21.8,22.9,12.9,18.3
Berthen (59270),/management/ville/berthen/ville-59073,0.0,10.0,55.0,140.0,50.0,25.0,100.0,105.0,69.0,135.0,23.8,25.1,29.6,21.0,15.5,18.2,31.1,35.0
Autigny-le-Grand (52300),/management/ville/autigny-le-grand/ville-52029,5.0,0.0,0.0,15.0,20.0,25.0,57.0,39.0,20.0,13.0,38.0,51.7,40.8,18.3,12.7,18.3,8.5,11.7
Cahors (46000),/management/ville/cahors/ville-46042,32.0,539.0,1100.0,2031.0,2896.0,1563.0,4735.0,3441.0,2611.0,4300.0,27.0,34.8,27.2,18.9,17.7,17.0,28.1,28.8
Armillac (47800),/management/ville/armillac/ville-47014,0.0,10.0,0.0,15.0,29.0,25.0,67.0,33.0,29.0,16.0,40.0,52.6,27.1,17.9,24.3,15.8,8.6,13.2
Cuffies (02880),/management/ville/cuffies/ville-02245,0.0,40.0,100.0,206.0,221.0,196.0,356.0,393.0,180.0,239.0,28.3,32.7,37.1,26.3,16.1,14.6,18.6,22.3
Carcen-Ponson (40400),/management/ville/carcen-ponson/ville-40067,10.0,15.0,25.0,51.0,96.0,86.0,134.0,155.0,97.0,112.0,25.0,28.6,39.2,23.1,17.5,21.6,18.3,26.3
Ahéville (88500),/management/ville/aheville/ville-88002,0.0,0.0,5.0,15.0,0.0,10.0,6.0,22.0,4.0,15.0,13.0,12.5,47.8,32.4,13.0,4.2,26.1,37.5
Bousbecque (59166),/management/ville/bousbecque/ville-59098,15.0,132.0,399.0,606.0,612.0,576.0,982.0,927.0,581.0,960.0,24.7,32.1,31.1,21.5,17.1,16.6,27.1,28.5
Château-Bernard (38650),/management/ville/chateau-bernard/ville-38090,0.0,5.0,31.0,41.0,51.0,31.0,38.0,59.0,37.0,84.0,17.4,16.8,34.8,19.2,13.0,20.8,34.8,43.6
Bâgé-Dommartin (01380),/management/ville/bage-dommartin/ville-01025,51.0,101.0,166.0,536.0,529.0,655.0,846.0,832.0,502.0,698.0,27.3,31.5,36.0,21.0,16.5,18.4,20.2,28.3
Caussiniojouls (34600),/management/ville/caussiniojouls/ville-34062,5.0,0.0,0.0,29.0,15.0,5.0,31.0,19.0,28.0,20.0,28.3,35.8,23.9,16.7,32.6,24.5,15.2,24.5
Couze-et-Saint-Front (24150),/management/ville/couze-et-saint-front/ville-24143,5.0,40.0,25.0,40.0,65.0,91.0,187.0,206.0,107.0,93.0,29.9,33.4,39.5,27.4,16.5,19.2,14.1,16.9
Coat-Méal (29870),/management/ville/coat-meal/ville-29035,15.0,40.0,55.0,130.0,205.0,165.0,110.0,223.0,167.0,214.0,13.5,17.2,37.4,24.3,24.5,22.3,24.7,35.5
Champvert (58300),/management/ville/champvert/ville-58055,15.0,20.0,10.0,79.0,159.0,79.0,220.0,239.0,100.0,96.0,31.9,35.2,41.5,26.9,15.8,15.1,10.8,18.4
Barles (04140),/management/ville/barles/ville-04020,10.0,5.0,0.0,15.0,21.0,10.0,14.0,49.0,18.0,24.0,9.8,19.0,55.7,30.0,16.4,16.7,18.0,28.6
Chirols (07380),/management/ville/chirols/ville-07065,11.0,11.0,5.0,21.0,27.0,27.0,48.0,36.0,40.0,70.0,22.5,26.1,27.5,11.7,15.7,26.1,34.3,38.0
Bretenières (39120),/management/ville/bretenieres/ville-39077,0.0,0.0,5.0,10.0,0.0,0.0,11.0,9.0,5.0,8.0,29.4,37.5,29.4,21.1,23.5,6.3,17.6,31.3
Congénies (30111),/management/ville/congenies/ville-30091,0.0,55.0,126.0,261.0,237.0,116.0,268.0,280.0,215.0,449.0,21.6,22.6,26.6,19.8,16.6,18.8,35.2,38.6
Bellegarde (30127),/management/ville/bellegarde/ville-30034,100.0,305.0,230.0,915.0,990.0,755.0,1578.0,1399.0,896.0,1176.0,31.0,31.5,31.7,22.7,16.9,18.6,20.4,26.0
Aubenton (02500),/management/ville/aubenton/ville-02031,20.0,15.0,0.0,45.0,104.0,84.0,219.0,141.0,73.0,63.0,41.8,46.5,30.9,22.8,16.8,12.9,10.5,14.9
Anrosey (52500),/management/ville/anrosey/ville-52013,10.0,5.0,5.0,0.0,5.0,10.0,37.0,34.0,13.0,19.0,38.0,34.5,42.0,23.7,6.0,18.2,14.0,21.8
Amange (39700),/management/ville/amange/ville-39008,5.0,24.0,48.0,72.0,34.0,34.0,45.0,76.0,62.0,101.0,16.2,15.4,28.9,24.1,21.1,23.1,33.8,37.1
Chavannes (18190),/management/ville/chavannes/ville-18063,0.0,5.0,0.0,25.0,10.0,35.0,56.0,42.0,18.0,27.0,35.6,43.7,35.6,20.3,13.7,11.3,15.1,22.5
Chaintrix-Bierges (51130),/management/ville/chaintrix-bierges/ville-51107,15.0,10.0,10.0,35.0,30.0,45.0,62.0,69.0,51.0,42.0,26.1,29.6,42.3,21.1,19.8,25.2,11.7,25.2
Coullons (45720),/management/ville/coullons/ville-45108,26.0,53.0,47.0,163.0,311.0,368.0,725.0,567.0,264.0,296.0,35.2,42.9,35.5,23.4,13.5,15.0,15.9,16.1
Boubers-lès-Hesmond (62990),/management/ville/boubers-les-hesmond/ville-62157,0.0,5.0,0.0,0.0,0.0,16.0,36.0,19.0,8.0,6.0,36.1,71.9,36.1,13.5,22.2,0.0,5.6,12.5
Beaujeu (04420),/management/ville/beaujeu/ville-04024,10.0,0.0,0.0,29.0,10.0,24.0,27.0,25.0,24.0,29.0,24.6,27.5,29.8,17.4,21.1,25.5,24.6,31.4
Cuffy (18150),/management/ville/cuffy/ville-18082,15.0,40.0,44.0,145.0,165.0,140.0,241.0,269.0,142.0,169.0,25.9,32.6,39.6,24.4,15.4,19.2,19.1,22.1
Bierry-les-Belles-Fontaines (89420),/management/ville/bierry-les-belles-fontaines/ville-89042,5.0,5.0,10.0,30.0,20.0,20.0,68.0,40.0,21.0,30.0,39.0,46.3,32.5,17.2,14.3,12.2,14.3,23.2
Carcès (83570),/management/ville/carces/ville-83032,30.0,152.0,138.0,304.0,424.0,222.0,911.0,769.0,477.0,589.0,30.8,35.3,31.4,23.2,17.3,17.4,20.5,22.3
Autigny-le-Petit (52300),/management/ville/autigny-le-petit/ville-52030,0.0,10.0,0.0,0.0,5.0,0.0,17.0,19.0,6.0,8.0,16.7,50.0,54.2,18.5,16.7,8.3,12.5,20.8
Cahus (46130),/management/ville/cahus/ville-46043,5.0,5.0,10.0,45.0,5.0,30.0,51.0,44.0,35.0,30.0,22.4,40.5,35.5,20.7,21.1,22.6,21.1,16.7
Berthenay (37510),/management/ville/berthenay/ville-37025,10.0,5.0,61.0,71.0,131.0,86.0,85.0,194.0,99.0,138.0,14.8,17.9,45.2,27.2,17.4,21.5,22.6,31.3
Armissan (11110),/management/ville/armissan/ville-11014,45.0,20.0,80.0,221.0,181.0,111.0,265.0,306.0,232.0,378.0,23.8,21.1,26.0,24.1,20.6,18.9,29.5,34.3
Château-Bréhain (57340),/management/ville/chateau-brehain/ville-57130,0.0,5.0,10.0,0.0,5.0,10.0,22.0,18.0,11.0,9.0,25.9,45.5,40.7,21.2,14.8,21.2,18.5,12.1
Bousies (59222),/management/ville/bousies/ville-59099,10.0,35.0,65.0,264.0,215.0,249.0,447.0,377.0,209.0,251.0,27.1,42.2,36.6,20.7,18.2,14.4,18.1,21.1
Boiry-Sainte-Rictrude (62175),/management/ville/boiry-sainte-rictrude/ville-62147,5.0,5.0,5.0,65.0,45.0,35.0,75.0,95.0,70.0,67.0,15.6,33.3,39.0,22.3,25.3,20.3,20.1,23.5
Ahuillé (53940),/management/ville/ahuille/ville-53001,10.0,55.0,80.0,225.0,271.0,201.0,303.0,380.0,268.0,308.0,20.3,27.8,35.9,23.4,22.3,20.4,21.5,27.4
Bry (59144),/management/ville/bry/ville-59116,5.0,20.0,35.0,60.0,30.0,5.0,59.0,64.0,37.0,125.0,17.9,23.4,29.7,14.8,11.7,14.2,40.7,47.5
Chaise-Dieu-du-Theil (27580),/management/ville/chaise-dieu-du-theil/ville-27137,6.0,6.0,6.0,17.0,44.0,33.0,63.0,63.0,29.0,37.0,29.3,36.6,38.0,25.2,12.0,17.8,20.7,17.8
Champvoisy (51700),/management/ville/champvoisy/ville-51121,5.0,20.0,0.0,59.0,49.0,30.0,41.0,54.0,27.0,55.0,22.8,24.1,35.9,22.3,14.1,16.1,27.2,35.6
Caussols (06460),/management/ville/caussols/ville-06037,24.0,14.0,53.0,14.0,24.0,33.0,47.0,60.0,36.0,56.0,26.0,20.8,31.7,25.7,17.3,18.8,25.0,32.3
Barlest (65100),/management/ville/barlest/ville-65065,5.0,20.0,10.0,30.0,61.0,5.0,63.0,77.0,28.0,45.0,28.2,30.6,40.8,26.4,14.6,12.0,16.5,25.9
Chirongui (97620),/management/ville/chirongui/ville-97606,,,,,,,,,,,,,,,,,,
Bretenoux (46130),/management/ville/bretenoux/ville-46038,10.0,55.0,40.0,115.0,140.0,135.0,424.0,324.0,152.0,217.0,31.3,43.5,36.7,21.1,12.4,14.5,19.6,19.2
Amanlis (35150),/management/ville/amanlis/ville-35002,45.0,54.0,149.0,243.0,233.0,163.0,215.0,299.0,234.0,397.0,16.8,20.8,30.4,21.3,20.9,19.9,31.9,37.5
Ansac-sur-Vienne (16500),/management/ville/ansac-sur-vienne/ville-16016,25.0,25.0,0.0,65.0,70.0,110.0,235.0,244.0,111.0,95.0,31.1,37.5,42.7,25.7,14.8,17.6,11.3,16.4
Aubepierre-Ozouer-le-Repos (77720),/management/ville/aubepierre-ozouer-le-repos/ville-77010,15.0,25.0,69.0,174.0,139.0,104.0,148.0,199.0,111.0,191.0,22.3,23.2,39.2,20.4,18.4,16.1,20.2,39.2
Bâgé-le-Châtel (01380),/management/ville/bage-le-chatel/ville-01026,0.0,10.0,21.0,115.0,115.0,94.0,232.0,255.0,103.0,125.0,29.1,35.4,39.9,26.9,15.3,13.6,15.6,19.2
Bellegarde (32140),/management/ville/bellegarde/ville-32041,5.0,0.0,0.0,27.0,11.0,21.0,46.0,37.0,23.0,33.0,26.1,40.0,27.5,22.0,24.6,8.6,21.7,25.7
Boubers-sur-Canche (62270),/management/ville/boubers-sur-canche/ville-62158,5.0,20.0,5.0,40.0,111.0,126.0,159.0,132.0,80.0,68.0,34.6,38.1,33.2,25.2,18.3,17.7,13.9,16.5
Coatascorn (22140),/management/ville/coatascorn/ville-22041,20.0,15.0,5.0,20.0,24.0,29.0,36.0,57.0,32.0,46.0,15.1,28.2,37.6,25.3,18.3,20.5,29.0,24.4
Congerville-Thionville (91740),/management/ville/congerville-thionville/ville-91613,0.0,10.0,30.0,20.0,5.0,20.0,44.0,43.0,26.0,47.0,27.2,27.6,35.8,17.6,13.6,19.7,23.5,35.5
Coulmer (61230),/management/ville/coulmer/ville-61122,0.0,5.0,10.0,5.0,10.0,20.0,28.0,22.0,6.0,13.0,30.6,51.5,41.7,17.5,16.7,0.0,11.1,27.3
Chavannes (26260),/management/ville/chavannes/ville-26092,5.0,11.0,21.0,148.0,58.0,98.0,126.0,130.0,73.0,152.0,27.9,24.6,31.8,22.0,10.3,19.8,30.0,33.1
Beaujeu (69430),/management/ville/beaujeu/ville-69018,25.0,94.0,74.0,203.0,296.0,232.0,550.0,548.0,258.0,283.0,26.2,40.0,42.0,23.4,16.2,15.3,15.6,18.8
Couzeix (87270),/management/ville/couzeix/ville-87050,0.0,306.0,637.0,1087.0,1151.0,667.0,1798.0,1797.0,1223.0,1968.0,22.1,30.5,31.9,21.0,17.3,18.7,28.7,29.3
Biert (09320),/management/ville/biert/ville-09057,30.0,44.0,5.0,44.0,20.0,10.0,51.0,58.0,62.0,90.0,16.3,24.2,29.1,15.3,25.5,21.7,29.1,40.0
Chalabre (11230),/management/ville/chalabre/ville-11091,5.0,40.0,30.0,35.0,139.0,99.0,375.0,252.0,140.0,161.0,32.3,47.1,34.2,19.8,17.0,13.5,16.5,18.0
Bousignies (59178),/management/ville/bousignies/ville-59100,5.0,0.0,29.0,64.0,20.0,10.0,40.0,46.0,46.0,88.0,18.4,18.3,19.3,22.7,20.2,22.0,42.1,36.7
Breteuil (27160),/management/ville/breteuil/ville-27112,26.0,130.0,119.0,322.0,669.0,638.0,1443.0,1005.0,510.0,513.0,37.1,45.3,37.5,20.5,13.5,15.7,11.9,17.2
Bagert (09230),/management/ville/bagert/ville-09033,0.0,0.0,0.0,5.0,0.0,0.0,10.0,12.0,4.0,6.0,16.7,50.0,55.6,14.3,11.1,14.3,16.7,21.4
Armix (01510),/management/ville/armix/ville-01019,11.0,0.0,0.0,0.0,0.0,0.0,4.0,10.0,5.0,1.0,10.0,33.3,40.0,38.5,40.0,11.1,10.0,0.0
Carcheto-Brustico (20229),/management/ville/carcheto-brustico/ville-2B063,0.0,4.0,0.0,3.0,4.0,2.0,8.0,4.0,6.0,7.0,35.7,27.3,21.4,11.1,21.4,27.3,21.4,36.4
Cugand (85610),/management/ville/cugand/ville-85076,15.0,71.0,245.0,402.0,361.0,527.0,823.0,691.0,448.0,636.0,26.2,36.6,33.9,19.6,16.4,18.0,23.4,25.4
Bellegarde (45270),/management/ville/bellegarde/ville-45031,5.0,63.0,39.0,147.0,246.0,213.0,620.0,344.0,161.0,156.0,41.5,53.7,33.8,19.6,13.3,12.0,11.5,12.8
Cahuzac (11420),/management/ville/cahuzac/ville-11057,0.0,6.0,0.0,0.0,0.0,0.0,11.0,8.0,6.0,7.0,42.9,35.3,21.4,26.3,14.3,17.6,21.4,17.6
Château-Chalon (39210),/management/ville/chateau-chalon/ville-39114,10.0,5.0,5.0,20.0,5.0,5.0,23.0,33.0,25.0,44.0,16.7,20.3,30.0,22.4,21.7,18.8,31.7,37.5
Autingues (62610),/management/ville/autingues/ville-62059,0.0,5.0,25.0,45.0,30.0,15.0,46.0,40.0,38.0,76.0,16.3,28.7,22.8,18.1,17.4,20.4,43.5,33.3
Champvoux (58400),/management/ville/champvoux/ville-58056,0.0,15.0,20.0,50.0,30.0,30.0,61.0,68.0,45.0,60.0,22.8,29.7,38.2,19.1,18.7,19.8,20.3,31.5
Caussou (09250),/management/ville/caussou/ville-09087,0.0,6.0,12.0,6.0,6.0,6.0,9.0,26.0,12.0,6.0,3.6,30.4,64.3,30.4,17.9,30.4,14.3,8.7
Chalagnac (24380),/management/ville/chalagnac/ville-24094,5.0,25.0,20.0,60.0,114.0,35.0,90.0,112.0,65.0,63.0,24.2,30.3,43.9,25.1,13.4,25.1,18.5,19.4
Barleux (80200),/management/ville/barleux/ville-80054,10.0,5.0,5.0,20.0,25.0,59.0,96.0,39.0,27.0,28.0,46.9,53.8,26.5,14.3,12.2,16.1,14.3,16.1
Breteuil (60120),/management/ville/breteuil/ville-60104,21.0,31.0,141.0,393.0,560.0,800.0,1429.0,958.0,427.0,481.0,37.5,48.5,35.9,21.1,12.8,13.1,13.9,15.2
Berthenicourt (02240),/management/ville/berthenicourt/ville-02075,0.0,0.0,0.0,21.0,21.0,31.0,34.0,55.0,12.0,53.0,18.7,25.3,37.3,26.5,10.7,5.1,33.3,35.4
Ahun (23150),/management/ville/ahun/ville-23001,33.0,52.0,25.0,111.0,163.0,171.0,448.0,288.0,179.0,207.0,35.7,43.6,30.7,19.9,17.6,14.5,16.0,20.7
Ansacq (60250),/management/ville/ansacq/ville-60016,0.0,10.0,5.0,75.0,35.0,25.0,37.0,72.0,34.0,53.0,10.9,27.4,43.6,25.7,19.8,14.7,25.7,28.4
Bry-sur-Marne (94360),/management/ville/bry-sur-marne/ville-94015,0.0,435.0,3233.0,2386.0,1470.0,599.0,2128.0,1715.0,1959.0,5725.0,16.9,19.9,16.6,14.1,15.0,18.7,51.5,48.0
Bois (17240),/management/ville/bois/ville-17050,15.0,15.0,10.0,41.0,71.0,51.0,158.0,110.0,62.0,48.0,37.5,46.5,37.0,20.6,15.6,16.8,9.9,15.1
Coatréven (22450),/management/ville/coatreven/ville-22042,10.0,30.0,25.0,79.0,64.0,45.0,75.0,101.0,95.0,95.0,17.9,23.5,32.1,23.9,25.0,26.8,25.0,26.8
Boubiers (60240),/management/ville/boubiers/ville-60089,0.0,15.0,30.0,70.0,45.0,65.0,68.0,85.0,66.0,84.0,23.8,21.1,34.4,22.1,19.9,23.7,21.9,33.6
Congis-sur-Thérouanne (77440),/management/ville/congis-sur-therouanne/ville-77126,0.0,55.0,75.0,253.0,265.0,208.0,282.0,350.0,197.0,303.0,24.4,25.4,37.6,23.5,14.7,19.9,23.3,30.1
Beaujeu-Saint-Vallier-Pierrejux-et-Quitteur (70100),/management/ville/beaujeu-saint-vallier-pierrejux-et-quitteur/ville-70058,35.0,10.0,35.0,109.0,139.0,134.0,207.0,223.0,126.0,139.0,26.0,33.3,38.6,23.9,18.1,18.4,17.3,22.6
Aubepierre-sur-Aube (52210),/management/ville/aubepierre-sur-aube/ville-52022,10.0,15.0,0.0,15.0,30.0,10.0,68.0,37.0,25.0,18.0,37.9,51.9,34.8,17.3,16.7,17.3,10.6,13.6
Chavannes-les-Grands (90100),/management/ville/chavannes-les-grands/ville-90025,0.0,10.0,20.0,55.0,55.0,40.0,82.0,88.0,31.0,47.0,26.4,40.3,41.9,24.8,11.6,13.4,20.2,17.6
Coulmier-le-Sec (21400),/management/ville/coulmier-le-sec/ville-21201,0.0,0.0,10.0,25.0,35.0,30.0,74.0,70.0,29.0,29.0,30.0,43.3,42.0,24.0,17.0,11.5,11.0,17.3
Couziers (37500),/management/ville/couziers/ville-37088,0.0,11.0,11.0,16.0,5.0,11.0,21.0,28.0,20.0,21.0,17.4,28.9,39.1,22.9,26.1,17.8,17.4,28.9
Bierville (76750),/management/ville/bierville/ville-76094,0.0,15.0,25.0,64.0,34.0,25.0,51.0,56.0,42.0,71.0,18.2,28.2,33.6,18.1,17.3,21.8,30.9,32.7
Chiroubles (69115),/management/ville/chiroubles/ville-69058,10.0,15.0,15.0,41.0,62.0,36.0,77.0,95.0,66.0,66.0,24.3,26.3,36.8,25.2,19.7,23.7,19.1,24.3
Bousignies-sur-Roc (59149),/management/ville/bousignies-sur-roc/ville-59101,0.0,20.0,25.0,74.0,49.0,30.0,87.0,81.0,73.0,76.0,21.1,34.2,32.5,19.0,24.1,21.7,22.3,25.7
Bages (11100),/management/ville/bages/ville-11024,5.0,65.0,16.0,87.0,97.0,59.0,154.0,148.0,149.0,193.0,22.0,25.6,29.2,18.3,22.3,24.1,26.4,33.3
Amanty (55130),/management/ville/amanty/ville-55005,0.0,0.0,0.0,0.0,0.0,0.0,12.0,5.0,10.0,7.0,31.3,38.9,18.8,13.3,31.3,27.8,18.8,22.2
Cardaillac (46100),/management/ville/cardaillac/ville-46057,0.0,15.0,30.0,50.0,75.0,45.0,119.0,124.0,94.0,138.0,21.4,28.8,34.6,18.7,15.8,23.8,28.2,30.0
Cuges-les-Pins (13780),/management/ville/cuges-les-pins/ville-13030,20.0,134.0,308.0,874.0,824.0,437.0,809.0,900.0,731.0,1244.0,20.9,23.0,28.8,20.1,19.7,20.0,30.5,36.9
Armous-et-Cau (32230),/management/ville/armous-et-cau/ville-32009,15.0,15.0,0.0,5.0,15.0,0.0,13.0,27.0,17.0,12.0,16.7,21.2,41.7,33.3,22.2,27.3,19.4,15.2
Chamrousse (38410),/management/ville/chamrousse/ville-38567,0.0,66.0,22.0,66.0,60.0,33.0,44.0,83.0,70.0,126.0,18.0,8.3,28.1,23.1,19.7,24.1,34.3,44.8
Cahuzac (47330),/management/ville/cahuzac/ville-47044,0.0,5.0,10.0,30.0,40.0,75.0,69.0,93.0,44.0,38.0,21.9,35.3,49.2,24.2,17.2,19.0,11.7,19.8
Château-Chervix (87380),/management/ville/chateau-chervix/ville-87039,45.0,5.0,25.0,65.0,95.0,65.0,164.0,165.0,132.0,171.0,20.2,31.7,33.1,18.8,24.0,17.8,22.7,31.4
Bellegarde-du-Razès (11240),/management/ville/bellegarde-du-razes/ville-11032,10.0,19.0,15.0,24.0,19.0,15.0,50.0,41.0,38.0,53.0,24.7,30.5,25.9,19.6,18.8,22.1,30.6,28.4
Autoire (46400),/management/ville/autoire/ville-46011,25.0,15.0,20.0,20.0,45.0,45.0,72.0,101.0,46.0,79.0,20.1,28.5,42.9,23.5,10.4,20.8,26.6,26.4
Cauterets (65110),/management/ville/cauterets/ville-65138,0.0,112.0,25.0,130.0,132.0,69.0,194.0,221.0,157.0,195.0,21.2,29.6,33.5,23.1,20.9,19.7,24.3,26.5
Bû (28410),/management/ville/bu/ville-28064,0.0,55.0,152.0,314.0,253.0,240.0,369.0,370.0,270.0,402.0,22.9,29.1,32.7,20.3,17.6,20.5,26.8,30.1
Bouc-Bel-Air (13320),/management/ville/bouc-bel-air/ville-13015,4.0,480.0,2063.0,1870.0,1427.0,803.0,2081.0,2065.0,1762.0,4845.0,18.0,20.6,21.9,16.9,14.8,17.8,45.2,44.9
Chalain-d'Uzore (42600),/management/ville/chalain-d-uzore/ville-42037,5.0,30.0,20.0,76.0,35.0,70.0,79.0,123.0,79.0,104.0,18.1,23.2,39.7,22.7,20.1,21.0,22.1,32.6
Berthez (33124),/management/ville/berthez/ville-33048,0.0,5.0,5.0,41.0,31.0,36.0,53.0,80.0,38.0,29.0,20.8,33.0,47.5,28.6,19.8,17.5,11.9,16.5
Brethel (61270),/management/ville/brethel/ville-61060,10.0,5.0,5.0,10.0,5.0,45.0,44.0,41.0,12.0,15.0,33.3,45.5,43.9,24.6,10.5,10.9,12.3,14.5
Ahuy (21121),/management/ville/ahuy/ville-21003,10.0,51.0,134.0,113.0,132.0,52.0,184.0,258.0,167.0,333.0,18.3,20.7,29.3,24.4,14.2,21.1,38.1,32.6
Chavannes-sur-l'Étang (68210),/management/ville/chavannes-sur-l-etang/ville-68065,0.0,10.0,45.0,120.0,75.0,100.0,89.0,163.0,83.0,135.0,14.8,23.2,43.5,24.2,16.0,19.3,25.7,31.8
Ansan (32270),/management/ville/ansan/ville-32002,0.0,0.0,0.0,19.0,5.0,14.0,19.0,14.0,18.0,13.0,32.3,29.0,29.0,20.0,19.4,35.5,19.4,19.4
Cobonne (26400),/management/ville/cobonne/ville-26098,15.0,5.0,15.0,5.0,35.0,20.0,23.0,25.0,27.0,50.0,13.6,22.7,22.0,17.6,28.8,15.2,35.6,43.9
Amanvillers (57865),/management/ville/amanvillers/ville-57017,10.0,50.0,141.0,362.0,393.0,196.0,342.0,542.0,263.0,449.0,16.9,25.7,38.1,26.6,15.9,17.0,29.0,27.2
Congrier (53800),/management/ville/congrier/ville-53073,35.0,25.0,10.0,101.0,121.0,151.0,220.0,269.0,97.0,73.0,26.3,40.8,48.3,27.9,15.7,13.5,9.7,12.3
Chamvres (89300),/management/ville/chamvres/ville-89079,0.0,20.0,30.0,90.0,105.0,45.0,128.0,161.0,100.0,112.0,19.9,31.0,39.4,24.4,17.5,22.4,23.2,21.6
Cugnaux (31270),/management/ville/cugnaux/ville-31157,10.0,444.0,1945.0,2458.0,2397.0,1366.0,2916.0,2632.0,2063.0,4959.0,20.3,25.7,22.9,18.8,15.7,17.0,41.1,38.0
Barlieu (18260),/management/ville/barlieu/ville-18022,0.0,21.0,5.0,21.0,53.0,69.0,107.0,97.0,43.0,52.0,31.0,41.0,38.1,23.0,16.8,11.8,14.2,20.8
Beaulencourt (62450),/management/ville/beaulencourt/ville-62093,0.0,10.0,15.0,15.0,36.0,36.0,74.0,44.0,32.0,26.0,46.8,38.3,21.3,25.0,20.2,14.8,11.7,18.5
Chiry-Ourscamp (60138),/management/ville/chiry-ourscamp/ville-60150,0.0,25.0,15.0,175.0,150.0,200.0,267.0,279.0,165.0,165.0,27.3,34.1,37.8,24.1,17.2,20.7,17.8,20.0
Biesheim (68600),/management/ville/biesheim/ville-68036,5.0,55.0,131.0,227.0,383.0,408.0,502.0,679.0,339.0,360.0,22.1,31.3,42.6,27.3,15.6,20.4,19.8,18.5
Coulmiers (45130),/management/ville/coulmiers/ville-45109,15.0,10.0,41.0,86.0,56.0,56.0,97.0,166.0,62.0,89.0,21.7,25.5,45.9,28.6,14.5,14.9,17.9,25.5
Boussac (12160),/management/ville/boussac/ville-12032,35.0,20.0,30.0,50.0,50.0,60.0,132.0,98.0,88.0,100.0,23.9,38.7,32.3,15.6,24.4,18.0,19.4,28.1
Bois-Anzeray (27330),/management/ville/bois-anzeray/ville-27068,5.0,10.0,0.0,15.0,5.0,35.0,57.0,31.0,22.0,23.0,40.0,45.6,30.8,16.7,13.8,19.1,15.4,19.1
Bages (66670),/management/ville/bages/ville-66011,0.0,142.0,181.0,445.0,690.0,342.0,835.0,954.0,640.0,755.0,23.4,28.7,36.3,23.5,19.0,21.2,21.3,26.0
Couzon (03160),/management/ville/couzon/ville-03090,10.0,5.0,10.0,19.0,34.0,15.0,61.0,72.0,40.0,44.0,22.2,33.9,41.7,22.1,24.1,12.8,12.0,28.4
Bellegarde-en-Diois (26470),/management/ville/bellegarde-en-diois/ville-26047,5.0,0.0,15.0,24.0,5.0,5.0,7.0,22.0,17.0,23.0,7.0,14.3,37.2,24.1,25.6,21.4,30.2,39.3
Armoy (74200),/management/ville/armoy/ville-74020,5.0,66.0,71.0,172.0,213.0,91.0,154.0,265.0,158.0,386.0,15.7,16.2,33.4,21.0,15.1,17.6,35.7,44.2
Cardan (33410),/management/ville/cardan/ville-33098,0.0,15.0,40.0,45.0,111.0,70.0,79.0,141.0,73.0,77.0,15.8,26.9,46.4,27.4,18.0,21.5,19.7,22.0
Cahuzac (81540),/management/ville/cahuzac/ville-81049,10.0,10.0,5.0,15.0,40.0,20.0,135.0,51.0,54.0,101.0,37.9,40.5,20.7,11.5,14.5,16.9,26.9,31.8
Brethenay (52000),/management/ville/brethenay/ville-52072,5.0,14.0,14.0,34.0,39.0,34.0,69.0,90.0,55.0,68.0,26.6,22.9,36.7,25.0,20.1,18.8,16.5,31.3
Auberchicourt (59165),/management/ville/auberchicourt/ville-59024,0.0,74.0,69.0,426.0,648.0,570.0,1157.0,1027.0,535.0,524.0,29.8,41.0,39.0,23.4,15.0,18.0,16.3,16.0
Chalain-le-Comtal (42600),/management/ville/chalain-le-comtal/ville-42038,35.0,40.0,25.0,110.0,85.0,95.0,200.0,104.0,124.0,82.0,42.6,35.6,18.6,22.6,24.7,23.9,14.1,18.2
Bertholène (12310),/management/ville/bertholene/ville-12026,50.0,45.0,35.0,139.0,149.0,104.0,189.0,231.0,161.0,189.0,22.8,26.2,38.8,22.0,17.8,23.8,20.5,28.5
Boucagnères (32550),/management/ville/boucagneres/ville-32060,0.0,5.0,0.0,25.0,30.0,25.0,40.0,40.0,32.0,41.0,31.2,21.1,29.9,23.3,15.6,26.3,23.4,30.3
Cauverville-en-Roumois (27350),/management/ville/cauverville-en-roumois/ville-27134,0.0,0.0,22.0,32.0,49.0,43.0,47.0,53.0,36.0,37.0,22.9,31.8,39.8,21.1,21.7,19.3,15.7,27.3
Aibes (59149),/management/ville/aibes/ville-59003,0.0,15.0,10.0,30.0,51.0,51.0,65.0,92.0,59.0,54.0,15.2,32.6,43.9,23.4,25.8,17.8,15.2,24.4
Autoreille (70700),/management/ville/autoreille/ville-70039,0.0,0.0,5.0,83.0,39.0,44.0,55.0,73.0,45.0,55.0,21.1,27.1,38.5,24.4,20.2,18.6,20.2,28.0
Chavannes-sur-Reyssouze (01190),/management/ville/chavannes-sur-reyssouze/ville-01094,10.0,20.0,25.0,89.0,109.0,144.0,173.0,174.0,107.0,111.0,25.7,35.6,38.7,21.3,20.2,17.8,15.4,24.4
Buais-Les-Monts (50640),/management/ville/buais-les-monts/ville-50090,19.0,49.0,5.0,19.0,44.0,97.0,268.0,154.0,52.0,54.0,44.4,57.3,36.3,19.9,10.0,9.4,9.3,10.9
Cobrieux (59830),/management/ville/cobrieux/ville-59150,0.0,35.0,95.0,65.0,45.0,25.0,57.0,46.0,82.0,202.0,11.9,17.3,11.9,12.8,23.8,18.8,52.4,52.0
Ansauville (54470),/management/ville/ansauville/ville-54019,10.0,0.0,5.0,15.0,5.0,5.0,19.0,23.0,8.0,9.0,28.0,35.3,40.0,29.5,20.0,8.8,12.0,17.6
Amanzé (71800),/management/ville/amanze/ville-71006,10.0,5.0,0.0,20.0,20.0,15.0,43.0,28.0,23.0,45.0,28.4,33.3,32.8,9.1,16.4,16.7,22.4,41.7
Château-Chinon (Campagne) (58120),/management/ville/chateau-chinon-campagne/ville-58063,5.0,25.0,10.0,35.0,80.0,50.0,176.0,169.0,58.0,73.0,28.6,44.6,47.1,22.7,8.8,15.3,15.4,15.3
Congy (51270),/management/ville/congy/ville-51163,10.0,15.0,5.0,20.0,25.0,50.0,61.0,62.0,43.0,31.0,24.2,37.3,40.0,23.5,20.0,23.5,15.8,15.7
Arnac (15150),/management/ville/arnac/ville-15011,18.0,14.0,5.0,9.0,14.0,14.0,40.0,43.0,29.0,25.0,19.4,38.5,45.8,18.0,19.4,23.1,15.3,21.5
Bellegarde-en-Forez (42210),/management/ville/bellegarde-en-forez/ville-42013,25.0,65.0,120.0,225.0,185.0,250.0,413.0,412.0,239.0,337.0,25.0,33.7,36.4,21.4,18.2,16.0,20.4,27.5
Barlin (62620),/management/ville/barlin/ville-62083,5.0,126.0,151.0,543.0,1179.0,1208.0,2144.0,1854.0,910.0,698.0,29.5,45.7,42.2,23.1,16.5,16.0,11.8,13.0
Coulobres (34290),/management/ville/coulobres/ville-34085,15.0,10.0,20.0,55.0,25.0,35.0,71.0,74.0,54.0,86.0,25.8,23.8,25.8,24.6,18.1,20.0,30.3,30.0
Couzon-au-Mont-d'Or (69270),/management/ville/couzon-au-mont-d-or/ville-69068,0.0,124.0,337.0,337.0,197.0,196.0,529.0,338.0,260.0,772.0,24.6,30.8,20.3,15.4,13.8,13.6,41.3,40.0
Bois-Arnault (27250),/management/ville/bois-arnault/ville-27069,10.0,25.0,15.0,51.0,86.0,132.0,185.0,206.0,92.0,70.0,27.4,38.8,45.9,26.5,13.9,19.4,12.8,12.8
Chavanod (74650),/management/ville/chavanod/ville-74067,10.0,103.0,172.0,456.0,368.0,172.0,374.0,516.0,335.0,690.0,18.5,20.5,31.2,21.7,18.1,17.1,32.2,39.5
Chis (65800),/management/ville/chis/ville-65146,0.0,5.0,15.0,35.0,35.0,60.0,39.0,93.0,40.0,58.0,14.7,19.3,49.1,27.7,17.2,17.5,19.0,31.6
Bagiry (31510),/management/ville/bagiry/ville-31041,5.0,0.0,9.0,9.0,23.0,9.0,24.0,30.0,16.0,20.0,19.0,33.3,40.5,23.6,23.8,12.5,16.7,27.1
Cugney (70700),/management/ville/cugney/ville-70192,5.0,5.0,0.0,15.0,40.0,30.0,28.0,46.0,26.0,40.0,17.4,22.5,34.8,27.2,20.3,16.9,27.5,29.6
Beaulieu (07460),/management/ville/beaulieu/ville-07028,26.0,25.0,5.0,31.0,66.0,46.0,103.0,133.0,69.0,90.0,20.9,31.2,40.8,24.4,17.3,17.6,20.9,24.6
Chanac (48230),/management/ville/chanac/ville-48039,35.0,60.0,90.0,165.0,205.0,115.0,291.0,239.0,188.0,336.0,25.3,30.0,29.1,16.7,16.8,18.9,28.9,34.9
Cardeilhac (31350),/management/ville/cardeilhac/ville-31108,0.0,10.0,15.0,20.0,30.0,30.0,86.0,67.0,35.0,32.0,31.9,46.7,40.7,19.6,12.4,19.6,15.0,14.0
Boussac (23600),/management/ville/boussac/ville-23031,5.0,81.0,15.0,66.0,121.0,116.0,485.0,324.0,135.0,135.0,35.5,51.9,39.2,21.0,12.4,12.7,12.9,12.2
Aubercourt (80110),/management/ville/aubercourt/ville-80035,0.0,0.0,0.0,0.0,10.0,5.0,16.0,12.0,8.0,16.0,33.3,26.9,25.0,20.7,20.8,11.5,20.8,38.5
Amarens (81170),/management/ville/amarens/ville-81009,0.0,10.0,0.0,5.0,10.0,5.0,17.0,14.0,10.0,17.0,25.8,33.3,29.0,17.2,22.6,11.1,22.6,37.0
Bretigney (25250),/management/ville/bretigney/ville-25093,5.0,0.0,5.0,5.0,9.0,5.0,13.0,12.0,10.0,16.0,24.1,28.0,31.0,16.7,20.7,20.0,24.1,36.0
Cahuzac-sur-Adour (32400),/management/ville/cahuzac-sur-adour/ville-32070,5.0,10.0,0.0,10.0,45.0,35.0,84.0,66.0,23.0,15.0,42.1,47.3,42.1,24.5,10.5,14.0,5.3,10.8
Biesles (52340),/management/ville/biesles/ville-52050,10.0,35.0,25.0,131.0,181.0,282.0,315.0,353.0,195.0,193.0,23.4,36.1,43.5,22.3,19.0,18.0,14.1,22.4
Berthouville (27800),/management/ville/berthouville/ville-27061,10.0,5.0,10.0,44.0,20.0,34.0,54.0,76.0,40.0,57.0,22.5,24.8,37.8,26.7,17.1,17.9,22.5,27.4
Château-Chinon (Ville) (58120),/management/ville/chateau-chinon-ville/ville-58062,0.0,21.0,96.0,116.0,276.0,180.0,597.0,385.0,285.0,210.0,34.6,44.7,34.3,20.2,16.0,21.8,15.0,13.7
Boucau (64340),/management/ville/boucau/ville-64140,0.0,242.0,356.0,891.0,1296.0,945.0,1677.0,2068.0,1068.0,1542.0,21.8,30.4,39.1,24.5,16.3,17.2,22.8,25.5
Ansauvillers (60120),/management/ville/ansauvillers/ville-60017,20.0,20.0,35.0,105.0,235.0,165.0,301.0,267.0,141.0,148.0,31.9,38.5,36.4,23.3,17.3,15.6,14.4,20.3
Conie-Molitard (28200),/management/ville/conie-molitard/ville-28106,20.0,5.0,25.0,45.0,70.0,65.0,71.0,108.0,62.0,69.0,19.5,26.7,41.5,26.3,17.1,23.3,22.0,22.6
Cauvicourt (14190),/management/ville/cauvicourt/ville-14145,0.0,0.0,26.0,97.0,61.0,51.0,111.0,94.0,61.0,93.0,28.6,33.0,32.6,19.8,15.4,18.9,23.4,28.1
Chalaines (55140),/management/ville/chalaines/ville-55097,5.0,21.0,0.0,41.0,10.0,31.0,70.0,72.0,57.0,45.0,20.8,37.2,40.8,20.2,18.4,28.1,20.0,16.5
Cocherel (77440),/management/ville/cocherel/ville-77120,0.0,10.0,25.0,85.0,135.0,60.0,128.0,147.0,68.0,84.0,30.0,29.9,43.2,24.6,10.8,21.0,16.0,23.4
Buanes (40320),/management/ville/buanes/ville-40057,10.0,25.0,5.0,25.0,50.0,60.0,66.0,77.0,32.0,28.0,28.0,36.9,43.0,27.9,17.0,14.6,12.0,15.5
Arnac-la-Poste (87160),/management/ville/arnac-la-poste/ville-87003,61.0,36.0,31.0,56.0,92.0,97.0,260.0,286.0,117.0,129.0,24.6,41.0,45.5,23.9,15.1,14.4,14.8,17.7
Bellegarde-en-Marche (23190),/management/ville/bellegarde-en-marche/ville-23020,5.0,5.0,10.0,30.0,45.0,30.0,160.0,83.0,67.0,41.0,34.6,54.0,35.3,15.3,19.0,19.2,11.1,12.1
Aibre (25750),/management/ville/aibre/ville-25008,5.0,5.0,15.0,86.0,51.0,56.0,100.0,124.0,62.0,72.0,25.9,30.3,38.2,27.3,17.6,16.5,18.2,21.8
Bois-Bernard (62320),/management/ville/bois-bernard/ville-62148,0.0,40.0,50.0,145.0,120.0,55.0,154.0,148.0,131.0,199.0,20.3,28.1,28.6,19.6,17.9,23.3,33.2,29.9
Chanac-les-Mines (19150),/management/ville/chanac-les-mines/ville-19041,5.0,5.0,34.0,70.0,66.0,66.0,106.0,130.0,79.0,97.0,20.4,30.8,40.3,22.9,17.4,20.4,21.9,25.1
Bretigney-Notre-Dame (25110),/management/ville/bretigney-notre-dame/ville-25094,0.0,0.0,5.0,20.0,10.0,10.0,23.0,32.0,10.0,19.0,17.8,38.5,53.3,20.0,6.7,17.9,22.2,23.1
Barly (62810),/management/ville/barly/ville-62084,10.0,10.0,10.0,25.0,25.0,45.0,68.0,50.0,26.0,27.0,28.4,51.8,38.6,18.0,18.2,12.0,14.8,16.9
Couzou (46500),/management/ville/couzou/ville-46078,10.0,0.0,0.0,0.0,20.0,0.0,18.0,27.0,12.0,17.0,23.5,25.0,38.2,29.8,14.7,17.5,23.5,22.5
Autouillet (78770),/management/ville/autouillet/ville-78036,0.0,25.0,124.0,76.0,30.0,25.0,55.0,63.0,64.0,169.0,14.4,17.2,17.2,18.3,17.8,18.3,50.6,46.2
Boussac (46100),/management/ville/boussac/ville-46035,15.0,0.0,15.0,25.0,25.0,10.0,28.0,46.0,34.0,49.0,13.9,22.7,30.4,25.6,24.1,18.7,31.6,30.7
Bertignat (63480),/management/ville/bertignat/ville-63037,10.0,20.0,15.0,35.0,45.0,50.0,126.0,122.0,63.0,71.0,28.1,38.5,38.9,21.9,18.2,14.5,14.8,22.9
Chavanoz (38230),/management/ville/chavanoz/ville-38097,0.0,127.0,192.0,459.0,763.0,657.0,1083.0,954.0,518.0,645.0,30.7,37.0,34.6,23.1,15.8,16.6,18.8,21.4
Aubergenville (78410),/management/ville/aubergenville/ville-78029,6.0,175.0,663.0,1674.0,1886.0,1321.0,2540.0,2436.0,1294.0,1990.0,29.3,32.1,33.8,23.4,15.3,16.0,21.6,26.3
Bagnac-sur-Célé (46270),/management/ville/bagnac-sur-cele/ville-46015,20.0,55.0,55.0,105.0,195.0,180.0,425.0,393.0,192.0,166.0,31.8,40.5,38.6,25.3,16.0,16.7,13.6,14.6
Beaulieu (15270),/management/ville/beaulieu/ville-15020,10.0,0.0,5.0,15.0,20.0,5.0,21.0,29.0,14.0,12.0,20.0,34.1,54.3,24.4,11.4,24.4,14.3,17.1
Boucé (03150),/management/ville/bouce/ville-03034,15.0,15.0,20.0,36.0,72.0,123.0,142.0,140.0,66.0,46.0,33.5,38.9,44.7,24.3,15.2,18.2,6.6,16.7
Chisa (20240),/management/ville/chisa/ville-2B366,0.0,7.0,10.0,14.0,4.0,3.0,16.0,13.0,36.0,29.0,12.0,22.7,12.0,19.4,42.0,34.1,34.0,27.3
Bietlenheim (67720),/management/ville/bietlenheim/ville-67038,10.0,10.0,15.0,24.0,63.0,47.0,54.0,88.0,24.0,41.0,21.7,31.1,47.2,30.0,11.3,11.7,19.8,19.4
Cugny (02480),/management/ville/cugny/ville-02246,0.0,29.0,15.0,54.0,83.0,93.0,140.0,149.0,77.0,83.0,27.4,35.4,38.1,24.4,21.2,12.6,13.3,23.8
Amathay-Vésigneux (25330),/management/ville/amathay-vesigneux/ville-25016,25.0,5.0,5.0,30.0,30.0,0.0,27.0,31.0,28.0,35.0,21.3,23.3,32.8,18.3,27.9,18.3,18.0,40.0
Cardesse (64360),/management/ville/cardesse/ville-64165,25.0,5.0,15.0,35.0,40.0,30.0,50.0,66.0,40.0,54.0,15.4,32.1,40.4,21.4,21.2,17.0,23.1,28.3
Cahuzac-sur-Vère (81140),/management/ville/cahuzac-sur-vere/ville-81051,20.0,40.0,54.0,133.0,99.0,99.0,268.0,214.0,163.0,259.0,26.3,32.8,28.3,19.2,17.1,18.9,28.3,29.0
Coulogne (62137),/management/ville/coulogne/ville-62244,10.0,114.0,209.0,658.0,784.0,544.0,1442.0,1115.0,705.0,762.0,30.1,40.9,33.6,21.2,18.7,16.5,17.7,20.1
Château-Gaillard (01500),/management/ville/chateau-gaillard/ville-01089,5.0,93.0,104.0,263.0,341.0,244.0,429.0,449.0,247.0,329.0,28.2,30.7,32.5,26.1,17.4,16.6,22.0,23.3
Conilhac-Corbières (11200),/management/ville/conilhac-corbieres/ville-11098,5.0,39.0,60.0,84.0,120.0,69.0,183.0,213.0,117.0,158.0,26.3,28.5,37.3,24.1,17.0,17.8,19.4,27.6
Anse (69480),/management/ville/anse/ville-69009,15.0,190.0,565.0,1025.0,1025.0,630.0,1208.0,1074.0,865.0,1764.0,22.0,27.0,26.8,17.6,16.7,18.4,34.5,37.2
Chanaleilles (43170),/management/ville/chanaleilles/ville-43054,10.0,10.0,10.0,5.0,21.0,5.0,56.0,58.0,26.0,25.0,29.2,40.5,40.4,25.3,18.0,12.2,12.4,17.6
Chalais (16210),/management/ville/chalais/ville-16073,5.0,68.0,29.0,94.0,186.0,204.0,790.0,367.0,213.0,129.0,46.7,57.5,31.2,18.2,13.6,14.7,8.5,8.8
Bois-Colombes (92270),/management/ville/bois-colombes/ville-92009,3.0,716.0,5829.0,3693.0,3004.0,1291.0,4106.0,2422.0,2923.0,10428.0,18.7,22.3,12.9,12.0,14.1,15.2,54.3,50.9
Bellegarde-Marsal (81430),/management/ville/bellegarde-marsal/ville-81026,15.0,36.0,31.0,92.0,87.0,51.0,120.0,185.0,89.0,156.0,19.4,24.4,43.9,21.9,14.0,18.5,22.7,34.3
Cox (31480),/management/ville/cox/ville-31156,10.0,15.0,10.0,25.0,55.0,25.0,67.0,68.0,45.0,56.0,23.7,33.1,36.4,21.0,17.8,20.3,22.0,25.4
Bretignolles (79140),/management/ville/bretignolles/ville-79050,5.0,10.0,20.0,70.0,80.0,160.0,137.0,131.0,77.0,99.0,25.9,36.6,36.0,20.6,18.8,15.6,19.2,25.9
Bubry (56310),/management/ville/bubry/ville-56026,120.0,45.0,50.0,175.0,285.0,335.0,746.0,565.0,283.0,318.0,32.1,45.9,37.1,20.3,16.3,13.2,14.5,18.8
Aïcirits-Camou-Suhast (64120),/management/ville/aicirits-camou-suhast/ville-64010,5.0,10.0,30.0,50.0,75.0,105.0,147.0,180.0,92.0,117.0,22.5,32.1,40.5,24.8,16.0,18.2,21.0,22.6
Cocheren (57800),/management/ville/cocheren/ville-57144,0.0,64.0,55.0,266.0,498.0,483.0,1041.0,1002.0,407.0,298.0,30.8,44.5,44.5,25.6,14.1,15.5,10.6,11.0
Bieujac (33210),/management/ville/bieujac/ville-33050,11.0,15.0,46.0,53.0,68.0,92.0,166.0,101.0,58.0,90.0,36.3,43.3,31.3,17.2,12.9,14.9,19.4,24.2
Arnac-Pompadour (19230),/management/ville/arnac-pompadour/ville-19011,24.0,35.0,45.0,68.0,137.0,174.0,345.0,253.0,196.0,165.0,30.8,40.3,31.7,21.5,20.7,20.4,16.8,17.6
Conjux (73310),/management/ville/conjux/ville-73091,0.0,30.0,10.0,20.0,25.0,30.0,34.0,50.0,33.0,50.0,18.1,22.6,33.7,24.2,21.7,17.9,26.5,33.3
Couloisy (60350),/management/ville/couloisy/ville-60167,0.0,15.0,5.0,39.0,68.0,117.0,117.0,128.0,73.0,72.0,26.5,33.3,37.0,26.1,19.0,18.4,17.5,19.4
Aubérive (51600),/management/ville/auberive/ville-51019,14.0,5.0,9.0,24.0,33.0,28.0,37.0,52.0,35.0,44.0,16.5,27.7,37.6,23.8,18.8,22.9,27.1,25.3
Bagneaux (89190),/management/ville/bagneaux/ville-89027,9.0,0.0,0.0,38.0,15.0,55.0,60.0,46.0,24.0,30.0,34.6,40.5,32.1,22.2,18.5,11.4,14.8,22.8
Château-Garnier (86350),/management/ville/chateau-garnier/ville-86064,10.0,10.0,20.0,30.0,74.0,94.0,258.0,126.0,52.0,57.0,43.3,59.4,34.1,17.6,10.1,10.8,12.4,10.8
Caignac (31560),/management/ville/caignac/ville-31099,4.0,0.0,45.0,45.0,58.0,33.0,37.0,48.0,50.0,86.0,13.8,19.3,25.7,18.3,23.9,21.9,36.7,41.2
Cardet (30350),/management/ville/cardet/ville-30068,25.0,74.0,35.0,74.0,153.0,79.0,185.0,206.0,134.0,145.0,28.7,26.6,35.2,25.8,16.5,23.2,19.6,23.5
Bertignolles (10110),/management/ville/bertignolles/ville-10041,20.0,0.0,0.0,0.0,0.0,20.0,14.0,25.0,6.0,3.0,24.0,34.8,56.0,34.4,16.0,8.7,4.0,8.7
Barly (80600),/management/ville/barly/ville-80055,5.0,5.0,20.0,5.0,20.0,20.0,49.0,33.0,25.0,20.0,36.8,40.4,30.9,20.4,16.2,24.6,16.2,15.8
Chavaroux (63720),/management/ville/chavaroux/ville-63107,0.0,25.0,30.0,90.0,20.0,45.0,56.0,96.0,69.0,108.0,9.8,24.2,38.4,20.1,21.3,20.6,30.5,35.2
Boucé (61570),/management/ville/bouce/ville-61055,35.0,25.0,15.0,45.0,65.0,45.0,156.0,155.0,67.0,70.0,29.5,39.9,39.1,25.8,16.8,13.2,14.5,16.7
Boussac-Bourg (23600),/management/ville/boussac-bourg/ville-23032,47.0,52.0,16.0,31.0,78.0,78.0,219.0,198.0,103.0,110.0,29.6,40.3,38.0,22.9,15.9,16.9,16.5,18.2
Cuguen (35270),/management/ville/cuguen/ville-35092,35.0,35.0,10.0,85.0,90.0,136.0,198.0,216.0,97.0,99.0,26.5,38.5,43.8,24.1,16.7,15.1,13.1,19.4
Beaulieu (21510),/management/ville/beaulieu/ville-21052,0.0,0.0,0.0,0.0,5.0,0.0,9.0,6.0,4.0,5.0,42.9,30.0,28.6,18.2,21.4,10.0,7.1,40.0
Chissay-en-Touraine (41400),/management/ville/chissay-en-touraine/ville-41051,10.0,54.0,59.0,62.0,129.0,120.0,298.0,293.0,150.0,191.0,26.7,36.8,38.2,23.3,15.1,17.2,20.0,20.9
Autrac (43450),/management/ville/autrac/ville-43014,5.0,0.0,0.0,20.0,5.0,5.0,14.0,14.0,8.0,13.0,16.7,40.0,45.8,12.5,16.7,16.0,20.8,32.0
Amayé-sur-Orne (14210),/management/ville/amaye-sur-orne/ville-14006,0.0,25.0,79.0,212.0,123.0,39.0,108.0,184.0,148.0,263.0,13.0,17.5,32.2,20.5,21.9,20.3,32.8,41.6
Anse-Bertrand (97121),/management/ville/anse-bertrand/ville-97102,96.0,145.0,80.0,396.0,675.0,460.0,1693.0,868.0,507.0,474.0,45.8,49.5,30.0,18.8,13.5,15.0,10.7,15.8
Chalais (24800),/management/ville/chalais/ville-24095,10.0,34.0,10.0,34.0,54.0,59.0,127.0,103.0,56.0,46.0,30.2,45.8,42.6,18.9,16.6,17.5,10.7,17.5
Bois-d'Amont (39220),/management/ville/bois-d-amont/ville-39059,0.0,20.0,51.0,210.0,235.0,399.0,354.0,357.0,236.0,320.0,22.8,33.0,34.3,21.2,18.7,18.5,24.1,26.5
Coye-la-Forêt (60580),/management/ville/coye-la-foret/ville-60172,0.0,122.0,647.0,616.0,382.0,213.0,630.0,467.0,513.0,1226.0,19.7,24.6,18.9,14.7,18.0,18.2,43.3,43.1
Bieuxy (02290),/management/ville/bieuxy/ville-02087,0.0,0.0,0.0,5.0,5.0,0.0,5.0,7.0,3.0,7.0,25.0,18.2,33.3,26.7,25.0,0.0,16.7,45.5
Cauvigny (60730),/management/ville/cauvigny/ville-60135,10.0,76.0,106.0,202.0,268.0,172.0,298.0,351.0,206.0,271.0,25.4,27.6,36.6,23.9,17.9,18.7,20.1,28.1
Bellegarde-Poussieu (38270),/management/ville/bellegarde-poussieu/ville-38037,0.0,61.0,66.0,111.0,157.0,116.0,223.0,229.0,138.0,157.0,27.5,32.3,38.0,22.4,17.1,19.9,17.4,24.7
Bretignolles-sur-Mer (85470),/management/ville/bretignolles-sur-mer/ville-85035,10.0,221.0,150.0,357.0,442.0,290.0,1311.0,1169.0,646.0,622.0,29.4,40.1,36.7,24.0,17.3,17.1,16.6,16.6
Aiffres (79230),/management/ville/aiffres/ville-79003,20.0,119.0,424.0,666.0,894.0,459.0,1165.0,1298.0,620.0,1117.0,26.5,28.8,33.5,25.3,13.7,15.7,26.4,26.8
Buc (78530),/management/ville/buc/ville-78117,0.0,160.0,1255.0,770.0,505.0,150.0,440.0,482.0,577.0,2500.0,10.1,11.8,11.8,12.6,13.8,15.0,64.3,60.8
Bagneaux-sur-Loing (77167),/management/ville/bagneaux-sur-loing/ville-77016,0.0,40.0,30.0,169.0,275.0,260.0,502.0,377.0,192.0,150.0,38.1,43.9,35.8,23.9,15.6,15.9,10.6,13.8
Chisseaux (37150),/management/ville/chisseaux/ville-37073,0.0,5.0,37.0,68.0,84.0,105.0,131.0,153.0,85.0,124.0,19.5,33.1,39.4,22.5,14.8,19.5,26.3,24.1
Coulombiers (86600),/management/ville/coulombiers/ville-86083,40.0,30.0,40.0,96.0,217.0,96.0,250.0,277.0,155.0,177.0,25.7,32.6,38.7,23.7,18.8,17.4,16.9,24.4
Conlie (72240),/management/ville/conlie/ville-72089,20.0,35.0,65.0,130.0,232.0,231.0,637.0,440.0,155.0,204.0,36.9,50.8,39.0,20.7,10.9,10.8,13.2,15.2
Coclois (10240),/management/ville/coclois/ville-10101,0.0,0.0,0.0,25.0,20.0,10.0,41.0,56.0,22.0,13.0,26.2,35.8,50.8,30.3,12.3,20.9,10.8,9.0
Cailhau (11240),/management/ville/cailhau/ville-11058,0.0,5.0,15.0,10.0,35.0,15.0,64.0,40.0,53.0,63.0,23.8,33.9,22.9,16.0,21.0,27.0,32.4,25.2
Cuguron (31210),/management/ville/cuguron/ville-31158,10.0,10.0,0.0,5.0,30.0,20.0,52.0,41.0,23.0,38.0,30.3,38.0,32.9,19.3,14.5,15.2,22.4,26.6
Barmainville (28310),/management/ville/barmainville/ville-28025,0.0,5.0,0.0,10.0,20.0,25.0,25.0,24.0,12.0,16.0,27.0,37.5,43.2,20.0,10.8,20.0,18.9,22.5
Beaulieu (34160),/management/ville/beaulieu/ville-34027,4.0,85.0,165.0,312.0,245.0,147.0,225.0,285.0,244.0,586.0,15.5,18.0,24.0,18.9,16.6,19.8,43.9,43.5
Bertincourt (62124),/management/ville/bertincourt/ville-62117,20.0,25.0,10.0,75.0,95.0,206.0,219.0,225.0,128.0,104.0,28.6,35.9,39.8,25.5,16.7,21.2,14.9,15.9
Boussais (79600),/management/ville/boussais/ville-79047,45.0,10.0,10.0,35.0,35.0,65.0,127.0,113.0,61.0,56.0,33.0,38.4,34.1,25.8,17.8,16.3,15.1,16.3
Bouchain (59111),/management/ville/bouchain/ville-59092,0.0,62.0,177.0,466.0,568.0,380.0,1024.0,915.0,529.0,579.0,24.5,41.8,37.3,22.0,18.3,16.6,19.9,18.2
Cardo-Torgia (20190),/management/ville/cardo-torgia/ville-2A064,1.0,1.0,0.0,5.0,0.0,4.0,11.0,5.0,8.0,2.0,43.8,41.7,25.0,11.1,31.3,33.3,0.0,16.7
Biéville (50160),/management/ville/bieville/ville-50054,0.0,5.0,5.0,10.0,30.0,25.0,60.0,39.0,17.0,23.0,47.2,38.8,27.8,24.4,12.5,11.9,12.5,20.9
Arnac-sur-Dourdou (12360),/management/ville/arnac-sur-dourdou/ville-12009,0.0,5.0,0.0,0.0,0.0,5.0,11.0,6.0,7.0,5.0,37.5,38.5,25.0,16.7,25.0,23.1,12.5,23.1
Château-Gontier-sur-Mayenne (53200),/management/ville/chateau-gontier-sur-mayenne/ville-53062,76.0,429.0,768.0,1727.0,1806.0,2248.0,4938.0,3442.0,1706.0,2680.0,32.9,43.7,33.0,19.9,14.0,12.8,20.1,21.8
Chanas (38150),/management/ville/chanas/ville-38072,15.0,125.0,130.0,350.0,355.0,355.0,579.0,564.0,338.0,396.0,27.1,34.7,35.8,23.1,16.2,19.9,20.9,21.3
Chaveignes (37120),/management/ville/chaveignes/ville-37065,15.0,5.0,10.0,40.0,74.0,59.0,213.0,157.0,53.0,37.0,40.9,52.2,41.3,23.2,10.9,12.2,7.0,9.1
Autrans-Méaudre en Vercors (38112),/management/ville/autrans-meaudre-en-vercors/ville-38225,39.0,167.0,172.0,383.0,383.0,269.0,372.0,574.0,409.0,827.0,14.6,19.5,32.8,19.4,19.8,17.7,32.7,42.9
Bretigny (21490),/management/ville/bretigny/ville-21107,10.0,40.0,109.0,148.0,90.0,65.0,109.0,132.0,115.0,270.0,14.0,21.0,25.1,17.4,17.8,19.0,43.2,42.9
Chalais (36370),/management/ville/chalais/ville-36036,0.0,15.0,0.0,15.0,25.0,10.0,30.0,43.0,13.0,34.0,30.8,17.9,35.4,29.6,10.8,10.7,23.1,33.9
Bois-d'Arcy (78390),/management/ville/bois-d-arcy/ville-78073,4.0,349.0,1757.0,2420.0,2040.0,831.0,2105.0,2368.0,1988.0,3993.0,20.9,19.3,24.7,19.7,20.5,17.3,33.8,43.1
Ansignan (66220),/management/ville/ansignan/ville-66006,5.0,5.0,5.0,5.0,20.0,15.0,60.0,41.0,27.0,8.0,33.3,53.4,39.7,20.8,23.8,16.4,3.2,8.2
Amayé-sur-Seulles (14310),/management/ville/amaye-sur-seulles/ville-14007,20.0,0.0,0.0,15.0,15.0,35.0,60.0,56.0,29.0,23.0,27.7,45.9,41.5,21.8,17.0,17.6,13.8,13.5
Conliège (39570),/management/ville/conliege/ville-39164,0.0,20.0,76.0,56.0,76.0,66.0,122.0,159.0,104.0,162.0,20.7,23.8,33.5,23.3,19.9,18.1,25.9,33.1
Boussan (31420),/management/ville/boussan/ville-31083,0.0,0.0,16.0,26.0,21.0,31.0,64.0,42.0,35.0,59.0,29.1,34.0,23.3,18.2,19.4,16.5,28.2,30.9
Cauville (14770),/management/ville/cauville/ville-14146,10.0,10.0,5.0,21.0,10.0,5.0,42.0,28.0,30.0,23.0,33.3,37.3,27.0,19.6,23.8,23.7,15.9,20.3
Auberive (52160),/management/ville/auberive/ville-52023,0.0,6.0,17.0,6.0,29.0,29.0,45.0,44.0,27.0,30.0,29.2,32.4,27.8,28.2,19.4,17.6,23.6,17.6
Coyecques (62560),/management/ville/coyecques/ville-62254,5.0,10.0,15.0,103.0,54.0,88.0,136.0,133.0,93.0,85.0,24.1,36.7,40.5,19.1,22.3,19.5,13.2,24.8
Bagnères-de-Bigorre (65200),/management/ville/bagneres-de-bigorre/ville-65059,48.0,197.0,281.0,725.0,982.0,545.0,1777.0,1702.0,1049.0,1647.0,21.2,34.7,34.6,20.9,17.2,16.9,27.0,26.4
Buc (90800),/management/ville/buc/ville-90020,0.0,5.0,25.0,40.0,45.0,35.0,34.0,84.0,50.0,59.0,11.2,18.9,41.4,30.3,19.0,25.2,28.4,23.4
Cocquerel (80510),/management/ville/cocquerel/ville-80200,5.0,0.0,5.0,15.0,30.0,30.0,42.0,37.0,40.0,51.0,23.6,25.6,31.5,13.0,23.6,23.1,21.3,39.7
Cuhon (86110),/management/ville/cuhon/ville-86089,5.0,15.0,35.0,61.0,45.0,25.0,114.0,79.0,46.0,54.0,37.4,41.2,36.1,17.2,12.9,18.4,13.5,23.5
Coulombs (28210),/management/ville/coulombs/ville-28113,0.0,34.0,80.0,199.0,218.0,130.0,286.0,291.0,161.0,281.0,26.2,30.0,33.9,21.6,15.1,16.3,24.7,30.6
Bouchamps-lès-Craon (53800),/management/ville/bouchamps-les-craon/ville-53035,10.0,5.0,20.0,79.0,68.0,85.0,109.0,127.0,71.0,67.0,29.1,29.0,34.4,28.6,21.7,16.7,14.8,21.0
Aigaliers (30700),/management/ville/aigaliers/ville-30001,0.0,10.0,44.0,44.0,64.0,34.0,111.0,110.0,62.0,115.0,29.0,26.9,36.0,19.2,10.5,20.8,24.5,33.5
Chalais (86200),/management/ville/chalais/ville-86049,5.0,15.0,20.0,46.0,66.0,97.0,144.0,140.0,67.0,70.0,32.1,35.8,40.7,24.2,12.9,18.9,14.4,19.3
Cardonnette (80260),/management/ville/cardonnette/ville-80173,0.0,35.0,30.0,40.0,60.0,55.0,81.0,101.0,68.0,127.0,14.4,27.9,35.6,19.0,16.1,19.8,33.9,33.5
Chavelot (88150),/management/ville/chavelot/ville-88099,0.0,20.0,86.0,183.0,173.0,147.0,293.0,360.0,183.0,281.0,22.5,29.8,38.3,24.3,14.9,17.8,24.3,26.0
Beaulieu (36310),/management/ville/beaulieu/ville-36015,0.0,5.0,0.0,0.0,0.0,10.0,27.0,10.0,7.0,5.0,50.0,60.9,23.1,16.7,15.4,13.0,11.5,8.7
Bertoncourt (08300),/management/ville/bertoncourt/ville-08062,5.0,5.0,0.0,26.0,26.0,10.0,36.0,25.0,21.0,21.0,34.0,35.3,32.0,16.7,20.0,21.6,14.0,27.5
Connac (12170),/management/ville/connac/ville-12075,10.0,0.0,0.0,10.0,5.0,5.0,34.0,20.0,18.0,18.0,40.0,35.6,26.7,18.6,17.8,22.2,15.6,24.4
Cauville-sur-Mer (76930),/management/ville/cauville-sur-mer/ville-76167,5.0,47.0,151.0,222.0,191.0,124.0,261.0,310.0,190.0,317.0,23.5,25.2,32.2,23.3,17.6,17.6,26.7,32.2
Coyolles (02600),/management/ville/coyolles/ville-02232,0.0,0.0,5.0,10.0,35.0,70.0,174.0,62.0,29.0,29.0,70.5,37.0,19.2,24.0,4.1,21.0,6.2,17.0
Auberives-en-Royans (38680),/management/ville/auberives-en-royans/ville-38018,5.0,0.0,10.0,46.0,46.0,67.0,89.0,92.0,42.0,51.0,29.8,34.0,37.4,26.1,16.0,15.3,16.8,20.8
Bois-d'Arcy (89660),/management/ville/bois-d-arcy/ville-89049,0.0,0.0,0.0,0.0,0.0,10.0,8.0,7.0,5.0,2.0,20.0,50.0,40.0,23.1,30.0,16.7,10.0,8.3
Coulombs-en-Valois (77840),/management/ville/coulombs-en-valois/ville-77129,0.0,20.0,30.0,80.0,80.0,65.0,118.0,142.0,77.0,87.0,26.6,29.0,41.1,24.5,15.4,21.0,16.8,24.3
Arnage (72230),/management/ville/arnage/ville-72008,0.0,138.0,242.0,569.0,662.0,574.0,1243.0,1410.0,568.0,787.0,26.4,35.2,40.9,26.0,13.9,14.4,18.9,20.3
Ansost (65140),/management/ville/ansost/ville-65013,0.0,0.0,0.0,0.0,0.0,10.0,8.0,20.0,9.0,8.0,4.5,30.4,59.1,28.0,18.2,21.7,18.2,17.4
Cailhavel (11240),/management/ville/cailhavel/ville-11059,0.0,9.0,5.0,9.0,14.0,9.0,23.0,24.0,19.0,32.0,26.0,19.6,36.0,14.0,18.0,19.6,20.0,47.8
Amazy (58190),/management/ville/amazy/ville-58005,5.0,0.0,10.0,10.0,35.0,25.0,72.0,66.0,26.0,23.0,29.0,47.8,43.0,23.6,16.1,12.0,11.8,13.0
Chavenay (78450),/management/ville/chavenay/ville-78152,0.0,91.0,376.0,170.0,119.0,15.0,132.0,120.0,195.0,797.0,10.0,11.1,10.3,10.0,11.7,19.6,68.0,60.4
Chalamont (01320),/management/ville/chalamont/ville-01074,15.0,110.0,115.0,300.0,240.0,365.0,505.0,521.0,340.0,353.0,23.2,35.1,37.3,22.6,20.9,18.7,18.5,22.4
Caux (34720),/management/ville/caux/ville-34063,35.0,110.0,85.0,270.0,340.0,230.0,627.0,567.0,379.0,452.0,28.6,32.9,31.5,23.8,17.7,19.6,22.2,22.4
Bellegarde-Sainte-Marie (31530),/management/ville/bellegarde-sainte-marie/ville-31061,0.0,0.0,25.0,15.0,20.0,20.0,35.0,29.0,19.0,60.0,29.3,18.0,24.4,15.0,11.0,16.4,35.4,50.8
Bucamps (60480),/management/ville/bucamps/ville-60113,10.0,0.0,0.0,20.0,35.0,30.0,35.0,30.0,32.0,31.0,23.4,31.3,29.7,19.3,21.9,28.1,25.0,23.4
Château-Guibert (85320),/management/ville/chateau-guibert/ville-85061,26.0,36.0,77.0,220.0,204.0,143.0,241.0,417.0,200.0,263.0,19.9,23.1,40.1,29.3,19.3,16.5,20.8,25.8
Biéville-Beuville (14112),/management/ville/bieville-beuville/ville-14068,16.0,100.0,522.0,392.0,360.0,116.0,442.0,512.0,394.0,1065.0,14.6,21.6,23.8,18.5,15.6,17.0,45.9,42.6
Bagnères-de-Luchon (31110),/management/ville/bagneres-de-luchon/ville-31042,10.0,100.0,55.0,235.0,325.0,180.0,735.0,497.0,335.0,424.0,28.8,43.6,30.0,19.6,19.9,14.3,21.3,21.3
Autrèche (37110),/management/ville/autreche/ville-37009,10.0,5.0,15.0,60.0,70.0,45.0,90.0,82.0,58.0,80.0,29.2,28.9,29.2,22.9,18.8,18.7,22.9,28.3
Cocumont (47250),/management/ville/cocumont/ville-47068,21.0,36.0,21.0,87.0,134.0,185.0,313.0,256.0,154.0,152.0,31.3,40.2,35.3,22.2,17.2,18.0,16.2,18.4
Boussay (37290),/management/ville/boussay/ville-37033,0.0,16.0,5.0,48.0,27.0,16.0,44.0,71.0,34.0,60.0,12.5,30.9,42.0,22.2,18.8,13.4,26.8,30.9
Coulomby (62380),/management/ville/coulomby/ville-62245,15.0,10.0,15.0,70.0,95.0,120.0,122.0,157.0,81.0,104.0,20.5,32.2,41.5,23.8,18.4,16.5,19.7,25.2
Bois-d'Ennebourg (76160),/management/ville/bois-d-ennebourg/ville-76106,5.0,15.0,78.0,47.0,52.0,36.0,95.0,115.0,59.0,133.0,20.9,26.6,33.3,21.9,13.9,15.8,31.8,34.0
Bouchavesnes-Bergen (80200),/management/ville/bouchavesnes-bergen/ville-80115,0.0,5.0,0.0,20.0,45.0,45.0,96.0,71.0,34.0,31.0,40.2,42.6,33.3,24.2,16.2,13.0,10.3,16.5
Aiglemont (08090),/management/ville/aiglemont/ville-08003,10.0,61.0,147.0,218.0,172.0,142.0,300.0,378.0,245.0,351.0,17.8,29.0,40.5,19.6,18.4,19.8,23.3,31.6
Cardonville (14230),/management/ville/cardonville/ville-14136,10.0,5.0,0.0,0.0,10.0,15.0,29.0,23.0,9.0,6.0,39.4,45.5,45.5,23.5,6.1,21.2,9.1,9.1
Beaulieu (38470),/management/ville/beaulieu/ville-38033,30.0,15.0,25.0,121.0,70.0,76.0,109.0,139.0,78.0,128.0,23.6,24.5,39.6,21.7,14.2,19.7,22.7,33.6
Chanat-la-Mouteyre (63530),/management/ville/chanat-la-mouteyre/ville-63083,5.0,25.0,71.0,116.0,141.0,114.0,146.0,183.0,141.0,243.0,14.8,25.9,30.2,20.8,20.9,18.6,34.0,34.1
Bertrambois (54480),/management/ville/bertrambois/ville-54064,10.0,0.0,0.0,15.0,49.0,30.0,115.0,93.0,36.0,20.0,36.6,50.4,41.0,24.5,17.2,10.7,5.2,9.9
Chissey-en-Morvan (71540),/management/ville/chissey-en-morvan/ville-71129,10.0,5.0,0.0,5.0,25.0,41.0,91.0,72.0,33.0,38.0,31.9,46.6,35.3,22.8,17.2,11.0,15.5,16.1
Connangles (43160),/management/ville/connangles/ville-43076,10.0,5.0,5.0,10.0,25.0,10.0,56.0,30.0,21.0,20.0,31.7,56.3,34.9,12.9,17.5,15.6,15.9,15.6
Cuignières (60130),/management/ville/cuignieres/ville-60186,0.0,0.0,15.0,25.0,40.0,30.0,46.0,42.0,39.0,44.0,22.7,31.3,26.1,22.0,26.1,20.0,25.0,26.3
Coyrière (39200),/management/ville/coyriere/ville-39174,0.0,0.0,0.0,0.0,5.0,25.0,17.0,21.0,8.0,10.0,20.0,42.3,50.0,21.4,13.3,15.4,16.7,19.2
Ansouis (84240),/management/ville/ansouis/ville-84002,20.0,73.0,90.0,154.0,83.0,69.0,202.0,174.0,140.0,296.0,21.3,28.3,25.8,17.5,15.5,19.1,37.3,35.5
Auberives-sur-Varèze (38550),/management/ville/auberives-sur-vareze/ville-38019,5.0,66.0,76.0,167.0,202.0,115.0,302.0,331.0,181.0,240.0,26.8,30.3,36.0,24.8,16.6,17.6,20.6,24.9
Brétigny (27800),/management/ville/bretigny/ville-27113,0.0,10.0,5.0,10.0,29.0,34.0,42.0,38.0,13.0,13.0,34.6,44.2,42.3,25.4,9.6,15.4,13.5,11.5
Arnancourt (52110),/management/ville/arnancourt/ville-52019,0.0,5.0,0.0,30.0,10.0,10.0,37.0,34.0,6.0,4.0,42.6,50.0,46.8,27.9,6.4,8.8,4.3,5.9
Cailla (11140),/management/ville/cailla/ville-11060,0.0,0.0,0.0,0.0,9.0,5.0,9.0,8.0,6.0,16.0,25.0,23.8,20.0,22.7,10.0,19.0,45.0,33.3
Bièvres (02860),/management/ville/bievres/ville-02088,0.0,5.0,0.0,25.0,5.0,15.0,17.0,18.0,9.0,18.0,28.6,26.5,35.7,22.9,7.1,20.6,28.6,29.4
Ambacourt (88500),/management/ville/ambacourt/ville-88006,0.0,11.0,26.0,53.0,53.0,32.0,64.0,69.0,37.0,63.0,23.9,31.0,37.6,20.7,14.5,17.2,23.9,30.2
Caux-et-Sauzens (11170),/management/ville/caux-et-sauzens/ville-11084,19.0,48.0,38.0,91.0,110.0,120.0,157.0,196.0,157.0,175.0,22.2,23.8,32.0,24.9,21.9,24.1,24.0,26.9
Château-l'Abbaye (59230),/management/ville/chateau-l-abbaye/ville-59144,0.0,15.0,82.0,133.0,92.0,71.0,118.0,161.0,118.0,227.0,16.9,20.6,30.3,21.1,18.2,19.4,34.5,38.4
Chalampé (68490),/management/ville/chalampe/ville-68064,5.0,15.0,45.0,160.0,140.0,110.0,158.0,309.0,116.0,158.0,14.4,28.3,46.5,30.5,15.0,16.3,24.1,18.5
Boussay (44190),/management/ville/boussay/ville-44022,55.0,65.0,45.0,236.0,345.0,466.0,665.0,618.0,299.0,368.0,26.2,41.8,41.3,20.8,16.0,14.7,16.5,21.1
Coulommes (77580),/management/ville/coulommes/ville-77130,0.0,29.0,35.0,30.0,50.0,65.0,70.0,79.0,58.0,81.0,22.5,26.0,35.9,19.6,19.0,21.2,22.5,33.6
Bucéels (14250),/management/ville/buceels/ville-14111,0.0,5.0,19.0,78.0,63.0,29.0,68.0,77.0,50.0,80.0,23.9,25.5,34.1,21.0,18.8,17.5,23.2,35.0
Coyron (39260),/management/ville/coyron/ville-39175,0.0,0.0,0.0,0.0,0.0,25.0,12.0,16.0,11.0,19.0,15.2,28.0,30.3,21.4,24.2,12.0,30.3,36.0
Autrechêne (90140),/management/ville/autrechene/ville-90082,5.0,25.0,25.0,25.0,46.0,15.0,21.0,58.0,39.0,87.0,5.8,14.9,36.9,20.2,15.5,21.8,41.7,43.6
Bagneux (02290),/management/ville/bagneux/ville-02043,0.0,0.0,0.0,5.0,10.0,15.0,26.0,13.0,7.0,5.0,52.0,50.0,32.0,18.5,12.0,15.4,4.0,15.4
Chavençon (60240),/management/ville/chavencon/ville-60144,0.0,0.0,10.0,25.0,20.0,40.0,30.0,35.0,30.0,34.0,23.1,23.4,32.3,22.6,21.5,25.0,23.1,29.7
Barnas (07330),/management/ville/barnas/ville-07025,10.0,0.0,5.0,15.0,30.0,40.0,55.0,50.0,32.0,39.0,20.7,40.4,39.0,18.9,18.3,18.1,22.0,22.3
Chissey-lès-Mâcon (71460),/management/ville/chissey-les-macon/ville-71130,5.0,15.0,15.0,10.0,25.0,45.0,57.0,58.0,35.0,47.0,27.2,30.9,35.9,22.1,14.6,21.3,22.3,25.5
Chanay (01420),/management/ville/chanay/ville-01082,5.0,5.0,30.0,30.0,109.0,133.0,80.0,130.0,64.0,118.0,19.5,21.3,37.9,26.3,12.3,20.3,30.3,29.9
Arnas (69400),/management/ville/arnas/ville-69013,0.0,157.0,305.0,506.0,452.0,344.0,677.0,779.0,425.0,782.0,22.8,27.8,33.9,23.2,14.7,17.1,28.6,30.1
Bertrancourt (80560),/management/ville/bertrancourt/ville-80095,0.0,0.0,5.0,10.0,20.0,46.0,68.0,50.0,26.0,29.0,31.7,46.7,35.4,20.0,19.5,11.1,13.4,20.0
Bouchemaine (49080),/management/ville/bouchemaine/ville-49035,45.0,188.0,763.0,891.0,659.0,297.0,882.0,1154.0,801.0,2120.0,14.8,20.6,26.5,19.6,15.3,17.0,43.4,42.2
Belleherbe (25380),/management/ville/belleherbe/ville-25051,40.0,15.0,10.0,35.0,80.0,121.0,147.0,137.0,95.0,80.0,25.1,39.2,34.6,23.0,23.8,17.6,16.5,18.5
Aiglepierre (39110),/management/ville/aiglepierre/ville-39006,5.0,19.0,10.0,96.0,38.0,43.0,60.0,103.0,62.0,84.0,16.7,22.0,43.3,23.8,16.7,23.3,23.3,30.8
Bièvres (08370),/management/ville/bievres/ville-08065,5.0,0.0,0.0,5.0,5.0,14.0,23.0,5.0,9.0,5.0,57.1,54.5,14.3,10.5,19.0,22.7,9.5,13.6
Codalet (66500),/management/ville/codalet/ville-66052,0.0,15.0,5.0,46.0,30.0,15.0,92.0,67.0,68.0,80.0,30.1,29.8,24.0,20.8,19.9,24.2,26.0,26.1
Cardroc (35190),/management/ville/cardroc/ville-35050,0.0,14.0,24.0,110.0,38.0,53.0,78.0,90.0,61.0,146.0,20.1,21.0,29.4,18.9,13.4,19.3,37.1,40.9
Connantray-Vaurefroy (51230),/management/ville/connantray-vaurefroy/ville-51164,5.0,0.0,0.0,22.0,27.0,45.0,36.0,51.0,28.0,19.0,20.5,34.4,43.8,27.9,21.9,19.7,13.7,14.8
Bousse (57310),/management/ville/bousse/ville-57102,0.0,69.0,211.0,560.0,370.0,284.0,520.0,722.0,422.0,725.0,16.8,26.5,35.9,23.2,18.1,17.2,29.2,31.3
Chalancey (52160),/management/ville/chalancey/ville-52092,0.0,5.0,10.0,10.0,0.0,10.0,27.0,31.0,11.0,12.0,28.6,38.5,47.6,25.6,9.5,17.9,14.3,15.4
Aubermesnil-aux-Érables (76340),/management/ville/aubermesnil-aux-erables/ville-76029,5.0,15.0,5.0,35.0,5.0,30.0,66.0,41.0,24.0,22.0,35.1,51.3,33.8,19.0,15.6,15.8,15.6,13.2
Anstaing (59152),/management/ville/anstaing/ville-59013,0.0,25.0,160.0,260.0,150.0,105.0,202.0,200.0,152.0,424.0,13.7,26.9,25.2,16.1,15.6,15.5,45.6,41.4
Brétigny (60400),/management/ville/bretigny/ville-60105,5.0,15.0,15.0,49.0,59.0,74.0,100.0,84.0,40.0,50.0,36.8,35.8,32.4,25.3,13.2,16.1,17.6,19.7
Barnave (26310),/management/ville/barnave/ville-26025,20.0,15.0,0.0,20.0,15.0,35.0,31.0,27.0,29.0,59.0,17.6,25.0,21.6,15.1,25.7,13.9,35.1,45.8
Cuigy-en-Bray (60850),/management/ville/cuigy-en-bray/ville-60187,24.0,34.0,20.0,107.0,116.0,137.0,274.0,239.0,116.0,95.0,33.5,42.1,39.7,24.1,15.4,16.7,11.5,14.8
Boucheporn (57220),/management/ville/boucheporn/ville-57095,0.0,5.0,20.0,125.0,105.0,90.0,112.0,134.0,68.0,123.0,20.4,30.8,35.6,23.4,15.7,15.4,28.2,28.1
Château-l'Évêque (24460),/management/ville/chateau-l-eveque/ville-24115,10.0,66.0,66.0,298.0,303.0,232.0,421.0,563.0,314.0,346.0,22.9,28.0,41.7,26.3,14.9,22.8,20.5,21.6
Bièvres (91570),/management/ville/bievres/ville-91064,10.0,155.0,900.0,585.0,545.0,185.0,442.0,510.0,471.0,1818.0,12.2,15.1,18.0,13.7,14.4,14.6,55.4,56.7
Coyviller (54210),/management/ville/coyviller/ville-54141,0.0,0.0,5.0,10.0,10.0,25.0,20.0,39.0,24.0,30.0,9.7,27.5,41.9,22.8,27.4,13.7,21.0,33.3
Bucey-en-Othe (10190),/management/ville/bucey-en-othe/ville-10066,5.0,15.0,39.0,84.0,30.0,30.0,71.0,90.0,52.0,101.0,20.4,24.4,35.0,21.0,15.9,17.9,28.7,35.9
Autrêches (60350),/management/ville/autreches/ville-60032,0.0,36.0,10.0,72.0,108.0,96.0,173.0,153.0,99.0,100.0,33.5,32.5,35.0,22.8,17.7,19.9,13.8,24.0
Bagneux (03460),/management/ville/bagneux/ville-03015,25.0,5.0,25.0,39.0,49.0,35.0,63.0,65.0,39.0,51.0,23.9,33.6,42.2,17.4,17.4,18.2,16.5,30.9
Bois-de-Céné (85710),/management/ville/bois-de-cene/ville-85024,25.0,60.0,25.0,255.0,270.0,295.0,404.0,510.0,264.0,271.0,24.3,31.4,41.1,26.6,17.6,18.9,17.0,20.4
Beaulieu (43800),/management/ville/beaulieu/ville-43021,35.0,50.0,20.0,74.0,139.0,104.0,259.0,245.0,132.0,166.0,28.2,36.4,37.9,21.9,16.8,16.0,17.0,24.1
Chissey-sur-Loue (39380),/management/ville/chissey-sur-loue/ville-39149,15.0,5.0,20.0,25.0,40.0,45.0,91.0,77.0,38.0,57.0,32.6,36.6,36.4,20.8,14.0,14.9,17.1,26.1
Coulommes-et-Marqueny (08130),/management/ville/coulommes-et-marqueny/ville-08134,11.0,0.0,0.0,17.0,6.0,6.0,21.0,18.0,15.0,21.0,28.2,26.5,28.2,21.9,15.4,26.5,28.2,26.5
Bellemagny (68210),/management/ville/bellemagny/ville-68024,0.0,5.0,10.0,10.0,25.0,5.0,101.0,25.0,21.0,20.0,45.8,66.4,25.0,10.9,16.7,10.9,12.5,11.8
Antagnac (47700),/management/ville/antagnac/ville-47010,0.0,16.0,0.0,27.0,21.0,21.0,69.0,62.0,30.0,28.0,32.9,39.8,40.2,24.8,12.2,18.5,14.6,14.8
Bertrange (57310),/management/ville/bertrange/ville-57067,10.0,71.0,208.0,385.0,421.0,208.0,372.0,587.0,366.0,690.0,15.1,21.8,33.5,23.4,18.0,18.3,33.5,35.1
Chavenon (03440),/management/ville/chavenon/ville-03070,15.0,0.0,5.0,5.0,15.0,20.0,19.0,33.0,27.0,25.0,7.5,29.4,39.6,22.6,32.1,19.6,20.8,27.5
Chanaz (73310),/management/ville/chanaz/ville-73073,0.0,20.0,15.0,60.0,60.0,50.0,114.0,125.0,69.0,78.0,24.1,35.1,37.2,25.1,17.3,18.6,21.5,19.1
Cauzac (47470),/management/ville/cauzac/ville-47062,10.0,24.0,10.0,76.0,60.0,40.0,96.0,100.0,54.0,69.0,28.7,31.6,37.1,23.3,16.2,17.8,18.0,25.7
Arnaud-Guilhem (31360),/management/ville/arnaud-guilhem/ville-31018,15.0,10.0,10.0,25.0,35.0,25.0,46.0,48.0,41.0,40.0,23.3,29.2,37.2,19.8,19.8,27.0,19.8,25.8
Aigleville (27120),/management/ville/aigleville/ville-27004,5.0,15.0,40.0,45.0,65.0,75.0,55.0,81.0,40.0,82.0,21.8,20.8,35.3,25.2,12.0,19.2,30.8,32.8
Caillac (46140),/management/ville/caillac/ville-46044,25.0,41.0,20.0,71.0,81.0,66.0,107.0,148.0,90.0,136.0,21.3,23.3,35.2,25.0,16.4,21.2,27.0,29.2
Codognan (30920),/management/ville/codognan/ville-30083,5.0,65.0,150.0,365.0,335.0,236.0,491.0,541.0,296.0,495.0,24.4,29.4,36.0,22.0,15.8,16.8,23.9,30.4
Bousse (72270),/management/ville/bousse/ville-72044,25.0,15.0,15.0,25.0,56.0,81.0,90.0,96.0,69.0,52.0,27.3,31.9,35.4,25.3,22.4,22.2,14.9,19.4
Chalancon (26470),/management/ville/chalancon/ville-26067,8.0,0.0,0.0,4.0,0.0,0.0,10.0,3.0,11.0,18.0,27.3,20.0,13.6,0.0,27.3,25.0,31.8,55.0
Carelles (53120),/management/ville/carelles/ville-53047,25.0,10.0,0.0,10.0,45.0,40.0,72.0,66.0,37.0,32.0,28.8,41.3,38.5,22.8,20.2,15.4,12.5,18.3
Aubermesnil-Beaumais (76550),/management/ville/aubermesnil-beaumais/ville-76030,0.0,4.0,25.0,39.0,74.0,78.0,84.0,121.0,63.0,67.0,24.0,26.3,38.3,29.7,18.0,19.2,19.8,20.4
Connantre (51230),/management/ville/connantre/ville-51165,20.0,20.0,30.0,85.0,125.0,231.0,316.0,270.0,114.0,110.0,35.2,43.0,40.5,23.8,12.6,15.3,11.8,15.3
Ambarès-et-Lagrave (33440),/management/ville/ambares-et-lagrave/ville-33003,6.0,640.0,620.0,1902.0,2454.0,2067.0,3608.0,3483.0,1957.0,2333.0,27.4,35.6,36.4,23.6,16.4,17.9,19.7,21.2
Barnay (71540),/management/ville/barnay/ville-71020,16.0,0.0,5.0,11.0,16.0,0.0,32.0,27.0,8.0,18.0,30.4,46.2,45.7,15.0,4.3,12.8,19.6,25.6
Cuillé (53540),/management/ville/cuille/ville-53088,68.0,10.0,26.0,57.0,125.0,120.0,234.0,226.0,132.0,90.0,28.6,40.1,41.1,23.7,19.2,19.5,11.1,15.3
Bouchet (26790),/management/ville/bouchet/ville-26054,20.0,110.0,105.0,155.0,195.0,165.0,241.0,334.0,194.0,296.0,20.0,25.3,35.8,24.9,17.7,18.7,26.6,29.0
Bois-de-Champ (88600),/management/ville/bois-de-champ/ville-88064,0.0,0.0,0.0,16.0,0.0,26.0,17.0,33.0,14.0,15.0,11.4,29.5,62.9,24.4,11.4,22.7,14.3,22.7
Bousselange (21250),/management/ville/bousselange/ville-21095,6.0,0.0,17.0,0.0,6.0,6.0,25.0,9.0,5.0,8.0,41.7,68.2,33.3,5.0,4.2,13.6,20.8,13.6
Cozes (17120),/management/ville/cozes/ville-17131,10.0,61.0,76.0,131.0,268.0,215.0,633.0,546.0,300.0,278.0,29.5,41.5,39.8,22.8,13.8,19.9,16.8,14.9
Coulommes-la-Montagne (51390),/management/ville/coulommes-la-montagne/ville-51177,25.0,10.0,15.0,20.0,15.0,25.0,32.0,42.0,22.0,63.0,12.2,27.1,29.7,20.8,17.6,10.6,40.5,38.8
Autrecourt-et-Pourron (08210),/management/ville/autrecourt-et-pourron/ville-08034,5.0,10.0,15.0,40.0,45.0,40.0,92.0,87.0,41.0,47.0,29.9,38.4,39.4,23.4,16.5,14.5,14.2,21.0
Biffontaine (88430),/management/ville/biffontaine/ville-88059,5.0,16.0,5.0,10.0,41.0,83.0,110.0,88.0,56.0,49.0,32.7,39.9,35.3,21.7,19.3,17.6,12.7,19.6
Connaux (30330),/management/ville/connaux/ville-30092,5.0,25.0,159.0,215.0,150.0,149.0,313.0,346.0,232.0,373.0,21.9,27.5,31.0,22.8,18.1,18.6,29.0,29.8
Bertre (81700),/management/ville/bertre/ville-81030,8.0,10.0,10.0,31.0,10.0,4.0,22.0,23.0,22.0,21.0,33.3,12.1,29.4,23.3,21.6,30.3,15.7,36.4
Bellême (61130),/management/ville/belleme/ville-61038,0.0,42.0,58.0,94.0,110.0,146.0,587.0,335.0,130.0,216.0,41.2,50.3,28.6,21.5,11.0,9.7,19.2,15.3
Chalandray (86190),/management/ville/chalandray/ville-86050,25.0,30.0,30.0,74.0,104.0,74.0,187.0,189.0,105.0,118.0,30.4,31.7,35.3,25.2,17.0,18.5,17.3,22.3
Château-l'Hermitage (72510),/management/ville/chateau-l-hermitage/ville-72072,0.0,10.0,5.0,47.0,26.0,41.0,35.0,45.0,48.0,46.0,14.6,26.2,36.0,16.4,28.1,27.4,21.3,32.1
Cavagnac (46110),/management/ville/cavagnac/ville-46065,0.0,10.0,15.0,35.0,56.0,65.0,86.0,92.0,59.0,98.0,21.8,29.9,33.5,20.8,16.5,18.9,28.2,29.9
Ambax (31230),/management/ville/ambax/ville-31007,5.0,0.0,0.0,5.0,5.0,0.0,19.0,16.0,6.0,16.0,29.6,36.7,37.0,19.4,3.7,16.7,29.6,26.7
Aubers (59249),/management/ville/aubers/ville-59025,30.0,35.0,140.0,230.0,165.0,130.0,262.0,240.0,177.0,476.0,17.8,27.3,24.4,16.9,15.5,15.1,42.2,40.2
Bouchevilliers (27150),/management/ville/bouchevilliers/ville-27098,0.0,0.0,0.0,25.0,15.0,15.0,13.0,24.0,17.0,10.0,17.6,23.3,47.1,27.6,23.5,30.0,11.8,20.0
Anterrieux (15110),/management/ville/anterrieux/ville-15007,25.0,0.0,0.0,10.0,30.0,15.0,21.0,33.0,26.0,11.0,15.6,30.4,46.7,26.1,31.1,26.1,6.7,17.4
Brétigny-sur-Orge (91220),/management/ville/bretigny-sur-orge/ville-91103,9.0,357.0,2631.0,4084.0,4014.0,2368.0,4321.0,3952.0,3250.0,6373.0,23.5,24.8,24.6,19.6,17.3,19.0,34.6,36.5
Beaulieu (58420),/management/ville/beaulieu/ville-58026,9.0,5.0,0.0,5.0,29.0,18.0,48.0,32.0,27.0,28.0,32.8,35.7,23.9,21.8,28.4,12.9,14.9,27.1
Chavéria (39270),/management/ville/chaveria/ville-39134,5.0,15.0,0.0,31.0,15.0,36.0,41.0,51.0,24.0,43.0,23.1,28.4,34.6,25.5,19.2,9.9,23.1,30.9
Caillavet (32190),/management/ville/caillavet/ville-32071,21.0,15.0,15.0,21.0,10.0,5.0,56.0,39.0,32.0,33.0,30.1,40.8,34.9,14.3,18.1,21.1,16.9,25.0
7.4
Cuinchy (62149),/management/ville/cuinchy/ville-62262,0.0,30.0,95.0,274.0,213.0,246.0,461.0,331.0,237.0,265.0,28.7,42.1,31.9,19.4,18.3,18.3,21.0,19.9
Codolet (30200),/management/ville/codolet/ville-30084,10.0,36.0,25.0,91.0,89.0,125.0,142.0,157.0,92.0,86.0,25.4,33.7,38.6,25.4,20.2,18.5,15.8,20.1
Bois-de-Gand (39230),/management/ville/bois-de-gand/ville-39060,0.0,0.0,0.0,0.0,5.0,10.0,13.0,25.0,3.0,6.0,24.0,31.8,60.0,32.3,8.0,4.5,8.0,18.2
Autrécourt-sur-Aire (55120),/management/ville/autrecourt-sur-aire/ville-55017,5.0,10.0,5.0,5.0,0.0,25.0,33.0,26.0,22.0,8.0,23.4,53.5,38.3,18.2,31.9,16.3,6.4,11.6
Carency (62144),/management/ville/carency/ville-62213,15.0,15.0,63.0,150.0,71.0,30.0,122.0,121.0,121.0,177.0,17.8,27.3,24.4,20.3,24.4,20.3,33.3,32.1
Coulommiers (77120),/management/ville/coulommiers/ville-77131,45.0,202.0,532.0,1628.0,2586.0,1661.0,4187.0,3036.0,1818.0,1926.0,34.6,41.1,33.1,21.9,15.6,17.4,16.7,18.3
Cavaillon (84300),/management/ville/cavaillon/ville-84035,108.0,851.0,898.0,2367.0,3214.0,3813.0,8280.0,4828.0,3008.0,3679.0,40.0,43.5,28.2,20.0,13.8,16.5,18.0,19.1
Bagneux (36210),/management/ville/bagneux/ville-36011,10.0,5.0,5.0,20.0,20.0,30.0,45.0,46.0,15.0,29.0,27.1,40.0,41.4,23.0,10.0,12.3,21.4,21.5
Bucey-lès-Gy (70700),/management/ville/bucey-les-gy/ville-70104,5.0,10.0,10.0,30.0,86.0,117.0,130.0,144.0,77.0,114.0,23.1,33.0,39.7,20.4,16.9,16.5,20.2,29.0
Cozzano (20148),/management/ville/cozzano/ville-2A099,7.0,8.0,7.0,17.0,23.0,35.0,122.0,30.0,33.0,37.0,56.1,53.5,13.8,13.0,17.1,12.1,13.0,21.2
Boussenac (09320),/management/ville/boussenac/ville-09065,20.0,20.0,10.0,15.0,30.0,10.0,44.0,29.0,46.0,59.0,25.3,24.2,20.7,13.8,27.6,24.2,26.4,39.6
Biganos (33380),/management/ville/biganos/ville-33051,29.0,281.0,575.0,1242.0,1879.0,1232.0,1750.0,2665.0,1629.0,1898.0,19.8,24.1,37.8,27.6,18.8,22.1,23.6,24.2
Aubertin (64290),/management/ville/aubertin/ville-64072,20.0,30.0,55.0,86.0,51.0,71.0,117.0,135.0,88.0,165.0,21.4,24.7,32.7,19.9,17.5,17.0,28.4,37.7
Beaulieu (61190),/management/ville/beaulieu/ville-61034,15.0,5.0,15.0,10.0,10.0,10.0,50.0,52.0,30.0,34.0,26.2,34.1,34.5,25.3,19.0,17.1,20.2,20.7
Cuincy (59553),/management/ville/cuincy/ville-59165,0.0,85.0,360.0,830.0,705.0,615.0,1291.0,1341.0,854.0,1270.0,21.9,31.7,31.7,23.3,18.5,17.5,27.9,25.7
Anteuil (25340),/management/ville/anteuil/ville-25018,15.0,19.0,25.0,66.0,56.0,66.0,147.0,150.0,73.0,95.0,26.8,36.5,41.6,21.4,16.0,15.0,15.6,25.3
Coësmes (35134),/management/ville/coesmes/ville-35082,51.0,30.0,61.0,152.0,137.0,278.0,305.0,337.0,180.0,188.0,26.7,33.7,42.4,23.3,15.7,19.9,15.1,22.1
Bertren (65370),/management/ville/bertren/ville-65087,10.0,5.0,5.0,10.0,20.0,0.0,48.0,50.0,19.0,24.0,33.3,34.7,34.8,29.2,14.5,12.5,17.4,16.7
Arnave (09400),/management/ville/arnave/ville-09016,0.0,0.0,0.0,5.0,48.0,44.0,44.0,47.0,30.0,29.0,22.1,35.7,41.2,23.0,19.1,20.2,17.6,20.2
Aiglun (04510),/management/ville/aiglun/ville-04001,10.0,50.0,73.0,135.0,240.0,80.0,299.0,269.0,186.0,339.0,23.5,30.8,30.5,18.9,17.4,16.7,28.6,33.2
Bois-de-Haye (54840),/management/ville/bois-de-haye/ville-54557,5.0,72.0,246.0,486.0,289.0,65.0,253.0,365.0,312.0,639.0,14.7,17.5,27.0,19.9,18.7,21.1,39.6,41.8
Carennac (46110),/management/ville/carennac/ville-46058,20.0,25.0,10.0,30.0,20.0,35.0,115.0,96.0,57.0,77.0,30.6,36.0,33.5,21.5,14.1,18.9,21.8,22.9
Bouchoir (80910),/management/ville/bouchoir/ville-80116,11.0,0.0,5.0,27.0,49.0,71.0,70.0,70.0,35.0,42.0,30.6,33.9,37.0,24.6,13.9,18.3,18.5,21.1
Bagneux (51260),/management/ville/bagneux/ville-51032,0.0,24.0,10.0,34.0,59.0,82.0,126.0,120.0,54.0,50.0,31.6,40.9,40.7,25.1,14.1,16.4,13.6,14.6
,33.0,22.5,21.6,23.1,21.6,21.8
Bucey-lès-Traves (70360),/management/ville/bucey-les-traves/ville-70105,0.0,0.0,0.0,15.0,15.0,25.0,27.0,27.0,16.0,17.0,32.6,29.5,39.5,21.7,18.6,18.2,9.3,29.5
Chalandry (02270),/management/ville/chalandry/ville-02156,0.0,5.0,10.0,15.0,49.0,15.0,61.0,51.0,19.0,44.0,30.1,38.9,34.9,21.1,12.0,9.5,22.9,27.4
Bretoncelles (61110),/management/ville/bretoncelles/ville-61061,20.0,60.0,25.0,124.0,169.0,203.0,421.0,374.0,175.0,188.0,31.4,41.0,37.6,24.5,15.3,14.8,15.7,16.6
Bignan (56500),/management/ville/bignan/ville-56017,120.0,74.0,70.0,274.0,279.0,495.0,761.0,667.0,319.0,330.0,30.7,42.6,39.6,22.4,15.6,15.0,14.0,17.8
Bellenaves (03330),/management/ville/bellenaves/ville-03022,25.0,40.0,15.0,101.0,116.0,106.0,315.0,223.0,139.0,145.0,29.3,46.2,33.8,20.2,19.6,14.4,17.3,17.8
Château-la-Vallière (37330),/management/ville/chateau-la-valliere/ville-37062,5.0,55.0,25.0,176.0,262.0,216.0,632.0,414.0,182.0,167.0,35.8,53.4,38.3,20.4,14.6,11.7,11.4,12.4
Caille (06750),/management/ville/caille/ville-06028,10.0,37.0,0.0,42.0,58.0,21.0,93.0,101.0,72.0,79.0,26.3,27.5,34.6,23.4,19.0,23.4,20.1,25.7
Autremencourt (02250),/management/ville/autremencourt/ville-02039,0.0,5.0,10.0,30.0,10.0,20.0,54.0,35.0,18.0,19.0,35.9,50.0,32.8,20.6,15.6,12.9,15.6,14.5
Coulommiers-la-Tour (41100),/management/ville/coulommiers-la-tour/ville-41065,15.0,15.0,20.0,93.0,59.0,44.0,109.0,137.0,61.0,92.0,25.7,28.9,39.6,25.9,13.4,17.3,21.3,24.9
Bouchon (80830),/management/ville/bouchon/ville-80117,5.0,5.0,0.0,10.0,10.0,35.0,46.0,31.0,20.0,18.0,26.8,52.5,42.9,13.2,12.5,22.0,17.9,13.6
Ambazac (87240),/management/ville/ambazac/ville-87002,15.0,110.0,265.0,661.0,867.0,627.0,1359.0,1333.0,695.0,901.0,24.3,38.3,39.6,21.8,16.9,15.6,19.2,22.6
Barneville-Carteret (50270),/management/ville/barneville-carteret/ville-50031,10.0,41.0,96.0,242.0,247.0,141.0,743.0,425.0,307.0,372.0,32.7,46.6,29.8,17.1,17.1,16.2,20.3,20.0
Chaveroche (19200),/management/ville/chaveroche/ville-19053,0.0,0.0,18.0,26.0,26.0,4.0,30.0,37.0,37.0,52.0,13.4,25.3,28.0,20.0,23.2,25.3,35.4,30.7
Chitray (36800),/management/ville/chitray/ville-36051,10.0,5.0,5.0,25.0,15.0,5.0,35.0,37.0,34.0,33.0,24.6,25.7,29.0,23.3,29.0,20.0,17.4,30.0
Boussenois (21260),/management/ville/boussenois/ville-21096,5.0,0.0,0.0,25.0,5.0,15.0,30.0,31.0,15.0,17.0,31.4,33.3,35.3,26.0,19.6,11.9,13.7,23.8
Buchelay (78200),/management/ville/buchelay/ville-78118,0.0,110.0,195.0,480.0,425.0,290.0,576.0,558.0,369.0,632.0,26.3,27.6,29.2,22.1,16.2,18.4,28.3,30.9
Bagneux (54170),/management/ville/bagneux/ville-54041,10.0,0.0,15.0,10.0,15.0,20.0,30.0,33.0,20.0,29.0,16.7,36.2,35.2,21.9,22.2,13.8,25.9,25.9
Conne-de-Labarde (24560),/management/ville/conne-de-labarde/ville-24132,15.0,0.0,20.0,55.0,25.0,5.0,39.0,65.0,29.0,56.0,20.7,20.4,42.4,25.5,10.9,19.4,26.1,32.7
Cuinzier (42460),/management/ville/cuinzier/ville-42079,10.0,46.0,26.0,77.0,87.0,129.0,185.0,174.0,89.0,68.0,30.7,41.3,42.4,23.1,16.3,18.3,10.6,15.9
Crach (56950),/management/ville/crach/ville-56046,45.0,120.0,155.0,309.0,349.0,300.0,737.0,737.0,479.0,721.0,21.6,32.9,31.6,22.2,19.9,16.1,26.9,27.1
Bertreville (76450),/management/ville/bertreville/ville-76084,0.0,5.0,5.0,0.0,20.0,20.0,39.0,29.0,14.0,11.0,36.0,48.8,32.0,25.5,18.0,11.6,14.0,9.3
Carentan-les-Marais (50480),/management/ville/carentan-les-marais/ville-50099,75.0,296.0,276.0,930.0,1243.0,1416.0,3227.0,2332.0,1191.0,1255.0,34.3,45.7,36.4,21.1,14.3,15.4,15.0,16.2
Coëtlogon (22210),/management/ville/coetlogon/ville-22043,36.0,5.0,5.0,5.0,10.0,26.0,60.0,43.0,37.0,36.0,26.1,41.9,29.3,18.8,22.8,19.8,21.7,19.8
Bois-de-la-Pierre (31390),/management/ville/bois-de-la-pierre/ville-31071,5.0,20.0,25.0,35.0,55.0,55.0,136.0,98.0,34.0,58.0,38.2,46.4,36.0,20.4,8.1,13.6,17.7,17.9
Aiglun (06910),/management/ville/aiglun/ville-06001,0.0,10.0,14.0,14.0,5.0,0.0,23.0,23.0,13.0,12.0,30.0,33.3,37.5,25.0,12.5,27.3,20.0,15.2
Bellencombre (76680),/management/ville/bellencombre/ville-76070,0.0,10.0,20.0,50.0,95.0,150.0,202.0,144.0,76.0,75.0,38.0,43.3,36.8,20.7,11.2,19.4,14.0,16.2
Bignay (17400),/management/ville/bignay/ville-17046,0.0,14.0,20.0,25.0,91.0,34.0,85.0,127.0,49.0,49.0,27.5,27.5,44.4,30.6,15.6,16.1,12.5,19.5
Coulon (79510),/management/ville/coulon/ville-79100,15.0,96.0,201.0,293.0,270.0,196.0,531.0,474.0,278.0,477.0,28.6,31.6,32.1,20.7,15.9,15.6,23.4,30.8
Bouchy-Saint-Genest (51310),/management/ville/bouchy-saint-genest/ville-51071,5.0,25.0,20.0,20.0,20.0,25.0,35.0,37.0,37.0,41.0,20.0,27.1,33.8,16.1,23.8,25.7,22.5,32.9
Barneville-la-Bertran (14600),/management/ville/barneville-la-bertran/ville-14041,10.0,15.0,0.0,15.0,15.0,25.0,29.0,26.0,13.0,37.0,29.6,25.5,31.5,16.4,14.8,9.8,24.1,47.1
Auberville (14640),/management/ville/auberville/ville-14024,0.0,42.0,23.0,47.0,70.0,70.0,93.0,130.0,80.0,81.0,21.8,26.8,39.4,27.1,18.1,23.7,20.7,21.1
Chalandry-Elaire (08160),/management/ville/chalandry-elaire/ville-08096,0.0,10.0,71.0,102.0,93.0,56.0,115.0,147.0,98.0,133.0,20.1,26.6,34.1,23.9,20.5,19.3,25.3,28.7
Chançay (37210),/management/ville/chancay/ville-37052,55.0,15.0,100.0,130.0,165.0,115.0,190.0,287.0,130.0,216.0,20.7,25.4,40.6,25.3,18.0,13.7,20.7,31.7
Bretonvillers (25380),/management/ville/bretonvillers/ville-25095,20.0,0.0,25.0,15.0,40.0,45.0,77.0,60.0,31.0,43.0,25.7,47.2,41.0,16.0,13.3,16.0,20.0,20.8
Château-Landon (77570),/management/ville/chateau-landon/ville-77099,15.0,65.0,125.0,335.0,358.0,313.0,777.0,701.0,363.0,389.0,32.8,36.6,36.8,24.7,14.2,18.0,16.2,18.5
Autrepierre (54450),/management/ville/autrepierre/ville-54030,5.0,5.0,0.0,5.0,10.0,10.0,25.0,22.0,5.0,13.0,29.4,48.5,38.2,23.8,11.8,3.0,20.6,18.2
Cailleville (76460),/management/ville/cailleville/ville-76151,5.0,10.0,25.0,30.0,30.0,40.0,42.0,63.0,31.0,54.0,18.7,25.3,38.5,25.9,13.2,19.2,29.7,27.3
Chitry (89530),/management/ville/chitry/ville-89108,15.0,15.0,10.0,45.0,25.0,40.0,74.0,84.0,47.0,62.0,22.5,33.6,36.6,23.5,18.3,16.8,22.5,24.0
Ambel (38970),/management/ville/ambel/ville-38008,9.0,0.0,0.0,0.0,0.0,0.0,6.0,5.0,2.0,7.0,30.8,30.0,23.1,23.1,15.4,0.0,30.8,40.0
Arnaville (54530),/management/ville/arnaville/ville-54022,5.0,45.0,34.0,70.0,99.0,40.0,109.0,128.0,63.0,133.0,19.3,30.8,36.8,21.0,14.2,14.9,29.7,31.7
Belleneuve (21310),/management/ville/belleneuve/ville-21060,10.0,35.0,130.0,245.0,180.0,85.0,286.0,314.0,200.0,370.0,20.7,28.0,31.7,21.1,16.9,17.3,30.7,32.6
Beaulieu (63570),/management/ville/beaulieu/ville-63031,5.0,24.0,24.0,29.0,62.0,77.0,105.0,139.0,51.0,54.0,22.9,37.0,49.7,26.1,14.3,15.0,13.1,17.9
Chaveyriat (01660),/management/ville/chaveyriat/ville-01096,35.0,55.0,45.0,95.0,169.0,149.0,183.0,242.0,130.0,173.0,21.6,28.6,41.4,23.7,15.7,20.3,21.4,26.4
Bertreville-Saint-Ouen (76590),/management/ville/bertreville-saint-ouen/ville-76085,5.0,0.0,47.0,37.0,37.0,31.0,49.0,57.0,48.0,95.0,14.0,24.8,32.2,15.6,18.2,20.2,35.5,40.3
Chalautre-la-Grande (77171),/management/ville/chalautre-la-grande/ville-77072,26.0,10.0,10.0,124.0,93.0,72.0,125.0,167.0,87.0,108.0,24.6,26.7,40.4,26.2,15.4,20.2,19.6,24.7
Connelles (27430),/management/ville/connelles/ville-27168,0.0,16.0,0.0,27.0,32.0,0.0,33.0,45.0,26.0,38.0,21.6,25.4,35.1,26.4,16.2,20.9,27.0,25.4
Brette (26340),/management/ville/brette/ville-26062,5.0,5.0,11.0,0.0,0.0,0.0,15.0,4.0,5.0,4.0,46.2,57.1,23.1,8.3,15.4,21.4,15.4,14.3
Buchères (10800),/management/ville/bucheres/ville-10067,5.0,96.0,112.0,183.0,208.0,127.0,344.0,371.0,196.0,291.0,24.7,32.1,34.9,24.5,16.5,16.1,23.9,24.5
Cavan (22140),/management/ville/cavan/ville-22034,15.0,41.0,72.0,185.0,220.0,149.0,257.0,310.0,198.0,319.0,21.2,26.3,34.1,21.9,19.0,17.5,25.6,33.1
Carentoir (56910),/management/ville/carentoir/ville-56033,99.0,78.0,99.0,256.0,309.0,570.0,924.0,897.0,393.0,387.0,29.1,41.6,41.2,24.7,15.6,14.7,14.1,15.7
Aignan (32290),/management/ville/aignan/ville-32001,25.0,35.0,10.0,30.0,59.0,104.0,249.0,160.0,99.0,97.0,34.5,48.0,30.6,20.3,18.2,14.4,16.6,15.8
Crachier (38300),/management/ville/crachier/ville-38136,0.0,25.0,49.0,84.0,74.0,79.0,68.0,113.0,76.0,110.0,15.6,21.8,39.6,21.1,20.3,20.7,24.5,36.2
Bois-Grenier (59280),/management/ville/bois-grenier/ville-59088,0.0,56.0,217.0,287.0,152.0,96.0,256.0,210.0,183.0,496.0,20.6,24.2,19.9,16.7,16.3,15.7,43.2,43.3
Boussens (31360),/management/ville/boussens/ville-31084,0.0,36.0,20.0,117.0,152.0,117.0,206.0,293.0,158.0,168.0,23.6,26.2,38.2,29.4,17.3,20.8,20.9,19.9
Bertric-Burée (24320),/management/ville/bertric-buree/ville-24038,16.0,16.0,16.0,42.0,94.0,47.0,82.0,129.0,73.0,72.0,20.2,25.7,42.7,28.0,16.9,24.0,20.2,20.7
Bignicourt (08310),/management/ville/bignicourt/ville-08066,5.0,0.0,0.0,5.0,5.0,15.0,11.0,11.0,12.0,14.0,12.5,33.3,33.3,14.3,25.0,25.0,29.2,29.2
Antezant-la-Chapelle (17400),/management/ville/antezant-la-chapelle/ville-17013,10.0,15.0,10.0,35.0,60.0,55.0,97.0,95.0,42.0,57.0,28.0,38.5,38.5,24.7,11.2,17.6,22.4,16.9
Barneville-sur-Seine (27310),/management/ville/barneville-sur-seine/ville-27039,5.0,34.0,39.0,74.0,29.0,34.0,76.0,120.0,65.0,103.0,16.0,25.8,39.8,23.4,21.5,13.7,22.7,34.1
Cuirieux (02350),/management/ville/cuirieux/ville-02248,5.0,5.0,0.0,10.0,25.0,25.0,47.0,32.0,17.0,16.0,39.7,43.4,31.0,24.1,13.8,17.0,15.5,13.2
Chalautre-la-Petite (77160),/management/ville/chalautre-la-petite/ville-77073,5.0,15.0,61.0,81.0,81.0,66.0,116.0,114.0,74.0,123.0,24.4,29.6,33.2,20.2,16.6,18.4,25.9,31.4
Boucieu-le-Roi (07270),/management/ville/boucieu-le-roi/ville-07040,15.0,0.0,28.0,39.0,9.0,39.0,93.0,47.0,40.0,47.0,40.0,42.1,23.8,18.0,17.1,17.4,19.0,22.3
Auberville-la-Manuel (76450),/management/ville/auberville-la-manuel/ville-76032,0.0,0.0,15.0,0.0,30.0,10.0,35.0,28.0,15.0,19.0,28.8,44.4,34.6,21.3,13.5,17.8,23.1,15.6
Autreppes (02580),/management/ville/autreppes/ville-02040,15.0,5.0,0.0,30.0,20.0,15.0,47.0,24.0,28.0,26.0,33.9,40.6,23.2,17.2,21.4,23.2,21.4,20.3
Crain (89480),/management/ville/crain/ville-89129,0.0,0.0,25.0,20.0,55.0,35.0,143.0,81.0,52.0,45.0,38.6,50.9,31.0,18.5,17.1,14.9,13.3,14.9
Connerré (72160),/management/ville/connerre/ville-72090,10.0,115.0,90.0,230.0,310.0,470.0,803.0,725.0,282.0,341.0,30.1,43.7,44.1,22.1,12.5,13.7,13.3,18.1
Cavanac (11570),/management/ville/cavanac/ville-11085,20.0,61.0,46.0,96.0,170.0,89.0,214.0,157.0,135.0,157.0,33.9,30.8,29.5,19.1,17.4,23.2,19.3,27.9
Ambenay (27250),/management/ville/ambenay/ville-27009,10.0,5.0,15.0,66.0,101.0,71.0,141.0,148.0,63.0,49.0,34.2,36.5,43.7,27.4,11.6,19.2,10.6,13.8
Chitry-les-Mines (58800),/management/ville/chitry-les-mines/ville-58075,0.0,0.0,20.0,5.0,30.0,20.0,49.0,48.0,28.0,51.0,24.7,30.8,31.8,21.9,14.1,17.6,29.4,28.6
Bellenglise (02420),/management/ville/bellenglise/ville-02063,0.0,10.0,0.0,81.0,41.0,66.0,88.0,82.0,48.0,61.0,25.6,37.2,33.1,23.9,19.5,14.5,21.8,21.4
Château-Larcher (86370),/management/ville/chateau-larcher/ville-86065,10.0,24.0,29.0,136.0,160.0,112.0,159.0,206.0,144.0,199.0,17.3,27.3,35.3,22.5,21.4,19.3,26.0,30.0
Arnay-le-Duc (21230),/management/ville/arnay-le-duc/ville-21023,5.0,57.0,42.0,99.0,172.0,157.0,502.0,376.0,169.0,192.0,34.8,45.2,35.1,23.4,13.7,13.6,16.4,14.8
Beaulieu-en-Argonne (55250),/management/ville/beaulieu-en-argonne/ville-55038,5.0,5.0,9.0,0.0,0.0,0.0,9.0,7.0,6.0,6.0,14.3,50.0,42.9,8.3,21.4,21.4,21.4,21.4
Coëtmieux (22400),/management/ville/coetmieux/ville-22044,25.0,55.0,95.0,256.0,241.0,231.0,239.0,416.0,234.0,347.0,15.8,22.9,42.4,23.9,17.2,20.6,24.6,31.6
Chavignon (02000),/management/ville/chavignon/ville-02174,0.0,20.0,25.0,45.0,145.0,135.0,196.0,158.0,111.0,126.0,28.6,37.3,32.8,21.1,16.4,21.1,22.3,20.5
Coulonces (61160),/management/ville/coulonces/ville-61123,0.0,20.0,10.0,30.0,30.0,15.0,43.0,62.0,26.0,36.0,21.8,28.9,48.7,25.3,12.8,17.8,16.7,25.6
Brette-les-Pins (72250),/management/ville/brette-les-pins/ville-72047,5.0,75.0,130.0,245.0,295.0,170.0,406.0,452.0,288.0,321.0,23.4,31.7,37.4,23.3,19.8,19.5,19.3,24.4
Aignay-le-Duc (21510),/management/ville/aignay-le-duc/ville-21004,24.0,10.0,10.0,9.0,33.0,49.0,101.0,82.0,34.0,27.0,37.3,45.8,42.9,22.4,9.5,19.2,10.3,11.7
Chanceaux (21440),/management/ville/chanceaux/ville-21142,10.0,15.0,5.0,21.0,26.0,26.0,57.0,47.0,28.0,31.0,32.9,37.7,28.2,26.7,18.8,14.3,20.0,16.9
Auberville-la-Renault (76110),/management/ville/auberville-la-renault/ville-76033,0.0,10.0,5.0,80.0,75.0,50.0,54.0,123.0,66.0,74.0,12.7,21.4,46.8,28.3,19.6,22.0,20.9,25.8
Cargèse (20130),/management/ville/cargese/ville-2A065,23.0,99.0,37.0,103.0,184.0,93.0,292.0,213.0,208.0,361.0,29.3,25.4,23.8,17.1,17.1,21.4,29.9,36.9
Bagneux (92220),/management/ville/bagneux/ville-92007,0.0,631.0,3930.0,5073.0,7092.0,3123.0,7776.0,5265.0,4655.0,9234.0,26.7,30.7,22.0,17.5,16.7,17.7,34.6,34.1
Buchy (57420),/management/ville/buchy/ville-57116,0.0,0.0,0.0,38.0,11.0,11.0,15.0,25.0,12.0,21.0,20.0,23.5,37.5,25.6,17.5,14.7,25.0,32.4
Caillouël-Crépigny (02300),/management/ville/caillouel-crepigny/ville-02139,5.0,15.0,5.0,75.0,45.0,65.0,93.0,114.0,51.0,71.0,21.6,34.7,45.1,22.8,14.2,16.8,19.1,24.0
Bignicourt-sur-Marne (51300),/management/ville/bignicourt-sur-marne/ville-51059,0.0,15.0,5.0,9.0,39.0,24.0,106.0,88.0,39.0,53.0,28.0,44.5,36.4,22.3,15.9,12.3,19.7,18.1
Beaulieu-les-Fontaines (60310),/management/ville/beaulieu-les-fontaines/ville-60053,15.0,5.0,20.0,55.0,75.0,90.0,186.0,132.0,54.0,69.0,38.5,45.7,38.1,20.4,10.1,14.3,13.3,17.9
Bouclans (25360),/management/ville/bouclans/ville-25078,25.0,30.0,75.0,96.0,181.0,131.0,171.0,255.0,135.0,230.0,18.2,25.0,39.5,23.5,16.2,17.8,26.2,32.0
Chalaux (58140),/management/ville/chalaux/ville-58049,0.0,5.0,5.0,5.0,0.0,5.0,27.0,24.0,5.0,18.0,28.9,44.4,44.7,17.1,7.9,5.6,18.4,30.6
Autreville (02300),/management/ville/autreville/ville-02041,5.0,40.0,35.0,45.0,130.0,85.0,195.0,185.0,111.0,119.0,25.7,37.6,37.2,23.1,16.7,19.6,20.5,18.6
Coëx (85220),/management/ville/coex/ville-85070,86.0,90.0,60.0,376.0,416.0,440.0,867.0,863.0,386.0,325.0,29.0,41.6,41.5,25.9,16.2,15.5,13.3,13.3
Coulongé (72800),/management/ville/coulonge/ville-72098,0.0,10.0,20.0,50.0,75.0,135.0,136.0,146.0,54.0,58.0,32.3,36.7,41.0,27.7,13.8,13.6,12.8,16.6
Cuiry-Housse (02220),/management/ville/cuiry-housse/ville-02249,5.0,0.0,10.0,5.0,15.0,20.0,23.0,16.0,7.0,24.0,27.8,38.2,30.6,14.3,8.3,11.8,33.3,35.3
Aubervilliers (93300),/management/ville/aubervilliers/ville-93001,22.0,2182.0,3690.0,6827.0,14312.0,11840.0,28438.0,9193.0,8794.0,11369.0,49.9,48.4,17.3,14.5,14.4,16.1,18.3,21.2
Aigne (34210),/management/ville/aigne/ville-34006,30.0,20.0,30.0,45.0,5.0,5.0,63.0,36.0,42.0,76.0,31.8,26.2,22.7,11.7,16.4,22.4,29.1,41.1
Craincourt (57590),/management/ville/craincourt/ville-57158,5.0,5.0,20.0,45.0,35.0,35.0,45.0,51.0,33.0,48.0,21.1,29.9,40.0,17.4,18.9,18.4,20.0,34.5
Bellengreville (14370),/management/ville/bellengreville/ville-14057,10.0,35.0,39.0,169.0,268.0,229.0,351.0,380.0,145.0,211.0,28.2,36.5,43.5,23.6,12.2,14.5,16.2,22.6
Chives (17510),/management/ville/chives/ville-17105,10.0,5.0,0.0,19.0,44.0,72.0,166.0,68.0,39.0,19.0,50.7,62.9,26.7,18.3,14.7,12.6,8.0,4.9
Ambérac (16140),/management/ville/amberac/ville-16008,5.0,10.0,15.0,10.0,46.0,56.0,83.0,82.0,46.0,46.0,22.0,42.9,50.8,13.8,10.6,25.4,16.7,19.8
Chavigny (02880),/management/ville/chavigny/ville-02175,9.0,0.0,9.0,13.0,36.0,9.0,26.0,46.0,13.0,21.0,24.1,25.5,55.6,27.1,9.3,15.7,11.1,27.5
Bertrichamps (54120),/management/ville/bertrichamps/ville-54065,0.0,20.0,45.0,95.0,175.0,170.0,247.0,335.0,137.0,127.0,21.5,37.4,48.7,26.1,16.7,15.6,13.0,17.1
Connezac (24300),/management/ville/connezac/ville-24131,0.0,5.0,0.0,0.0,10.0,21.0,12.0,22.0,12.0,23.0,14.7,21.2,35.3,25.7,14.7,21.2,35.3,30.3
Cavarc (47330),/management/ville/cavarc/ville-47063,5.0,5.0,5.0,15.0,10.0,10.0,52.0,36.0,12.0,23.0,43.9,40.9,31.6,23.4,8.8,10.6,15.8,21.2
Boucoiran-et-Nozières (30190),/management/ville/boucoiran-et-nozieres/ville-30046,5.0,24.0,24.0,90.0,142.0,133.0,185.0,195.0,108.0,157.0,29.1,28.2,34.7,23.5,15.6,18.0,20.6,28.5
Autreville (88300),/management/ville/autreville/ville-88020,0.0,0.0,15.0,25.0,40.0,10.0,47.0,30.0,22.0,33.0,32.8,38.0,23.0,20.5,21.3,12.7,23.0,26.8
Bretten (68780),/management/ville/bretten/ville-68052,10.0,5.0,15.0,36.0,20.0,36.0,28.0,46.0,25.0,35.0,19.4,23.0,44.4,22.2,18.1,19.7,18.1,34.4
Baromesnil (76260),/management/ville/baromesnil/ville-76058,10.0,5.0,5.0,44.0,10.0,34.0,67.0,53.0,30.0,27.0,31.3,43.3,38.6,21.8,15.7,18.6,14.5,15.5
Coggia (20118),/management/ville/coggia/ville-2A090,10.0,42.0,29.0,59.0,93.0,38.0,193.0,117.0,161.0,154.0,28.3,33.1,23.1,17.2,23.1,28.1,25.5,23.9
Chanceaux-près-Loches (37600),/management/ville/chanceaux-pres-loches/ville-37053,0.0,5.0,14.0,9.0,28.0,0.0,28.0,25.0,23.0,25.0,24.5,30.8,32.7,20.0,14.3,30.8,28.6,21.2
Cuiry-lès-Chaudardes (02160),/management/ville/cuiry-les-chaudardes/ville-02250,0.0,10.0,5.0,0.0,5.0,5.0,15.0,11.0,12.0,14.0,28.6,29.2,21.4,21.7,21.4,25.0,28.6,25.0
Anthé (47370),/management/ville/anthe/ville-47011,29.0,5.0,0.0,0.0,25.0,10.0,52.0,48.0,29.0,33.0,29.1,35.5,34.9,22.5,17.4,18.4,18.6,22.4
Bois-Guilbert (76750),/management/ville/bois-guilbert/ville-76107,5.0,5.0,5.0,42.0,69.0,58.0,80.0,51.0,35.0,42.0,37.3,39.8,28.2,19.4,18.2,15.3,16.4,24.5
Buchy (76750),/management/ville/buchy/ville-76146,25.0,71.0,86.0,299.0,397.0,293.0,693.0,633.0,332.0,392.0,25.7,40.7,40.3,21.3,16.2,16.3,17.8,20.3
Aigné (72650),/management/ville/aigne/ville-72001,5.0,35.0,110.0,285.0,285.0,145.0,204.0,367.0,218.0,332.0,17.4,19.0,37.9,25.4,19.9,19.0,24.7,34.5
Bellengreville (76630),/management/ville/bellengreville/ville-76071,5.0,15.0,10.0,55.0,45.0,80.0,105.0,106.0,67.0,73.0,24.1,35.6,33.9,24.0,22.4,15.8,19.5,22.0
Bagneux-la-Fosse (10340),/management/ville/bagneux-la-fosse/ville-10025,30.0,5.0,5.0,5.0,15.0,15.0,42.0,39.0,27.0,31.0,29.0,31.4,33.3,22.2,18.8,20.0,18.8,25.7
Chaleins (01480),/management/ville/chaleins/ville-01075,15.0,77.0,86.0,102.0,179.0,199.0,223.0,319.0,152.0,216.0,24.0,25.1,40.6,26.5,14.2,19.4,21.2,26.4
Cogna (39130),/management/ville/cogna/ville-39156,5.0,15.0,5.0,30.0,10.0,40.0,58.0,56.0,35.0,36.0,27.5,35.1,38.5,21.2,20.9,17.0,13.2,25.5
Brettes (16240),/management/ville/brettes/ville-16059,25.0,10.0,0.0,0.0,15.0,15.0,52.0,47.0,15.0,12.0,29.0,53.1,51.6,20.8,12.9,10.9,6.5,12.5
Cuiry-lès-Iviers (02360),/management/ville/cuiry-les-iviers/ville-02251,5.0,0.0,0.0,0.0,0.0,5.0,12.0,4.0,1.0,5.0,50.0,58.3,20.0,14.3,10.0,0.0,20.0,25.0
Autréville-Saint-Lambert (55700),/management/ville/autreville-saint-lambert/ville-55018,5.0,5.0,0.0,0.0,5.0,0.0,9.0,5.0,8.0,5.0,28.6,38.5,21.4,16.7,35.7,23.1,14.3,23.1
Bousseraucourt (70500),/management/ville/bousseraucourt/ville-70091,0.0,0.0,0.0,0.0,0.0,20.0,21.0,11.0,8.0,4.0,45.5,50.0,27.3,21.7,18.2,18.2,9.1,9.1
Cargiaca (20164),/management/ville/cargiaca/ville-2A066,1.0,1.0,2.0,7.0,7.0,3.0,13.0,10.0,9.0,17.0,33.3,20.0,22.2,20.0,18.5,20.0,25.9,40.0
Craintilleux (42210),/management/ville/craintilleux/ville-42075,10.0,43.0,58.0,227.0,154.0,155.0,183.0,254.0,170.0,299.0,18.7,22.0,32.3,22.2,19.5,18.0,29.5,36.6
Ambérieu-en-Bugey (01500),/management/ville/amberieu-en-bugey/ville-01004,3.0,289.0,773.0,1921.0,1817.0,1785.0,2888.0,2796.0,1907.0,2588.0,22.8,33.4,32.7,21.9,18.4,19.1,26.1,24.8
Chavigny (54230),/management/ville/chavigny/ville-54123,0.0,51.0,173.0,314.0,254.0,187.0,346.0,343.0,243.0,401.0,21.0,30.7,28.8,21.3,20.7,15.9,29.6,30.6
Bignicourt-sur-Saulx (51340),/management/ville/bignicourt-sur-saulx/ville-51060,10.0,10.0,5.0,30.0,20.0,35.0,61.0,45.0,17.0,22.0,40.8,42.6,38.2,22.2,6.6,17.6,14.5,16.2
Connigis (02330),/management/ville/connigis/ville-02213,5.0,10.0,10.0,20.0,44.0,54.0,85.0,76.0,48.0,37.0,33.9,34.9,37.2,23.8,18.2,21.4,10.7,19.0
Bertricourt (02190),/management/ville/bertricourt/ville-02076,0.0,5.0,5.0,21.0,43.0,27.0,22.0,35.0,21.0,33.0,21.1,19.6,36.8,23.3,21.1,17.9,21.1,37.5
Chivres (21820),/management/ville/chivres/ville-21172,5.0,5.0,5.0,40.0,35.0,20.0,93.0,56.0,43.0,31.0,37.7,45.3,29.2,20.5,21.7,17.1,11.3,16.2
Caillouet-Orgeville (27120),/management/ville/caillouet-orgeville/ville-27123,0.0,16.0,21.0,64.0,64.0,91.0,120.0,106.0,56.0,68.0,29.1,39.8,39.7,19.8,15.1,17.0,16.2,22.8
Bellenod-sur-Seine (21510),/management/ville/bellenod-sur-seine/ville-21061,5.0,0.0,5.0,16.0,5.0,5.0,23.0,20.0,10.0,9.0,40.7,33.3,37.0,24.3,18.5,15.2,3.7,24.2
Bouconville (08250),/management/ville/bouconville/ville-08074,16.0,0.0,0.0,5.0,5.0,10.0,23.0,11.0,5.0,5.0,50.0,52.6,29.2,19.0,12.5,10.5,8.3,15.8
Cognac (16100),/management/ville/cognac/ville-16102,47.0,466.0,1195.0,2124.0,2317.0,2554.0,4541.0,3711.0,2285.0,3969.0,24.9,36.5,30.7,20.2,16.2,15.4,28.2,26.7
Château-Porcien (08360),/management/ville/chateau-porcien/ville-08107,11.0,32.0,32.0,116.0,215.0,184.0,411.0,319.0,154.0,152.0,32.3,46.6,38.1,22.3,13.4,16.2,16.2,13.2
Chanceaux-sur-Choisille (37390),/management/ville/chanceaux-sur-choisille/ville-37054,20.0,110.0,199.0,523.0,523.0,359.0,525.0,807.0,464.0,703.0,18.9,23.0,36.9,25.6,18.3,18.9,26.0,30.2
Bretteville (50110),/management/ville/bretteville/ville-50077,10.0,18.0,74.0,179.0,110.0,75.0,194.0,228.0,128.0,268.0,19.9,27.7,32.9,20.9,17.4,14.1,29.8,35.6
Carhaix-Plouguer (29270),/management/ville/carhaix-plouguer/ville-29024,20.0,161.0,313.0,646.0,742.0,843.0,2022.0,1603.0,998.0,1222.0,28.6,39.6,32.8,21.5,18.1,16.2,20.5,21.2
Bois-Guillaume (76230),/management/ville/bois-guillaume/ville-76108,6.0,397.0,2180.0,1668.0,1086.0,413.0,2093.0,1415.0,1472.0,5126.0,14.8,25.3,16.4,12.4,14.7,14.5,54.2,48.1
Chivres-en-Laonnois (02350),/management/ville/chivres-en-laonnois/ville-02189,5.0,10.0,0.0,25.0,81.0,81.0,120.0,97.0,45.0,19.0,37.5,48.5,44.4,23.2,11.8,19.9,6.3,7.4
Ambérieux (69480),/management/ville/amberieux/ville-69005,10.0,29.0,34.0,117.0,78.0,68.0,102.0,128.0,89.0,87.0,23.3,27.4,40.5,22.6,18.6,25.4,17.6,25.4
Beaulieu-lès-Loches (37600),/management/ville/beaulieu-les-loches/ville-37020,5.0,55.0,61.0,141.0,267.0,217.0,546.0,408.0,171.0,303.0,32.7,43.1,36.4,19.7,12.2,11.9,18.7,23.4
Arnay-sous-Vitteaux (21350),/management/ville/arnay-sous-vitteaux/ville-21024,0.0,0.0,5.0,0.0,24.0,29.0,40.0,29.0,12.0,12.0,38.9,48.7,33.3,23.4,16.7,7.7,11.1,15.4
Aignes (31550),/management/ville/aignes/ville-31002,10.0,5.0,30.0,35.0,35.0,15.0,52.0,34.0,23.0,70.0,29.3,28.8,21.2,15.5,14.1,11.3,35.4,43.8
Bagnizeau (17160),/management/ville/bagnizeau/ville-17029,15.0,5.0,5.0,15.0,25.0,15.0,56.0,57.0,23.0,17.0,27.5,44.0,50.7,23.4,15.9,14.3,5.8,15.5
Chalencon (07240),/management/ville/chalencon/ville-07048,5.0,19.0,10.0,15.0,24.0,44.0,83.0,57.0,50.0,46.0,37.4,32.7,26.8,22.2,17.1,25.7,18.7,20.4
Bellenot-sous-Pouilly (21320),/management/ville/bellenot-sous-pouilly/ville-21062,0.0,5.0,15.0,21.0,21.0,10.0,50.0,60.0,35.0,36.0,25.3,29.7,39.6,25.3,16.5,22.0,18.7,22.0
Bouconville-sur-Madt (55300),/management/ville/bouconville-sur-madt/ville-55062,5.0,5.0,0.0,5.0,5.0,15.0,29.0,36.0,13.0,6.0,31.1,38.5,51.1,28.3,15.6,15.4,2.2,12.8
Coulonges (16330),/management/ville/coulonges/ville-16108,11.0,0.0,5.0,16.0,21.0,16.0,35.0,29.0,27.0,19.0,29.1,34.5,34.5,18.9,27.3,21.8,9.1,25.5
Aubeterre (10150),/management/ville/aubeterre/ville-10015,5.0,9.0,23.0,56.0,70.0,42.0,46.0,79.0,55.0,59.0,20.0,18.5,39.2,25.4,25.0,21.0,15.8,33.6
Anthelupt (54110),/management/ville/anthelupt/ville-54020,0.0,15.0,40.0,55.0,30.0,40.0,86.0,108.0,61.0,92.0,20.1,29.7,39.7,22.2,14.9,20.3,25.3,27.3
Chavigny-Bailleul (27220),/management/ville/chavigny-bailleul/ville-27154,0.0,20.0,20.0,69.0,84.0,54.0,129.0,130.0,73.0,87.0,32.9,28.2,39.5,22.2,14.3,21.1,13.3,28.2
Crainvilliers (88140),/management/ville/crainvilliers/ville-88119,10.0,0.0,0.0,5.0,10.0,30.0,35.0,47.0,33.0,22.0,19.4,31.4,46.3,22.9,25.4,22.9,9.0,22.9
Carignan (08110),/management/ville/carignan/ville-08090,10.0,60.0,45.0,166.0,494.0,459.0,922.0,707.0,352.0,259.0,29.8,50.4,42.4,21.1,16.4,15.1,11.4,11.7
Beaulieu-sous-la-Roche (85190),/management/ville/beaulieu-sous-la-roche/ville-85016,25.0,79.0,109.0,286.0,380.0,286.0,415.0,528.0,311.0,381.0,21.3,29.3,39.4,24.1,18.3,19.8,21.1,25.4
Châlette-sur-Loing (45120),/management/ville/chalette-sur-loing/ville-45068,12.0,212.0,285.0,885.0,1426.0,1959.0,3887.0,2788.0,1246.0,1293.0,37.8,46.0,35.4,23.0,13.4,13.6,13.4,14.6
Baron (30700),/management/ville/baron/ville-30030,10.0,5.0,25.0,60.0,50.0,30.0,56.0,87.0,58.0,72.0,21.7,19.3,34.1,27.8,19.6,23.0,24.6,28.1
Bignoux (86800),/management/ville/bignoux/ville-86028,0.0,20.0,80.0,200.0,160.0,90.0,138.0,212.0,156.0,277.0,17.4,17.8,32.7,21.5,19.3,20.5,30.6,39.9
Bucilly (02500),/management/ville/bucilly/ville-02130,0.0,15.0,0.0,10.0,20.0,20.0,44.0,43.0,23.0,34.0,28.4,33.3,36.5,20.5,17.6,13.9,17.6,30.6
Cognac-la-Forêt (87310),/management/ville/cognac-la-foret/ville-87046,36.0,15.0,26.0,109.0,194.0,164.0,286.0,249.0,173.0,183.0,26.9,37.2,37.6,19.0,17.8,21.0,17.8,23.2
Caveirac (30820),/management/ville/caveirac/ville-30075,5.0,141.0,328.0,557.0,547.0,331.0,733.0,724.0,661.0,986.0,21.0,26.1,27.9,19.6,20.5,22.1,30.6,32.9
Cuis (51530),/management/ville/cuis/ville-51200,24.0,15.0,10.0,52.0,44.0,49.0,116.0,93.0,54.0,61.0,30.0,41.1,34.0,21.9,19.3,14.3,16.7,20.6
Conquereuil (44290),/management/ville/conquereuil/ville-44044,50.0,25.0,5.0,101.0,227.0,136.0,238.0,275.0,137.0,121.0,27.4,34.3,40.6,27.8,16.1,19.4,15.8,15.3
Cailloux-sur-Fontaines (69270),/management/ville/cailloux-sur-fontaines/ville-69033,26.0,177.0,417.0,369.0,243.0,110.0,311.0,394.0,341.0,801.0,15.1,18.5,26.9,16.6,17.1,19.8,40.9,45.7
Bretteville-du-Grand-Caux (76110),/management/ville/bretteville-du-grand-caux/ville-76143,10.0,50.0,55.0,179.0,235.0,175.0,276.0,287.0,184.0,185.0,25.7,33.4,36.8,23.2,21.5,18.0,16.0,23.9
Château-Renard (45220),/management/ville/chateau-renard/ville-45083,25.0,40.0,80.0,148.0,238.0,354.0,691.0,529.0,218.0,324.0,35.4,42.8,36.7,21.3,12.7,12.1,15.2,21.4
Autreville-sur-la-Renne (52120),/management/ville/autreville-sur-la-renne/ville-52031,0.0,26.0,5.0,67.0,67.0,31.0,81.0,109.0,62.0,58.0,23.5,29.1,43.8,24.5,19.1,20.9,13.6,24.3
Aubeterre-sur-Dronne (16390),/management/ville/aubeterre-sur-dronne/ville-16020,0.0,25.0,20.0,30.0,25.0,25.0,114.0,50.0,38.0,134.0,29.7,37.0,16.1,13.2,13.5,9.4,40.6,39.8
Aigneville (80210),/management/ville/aigneville/ville-80008,15.0,35.0,5.0,65.0,95.0,190.0,248.0,181.0,93.0,101.0,36.7,42.8,33.1,22.9,14.4,15.4,15.7,16.7
Chivres-Val (02880),/management/ville/chivres-val/ville-02190,0.0,10.0,10.0,75.0,65.0,100.0,102.0,146.0,83.0,75.0,16.5,33.0,43.8,26.1,22.7,18.4,17.0,19.8
Bagnoles (11600),/management/ville/bagnoles/ville-11025,0.0,10.0,21.0,16.0,47.0,47.0,66.0,53.0,53.0,52.0,31.6,27.3,24.6,23.1,22.8,24.5,21.1,25.5
Ambérieux-en-Dombes (01330),/management/ville/amberieux-en-dombes/ville-01005,5.0,62.0,109.0,237.0,248.0,237.0,344.0,366.0,219.0,289.0,24.8,31.6,36.9,22.3,16.7,19.3,21.6,25.9
Bertrimont (76890),/management/ville/bertrimont/ville-76086,15.0,0.0,5.0,30.0,20.0,25.0,49.0,50.0,26.0,26.0,29.7,35.1,39.2,26.3,10.8,23.4,20.3,14.3
Boussès (47420),/management/ville/bousses/ville-47039,5.0,5.0,5.0,5.0,0.0,5.0,11.0,10.0,6.0,8.0,26.3,41.2,36.8,17.6,15.8,17.6,21.1,23.5
Chalette-sur-Voire (10500),/management/ville/chalette-sur-voire/ville-10073,5.0,5.0,5.0,5.0,32.0,37.0,28.0,52.0,15.0,12.0,17.3,35.8,57.7,32.8,11.5,15.1,13.5,7.5
Arnayon (26470),/management/ville/arnayon/ville-26012,0.0,0.0,6.0,0.0,6.0,0.0,5.0,6.0,5.0,11.0,16.7,15.4,25.0,15.4,16.7,15.4,41.7,53.8
Bigorno (20252),/management/ville/bigorno/ville-2B036,2.0,4.0,5.0,4.0,8.0,3.0,35.0,24.0,11.0,13.0,33.3,51.3,33.3,21.7,17.8,7.7,15.6,15.4
Cognat-Lyonne (03110),/management/ville/cognat-lyonne/ville-03080,10.0,41.0,15.0,87.0,87.0,87.0,121.0,178.0,122.0,111.0,17.0,28.3,40.5,25.9,22.4,23.2,20.1,21.7
Coulonges (17800),/management/ville/coulonges/ville-17122,26.0,5.0,5.0,37.0,26.0,21.0,65.0,73.0,25.0,27.0,30.3,37.6,50.6,25.2,7.9,17.8,11.2,16.8
Cuise-la-Motte (60350),/management/ville/cuise-la-motte/ville-60188,0.0,69.0,74.0,267.0,282.0,307.0,533.0,472.0,268.0,330.0,29.1,36.8,37.8,21.2,15.1,18.2,18.0,23.0
Chancelade (24650),/management/ville/chancelade/ville-24102,15.0,115.0,195.0,525.0,600.0,413.0,886.0,1077.0,602.0,814.0,22.9,29.1,37.6,24.9,16.8,18.7,22.7,25.3
Bretteville-le-Rabet (14190),/management/ville/bretteville-le-rabet/ville-14097,5.0,5.0,15.0,40.0,75.0,35.0,55.0,66.0,37.0,49.0,26.9,26.2,36.5,25.2,16.3,19.4,20.2,27.2
Aigny (51150),/management/ville/aigny/ville-51003,5.0,10.0,5.0,35.0,30.0,35.0,76.0,44.0,34.0,47.0,43.8,31.3,24.8,19.1,13.3,20.8,18.1,29.2
Beaulieu-sous-Parthenay (79420),/management/ville/beaulieu-sous-parthenay/ville-79029,55.0,15.0,20.0,55.0,110.0,90.0,124.0,176.0,91.0,115.0,19.2,29.7,44.0,24.1,17.2,18.8,19.6,25.8
Ambernac (16490),/management/ville/ambernac/ville-16009,54.0,20.0,5.0,34.0,33.0,43.0,116.0,94.0,52.0,41.0,31.3,44.6,39.5,22.0,17.7,16.6,11.6,15.3
Carignan-de-Bordeaux (33360),/management/ville/carignan-de-bordeaux/ville-33099,0.0,143.0,416.0,511.0,417.0,252.0,620.0,615.0,544.0,1038.0,19.0,24.6,25.9,18.5,19.0,19.6,36.1,37.5
Cramaille (02130),/management/ville/cramaille/ville-02233,5.0,5.0,0.0,24.0,24.0,58.0,34.0,27.0,25.0,16.0,30.0,34.6,34.0,19.6,28.0,21.2,8.0,25.0
Bucquoy (62116),/management/ville/bucquoy/ville-62181,10.0,35.0,45.0,165.0,225.0,215.0,307.0,356.0,164.0,182.0,25.7,34.7,42.6,25.5,16.3,16.2,15.4,20.4
Bouconville-Vauclair (02860),/management/ville/bouconville-vauclair/ville-02102,0.0,0.0,5.0,15.0,30.0,20.0,48.0,26.0,18.0,34.0,32.3,43.8,24.2,17.2,11.3,17.2,32.3,21.9
Belleray (55100),/management/ville/belleray/ville-55042,0.0,10.0,29.0,68.0,88.0,29.0,87.0,138.0,66.0,88.0,15.3,30.7,44.2,25.5,18.4,16.4,22.1,24.3
Château-Renault (37110),/management/ville/chateau-renault/ville-37063,20.0,120.0,145.0,369.0,678.0,891.0,1657.0,1197.0,506.0,575.0,36.0,47.8,36.6,22.0,13.3,12.5,14.1,15.1
Anthenay (51700),/management/ville/anthenay/ville-51012,10.0,5.0,0.0,10.0,5.0,10.0,10.0,17.0,5.0,14.0,8.7,34.8,43.5,24.1,17.4,4.3,30.4,30.4
Aubiac (33430),/management/ville/aubiac/ville-33017,0.0,5.0,15.0,10.0,66.0,30.0,59.0,69.0,37.0,52.0,25.5,28.7,37.7,24.8,15.1,18.5,21.7,25.9
Autreville-sur-Moselle (54380),/management/ville/autreville-sur-moselle/ville-54031,0.0,10.0,20.0,35.0,51.0,25.0,58.0,60.0,33.0,60.0,26.5,28.3,33.3,21.9,15.7,16.0,24.5,32.1
Caves (11510),/management/ville/caves/ville-11086,15.0,25.0,35.0,70.0,110.0,90.0,169.0,183.0,142.0,135.0,24.0,29.7,32.9,24.8,22.0,23.1,21.1,21.8
Chaley (01230),/management/ville/chaley/ville-01076,0.0,0.0,0.0,37.0,5.0,5.0,48.0,34.0,19.0,17.0,44.9,37.7,38.8,21.4,10.2,20.3,6.1,20.3
Cuiseaux (71480),/management/ville/cuiseaux/ville-71157,10.0,91.0,30.0,106.0,202.0,304.0,552.0,506.0,211.0,203.0,32.2,42.4,38.6,26.0,15.4,13.3,13.7,13.8
Chancenay (52100),/management/ville/chancenay/ville-52104,5.0,30.0,35.0,166.0,181.0,85.0,232.0,267.0,173.0,196.0,21.6,31.3,38.2,22.9,20.2,19.9,20.0,24.9
Cailly (76690),/management/ville/cailly/ville-76152,0.0,35.0,65.0,130.0,125.0,50.0,163.0,150.0,113.0,133.0,23.8,34.0,30.8,21.7,24.2,16.5,21.2,26.3
Bois-Héroult (76750),/management/ville/bois-heroult/ville-76109,0.0,0.0,10.0,20.0,35.0,15.0,27.0,48.0,19.0,46.0,17.6,21.2,39.2,25.7,10.8,16.7,32.4,33.3
Chivy-lès-Étouvelles (02000),/management/ville/chivy-les-etouvelles/ville-02191,0.0,5.0,20.0,65.0,75.0,75.0,119.0,110.0,74.0,84.0,29.7,31.8,35.4,21.9,15.1,23.1,19.8,23.6
Baron (33750),/management/ville/baron/ville-33028,0.0,50.0,50.0,145.0,185.0,125.0,185.0,241.0,141.0,227.0,25.8,20.7,34.9,24.2,15.7,19.9,23.6,33.9
Cogners (72310),/management/ville/cogners/ville-72085,32.0,16.0,0.0,21.0,27.0,27.0,45.0,58.0,31.0,17.0,27.3,31.9,48.1,27.0,16.9,25.0,7.8,15.3
Biguglia (20620),/management/ville/biguglia/ville-2B037,29.0,379.0,450.0,1047.0,1346.0,675.0,1580.0,1296.0,1353.0,1791.0,26.6,26.0,26.5,18.4,20.2,24.5,26.7,32.5
Arné (65670),/management/ville/arne/ville-65028,5.0,10.0,0.0,10.0,30.0,5.0,69.0,51.0,26.0,34.0,37.5,39.3,32.3,22.7,10.4,19.0,19.8,17.9
Conques-en-Rouergue (12320),/management/ville/conques-en-rouergue/ville-12076,94.0,98.0,53.0,166.0,153.0,138.0,488.0,351.0,212.0,316.0,31.3,40.2,33.4,17.5,15.1,15.8,20.2,26.1
Bousseviller (57230),/management/ville/bousseviller/ville-57103,5.0,0.0,5.0,10.0,15.0,20.0,29.0,35.0,16.0,18.0,22.0,37.5,44.0,24.5,16.0,16.7,18.0,18.8
Bertrimoutier (88520),/management/ville/bertrimoutier/ville-88054,5.0,5.0,25.0,35.0,50.0,45.0,58.0,81.0,34.0,79.0,17.6,28.3,43.2,20.3,10.4,16.5,28.8,33.9
Bellerive-sur-Allier (03700),/management/ville/bellerive-sur-allier/ville-03023,15.0,235.0,524.0,748.0,930.0,675.0,2321.0,1685.0,1093.0,1732.0,28.8,38.2,28.9,20.2,16.3,15.8,26.1,24.8
Bucy-le-Long (02880),/management/ville/bucy-le-long/ville-02131,0.0,30.0,106.0,262.0,217.0,292.0,369.0,439.0,271.0,369.0,22.1,28.8,36.4,22.9,19.5,17.9,22.0,28.9
Chaville (92370),/management/ville/chaville/ville-92022,5.0,391.0,4490.0,2705.0,2195.0,746.0,2642.0,1755.0,1777.0,8262.0,17.3,19.2,13.1,11.6,11.1,13.5,58.5,56.1
Bretteville-Saint-Laurent (76560),/management/ville/bretteville-saint-laurent/ville-76144,10.0,0.0,5.0,25.0,10.0,25.0,30.0,47.0,24.0,18.0,20.7,29.5,44.8,30.4,19.0,21.3,15.5,14.8
Coulonges (86290),/management/ville/coulonges/ville-86084,14.0,5.0,0.0,0.0,15.0,34.0,109.0,31.0,37.0,39.0,45.0,56.1,19.2,9.5,13.3,22.4,22.5,13.3
Aigondigné (79370),/management/ville/aigondigne/ville-79185,51.0,131.0,343.0,516.0,734.0,609.0,876.0,976.0,644.0,920.0,23.1,28.1,35.0,21.7,17.8,19.9,24.1,29.8
Aubiac (47310),/management/ville/aubiac/ville-47016,5.0,68.0,53.0,238.0,121.0,78.0,154.0,237.0,152.0,274.0,17.6,20.1,34.2,22.4,20.0,17.4,28.1,38.7
Boussey (21350),/management/ville/boussey/ville-21097,9.0,0.0,0.0,0.0,0.0,0.0,7.0,9.0,4.0,7.0,25.0,25.0,43.8,21.4,18.8,8.3,12.5,41.7
Bois-Herpin (91150),/management/ville/bois-herpin/ville-91075,0.0,0.0,5.0,0.0,5.0,5.0,10.0,19.0,9.0,16.0,19.2,17.9,42.3,26.7,11.5,21.4,26.9,32.1
Amberre (86110),/management/ville/amberre/ville-86002,0.0,15.0,30.0,70.0,85.0,95.0,122.0,142.0,66.0,76.0,25.1,35.2,42.0,25.1,15.0,17.6,17.9,19.6
Château-Rouge (57320),/management/ville/chateau-rouge/ville-57131,0.0,5.0,5.0,26.0,69.0,48.0,56.0,68.0,43.0,48.0,17.3,34.9,40.4,21.9,22.1,18.3,20.2,23.9
Beaulieu-sur-Dordogne (19120),/management/ville/beaulieu-sur-dordogne/ville-19019,10.0,51.0,51.0,92.0,162.0,101.0,511.0,254.0,167.0,214.0,37.6,50.7,28.9,16.0,14.5,14.6,19.0,18.4
Carisey (89360),/management/ville/carisey/ville-89062,5.0,5.0,14.0,29.0,20.0,34.0,135.0,82.0,36.0,33.0,35.5,55.1,43.0,17.2,11.6,13.8,9.9,13.2
Antheny (08260),/management/ville/antheny/ville-08015,5.0,5.0,0.0,5.0,10.0,21.0,24.0,29.0,20.0,14.0,17.9,35.6,41.0,25.5,23.1,22.2,17.9,15.6
Bouconvillers (60240),/management/ville/bouconvillers/ville-60090,0.0,15.0,25.0,45.0,85.0,50.0,63.0,86.0,56.0,75.0,18.2,27.3,36.5,23.4,19.6,20.5,25.7,28.0
Cailly-sur-Eure (27490),/management/ville/cailly-sur-eure/ville-27124,10.0,10.0,5.0,35.0,25.0,35.0,33.0,48.0,29.0,54.0,16.5,24.1,37.6,19.5,18.8,16.5,27.1,39.2
Bagnoles de l'Orne Normandie (61140),/management/ville/bagnoles-de-l-orne-normandie/ville-61483,15.0,99.0,99.0,268.0,288.0,169.0,891.0,576.0,303.0,494.0,32.6,44.6,31.4,19.1,15.0,12.2,21.0,22.4
Bihorel (76420),/management/ville/bihorel/ville-76095,0.0,131.0,837.0,1065.0,949.0,393.0,1670.0,1227.0,945.0,2268.0,22.5,31.0,24.3,16.8,14.3,16.4,38.9,35.7
Conques-sur-Orbiel (11600),/management/ville/conques-sur-orbiel/ville-11099,25.0,128.0,99.0,286.0,351.0,202.0,582.0,552.0,364.0,407.0,28.4,32.4,35.2,22.9,16.9,21.1,19.6,23.0
Chizé (79170),/management/ville/chize/ville-79090,14.0,30.0,55.0,85.0,89.0,90.0,318.0,172.0,95.0,112.0,41.0,50.1,29.9,18.4,13.7,13.6,15.4,16.7
Autrey (54160),/management/ville/autrey/ville-54032,0.0,5.0,10.0,25.0,15.0,15.0,13.0,53.0,20.0,42.0,6.7,13.2,50.0,29.1,13.3,17.6,30.0,35.3
Chavin (36200),/management/ville/chavin/ville-36048,5.0,5.0,5.0,5.0,30.0,60.0,59.0,96.0,37.0,27.0,22.3,32.1,51.8,29.4,17.9,16.0,8.0,17.0
Cuiserey (21310),/management/ville/cuiserey/ville-21215,10.0,0.0,10.0,5.0,35.0,30.0,25.0,41.0,17.0,29.0,21.7,23.1,45.0,24.6,13.3,17.3,20.0,32.7
Cramans (39600),/management/ville/cramans/ville-39176,5.0,5.0,25.0,50.0,59.0,79.0,138.0,126.0,52.0,91.0,37.9,30.0,29.6,27.4,10.7,15.0,21.8,23.0
Baron (60300),/management/ville/baron/ville-60047,15.0,15.0,101.0,126.0,81.0,30.0,144.0,144.0,89.0,193.0,26.1,24.6,25.8,22.8,15.5,15.4,32.6,35.0
Chalèze (25220),/management/ville/chaleze/ville-25111,0.0,10.0,25.0,30.0,66.0,26.0,79.0,63.0,47.0,95.0,22.8,32.9,28.3,15.7,17.2,15.7,31.7,35.7
Bertry (59980),/management/ville/bertry/ville-59074,25.0,75.0,20.0,195.0,325.0,275.0,608.0,493.0,265.0,240.0,33.9,41.5,37.1,23.3,14.8,18.0,14.2,15.7
Chancey (70140),/management/ville/chancey/ville-70126,0.0,10.0,10.0,16.0,37.0,16.0,26.0,44.0,32.0,33.0,16.9,22.4,39.4,24.2,22.5,25.4,21.1,28.4
Coulonges-Cohan (02130),/management/ville/coulonges-cohan/ville-02220,15.0,30.0,35.0,40.0,45.0,30.0,73.0,100.0,58.0,74.0,21.3,26.9,41.9,22.4,16.9,21.4,20.0,29.0
Beaulieu-sur-Layon (49750),/management/ville/beaulieu-sur-layon/ville-49022,31.0,57.0,98.0,134.0,206.0,217.0,219.0,299.0,196.0,297.0,19.1,24.2,33.9,23.6,20.7,18.1,26.3,32.4
Antheuil (21360),/management/ville/antheuil/ville-21014,0.0,10.0,0.0,5.0,5.0,0.0,20.0,12.0,10.0,12.0,28.0,41.9,24.0,21.2,20.0,16.1,28.0,19.4
Belleroche (42670),/management/ville/belleroche/ville-42014,15.0,10.0,10.0,25.0,46.0,36.0,78.0,68.0,37.0,49.0,26.2,43.8,39.7,16.1,19.8,10.5,14.3,28.6
Boucq (54200),/management/ville/boucq/ville-54086,5.0,0.0,5.0,50.0,65.0,40.0,63.0,83.0,69.0,47.0,19.3,29.1,38.5,24.6,27.4,25.2,14.8,21.3
Cognet (38350),/management/ville/cognet/ville-38116,0.0,0.0,0.0,10.0,10.0,5.0,8.0,15.0,6.0,6.0,20.0,26.7,40.0,36.8,15.0,20.0,25.0,6.7
Aubiat (63260),/management/ville/aubiat/ville-63013,15.0,30.0,40.0,170.0,95.0,70.0,146.0,203.0,128.0,162.0,16.9,28.6,42.0,21.6,19.4,20.6,21.7,28.9
Aigre (16140),/management/ville/aigre/ville-16005,35.0,81.0,30.0,76.0,171.0,181.0,600.0,378.0,175.0,171.0,39.4,50.4,34.7,21.0,12.9,13.6,13.0,12.9
Cavignac (33620),/management/ville/cavignac/ville-33114,5.0,83.0,23.0,180.0,313.0,254.0,398.0,502.0,275.0,247.0,24.4,31.4,40.0,27.6,19.4,19.3,16.2,18.5
Bois-Himont (76190),/management/ville/bois-himont/ville-76110,0.0,5.0,15.0,35.0,50.0,149.0,141.0,97.0,45.0,44.0,52.3,29.9,30.6,25.9,10.4,18.7,6.7,23.1
Ambert (63600),/management/ville/ambert/ville-63003,46.0,288.0,228.0,460.0,873.0,774.0,1819.0,1530.0,915.0,1178.0,30.7,35.8,35.0,21.3,15.3,18.1,19.1,23.9
Carla-Bayle (09130),/management/ville/carla-bayle/ville-09079,24.0,39.0,25.0,115.0,59.0,50.0,215.0,112.0,110.0,147.0,34.4,39.2,24.4,14.5,19.9,17.7,21.3,29.0
Château-Salins (57170),/management/ville/chateau-salins/ville-57132,5.0,25.0,60.0,292.0,382.0,311.0,745.0,523.0,262.0,299.0,33.6,47.2,35.1,20.9,14.4,14.3,16.8,15.9
Arnéguy (64220),/management/ville/arneguy/ville-64047,30.0,5.0,0.0,5.0,40.0,25.0,67.0,68.0,39.0,12.0,36.4,35.6,38.4,30.3,21.2,20.7,4.0,9.2
Boussicourt (80500),/management/ville/boussicourt/ville-80125,10.0,5.0,0.0,10.0,5.0,0.0,25.0,17.0,9.0,6.0,46.4,41.4,32.1,25.0,14.3,17.2,7.1,13.8
Bucy-le-Roi (45410),/management/ville/bucy-le-roi/ville-45058,10.0,0.0,5.0,35.0,10.0,25.0,30.0,47.0,26.0,29.0,18.6,27.0,44.3,24.6,21.4,17.5,15.7,28.6
Bretteville-sur-Ay (50430),/management/ville/bretteville-sur-ay/ville-50078,25.0,24.0,24.0,5.0,44.0,65.0,120.0,110.0,56.0,47.0,29.5,42.8,39.2,24.1,17.0,17.0,14.2,13.8
Bihucourt (62121),/management/ville/bihucourt/ville-62131,5.0,0.0,16.0,62.0,52.0,62.0,62.0,77.0,54.0,58.0,23.8,25.6,36.5,24.0,21.4,21.6,18.3,28.0
Béru (89700),/management/ville/beru/ville-89039,30.0,0.0,0.0,5.0,5.0,0.0,31.0,15.0,5.0,12.0,45.2,53.1,38.7,9.4,6.5,9.4,9.7,28.1
Chavonne (02370),/management/ville/chavonne/ville-02176,5.0,5.0,5.0,30.0,30.0,35.0,39.0,60.0,26.0,19.0,20.5,33.8,52.1,28.6,13.7,22.5,13.7,12.7
Cramant (51530),/management/ville/cramant/ville-51196,73.0,36.0,52.0,72.0,93.0,150.0,239.0,207.0,118.0,125.0,27.7,40.7,40.3,20.4,17.6,16.7,14.5,21.3
Chocques (62920),/management/ville/chocques/ville-62224,0.0,77.0,87.0,303.0,478.0,370.0,636.0,632.0,423.0,436.0,24.5,35.0,34.5,23.8,20.3,19.6,20.7,20.3
Conqueyrac (30170),/management/ville/conqueyrac/ville-30093,0.0,0.0,0.0,10.0,10.0,20.0,19.0,19.0,18.0,26.0,28.3,16.7,23.9,22.2,21.7,22.2,26.1,38.9
Bagnolet (93170),/management/ville/bagnolet/ville-93006,5.0,925.0,3308.0,4129.0,5728.0,3503.0,9105.0,4163.0,4202.0,7674.0,35.4,37.0,18.2,15.2,17.4,16.1,29.0,31.9
Autrey (88700),/management/ville/autrey/ville-88021,5.0,5.0,5.0,16.0,42.0,47.0,65.0,74.0,35.0,44.0,29.0,30.4,42.1,24.4,13.1,19.6,15.9,24.1
Chalezeule (25220),/management/ville/chalezeule/ville-25112,0.0,60.0,126.0,156.0,176.0,161.0,192.0,241.0,153.0,336.0,18.2,23.6,31.7,19.2,18.2,15.1,31.9,41.1
Beaulieu-sur-Loire (45630),/management/ville/beaulieu-sur-loire/ville-45029,15.0,26.0,56.0,215.0,225.0,266.0,466.0,514.0,218.0,241.0,28.1,36.3,41.0,26.6,15.6,14.9,15.3,18.0
Cairanne (84290),/management/ville/cairanne/ville-84028,40.0,86.0,70.0,125.0,120.0,115.0,252.0,216.0,131.0,221.0,29.0,32.7,31.2,20.5,14.5,17.6,25.4,28.5
Chancia (01590),/management/ville/chancia/ville-39102,0.0,5.0,14.0,29.0,19.0,29.0,33.0,39.0,36.0,54.0,22.0,18.2,24.4,24.0,18.3,26.0,35.4,32.5
Coulonges-sur-l'Autize (79160),/management/ville/coulonges-sur-l-autize/ville-79101,10.0,45.0,135.0,195.0,290.0,225.0,719.0,514.0,258.0,339.0,33.5,44.4,32.4,21.8,15.2,13.2,18.9,18.2
Antheuil-Portes (60162),/management/ville/antheuil-portes/ville-60019,5.0,10.0,25.0,66.0,55.0,40.0,110.0,81.0,37.0,68.0,30.6,44.2,34.4,18.4,12.1,13.0,22.9,23.2
Cuisery (71290),/management/ville/cuisery/ville-71158,0.0,55.0,80.0,134.0,160.0,160.0,517.0,347.0,162.0,232.0,32.6,48.3,36.1,18.9,13.1,12.7,18.1,18.7
Belles-Forêts (57930),/management/ville/belles-forets/ville-57086,10.0,0.0,10.0,5.0,40.0,40.0,73.0,54.0,29.0,30.0,27.4,48.5,40.5,18.9,16.7,14.9,15.5,16.8
Boussières (25320),/management/ville/boussieres/ville-25084,5.0,40.0,75.0,136.0,151.0,102.0,203.0,199.0,133.0,259.0,21.7,29.3,30.3,19.3,17.2,16.3,30.8,34.4
Château-sur-Allier (03320),/management/ville/chateau-sur-allier/ville-03064,0.0,0.0,0.0,20.0,25.0,10.0,50.0,52.0,27.0,19.0,27.4,40.0,38.4,27.3,21.9,14.7,12.3,13.3
Cognières (70230),/management/ville/cognieres/ville-70159,5.0,0.0,0.0,0.0,5.0,10.0,32.0,18.0,19.0,9.0,29.3,54.1,26.8,18.4,31.7,16.2,12.2,10.8
Bois-Jérôme-Saint-Ouen (27620),/management/ville/bois-jerome-saint-ouen/ville-27072,15.0,30.0,50.0,120.0,70.0,70.0,136.0,176.0,86.0,161.0,21.9,26.8,38.7,23.1,11.5,19.3,28.0,29.6
Ambès (33810),/management/ville/ambes/ville-33004,0.0,70.0,105.0,250.0,495.0,560.0,756.0,859.0,375.0,299.0,30.0,35.9,42.5,28.6,14.6,18.1,12.9,13.2
Aubière (63170),/management/ville/aubiere/ville-63014,10.0,162.0,1007.0,1199.0,1341.0,683.0,1585.0,1525.0,1044.0,2372.0,21.1,27.0,27.8,19.0,15.2,16.6,35.8,36.8
Boudes (63340),/management/ville/boudes/ville-63046,0.0,0.0,20.0,30.0,45.0,40.0,73.0,61.0,34.0,56.0,24.3,40.7,34.2,19.0,17.1,13.3,24.3,25.7
Carla-de-Roquefort (09300),/management/ville/carla-de-roquefort/ville-09080,0.0,20.0,0.0,10.0,20.0,30.0,36.0,32.0,32.0,32.0,26.2,28.4,32.3,18.3,21.5,26.9,20.0,28.4
Bucy-lès-Cerny (02870),/management/ville/bucy-les-cerny/ville-02132,5.0,0.0,5.0,27.0,21.0,21.0,29.0,39.0,29.0,49.0,18.8,20.8,31.9,21.3,21.7,18.2,27.5,39.0
Arnèke (59285),/management/ville/arneke/ville-59018,25.0,20.0,81.0,117.0,168.0,213.0,568.0,305.0,173.0,195.0,37.6,53.2,32.9,16.4,14.3,13.6,15.2,16.3
Aigrefeuille (31280),/management/ville/aigrefeuille/ville-31003,0.0,41.0,269.0,238.0,109.0,52.0,70.0,115.0,148.0,485.0,9.8,7.4,16.3,12.6,17.8,18.4,56.1,62.5
Cramchaban (17170),/management/ville/cramchaban/ville-17132,0.0,20.0,30.0,65.0,110.0,80.0,154.0,146.0,86.0,83.0,29.4,36.3,39.6,21.9,17.4,19.2,13.6,21.8
Coulonges-sur-Sarthe (61170),/management/ville/coulonges-sur-sarthe/ville-61126,5.0,0.0,5.0,20.0,45.0,65.0,205.0,101.0,53.0,58.0,39.7,56.7,33.2,16.2,13.0,12.6,14.1,13.9
Bilhac (19120),/management/ville/bilhac/ville-19026,5.0,14.0,14.0,28.0,14.0,9.0,46.0,40.0,35.0,56.0,25.0,26.1,26.1,20.0,17.0,22.7,31.8,31.8
Bretteville-sur-Laize (14680),/management/ville/bretteville-sur-laize/ville-14100,5.0,50.0,84.0,174.0,357.0,198.0,363.0,399.0,256.0,327.0,23.2,30.2,36.4,22.5,20.0,18.2,20.4,27.9
Cons-la-Grandville (54870),/management/ville/cons-la-grandville/ville-54137,5.0,25.0,40.0,85.0,65.0,35.0,109.0,126.0,74.0,94.0,20.8,33.7,37.7,23.3,17.4,19.4,24.2,22.4
Béruges (86190),/management/ville/beruges/ville-86024,5.0,29.0,78.0,223.0,194.0,131.0,159.0,256.0,196.0,406.0,15.7,15.5,29.5,20.2,20.6,17.9,34.2,45.8
Chandai (61300),/management/ville/chandai/ville-61092,10.0,15.0,10.0,49.0,84.0,89.0,145.0,156.0,98.0,91.0,26.0,33.2,38.8,23.8,20.7,19.4,14.5,22.3
Choilley-Dardenay (52190),/management/ville/choilley-dardenay/ville-52126,15.0,0.0,0.0,10.0,20.0,40.0,31.0,33.0,36.0,26.0,21.0,28.1,30.6,22.6,32.3,25.0,16.1,25.0
Chavot-Courcourt (51530),/management/ville/chavot-courcourt/ville-51142,15.0,20.0,31.0,36.0,31.0,36.0,48.0,100.0,60.0,65.0,15.2,19.3,42.8,29.5,16.7,27.4,25.4,23.0
,32.5
Boussières-en-Cambrésis (59217),/management/ville/boussieres-en-cambresis/ville-59102,19.0,15.0,15.0,36.0,76.0,54.0,107.0,87.0,52.0,62.0,30.9,38.5,34.2,21.3,16.4,17.3,18.4,21.8
Château-sur-Cher (63330),/management/ville/chateau-sur-cher/ville-63101,10.0,15.0,5.0,5.0,5.0,0.0,33.0,18.0,11.0,9.0,29.7,64.7,45.9,3.7,8.1,23.5,16.2,8.8
Ambeyrac (12260),/management/ville/ambeyrac/ville-12007,10.0,5.0,0.0,15.0,30.0,10.0,51.0,42.0,26.0,32.0,27.3,41.3,36.4,18.9,14.3,20.0,22.1,20.0
Bois-l'Évêque (76160),/management/ville/bois-l-eveque/ville-76111,10.0,0.0,40.0,82.0,50.0,51.0,124.0,78.0,65.0,111.0,24.7,39.8,27.5,15.0,16.3,18.4,31.5,27.4
Craménil (61220),/management/ville/cramenil/ville-61137,0.0,20.0,0.0,20.0,10.0,35.0,43.0,35.0,23.0,20.0,38.5,32.1,24.6,28.4,23.1,14.3,13.8,19.6
Boudeville (76560),/management/ville/boudeville/ville-76129,5.0,5.0,5.0,35.0,30.0,15.0,48.0,41.0,23.0,30.0,24.6,42.5,43.5,15.7,13.0,19.2,18.8,23.3
Belleserre (81540),/management/ville/belleserre/ville-81027,5.0,10.0,5.0,24.0,39.0,20.0,42.0,28.0,28.0,29.0,31.3,33.3,25.4,19.0,25.4,19.0,17.9,28.6
Bucy-lès-Pierrepont (02350),/management/ville/bucy-les-pierrepont/ville-02133,5.0,10.0,20.0,20.0,67.0,67.0,97.0,111.0,51.0,50.0,25.4,36.3,48.6,24.1,10.6,21.4,15.5,17.3
Cuisia (39190),/management/ville/cuisia/ville-39185,10.0,20.0,5.0,25.0,40.0,45.0,103.0,98.0,59.0,51.0,27.8,39.4,34.3,25.5,20.1,17.6,17.8,14.8
Aubiet (32270),/management/ville/aubiet/ville-32012,29.0,55.0,64.0,132.0,138.0,99.0,223.0,248.0,161.0,207.0,25.2,27.9,34.9,23.4,17.3,21.2,22.6,26.7
Baron-sur-Odon (14210),/management/ville/baron-sur-odon/ville-14042,5.0,24.0,73.0,156.0,142.0,44.0,103.0,152.0,120.0,260.0,15.1,17.4,26.1,20.8,20.8,17.0,38.1,43.8
Coulonges-Thouarsais (79330),/management/ville/coulonges-thouarsais/ville-79102,10.0,10.0,0.0,40.0,35.0,115.0,106.0,101.0,51.0,49.0,31.0,38.3,37.3,23.9,22.8,10.1,8.9,23.5
Arnicourt (08300),/management/ville/arnicourt/ville-08021,0.0,5.0,5.0,10.0,50.0,15.0,27.0,35.0,21.0,27.0,10.5,39.6,47.4,15.1,22.8,15.1,19.3,30.2
Beaulieu-sur-Oudon (53320),/management/ville/beaulieu-sur-oudon/ville-53026,24.0,10.0,10.0,97.0,58.0,73.0,59.0,114.0,60.0,91.0,16.5,20.1,40.9,26.3,16.5,20.8,26.1,30.9
Aigrefeuille-d'Aunis (17290),/management/ville/aigrefeuille-d-aunis/ville-17003,14.0,101.0,187.0,495.0,500.0,447.0,774.0,968.0,581.0,687.0,23.4,27.8,38.5,25.2,16.9,21.4,21.2,24.3
Cognin (73160),/management/ville/cognin/ville-73087,5.0,93.0,329.0,799.0,888.0,579.0,1228.0,1286.0,765.0,1334.0,24.1,28.6,31.6,22.9,17.1,16.2,27.3,30.3
Caisnes (60400),/management/ville/caisnes/ville-60118,0.0,15.0,36.0,62.0,51.0,103.0,102.0,114.0,76.0,60.0,27.6,30.0,38.1,25.4,21.0,22.4,13.3,21.2
Carlat (15130),/management/ville/carlat/ville-15028,10.0,45.0,10.0,30.0,25.0,30.0,103.0,76.0,48.0,57.0,30.8,41.8,32.9,19.6,18.2,15.6,18.2,22.0
Autrey-lès-Cerre (70110),/management/ville/autrey-les-cerre/ville-70040,0.0,10.0,10.0,25.0,35.0,35.0,58.0,62.0,28.0,18.0,30.6,39.5,43.5,26.6,18.8,14.8,7.1,14.8
Bretteville-sur-Odon (14760),/management/ville/bretteville-sur-odon/ville-14101,0.0,105.0,401.0,560.0,420.0,149.0,779.0,570.0,482.0,1117.0,22.8,29.3,22.4,16.9,16.0,16.7,38.8,37.1
Bagnols (69620),/management/ville/bagnols/ville-69017,19.0,53.0,48.0,53.0,53.0,53.0,126.0,124.0,95.0,165.0,21.3,28.0,28.5,19.6,20.5,16.9,29.7,34.9
Consac (17150),/management/ville/consac/ville-17116,5.0,5.0,0.0,24.0,24.0,29.0,85.0,38.0,32.0,21.0,47.6,47.9,25.0,17.9,20.2,17.0,7.1,17.0
Anthon (38280),/management/ville/anthon/ville-38011,5.0,54.0,73.0,176.0,112.0,127.0,148.0,255.0,137.0,253.0,17.6,19.5,37.7,24.5,16.9,17.5,27.8,36.2
Bois-le-Roi (27220),/management/ville/bois-le-roi/ville-27073,0.0,30.0,54.0,138.0,177.0,128.0,192.0,290.0,145.0,178.0,20.3,27.3,42.7,26.5,17.4,18.9,19.6,24.6
Boussières-sur-Sambre (59330),/management/ville/boussieres-sur-sambre/ville-59103,0.0,0.0,15.0,55.0,70.0,65.0,74.0,110.0,85.0,103.0,18.7,21.1,30.2,26.4,26.4,19.5,24.7,30.5
Aubignan (84810),/management/ville/aubignan/ville-84004,77.0,308.0,301.0,671.0,760.0,590.0,1318.0,1066.0,747.0,1046.0,29.3,33.7,29.7,20.9,17.7,18.0,23.3,26.6
Chalifert (77144),/management/ville/chalifert/ville-77075,5.0,60.0,165.0,215.0,120.0,95.0,163.0,221.0,177.0,323.0,17.9,19.0,31.9,18.7,18.1,22.0,32.1,41.1
Cavillargues (30330),/management/ville/cavillargues/ville-30076,29.0,34.0,39.0,67.0,72.0,53.0,157.0,186.0,114.0,205.0,23.0,24.5,33.9,22.1,14.0,20.1,29.2,32.7
Bérulle (10160),/management/ville/berulle/ville-10042,15.0,5.0,10.0,20.0,30.0,20.0,71.0,66.0,19.0,38.0,37.5,36.3,43.3,21.0,6.7,13.2,12.5,27.5
Bilhères (64260),/management/ville/bilheres/ville-64128,15.0,10.0,15.0,10.0,30.0,20.0,29.0,39.0,28.0,35.0,22.2,22.0,33.3,25.4,18.1,25.4,26.4,27.1
Chandolas (07230),/management/ville/chandolas/ville-07053,5.0,30.0,20.0,69.0,59.0,69.0,107.0,107.0,96.0,89.0,20.4,32.9,34.0,20.8,25.7,22.7,19.9,24.2
Boudou (82200),/management/ville/boudou/ville-82019,0.0,30.0,35.0,94.0,104.0,85.0,165.0,155.0,91.0,138.0,25.7,34.2,39.5,17.4,13.0,20.4,21.7,28.7
Ambialet (81430),/management/ville/ambialet/ville-81010,40.0,25.0,10.0,40.0,59.0,40.0,112.0,91.0,70.0,64.0,29.3,37.2,35.6,18.5,20.1,22.0,14.9,23.2
Bagnols-en-Forêt (83600),/management/ville/bagnols-en-foret/ville-83008,5.0,145.0,145.0,266.0,402.0,233.0,573.0,590.0,413.0,621.0,23.8,28.3,32.1,21.2,18.4,19.1,25.7,30.8
Chavoy (50870),/management/ville/chavoy/ville-50126,10.0,0.0,0.0,5.0,15.0,30.0,18.0,28.0,26.0,22.0,17.4,20.8,30.4,27.5,32.6,22.9,19.6,27.1
Cramoisy (60660),/management/ville/cramoisy/ville-60173,0.0,27.0,59.0,122.0,159.0,116.0,192.0,165.0,85.0,169.0,29.7,32.8,33.2,20.0,14.0,14.1,23.1,31.6
Aigrefeuille-sur-Maine (44140),/management/ville/aigrefeuille-sur-maine/ville-44002,20.0,66.0,224.0,534.0,600.0,432.0,494.0,746.0,482.0,778.0,16.0,23.3,35.5,22.9,20.7,17.9,27.8,34.4
Bucy-Saint-Liphard (45140),/management/ville/bucy-saint-liphard/ville-45059,0.0,0.0,11.0,32.0,11.0,11.0,45.0,68.0,25.0,26.0,25.6,28.9,46.7,29.9,12.2,19.7,15.6,17.1
Château-sur-Epte (27420),/management/ville/chateau-sur-epte/ville-27152,0.0,21.0,10.0,103.0,139.0,36.0,143.0,138.0,61.0,90.0,33.5,32.9,35.7,24.8,12.1,16.4,18.8,23.2
Bellesserre (31480),/management/ville/bellesserre/ville-31062,5.0,5.0,0.0,20.0,15.0,15.0,16.0,26.0,11.0,18.0,17.5,29.0,42.5,25.7,15.0,16.1,25.0,25.8
Choisel (78460),/management/ville/choisel/ville-78162,0.0,20.0,92.0,31.0,46.0,15.0,48.0,69.0,67.0,206.0,10.2,13.8,18.4,17.5,16.8,17.9,54.6,50.8
Beaulieu-sur-Sonnette (16450),/management/ville/beaulieu-sur-sonnette/ville-16035,0.0,32.0,0.0,21.0,21.0,27.0,76.0,53.0,31.0,29.0,33.0,46.5,38.6,18.4,15.9,16.8,12.5,17.8
Arnières-sur-Iton (27180),/management/ville/arnieres-sur-iton/ville-27020,0.0,15.0,122.0,220.0,259.0,171.0,300.0,336.0,207.0,359.0,19.9,29.5,33.1,21.7,18.5,16.0,28.5,31.2
Caissargues (30132),/management/ville/caissargues/ville-30060,5.0,120.0,332.0,478.0,527.0,205.0,768.0,646.0,627.0,901.0,23.9,28.0,24.5,20.0,21.3,21.3,30.2,31.0
Conségudes (06510),/management/ville/consegudes/ville-06047,0.0,0.0,0.0,22.0,0.0,16.0,18.0,36.0,13.0,10.0,29.3,18.9,63.4,28.6,2.4,32.4,4.9,21.6
Bérus (72610),/management/ville/berus/ville-72034,0.0,5.0,51.0,77.0,56.0,26.0,85.0,107.0,59.0,79.0,19.6,31.4,36.7,24.6,22.2,14.5,21.5,26.2
Autrey-lès-Gray (70100),/management/ville/autrey-les-gray/ville-70041,9.0,20.0,27.0,48.0,45.0,27.0,109.0,94.0,46.0,57.0,34.4,37.3,33.1,24.7,15.3,14.7,17.2,20.0
Coulonvillers (80135),/management/ville/coulonvillers/ville-80215,0.0,0.0,10.0,24.0,49.0,34.0,64.0,51.0,24.0,25.0,33.3,43.7,34.6,24.0,14.1,16.1,17.9,13.8
Cuisles (51700),/management/ville/cuisles/ville-51201,27.0,0.0,0.0,5.0,11.0,5.0,26.0,34.0,14.0,27.0,17.6,34.0,41.2,22.4,17.6,10.0,23.5,30.0
Anthy-sur-Léman (74200),/management/ville/anthy-sur-leman/ville-74013,5.0,96.0,227.0,301.0,292.0,187.0,291.0,423.0,285.0,611.0,15.9,20.3,30.3,21.3,17.7,17.7,36.1,39.8
Cognin-les-Gorges (38470),/management/ville/cognin-les-gorges/ville-38117,35.0,25.0,15.0,99.0,130.0,60.0,111.0,146.0,84.0,128.0,20.7,26.5,36.0,24.0,18.6,17.3,24.8,30.1
Baronville (57340),/management/ville/baronville/ville-57051,5.0,5.0,10.0,54.0,54.0,55.0,99.0,88.0,40.0,47.0,30.1,41.8,39.1,22.6,16.5,12.8,14.3,19.9
Bois-le-Roi (77590),/management/ville/bois-le-roi/ville-77037,0.0,177.0,1263.0,805.0,372.0,176.0,619.0,599.0,649.0,2318.0,13.5,16.0,15.2,13.7,15.5,15.4,55.7,55.2
Brettnach (57320),/management/ville/brettnach/ville-57110,0.0,25.0,10.0,35.0,35.0,90.0,98.0,114.0,62.0,52.0,24.4,35.2,39.4,27.4,20.0,18.2,16.3,15.8
Aubignas (07400),/management/ville/aubignas/ville-07020,20.0,5.0,20.0,51.0,97.0,51.0,77.0,100.0,58.0,107.0,21.4,23.4,35.7,21.9,16.1,18.3,26.8,35.4
Bilia (20100),/management/ville/bilia/ville-2A038,0.0,2.0,5.0,8.0,3.0,0.0,3.0,3.0,14.0,18.0,11.1,5.0,5.6,14.3,33.3,40.0,50.0,45.0
Cavillon (80310),/management/ville/cavillon/ville-80180,0.0,0.0,0.0,10.0,10.0,20.0,22.0,21.0,14.0,18.0,26.3,32.4,47.4,9.1,18.4,18.9,7.9,40.5
Chaligny (54230),/management/ville/chaligny/ville-54111,0.0,35.0,222.0,418.0,428.0,272.0,623.0,659.0,332.0,562.0,23.2,33.6,36.7,22.4,15.0,15.5,25.1,26.5
Bagnols-sur-Cèze (30200),/management/ville/bagnols-sur-ceze/ville-30028,28.0,394.0,825.0,1563.0,2178.0,2034.0,5280.0,3265.0,2055.0,2998.0,33.5,43.3,29.4,18.7,14.8,15.4,22.3,21.9
Chavroches (03220),/management/ville/chavroches/ville-03071,0.0,10.0,10.0,20.0,36.0,0.0,61.0,65.0,48.0,24.0,32.0,30.3,40.0,25.5,23.0,26.3,5.0,18.2
Carlencas-et-Levas (34600),/management/ville/carlencas-et-levas/ville-34053,5.0,0.0,25.0,20.0,5.0,15.0,23.0,25.0,26.0,36.0,15.3,27.5,37.3,7.5,20.3,27.5,27.1,39.2
Chandon (42190),/management/ville/chandon/ville-42048,10.0,69.0,69.0,128.0,202.0,276.0,331.0,339.0,192.0,229.0,26.3,34.5,36.9,23.1,18.3,16.9,18.5,23.6
Ambiegna (20151),/management/ville/ambiegna/ville-2A014,0.0,0.0,6.0,12.0,8.0,6.0,25.0,10.0,12.0,11.0,50.0,36.7,17.9,18.5,14.3,26.7,17.9,20.0
Beaulon (03230),/management/ville/beaulon/ville-03019,20.0,61.0,51.0,188.0,203.0,193.0,465.0,464.0,197.0,174.0,28.2,43.1,44.6,24.1,15.6,14.8,11.6,15.1
Boudrac (31580),/management/ville/boudrac/ville-31078,0.0,5.0,0.0,20.0,15.0,0.0,49.0,22.0,21.0,18.0,39.2,49.2,27.5,14.5,17.6,20.3,15.7,16.9
Château-Thébaud (44690),/management/ville/chateau-thebaud/ville-44037,15.0,100.0,255.0,415.0,375.0,305.0,396.0,572.0,401.0,733.0,16.1,21.5,32.1,21.7,19.6,18.6,32.3,37.3
Aigremont (30350),/management/ville/aigremont/ville-30002,10.0,31.0,21.0,108.0,88.0,108.0,172.0,145.0,101.0,149.0,27.2,33.6,31.0,20.2,15.5,20.2,26.2,26.0
Budelière (23170),/management/ville/budeliere/ville-23035,10.0,5.0,10.0,46.0,61.0,102.0,255.0,176.0,89.0,88.0,32.7,49.8,37.7,19.6,17.8,11.9,11.7,16.8
Cramont (80370),/management/ville/cramont/ville-80221,15.0,10.0,20.0,20.0,40.0,40.0,71.0,71.0,35.0,41.0,29.6,35.5,41.7,22.6,13.0,19.1,15.7,21.8
Choiseul (52240),/management/ville/choiseul/ville-52127,0.0,0.0,14.0,10.0,5.0,5.0,34.0,20.0,4.0,10.0,41.7,57.6,36.1,18.4,5.6,6.1,16.7,15.2
Arnos (64370),/management/ville/arnos/ville-64048,13.0,0.0,0.0,21.0,8.0,13.0,13.0,23.0,22.0,12.0,20.0,20.6,40.0,27.6,22.9,38.2,17.1,17.6
Berville (95810),/management/ville/berville/ville-95059,5.0,15.0,45.0,69.0,20.0,30.0,44.0,62.0,50.0,93.0,20.5,14.7,27.9,22.0,19.7,20.2,32.0,42.6
Consenvoye (55110),/management/ville/consenvoye/ville-55124,15.0,0.0,5.0,25.0,70.0,20.0,64.0,84.0,36.0,54.0,22.2,31.4,44.4,24.4,12.0,18.2,21.4,24.0
Barou-en-Auge (14620),/management/ville/barou-en-auge/ville-14043,0.0,5.0,0.0,19.0,0.0,10.0,31.0,18.0,6.0,11.0,43.8,48.6,31.3,21.4,12.5,5.7,12.5,20.0
Caix (80170),/management/ville/caix/ville-80162,10.0,25.0,15.0,65.0,105.0,121.0,255.0,125.0,82.0,79.0,39.8,53.7,30.9,15.6,18.4,12.4,10.9,17.7
Bretx (31530),/management/ville/bretx/ville-31089,5.0,35.0,70.0,60.0,60.0,60.0,52.0,87.0,72.0,202.0,11.5,13.8,27.1,15.1,16.1,19.0,45.4,52.8
Boussois (59168),/management/ville/boussois/ville-59104,10.0,60.0,80.0,225.0,435.0,500.0,802.0,760.0,399.0,349.0,26.5,41.8,39.8,24.5,17.8,16.8,15.9,14.4
Aubigné (35250),/management/ville/aubigne/ville-35007,5.0,5.0,25.0,71.0,86.0,51.0,46.0,81.0,66.0,107.0,15.1,15.7,30.1,23.4,20.5,22.9,34.2,37.9
Couloumé-Mondebat (32160),/management/ville/couloume-mondebat/ville-32109,10.0,0.0,5.0,15.0,5.0,5.0,53.0,46.0,28.0,41.0,31.3,31.8,32.5,21.3,15.7,17.6,20.5,28.2
Cuissai (61250),/management/ville/cuissai/ville-61141,20.0,10.0,35.0,80.0,80.0,40.0,64.0,94.0,66.0,98.0,21.5,18.2,34.4,24.4,15.3,25.8,28.8,32.1
Autricourt (21570),/management/ville/autricourt/ville-21034,0.0,0.0,5.0,10.0,15.0,0.0,40.0,33.0,22.0,13.0,29.4,44.1,43.1,21.1,15.7,23.7,11.8,11.9
Cognocoli-Monticchi (20123),/management/ville/cognocoli-monticchi/ville-2A091,5.0,6.0,4.0,15.0,21.0,12.0,47.0,44.0,32.0,27.0,32.9,29.7,34.2,24.7,17.7,25.7,15.2,20.3
Cavron-Saint-Martin (62140),/management/ville/cavron-saint-martin/ville-62220,15.0,5.0,20.0,55.0,60.0,100.0,108.0,108.0,62.0,67.0,26.9,35.3,41.5,21.4,14.6,21.4,17.0,22.0
Bois-lès-Pargny (02270),/management/ville/bois-les-pargny/ville-02096,10.0,0.0,10.0,15.0,35.0,20.0,47.0,41.0,25.0,36.0,31.9,31.2,34.7,20.5,13.9,19.5,19.4,28.6
Antibes (06160),/management/ville/antibes/ville-06004,43.0,2609.0,7698.0,7959.0,10379.0,4629.0,16453.0,11447.0,10450.0,19579.0,26.3,30.2,22.2,18.0,16.9,19.0,34.7,33.0
Belleu (02200),/management/ville/belleu/ville-02064,0.0,45.0,75.0,350.0,545.0,455.0,1217.0,861.0,449.0,407.0,34.5,47.3,37.6,20.9,15.7,15.0,12.2,15.3
Carlepont (60170),/management/ville/carlepont/ville-60129,0.0,30.0,55.0,150.0,235.0,225.0,368.0,321.0,184.0,227.0,30.3,36.6,36.0,21.4,16.0,17.5,17.8,23.4
Aigremont (52400),/management/ville/aigremont/ville-52002,0.0,0.0,0.0,0.0,0.0,0.0,9.0,3.0,0.0,4.0,42.9,70.0,28.6,9.1,0.0,0.0,28.6,20.0
Boudreville (21520),/management/ville/boudreville/ville-21090,0.0,0.0,0.0,0.0,0.0,11.0,31.0,15.0,7.0,7.0,39.4,72.0,33.3,12.0,9.1,12.0,18.2,4.0
Chalindrey (52600),/management/ville/chalindrey/ville-52093,5.0,75.0,25.0,175.0,230.0,410.0,705.0,730.0,251.0,250.0,27.8,44.1,46.7,25.3,13.8,12.2,11.7,14.0
Buding (57920),/management/ville/buding/ville-57117,5.0,5.0,45.0,90.0,100.0,50.0,106.0,125.0,72.0,117.0,21.0,29.6,34.1,23.4,16.8,17.5,28.0,27.7
Château-Thierry (02400),/management/ville/chateau-thierry/ville-02168,19.0,271.0,605.0,1180.0,2013.0,2173.0,4380.0,2915.0,1619.0,2120.0,37.1,42.0,31.6,20.6,13.2,16.0,18.1,20.2
Bagnot (21700),/management/ville/bagnot/ville-21042,0.0,15.0,5.0,15.0,15.0,35.0,33.0,48.0,28.0,19.0,25.8,25.8,40.3,31.1,21.0,22.7,12.9,16.7
Crampagna (09120),/management/ville/crampagna/ville-09103,10.0,44.0,39.0,93.0,103.0,73.0,119.0,176.0,118.0,180.0,19.0,21.0,33.2,24.8,21.2,19.1,26.6,33.2
Arnouville (95400),/management/ville/arnouville/ville-95019,3.0,481.0,687.0,1562.0,2327.0,1463.0,3864.0,2268.0,1517.0,2037.0,40.2,39.6,26.4,20.0,14.1,17.0,19.3,22.6
Choisey (39100),/management/ville/choisey/ville-39150,10.0,32.0,30.0,105.0,160.0,162.0,209.0,238.0,150.0,182.0,23.8,29.5,36.2,24.3,18.4,20.0,21.6,24.9
Beaumais (14620),/management/ville/beaumais/ville-14053,5.0,10.0,0.0,15.0,46.0,10.0,40.0,45.0,26.0,19.0,22.7,40.3,42.4,24.3,24.2,14.5,10.6,17.7
Chanéac (07310),/management/ville/chaneac/ville-07054,5.0,24.0,5.0,39.0,34.0,25.0,82.0,57.0,37.0,33.0,32.4,46.1,35.2,18.6,17.6,18.6,14.8,16.7
Antichan (65370),/management/ville/antichan/ville-65014,0.0,5.0,0.0,0.0,5.0,5.0,10.0,7.0,5.0,8.0,37.5,28.6,37.5,8.3,12.5,21.4,12.5,42.9
Breuches (70300),/management/ville/breuches/ville-70093,9.0,30.0,15.0,51.0,91.0,111.0,228.0,171.0,58.0,72.0,33.6,52.8,41.6,20.5,12.2,9.4,12.6,14.3
Coulounieix-Chamiers (24660),/management/ville/coulounieix-chamiers/ville-24138,5.0,192.0,384.0,780.0,1057.0,775.0,1866.0,1825.0,1091.0,1411.0,28.3,31.7,33.4,24.3,16.2,18.8,22.0,23.5
Autruche (08240),/management/ville/autruche/ville-08035,0.0,5.0,0.0,5.0,10.0,0.0,15.0,13.0,5.0,11.0,33.3,35.0,29.2,26.1,8.3,15.0,29.2,20.0
Caixas (66300),/management/ville/caixas/ville-66029,15.0,0.0,5.0,0.0,10.0,0.0,23.0,21.0,27.0,44.0,15.8,23.2,22.8,14.3,21.1,25.0,40.4,39.3
Cuissy-et-Geny (02160),/management/ville/cuissy-et-geny/ville-02252,0.0,5.0,0.0,5.0,20.0,0.0,20.0,23.0,4.0,9.0,33.3,37.9,51.9,25.7,3.7,10.3,11.1,20.7
Aubigné (79110),/management/ville/aubigne/ville-79018,15.0,0.0,10.0,5.0,30.0,25.0,80.0,40.0,31.0,27.0,37.9,51.8,27.4,17.6,18.9,15.7,15.8,14.5
Bois-Normand-près-Lyre (27330),/management/ville/bois-normand-pres-lyre/ville-27075,5.0,15.0,0.0,15.0,25.0,45.0,91.0,92.0,43.0,35.0,28.3,43.1,42.1,24.6,15.2,18.1,14.5,12.1
Consigny (52700),/management/ville/consigny/ville-52142,5.0,0.0,0.0,10.0,0.0,5.0,28.0,19.0,3.0,7.0,35.5,65.4,48.4,14.3,3.2,7.7,12.9,11.5
Belleuse (80160),/management/ville/belleuse/ville-80079,20.0,0.0,20.0,40.0,65.0,50.0,74.0,80.0,42.0,60.0,27.4,29.8,38.7,22.9,15.3,17.6,18.5,28.2
Boussy (74150),/management/ville/boussy/ville-74046,15.0,10.0,44.0,84.0,49.0,49.0,80.0,103.0,58.0,127.0,19.0,24.5,31.0,22.0,19.0,13.0,31.0,38.0
Cogny (18130),/management/ville/cogny/ville-18068,5.0,0.0,0.0,0.0,5.0,5.0,10.0,13.0,5.0,5.0,21.1,42.9,47.4,26.7,10.5,21.4,21.1,7.1
Baroville (10200),/management/ville/baroville/ville-10032,31.0,10.0,0.0,41.0,26.0,41.0,96.0,69.0,48.0,39.0,31.7,43.9,42.5,13.8,19.2,19.7,6.7,23.5
Choisies (59740),/management/ville/choisies/ville-59147,0.0,0.0,0.0,20.0,5.0,10.0,11.0,13.0,9.0,10.0,22.7,28.6,31.8,27.3,18.2,23.8,27.3,19.0
Billancelles (28190),/management/ville/billancelles/ville-28040,10.0,0.0,56.0,35.0,51.0,35.0,58.0,77.0,46.0,48.0,23.8,26.9,40.2,25.0,20.5,19.2,15.6,26.9
Ambierle (42820),/management/ville/ambierle/ville-42003,15.0,85.0,50.0,221.0,251.0,206.0,386.0,435.0,235.0,345.0,26.0,29.2,38.3,22.5,15.2,18.3,20.5,28.8
Berville-en-Caux (76560),/management/ville/berville-en-caux/ville-76087,0.0,5.0,26.0,77.0,67.0,103.0,135.0,148.0,76.0,88.0,28.8,31.5,40.3,24.3,15.5,18.5,15.5,23.9
Chay (25440),/management/ville/chay/ville-25143,0.0,5.0,21.0,10.0,16.0,37.0,32.0,44.0,24.0,52.0,23.8,19.2,33.8,22.7,11.3,20.5,31.3,37.0
Aigremont (78240),/management/ville/aigremont/ville-78007,0.0,60.0,230.0,80.0,105.0,20.0,85.0,73.0,100.0,480.0,9.6,13.4,11.5,8.9,11.8,15.3,67.1,63.0
Budling (57970),/management/ville/budling/ville-57118,0.0,5.0,20.0,20.0,30.0,20.0,29.0,59.0,23.0,24.0,13.7,30.6,50.7,28.2,23.3,9.7,12.3,24.2
Carling (57490),/management/ville/carling/ville-57123,0.0,75.0,65.0,280.0,405.0,571.0,785.0,1071.0,435.0,346.0,22.5,36.1,46.4,29.7,17.2,15.9,13.9,12.4
Baguer-Morvan (35120),/management/ville/baguer-morvan/ville-35009,25.0,61.0,61.0,112.0,254.0,224.0,476.0,385.0,216.0,199.0,32.4,41.4,35.8,23.4,17.5,16.6,14.4,16.6
Coulours (89320),/management/ville/coulours/ville-89120,15.0,0.0,0.0,10.0,25.0,5.0,54.0,38.0,13.0,14.0,38.8,53.8,38.8,21.1,9.0,13.5,13.4,9.6
Caixon (65500),/management/ville/caixon/ville-65119,5.0,30.0,5.0,35.0,55.0,60.0,74.0,104.0,37.0,62.0,24.4,28.9,40.0,28.6,14.8,12.0,20.7,23.9
Cogny (69640),/management/ville/cogny/ville-69061,20.0,36.0,137.0,197.0,102.0,101.0,196.0,198.0,137.0,304.0,22.5,24.5,28.7,18.3,16.1,16.7,32.7,40.2
Antichan-de-Frontignes (31510),/management/ville/antichan-de-frontignes/ville-31009,0.0,0.0,0.0,20.0,0.0,0.0,42.0,18.0,14.0,39.0,18.9,53.3,22.6,9.5,20.8,5.0,37.7,31.7
Caychax (09250),/management/ville/caychax/ville-09088,0.0,5.0,5.0,0.0,0.0,0.0,2.0,4.0,2.0,3.0,0.0,40.0,50.0,16.7,33.3,0.0,16.7,40.0
Château-Verdun (09310),/management/ville/chateau-verdun/ville-09096,0.0,0.0,0.0,5.0,0.0,0.0,14.0,12.0,3.0,10.0,22.2,45.5,38.9,23.1,5.6,9.1,33.3,18.2
Chalivoy-Milon (18130),/management/ville/chalivoy-milon/ville-18045,0.0,5.0,10.0,15.0,93.0,64.0,142.0,107.0,63.0,26.0,39.4,45.2,37.8,23.8,16.7,20.4,6.1,9.6
Chaneins (01990),/management/ville/chaneins/ville-01083,5.0,50.0,35.0,130.0,130.0,170.0,165.0,197.0,116.0,164.0,23.2,28.4,38.9,21.0,18.7,17.4,19.3,32.3
Crancey (10100),/management/ville/crancey/ville-10114,5.0,10.0,15.0,67.0,108.0,128.0,222.0,194.0,60.0,86.0,31.3,47.2,44.5,22.2,9.6,11.7,14.7,15.9
Autruy-sur-Juine (45480),/management/ville/autruy-sur-juine/ville-45015,40.0,10.0,40.0,55.0,89.0,75.0,160.0,187.0,92.0,104.0,23.6,34.5,45.7,23.0,14.3,19.5,16.3,22.0
Breuchotte (70280),/management/ville/breuchotte/ville-70094,0.0,5.0,15.0,40.0,35.0,61.0,106.0,58.0,35.0,37.0,42.7,47.2,29.1,18.9,15.5,14.4,12.7,18.4
Boudy-de-Beauregard (47290),/management/ville/boudy-de-beauregard/ville-47033,15.0,25.0,10.0,20.0,75.0,90.0,101.0,107.0,46.0,45.0,33.1,34.4,36.5,29.1,16.2,14.6,14.2,15.9
Aubigné-Racan (72800),/management/ville/aubigne-racan/ville-72013,10.0,115.0,70.0,126.0,201.0,382.0,572.0,602.0,319.0,202.0,29.2,38.2,43.8,26.1,15.5,22.1,11.5,12.2
Consolation-Maisonnettes (25390),/management/ville/consolation-maisonnettes/ville-25161,0.0,5.0,0.0,0.0,0.0,10.0,8.0,8.0,4.0,3.0,26.7,50.0,33.3,30.0,20.0,12.5,20.0,0.0
Boussy-Saint-Antoine (91800),/management/ville/boussy-saint-antoine/ville-91097,0.0,139.0,727.0,1302.0,1094.0,486.0,1290.0,1046.0,1039.0,1664.0,24.3,26.6,23.9,18.8,19.6,21.5,32.2,33.7
Carlipa (11170),/management/ville/carlipa/ville-11070,0.0,10.0,10.0,40.0,35.0,30.0,66.0,69.0,53.0,62.0,23.3,29.9,33.8,20.7,21.1,21.4,21.8,28.2
Couloutre (58220),/management/ville/couloutre/ville-58089,0.0,0.0,16.0,0.0,11.0,15.0,81.0,42.0,36.0,22.0,50.6,40.0,25.9,22.0,14.1,25.3,9.4,13.7
Barquet (27170),/management/ville/barquet/ville-27040,5.0,20.0,35.0,40.0,55.0,80.0,115.0,102.0,52.0,51.0,32.9,38.9,42.4,21.3,12.0,20.4,12.7,19.1
Arnouville-lès-Mantes (78790),/management/ville/arnouville-les-mantes/ville-78020,25.0,30.0,60.0,190.0,75.0,80.0,112.0,164.0,134.0,242.0,16.4,18.0,29.0,21.7,17.9,23.2,36.7,37.5
Bois-Sainte-Marie (71800),/management/ville/bois-sainte-marie/ville-71041,0.0,5.0,10.0,5.0,5.0,25.0,42.0,15.0,11.0,115.0,29.6,17.6,14.8,3.1,4.9,6.9,50.6,72.5
Berville-la-Campagne (27170),/management/ville/berville-la-campagne/ville-27063,10.0,0.0,10.0,10.0,44.0,54.0,35.0,46.0,33.0,37.0,15.6,31.2,39.0,21.1,22.1,22.1,23.4,26.0
Chazay-d'Azergues (69380),/management/ville/chazay-d-azergues/ville-69052,0.0,115.0,526.0,583.0,452.0,290.0,613.0,571.0,529.0,1236.0,16.7,24.5,22.9,16.3,18.8,17.1,41.6,42.3
Billancourt (80190),/management/ville/billancourt/ville-80105,0.0,10.0,10.0,5.0,30.0,10.0,48.0,36.0,25.0,24.0,33.9,38.0,37.1,18.8,16.1,21.1,12.9,22.5
Beaumarchés (32160),/management/ville/beaumarches/ville-32036,60.0,25.0,10.0,50.0,60.0,90.0,146.0,139.0,100.0,122.0,27.9,29.4,35.4,21.1,15.0,23.8,21.7,26.4
Baguer-Pican (35120),/management/ville/baguer-pican/ville-35010,25.0,35.0,40.0,178.0,247.0,237.0,300.0,437.0,205.0,178.0,20.9,32.5,48.1,27.1,17.9,18.7,13.1,18.5
Aigremont (89800),/management/ville/aigremont/ville-89002,5.0,5.0,5.0,10.0,15.0,15.0,11.0,12.0,13.0,18.0,14.8,25.9,22.2,20.7,33.3,14.8,29.6,37.0
Ambiévillers (70210),/management/ville/ambievillers/ville-70013,0.0,5.0,0.0,5.0,0.0,27.0,26.0,24.0,10.0,9.0,41.9,36.1,48.4,23.7,6.5,19.4,3.2,19.4
Breugnon (58460),/management/ville/breugnon/ville-58038,5.0,5.0,5.0,5.0,26.0,26.0,40.0,51.0,23.0,21.0,26.4,33.3,51.4,23.0,9.7,25.4,12.5,19.0
Boust (57570),/management/ville/boust/ville-57104,0.0,30.0,111.0,177.0,222.0,111.0,130.0,236.0,153.0,352.0,11.0,18.8,33.2,20.5,16.0,19.3,39.8,41.1
Budos (33720),/management/ville/budos/ville-33076,0.0,30.0,46.0,122.0,91.0,102.0,179.0,177.0,108.0,124.0,27.7,33.2,36.7,22.7,16.6,20.1,19.0,23.2
Cuisy (55270),/management/ville/cuisy/ville-55137,16.0,0.0,0.0,5.0,5.0,0.0,13.0,14.0,5.0,4.0,23.5,47.1,47.1,23.8,23.5,5.9,5.9,17.6
Antignac (15240),/management/ville/antignac/ville-15008,20.0,5.0,10.0,35.0,20.0,15.0,86.0,60.0,33.0,48.0,39.5,36.1,28.6,22.2,13.4,15.7,18.5,24.1
Cajarc (46160),/management/ville/cajarc/ville-46045,30.0,90.0,50.0,85.0,140.0,90.0,328.0,238.0,159.0,231.0,28.3,39.5,33.7,17.5,14.5,18.5,23.5,24.7
Cayenne (97300),/management/ville/cayenne/ville-97302,38.0,1627.0,2424.0,5097.0,8357.0,4868.0,17321.0,7083.0,6018.0,7112.0,42.9,48.8,22.3,16.1,16.0,16.0,18.8,19.1
Château-Ville-Vieille (05350),/management/ville/chateau-ville-vieille/ville-05038,5.0,31.0,10.0,31.0,51.0,31.0,57.0,83.0,53.0,71.0,21.4,21.6,37.1,23.1,22.1,17.6,19.3,36.0
Bellevaux (74470),/management/ville/bellevaux/ville-74032,10.0,65.0,45.0,139.0,199.0,229.0,280.0,311.0,174.0,232.0,25.4,30.9,38.2,21.9,18.0,17.1,18.4,28.8
Contalmaison (80300),/management/ville/contalmaison/ville-80206,0.0,5.0,0.0,15.0,5.0,35.0,18.0,26.0,20.0,20.0,19.6,23.7,41.3,19.4,23.9,23.7,15.2,34.2
Chânes (71570),/management/ville/chanes/ville-71084,10.0,30.0,20.0,40.0,80.0,45.0,125.0,126.0,77.0,99.0,25.1,33.3,33.2,23.9,18.5,17.6,23.2,23.1
Cogolin (83310),/management/ville/cogolin/ville-83042,43.0,814.0,340.0,1013.0,2141.0,1648.0,2978.0,2650.0,1827.0,1712.0,32.4,32.6,33.4,24.2,16.8,23.0,17.5,19.9
Autry (08250),/management/ville/autry/ville-08036,15.0,0.0,5.0,10.0,10.0,0.0,45.0,26.0,19.0,9.0,42.0,49.0,32.0,20.8,16.0,22.4,10.0,8.2
Aroffe (88170),/management/ville/aroffe/ville-88013,0.0,0.0,5.0,5.0,14.0,10.0,29.0,18.0,5.0,6.0,43.3,55.2,36.7,22.9,10.0,6.9,10.0,10.3
Barr (67140),/management/ville/barr/ville-67021,10.0,259.0,508.0,839.0,857.0,964.0,1464.0,1371.0,896.0,1604.0,22.4,32.2,29.3,21.0,17.7,15.9,30.6,29.6
Ambillou (37340),/management/ville/ambillou/ville-37002,0.0,41.0,71.0,265.0,265.0,209.0,324.0,376.0,229.0,318.0,25.4,26.8,37.0,22.3,18.1,18.6,19.5,31.2
Choisy (74330),/management/ville/choisy/ville-74076,10.0,66.0,142.0,199.0,229.0,230.0,251.0,343.0,174.0,411.0,19.8,22.9,34.3,21.8,14.0,15.5,31.8,38.0
Boué (02450),/management/ville/boue/ville-02103,5.0,40.0,30.0,95.0,140.0,240.0,412.0,300.0,149.0,118.0,33.0,50.2,37.3,22.3,16.7,13.9,13.0,11.2
Boisbergues (80600),/management/ville/boisbergues/ville-80108,5.0,5.0,0.0,5.0,5.0,0.0,20.0,20.0,11.0,6.0,35.7,34.5,42.9,25.8,17.9,20.7,3.6,17.2
Berville-sur-Mer (27210),/management/ville/berville-sur-mer/ville-27064,0.0,21.0,21.0,91.0,131.0,79.0,157.0,147.0,87.0,104.0,28.0,35.2,33.2,23.5,20.4,14.8,18.4,23.8
Coulouvray-Boisbenâtre (50670),/management/ville/coulouvray-boisbenatre/ville-50144,10.0,10.0,10.0,71.0,71.0,86.0,188.0,110.0,76.0,56.0,35.2,52.3,33.8,16.7,21.1,14.0,9.9,16.4
Carlucet (46500),/management/ville/carlucet/ville-46059,15.0,10.0,10.0,24.0,10.0,10.0,46.0,33.0,45.0,50.0,28.2,24.1,21.2,19.7,21.2,29.9,29.4,28.7
Beaumé (02500),/management/ville/beaume/ville-02055,5.0,0.0,0.0,0.0,16.0,16.0,29.0,23.0,18.0,12.0,29.5,42.1,40.9,15.2,20.5,26.3,9.1,18.4
Changé (53810),/management/ville/change/ville-53054,10.0,195.0,530.0,840.0,655.0,420.0,973.0,1189.0,752.0,1404.0,20.3,24.5,32.0,22.3,16.7,18.1,31.0,33.9
Baho (66540),/management/ville/baho/ville-66012,5.0,100.0,145.0,400.0,530.0,290.0,570.0,712.0,468.0,618.0,21.8,26.1,35.6,24.2,18.3,21.1,24.3,27.7
Challain-la-Potherie (49440),/management/ville/challain-la-potherie/ville-49061,102.0,15.0,20.0,71.0,51.0,122.0,182.0,188.0,124.0,112.0,25.6,34.7,34.9,24.7,22.8,18.0,16.7,20.4
Contamine-Sarzin (74270),/management/ville/contamine-sarzin/ville-74086,15.0,25.0,49.0,123.0,79.0,103.0,67.0,155.0,89.0,174.0,13.5,13.8,40.0,21.8,18.5,18.3,28.1,45.1
Aubigné-sur-Layon (49540),/management/ville/aubigne-sur-layon/ville-49012,10.0,25.0,20.0,45.0,55.0,20.0,79.0,88.0,54.0,47.0,25.9,33.3,38.8,24.6,20.9,19.4,14.4,20.9
Aiguebelette-le-Lac (73610),/management/ville/aiguebelette-le-lac/ville-73001,0.0,5.0,25.0,41.0,36.0,25.0,22.0,50.0,34.0,89.0,9.9,12.8,32.7,17.3,19.8,13.8,37.6,55.3
Calacuccia (20224),/management/ville/calacuccia/ville-2B047,18.0,17.0,7.0,11.0,28.0,15.0,131.0,43.0,32.0,42.0,52.8,52.8,18.7,15.5,13.0,12.8,15.4,18.4
Antignac (31110),/management/ville/antignac/ville-31010,0.0,15.0,5.0,5.0,10.0,10.0,18.0,25.0,21.0,23.0,12.8,28.9,33.3,22.9,30.8,17.8,23.1,28.9
Chazé-sur-Argos (49500),/management/ville/chaze-sur-argos/ville-49089,30.0,45.0,35.0,70.0,101.0,216.0,194.0,200.0,144.0,181.0,22.8,31.3,33.9,21.0,22.5,17.5,20.8,29.4
Cayeux-en-Santerre (80800),/management/ville/cayeux-en-santerre/ville-80181,0.0,5.0,5.0,11.0,5.0,11.0,16.0,24.0,16.0,14.0,30.6,15.2,36.1,31.6,22.2,21.2,11.1,27.3
Boustroff (57380),/management/ville/boustroff/ville-57105,5.0,5.0,0.0,20.0,20.0,25.0,32.0,33.0,21.0,17.0,15.4,47.1,50.0,16.3,11.5,29.4,23.1,9.8
Cuisy (77165),/management/ville/cuisy/ville-77150,0.0,45.0,25.0,50.0,55.0,60.0,78.0,105.0,66.0,60.0,26.1,24.3,37.6,27.2,23.6,19.1,12.7,26.3
Crannes-en-Champagne (72540),/management/ville/crannes-en-champagne/ville-72107,0.0,10.0,50.0,45.0,50.0,30.0,54.0,96.0,35.0,69.0,17.3,26.1,49.6,22.5,9.4,19.1,23.7,31.3
Bellevesvre (71270),/management/ville/bellevesvre/ville-71029,0.0,14.0,5.0,28.0,14.0,24.0,62.0,83.0,39.0,43.0,20.0,34.2,50.9,22.3,14.5,19.7,14.5,23.1
Autry-Issards (03210),/management/ville/autry-issards/ville-03012,16.0,25.0,10.0,28.0,54.0,28.0,50.0,61.0,48.0,100.0,17.6,21.1,29.4,18.4,13.2,24.4,39.7,37.4
Bouée (44260),/management/ville/bouee/ville-44019,25.0,35.0,60.0,135.0,115.0,70.0,129.0,229.0,140.0,181.0,15.7,22.3,40.8,25.6,18.9,22.3,24.6,28.7
Carlus (81990),/management/ville/carlus/ville-81059,0.0,15.0,59.0,80.0,75.0,60.0,143.0,119.0,101.0,159.0,25.6,29.2,30.5,15.8,16.4,22.3,27.5,33.8
Bué (18300),/management/ville/bue/ville-18039,20.0,10.0,25.0,20.0,30.0,40.0,57.0,75.0,50.0,70.0,18.6,27.0,35.7,22.7,20.2,19.0,25.6,30.2
Aromas (39240),/management/ville/aromas/ville-39018,0.0,35.0,5.0,55.0,70.0,55.0,190.0,124.0,92.0,98.0,37.8,37.7,31.6,19.5,13.8,22.1,16.9,21.4
Billé (35133),/management/ville/bille/ville-35025,35.0,10.0,35.0,105.0,100.0,179.0,223.0,246.0,124.0,152.0,27.2,32.4,38.5,24.6,17.5,16.0,16.7,24.2
Breuil (80400),/management/ville/breuil/ville-80139,0.0,5.0,5.0,0.0,5.0,15.0,16.0,7.0,6.0,11.0,40.0,40.0,10.0,21.7,20.0,10.0,30.0,25.0
Boisbreteau (16480),/management/ville/boisbreteau/ville-16048,16.0,0.0,0.0,5.0,16.0,26.0,44.0,38.0,22.0,17.0,30.6,43.1,38.7,23.8,17.7,17.2,12.9,13.8
Barrais-Bussolles (03120),/management/ville/barrais-bussolles/ville-03017,24.0,10.0,0.0,19.0,34.0,15.0,44.0,46.0,32.0,27.0,25.0,33.3,37.5,23.4,22.2,21.3,15.3,21.3
Cohade (43100),/management/ville/cohade/ville-43074,0.0,46.0,46.0,118.0,123.0,138.0,197.0,229.0,100.0,109.0,28.1,34.1,42.6,26.2,15.1,16.4,14.2,19.9
Choisy-au-Bac (60750),/management/ville/choisy-au-bac/ville-60151,0.0,70.0,311.0,430.0,336.0,236.0,637.0,652.0,394.0,775.0,23.9,27.7,30.3,21.8,14.7,17.3,31.1,31.9
Bahus-Soubiran (40320),/management/ville/bahus-soubiran/ville-40022,10.0,25.0,25.0,40.0,54.0,34.0,78.0,138.0,52.0,56.0,22.2,26.2,50.0,30.0,13.0,18.9,14.8,20.1
Ambilly (74100),/management/ville/ambilly/ville-74008,0.0,133.0,418.0,870.0,1274.0,733.0,1340.0,1148.0,839.0,1419.0,25.5,30.6,27.7,20.6,17.0,18.2,29.8,30.0
Calais (62100),/management/ville/calais/ville-62193,31.0,1150.0,2068.0,5658.0,10572.0,8976.0,23367.0,14163.0,8454.0,8434.0,40.7,45.2,29.3,21.2,15.4,15.7,14.6,16.4
Berville-sur-Seine (76480),/management/ville/berville-sur-seine/ville-76088,0.0,15.0,29.0,55.0,105.0,70.0,128.0,128.0,68.0,69.0,30.2,35.8,39.7,23.8,15.6,18.7,14.6,20.2
Change (21340),/management/ville/change/ville-71085,10.0,5.0,0.0,10.0,15.0,35.0,40.0,59.0,32.0,36.0,22.1,25.9,46.5,23.8,14.0,24.7,17.4,25.9
Château-Voué (57170),/management/ville/chateau-voue/ville-57133,0.0,11.0,5.0,0.0,5.0,21.0,21.0,34.0,15.0,20.0,20.5,28.3,47.7,25.0,15.9,15.2,15.9,28.3
Coulx (47260),/management/ville/coulx/ville-47071,30.0,15.0,0.0,30.0,10.0,15.0,85.0,47.0,35.0,31.0,32.3,52.4,30.1,17.8,19.4,16.2,18.3,13.3
Contamine-sur-Arve (74130),/management/ville/contamine-sur-arve/ville-74087,5.0,50.0,200.0,335.0,260.0,215.0,293.0,376.0,269.0,489.0,20.7,20.4,30.6,21.7,18.2,19.5,30.6,37.8
Aiguefonde (81200),/management/ville/aiguefonde/ville-81002,15.0,105.0,70.0,261.0,261.0,276.0,591.0,682.0,373.0,347.0,28.7,30.5,38.7,27.3,17.2,20.2,15.5,19.3
Challans (85300),/management/ville/challans/ville-85047,101.0,630.0,802.0,1961.0,2682.0,2344.0,5132.0,5173.0,2381.0,3224.0,26.8,36.9,37.9,24.7,15.4,14.6,20.0,20.5
Chazeaux (07110),/management/ville/chazeaux/ville-07062,10.0,5.0,5.0,10.0,10.0,0.0,30.0,32.0,20.0,22.0,24.0,33.3,42.0,20.8,16.0,22.2,18.0,24.1
Bout-du-Pont-de-Larn (81660),/management/ville/bout-du-pont-de-larn/ville-81036,0.0,65.0,40.0,135.0,145.0,130.0,280.0,298.0,171.0,232.0,28.4,28.7,35.4,24.1,14.9,19.9,21.3,26.0
Antigny (85120),/management/ville/antigny/ville-85005,25.0,30.0,10.0,65.0,135.0,220.0,280.0,289.0,122.0,150.0,29.8,36.6,39.4,25.8,14.3,14.7,16.5,19.1
Crans (01320),/management/ville/crans/ville-01129,0.0,10.0,24.0,29.0,15.0,64.0,72.0,63.0,26.0,42.0,29.2,40.7,34.4,24.2,15.6,10.2,20.8,20.4
Bellevigne (16120),/management/ville/bellevigne/ville-16204,65.0,70.0,50.0,104.0,169.0,267.0,362.0,306.0,202.0,164.0,31.9,38.2,36.5,22.2,18.0,21.0,13.6,18.2
Beauménil (88600),/management/ville/beaumenil/ville-88046,0.0,0.0,0.0,9.0,9.0,14.0,39.0,27.0,16.0,19.0,42.9,36.0,26.5,25.0,14.3,16.0,16.3,20.0
Cuisy-en-Almont (02200),/management/ville/cuisy-en-almont/ville-02253,15.0,5.0,15.0,69.0,44.0,64.0,63.0,70.0,50.0,75.0,21.5,27.0,34.7,20.4,19.0,20.4,24.8,32.1
Cayeux-sur-Mer (80410),/management/ville/cayeux-sur-mer/ville-80182,15.0,105.0,60.0,165.0,205.0,305.0,971.0,608.0,239.0,266.0,40.2,52.3,36.9,20.2,10.8,12.1,12.1,13.4
Aubignosc (04200),/management/ville/aubignosc/ville-04013,10.0,52.0,26.0,90.0,73.0,58.0,113.0,130.0,87.0,110.0,21.0,30.6,37.9,20.9,18.3,21.3,22.8,27.3
Billecul (39250),/management/ville/billecul/ville-39055,5.0,0.0,0.0,10.0,5.0,0.0,9.0,7.0,5.0,12.0,21.1,33.3,26.3,12.5,21.1,6.7,31.6,46.7
Autry-le-Châtel (45500),/management/ville/autry-le-chatel/ville-45016,20.0,10.0,30.0,95.0,170.0,155.0,208.0,271.0,111.0,136.0,21.7,35.4,44.8,25.7,17.3,13.4,16.2,21.3
Crans (39300),/management/ville/crans/ville-39178,10.0,0.0,0.0,5.0,15.0,20.0,19.0,13.0,11.0,16.0,25.0,40.7,28.1,14.8,21.9,14.8,25.0,29.6
Bueil (27730),/management/ville/bueil/ville-27119,0.0,47.0,72.0,177.0,233.0,129.0,386.0,377.0,212.0,224.0,29.3,34.6,36.6,25.0,16.3,18.9,17.8,19.5
Aron (53440),/management/ville/aron/ville-53008,84.0,15.0,45.0,159.0,248.0,302.0,370.0,461.0,260.0,261.0,26.7,28.0,37.9,27.9,17.3,21.1,18.2,20.4
Boueilh-Boueilho-Lasque (64330),/management/ville/boueilh-boueilho-lasque/ville-64141,20.0,29.0,20.0,34.0,20.0,29.0,77.0,84.0,58.0,47.0,27.6,30.0,38.6,24.0,23.6,20.7,10.2,24.3
Barran (32350),/management/ville/barran/ville-32029,36.0,10.0,5.0,76.0,107.0,102.0,145.0,151.0,95.0,155.0,24.5,28.8,32.8,21.7,16.1,18.8,26.6,29.9
Boischampré (61570),/management/ville/boischampre/ville-61375,49.0,31.0,31.0,113.0,174.0,169.0,301.0,253.0,165.0,159.0,32.4,36.1,36.4,21.3,18.2,19.2,13.1,22.9
Carlux (24370),/management/ville/carlux/ville-24081,15.0,15.0,20.0,80.0,75.0,25.0,122.0,187.0,98.0,106.0,20.9,26.3,44.7,27.5,14.8,23.0,19.7,21.5
Caylus (82160),/management/ville/caylus/ville-82038,40.0,120.0,30.0,69.0,164.0,95.0,417.0,306.0,202.0,246.0,31.1,39.7,35.2,17.9,15.5,18.9,18.1,23.8
Cohennoz (73400),/management/ville/cohennoz/ville-73088,5.0,10.0,5.0,20.0,15.0,30.0,29.0,43.0,33.0,32.0,20.5,21.9,37.0,25.4,21.9,26.6,20.5,26.6
Breuil-Barret (85120),/management/ville/breuil-barret/ville-85037,30.0,30.0,15.0,50.0,104.0,110.0,171.0,144.0,94.0,89.0,28.9,39.9,34.4,21.8,21.5,16.0,15.2,20.6
Calamane (46150),/management/ville/calamane/ville-46046,4.0,29.0,19.0,55.0,69.0,34.0,104.0,101.0,68.0,74.0,28.6,30.9,36.9,21.8,17.9,21.3,16.7,25.8
Beaumerie-Saint-Martin (62170),/management/ville/beaumerie-saint-martin/ville-62094,5.0,15.0,10.0,65.0,50.0,45.0,76.0,89.0,60.0,53.0,20.4,34.0,40.1,23.1,23.4,19.9,16.1,22.0
Berviller-en-Moselle (57550),/management/ville/berviller-en-moselle/ville-57069,0.0,30.0,20.0,51.0,36.0,81.0,116.0,122.0,81.0,64.0,20.4,39.6,38.7,23.9,23.7,19.3,17.2,15.7
Baie-Mahault (97122),/management/ville/baie-mahault/ville-97103,46.0,1282.0,2120.0,4128.0,4997.0,2113.0,6441.0,3486.0,4680.0,7012.0,31.8,28.2,18.6,15.4,20.7,22.4,28.9,35.2
Châteaubernard (16100),/management/ville/chateaubernard/ville-16089,5.0,60.0,167.0,378.0,473.0,529.0,1051.0,936.0,461.0,541.0,30.3,39.5,35.5,24.5,15.6,15.2,18.5,17.7
Amblainville (60110),/management/ville/amblainville/ville-60010,15.0,55.0,169.0,268.0,193.0,154.0,319.0,370.0,231.0,341.0,22.4,28.1,37.3,21.3,17.0,19.6,23.3,30.6
Cransac (12110),/management/ville/cransac/ville-12083,20.0,39.0,20.0,84.0,208.0,208.0,545.0,421.0,167.0,138.0,32.1,52.8,44.4,21.1,12.6,13.5,11.0,10.6
Coume (57220),/management/ville/coume/ville-57154,10.0,20.0,25.0,90.0,109.0,94.0,133.0,185.0,83.0,103.0,18.4,33.7,41.8,27.2,18.4,14.9,21.3,19.5
Barrancoueu (65240),/management/ville/barrancoueu/ville-65066,0.0,5.0,0.0,0.0,5.0,0.0,10.0,8.0,7.0,4.0,37.5,30.8,25.0,28.6,25.0,23.1,12.5,15.4
Culan (18270),/management/ville/culan/ville-18083,20.0,40.0,5.0,50.0,90.0,99.0,268.0,187.0,79.0,75.0,35.1,51.9,38.1,21.6,14.1,11.9,12.7,11.9
Bouteilles-Saint-Sébastien (24320),/management/ville/bouteilles-saint-sebastien/ville-24062,10.0,15.0,0.0,20.0,5.0,10.0,40.0,45.0,22.0,30.0,24.6,33.3,44.6,21.6,12.3,19.4,18.5,25.0
Choisy-en-Brie (77320),/management/ville/choisy-en-brie/ville-77116,16.0,42.0,73.0,204.0,214.0,131.0,299.0,308.0,201.0,208.0,30.2,28.6,32.6,26.4,17.6,22.0,19.6,21.4
Challement (58420),/management/ville/challement/ville-58050,6.0,0.0,12.0,0.0,6.0,0.0,18.0,15.0,11.0,6.0,34.6,40.0,38.5,20.8,19.2,24.0,7.7,16.0
Changé (72560),/management/ville/change/ville-72058,10.0,145.0,465.0,890.0,840.0,505.0,1178.0,1458.0,746.0,1331.0,20.0,29.6,36.9,23.2,15.4,16.2,27.6,28.8
Aigueperse (63260),/management/ville/aigueperse/ville-63001,5.0,94.0,79.0,213.0,367.0,347.0,820.0,616.0,319.0,386.0,29.3,45.6,35.9,21.2,15.4,14.5,19.3,16.9
Antigny (86310),/management/ville/antigny/ville-86006,15.0,26.0,15.0,72.0,62.0,77.0,163.0,139.0,75.0,79.0,30.0,41.5,37.0,22.4,16.3,16.6,16.7,17.9
Aubigny (03460),/management/ville/aubigny/ville-03009,5.0,0.0,5.0,5.0,20.0,20.0,17.0,29.0,24.0,14.0,14.0,26.8,30.2,31.4,41.9,14.6,14.0,19.5
Chazelet (36170),/management/ville/chazelet/ville-36049,14.0,0.0,0.0,0.0,5.0,10.0,32.0,25.0,17.0,25.0,31.4,31.3,31.4,18.4,19.6,16.7,17.6,33.3
Autun (71400),/management/ville/autun/ville-71014,28.0,349.0,617.0,1172.0,1682.0,1604.0,3917.0,2910.0,1561.0,2253.0,31.7,40.8,32.6,21.2,15.9,13.7,19.8,22.2
Aroue-Ithorots-Olhaïby (64120),/management/ville/aroue-ithorots-olhaiby/ville-64049,0.0,5.0,10.0,30.0,25.0,30.0,59.0,60.0,27.0,33.0,26.8,39.8,39.2,24.2,13.4,16.9,20.6,16.9
Billère (64140),/management/ville/billere/ville-64129,3.0,269.0,773.0,1709.0,2117.0,1261.0,2335.0,2543.0,1962.0,3215.0,20.0,25.7,29.7,21.3,19.8,19.3,30.4,33.2
Cayrac (82440),/management/ville/cayrac/ville-82039,0.0,0.0,30.0,50.0,111.0,65.0,134.0,112.0,69.0,87.0,34.0,32.8,31.5,23.2,14.5,19.4,20.0,23.4
Châteaubleau (77370),/management/ville/chateaubleau/ville-77098,0.0,5.0,20.0,30.0,70.0,40.0,97.0,58.0,52.0,53.0,31.8,43.0,28.8,16.5,18.9,21.1,20.5,20.3
Bellevigne-en-Layon (49380),/management/ville/bellevigne-en-layon/ville-49345,166.0,186.0,276.0,688.0,693.0,733.0,1094.0,1126.0,716.0,1158.0,22.0,31.3,33.1,21.0,17.9,17.2,27.0,29.5
Boiscommun (45340),/management/ville/boiscommun/ville-45035,10.0,30.0,40.0,80.0,160.0,145.0,294.0,297.0,140.0,125.0,33.3,35.5,39.5,27.3,13.2,19.3,14.1,15.0
Bueil-en-Touraine (37370),/management/ville/bueil-en-touraine/ville-37041,5.0,0.0,5.0,50.0,45.0,55.0,61.0,69.0,48.0,55.0,23.4,30.0,34.7,22.4,22.6,18.2,19.4,28.2
Carly (62830),/management/ville/carly/ville-62214,5.0,40.0,34.0,74.0,50.0,68.0,121.0,93.0,73.0,122.0,26.4,32.5,28.8,16.3,18.9,16.8,25.9,34.5
Breuil-Bois-Robert (78930),/management/ville/breuil-bois-robert/ville-78104,5.0,10.0,108.0,54.0,79.0,49.0,127.0,129.0,83.0,193.0,22.6,25.5,29.2,19.3,12.8,17.8,35.4,37.1
Cohiniac (22800),/management/ville/cohiniac/ville-22045,20.0,0.0,10.0,55.0,35.0,90.0,80.0,86.0,60.0,53.0,23.6,34.4,38.5,22.7,18.9,24.4,18.9,19.1
Calan (56240),/management/ville/calan/ville-56029,20.0,25.0,55.0,190.0,150.0,150.0,141.0,262.0,184.0,226.0,16.1,18.7,37.5,25.5,23.6,21.6,22.9,32.8
Berzé-la-Ville (71960),/management/ville/berze-la-ville/ville-71032,5.0,25.0,5.0,122.0,86.0,81.0,81.0,148.0,94.0,167.0,15.2,17.5,35.2,23.9,18.9,19.9,30.7,37.4
Baigneaux (28140),/management/ville/baigneaux/ville-28019,6.0,6.0,11.0,28.0,34.0,56.0,54.0,53.0,30.0,35.0,34.9,28.1,31.3,27.0,18.1,18.0,15.7,23.6
Beaumes-de-Venise (84190),/management/ville/beaumes-de-venise/ville-84012,25.0,95.0,116.0,302.0,272.0,186.0,584.0,434.0,272.0,520.0,27.9,36.0,30.0,18.4,13.8,16.1,28.3,29.1
Contault (51330),/management/ville/contault/ville-51166,0.0,5.0,0.0,0.0,10.0,0.0,12.0,18.0,12.0,9.0,22.2,25.0,37.0,30.8,22.2,25.0,18.5,16.7
Culètre (21230),/management/ville/culetre/ville-21216,0.0,5.0,19.0,0.0,14.0,9.0,20.0,26.0,10.0,9.0,31.4,25.8,40.0,33.3,11.4,22.6,17.1,12.9
Aigueperse (69790),/management/ville/aigueperse/ville-69002,20.0,10.0,5.0,5.0,46.0,36.0,62.0,71.0,45.0,27.0,25.0,37.1,42.6,26.0,19.4,23.7,13.0,12.4
Buellas (01310),/management/ville/buellas/ville-01065,15.0,41.0,153.0,279.0,238.0,151.0,277.0,355.0,244.0,413.0,19.8,23.1,34.2,20.8,18.1,19.8,27.9,36.1
Boisdinghem (62500),/management/ville/boisdinghem/ville-62149,0.0,5.0,5.0,35.0,20.0,60.0,46.0,36.0,36.0,50.0,20.7,33.7,30.5,14.3,19.5,23.3,29.3,30.2
Cohons (52600),/management/ville/cohons/ville-52134,5.0,10.0,20.0,15.0,30.0,20.0,64.0,55.0,32.0,30.0,24.4,45.7,42.2,18.5,17.8,18.5,15.6,17.4
Antigny-la-Ville (21230),/management/ville/antigny-la-ville/ville-21015,0.0,6.0,0.0,12.0,12.0,12.0,23.0,31.0,8.0,17.0,22.9,34.1,45.7,27.8,8.6,11.4,22.9,20.5
Amblans-et-Velotte (70200),/management/ville/amblans-et-velotte/ville-70014,0.0,10.0,25.0,54.0,25.0,44.0,80.0,100.0,38.0,73.0,21.3,32.9,42.6,23.5,14.2,12.8,22.0,27.5
Challerange (08400),/management/ville/challerange/ville-08097,5.0,0.0,10.0,25.0,75.0,75.0,129.0,140.0,43.0,33.0,28.7,45.5,50.9,26.4,10.8,14.0,9.6,9.6
Auty (82220),/management/ville/auty/ville-82007,0.0,0.0,10.0,16.0,21.0,21.0,31.0,28.0,24.0,26.0,25.0,32.7,30.8,22.2,19.2,23.6,25.0,21.8
Choisy-la-Victoire (60190),/management/ville/choisy-la-victoire/ville-60152,5.0,26.0,15.0,31.0,26.0,36.0,44.0,51.0,37.0,36.0,25.0,28.4,37.5,21.4,25.0,18.5,12.5,30.9
Aroz (70360),/management/ville/aroz/ville-70028,0.0,0.0,10.0,5.0,15.0,31.0,32.0,32.0,30.0,25.0,22.8,30.5,35.1,21.8,22.8,27.1,19.3,22.0
Carmaux (81400),/management/ville/carmaux/ville-81060,11.0,225.0,204.0,681.0,1261.0,1000.0,3320.0,2068.0,1138.0,1049.0,36.1,50.1,36.3,19.3,13.4,16.4,14.2,13.5
Berzé-le-Châtel (71960),/management/ville/berze-le-chatel/ville-71031,0.0,0.0,0.0,5.0,10.0,0.0,7.0,7.0,10.0,20.0,13.0,19.0,13.0,21.1,17.4,28.6,56.5,33.3
Bouelles (76270),/management/ville/bouelles/ville-76130,0.0,0.0,15.0,25.0,45.0,30.0,72.0,56.0,35.0,36.0,30.0,42.4,32.0,22.0,21.0,14.1,17.0,19.2
Chazelles (15500),/management/ville/chazelles/ville-15048,5.0,0.0,0.0,0.0,5.0,0.0,16.0,11.0,1.0,4.0,25.0,75.0,56.3,11.1,6.3,0.0,12.5,12.5
Barras (04380),/management/ville/barras/ville-04021,14.0,14.0,0.0,14.0,19.0,5.0,18.0,30.0,19.0,32.0,18.4,20.0,28.6,27.8,16.3,22.0,36.7,28.0
Cayres (43510),/management/ville/cayres/ville-43042,40.0,25.0,20.0,65.0,110.0,85.0,220.0,155.0,97.0,86.0,33.2,45.1,36.2,19.7,15.9,18.9,14.8,16.1
Counozouls (11140),/management/ville/counozouls/ville-11104,0.0,5.0,0.0,5.0,0.0,0.0,23.0,11.0,3.0,8.0,39.1,63.6,30.4,16.0,8.7,4.5,21.7,13.6
Bellevigne-les-Châteaux (49260),/management/ville/bellevigne-les-chateaux/ville-49060,25.0,54.0,102.0,314.0,567.0,577.0,1012.0,872.0,391.0,395.0,33.9,41.7,38.2,24.5,14.0,15.3,13.9,15.6
Billey (21130),/management/ville/billey/ville-21074,0.0,5.0,10.0,21.0,26.0,36.0,56.0,61.0,34.0,36.0,31.6,27.5,31.6,29.1,17.3,19.8,19.4,19.8
Boutenac (11200),/management/ville/boutenac/ville-11048,15.0,30.0,15.0,69.0,69.0,89.0,208.0,128.0,98.0,115.0,36.0,39.7,27.5,19.0,18.2,17.6,18.2,23.4
Aigues-Juntes (09240),/management/ville/aigues-juntes/ville-09001,5.0,15.0,5.0,10.0,5.0,5.0,17.0,18.0,7.0,13.0,32.3,29.2,29.0,30.0,12.9,12.5,25.8,20.8
Antilly (57640),/management/ville/antilly/ville-57024,0.0,0.0,5.0,53.0,19.0,5.0,20.0,17.0,22.0,54.0,16.9,19.3,15.3,15.5,25.4,14.0,42.4,50.9
Calanhel (22160),/management/ville/calanhel/ville-22024,33.0,5.0,5.0,9.0,33.0,19.0,53.0,57.0,29.0,28.0,27.7,35.7,41.0,24.2,20.5,14.3,10.8,22.6
Culey (55000),/management/ville/culey/ville-55138,5.0,10.0,16.0,10.0,36.0,5.0,26.0,40.0,17.0,28.0,23.6,21.8,43.6,27.0,12.7,16.4,20.0,30.9
Breuil-la-Réorte (17700),/management/ville/breuil-la-reorte/ville-17063,15.0,10.0,10.0,35.0,70.0,55.0,94.0,113.0,49.0,70.0,28.2,29.4,35.0,28.0,18.4,11.7,18.4,24.5
Châteaubourg (07130),/management/ville/chateaubourg/ville-07059,10.0,5.0,36.0,36.0,15.0,10.0,44.0,42.0,23.0,57.0,29.4,22.8,21.2,25.8,11.8,16.5,37.6,31.6
Berzème (07580),/management/ville/berzeme/ville-07032,30.0,0.0,5.0,25.0,20.0,20.0,28.0,27.0,35.0,41.0,20.0,23.0,22.9,18.3,32.9,19.7,24.3,39.3
Baigneaux (33760),/management/ville/baigneaux/ville-33025,0.0,25.0,5.0,50.0,55.0,55.0,73.0,104.0,45.0,63.0,25.5,25.7,40.9,27.7,16.1,15.5,17.5,26.4
Billezois (03120),/management/ville/billezois/ville-03028,15.0,14.0,0.0,26.0,64.0,59.0,122.0,80.0,52.0,29.0,40.3,45.5,36.0,20.7,18.7,17.9,5.0,15.2
Contay (80560),/management/ville/contay/ville-80207,5.0,20.0,20.0,55.0,20.0,20.0,81.0,74.0,48.0,66.0,28.9,31.2,33.6,21.2,17.2,18.4,20.3,28.4
Buethwiller (68210),/management/ville/buethwiller/ville-68057,10.0,0.0,20.0,50.0,30.0,20.0,49.0,64.0,23.0,50.0,15.2,37.2,48.9,18.6,13.0,11.7,22.8,30.9
Boisdon (77970),/management/ville/boisdon/ville-77036,0.0,0.0,11.0,5.0,43.0,11.0,34.0,29.0,14.0,24.0,37.5,30.2,29.2,25.4,10.4,17.0,22.9,24.5
Aubigny (14700),/management/ville/aubigny/ville-14025,0.0,10.0,10.0,49.0,34.0,24.0,61.0,65.0,35.0,62.0,20.8,33.1,40.6,18.2,16.0,16.1,22.6,32.2
Coiffy-le-Bas (52400),/management/ville/coiffy-le-bas/ville-52135,0.0,0.0,0.0,10.0,15.0,10.0,37.0,29.0,8.0,7.0,34.2,55.8,50.0,20.8,7.9,11.6,7.9,9.3
Beaumesnil (14380),/management/ville/beaumesnil/ville-14054,5.0,0.0,5.0,20.0,25.0,60.0,47.0,45.0,27.0,24.0,30.0,35.6,44.3,19.7,15.7,21.9,10.0,23.3
Challes (72250),/management/ville/challes/ville-72053,25.0,40.0,20.0,150.0,160.0,165.0,235.0,261.0,175.0,196.0,23.7,30.5,36.2,23.2,20.0,20.4,20.2,25.0
Auvare (06260),/management/ville/auvare/ville-06008,0.0,0.0,10.0,0.0,0.0,0.0,6.0,4.0,6.0,10.0,21.4,25.0,28.6,0.0,14.3,33.3,35.7,41.7
Ambleny (02290),/management/ville/ambleny/ville-02011,0.0,35.0,50.0,175.0,115.0,135.0,255.0,259.0,145.0,192.0,26.5,33.2,38.4,22.3,13.9,20.0,21.2,23.9
Antilly (60620),/management/ville/antilly/ville-60020,0.0,5.0,20.0,40.0,40.0,20.0,106.0,54.0,32.0,26.0,28.6,61.2,40.5,14.6,17.9,12.7,13.1,11.2
Calavanté (65190),/management/ville/calavante/ville-65120,0.0,10.0,20.0,46.0,46.0,31.0,52.0,85.0,46.0,60.0,21.4,22.0,45.2,23.3,15.9,22.0,17.5,32.2
Arpaillargues-et-Aureillac (30700),/management/ville/arpaillargues-et-aureillac/ville-30014,25.0,85.0,85.0,90.0,155.0,70.0,180.0,227.0,135.0,224.0,20.4,26.3,36.4,22.2,17.9,17.4,25.3,32.8
Bouéni (97620),/management/ville/boueni/ville-97604,,,,,,,,,,,,,,,,,,
Cayriech (82240),/management/ville/cayriech/ville-82040,10.0,5.0,5.0,49.0,49.0,39.0,45.0,73.0,52.0,46.0,18.0,24.1,39.6,26.1,24.3,24.1,18.0,25.0
Barraute-Camu (64390),/management/ville/barraute-camu/ville-64096,5.0,5.0,5.0,40.0,25.0,15.0,29.0,50.0,25.0,29.0,20.0,23.3,48.3,28.4,8.3,27.4,23.3,20.5
Chazelles (16380),/management/ville/chazelles/ville-16093,30.0,35.0,50.0,150.0,210.0,235.0,309.0,430.0,232.0,225.0,21.7,29.9,43.0,26.8,18.3,20.5,17.1,20.5
Bellevigny (85170),/management/ville/bellevigny/ville-85019,19.0,141.0,356.0,789.0,814.0,926.0,838.0,1460.0,801.0,1118.0,16.5,23.0,41.8,25.8,18.1,19.8,23.6,29.3
Changey (52360),/management/ville/changey/ville-52105,10.0,5.0,10.0,25.0,15.0,65.0,78.0,74.0,31.0,54.0,31.1,34.8,32.8,25.2,13.9,12.2,22.1,23.5
Coupelle-Neuve (62310),/management/ville/coupelle-neuve/ville-62246,0.0,0.0,0.0,31.0,26.0,36.0,40.0,28.0,35.0,21.0,19.7,44.4,32.8,14.8,31.1,27.0,16.4,15.9
Crantenoy (54740),/management/ville/crantenoy/ville-54142,0.0,5.0,15.0,10.0,15.0,10.0,20.0,34.0,20.0,29.0,14.0,24.5,34.0,27.9,22.0,17.0,30.0,26.4
Culey-le-Patry (14220),/management/ville/culey-le-patry/ville-14211,20.0,5.0,10.0,35.0,50.0,40.0,75.0,77.0,55.0,55.0,22.9,34.4,35.1,22.0,26.0,16.0,16.0,26.0
Challes-la-Montagne (01450),/management/ville/challes-la-montagne/ville-01077,10.0,0.0,20.0,25.0,35.0,10.0,25.0,54.0,33.0,34.0,13.2,20.5,42.6,28.4,26.5,19.2,17.6,28.2
Breuil-le-Sec (60840),/management/ville/breuil-le-sec/ville-60106,5.0,40.0,177.0,418.0,330.0,226.0,503.0,579.0,316.0,494.0,24.0,29.0,35.1,24.1,15.8,17.6,25.0,27.2
Berzieux (51800),/management/ville/berzieux/ville-51053,0.0,5.0,0.0,0.0,10.0,5.0,17.0,12.0,6.0,15.0,30.8,37.5,26.9,19.2,11.5,12.5,30.8,29.2
Aigues-Mortes (30220),/management/ville/aigues-mortes/ville-30003,60.0,448.0,346.0,798.0,1322.0,787.0,2269.0,1743.0,1057.0,1335.0,33.6,37.1,32.0,21.8,15.2,17.7,19.3,22.3
Châteaubourg (35220),/management/ville/chateaubourg/ville-35068,25.0,173.0,599.0,1074.0,965.0,782.0,970.0,1213.0,818.0,1768.0,17.3,23.3,30.2,20.1,17.1,17.3,35.5,38.6
Boutenac-Touvent (17120),/management/ville/boutenac-touvent/ville-17060,15.0,5.0,0.0,10.0,25.0,20.0,65.0,62.0,30.0,22.0,37.9,34.8,37.9,28.4,12.6,20.7,11.5,13.0
Choisy-le-Roi (94600),/management/ville/choisy-le-roi/ville-94022,0.0,1106.0,4124.0,6266.0,7029.0,3916.0,9104.0,5479.0,5649.0,10297.0,29.3,30.3,19.6,16.8,18.3,18.7,32.7,34.7
Buffard (25440),/management/ville/buffard/ville-25098,9.0,4.0,9.0,13.0,18.0,18.0,20.0,32.0,20.0,46.0,14.5,20.7,32.3,20.0,17.7,17.2,35.5,41.4
Baignes (70000),/management/ville/baignes/ville-70047,0.0,10.0,0.0,10.0,5.0,5.0,18.0,26.0,8.0,18.0,25.0,25.0,47.2,24.3,11.1,12.5,16.7,34.4
Conte (39300),/management/ville/conte/ville-39165,0.0,0.0,0.0,5.0,0.0,22.0,16.0,17.0,7.0,7.0,21.7,50.0,52.2,20.8,13.0,13.6,13.0,13.6
Boisemont (95000),/management/ville/boisemont/ville-95074,0.0,49.0,102.0,113.0,44.0,39.0,87.0,122.0,98.0,244.0,14.7,16.8,24.4,19.6,18.3,17.2,42.7,45.8
Beaumettes (84220),/management/ville/beaumettes/ville-84013,0.0,10.0,20.0,15.0,30.0,25.0,43.0,30.0,50.0,66.0,19.8,26.1,19.8,13.9,27.1,26.1,33.3,35.9
Cayrols (15290),/management/ville/cayrols/ville-15030,5.0,0.0,10.0,20.0,65.0,45.0,73.0,73.0,39.0,39.0,22.9,43.4,43.2,19.3,21.2,13.2,12.7,22.6
Coiffy-le-Haut (52400),/management/ville/coiffy-le-haut/ville-52136,0.0,0.0,16.0,0.0,16.0,27.0,38.0,25.0,22.0,16.0,34.9,39.7,41.9,13.7,18.6,24.1,4.7,24.1
Auve (51800),/management/ville/auve/ville-51027,20.0,0.0,10.0,30.0,25.0,30.0,49.0,53.0,44.0,54.0,21.9,26.9,36.5,18.9,17.7,26.0,24.0,29.8
Aubigny (79390),/management/ville/aubigny/ville-79019,0.0,10.0,5.0,0.0,26.0,36.0,50.0,39.0,23.0,21.0,29.2,47.0,41.5,18.5,13.8,19.7,15.4,15.2
Carnac (56340),/management/ville/carnac/ville-56034,40.0,255.0,180.0,325.0,540.0,315.0,893.0,897.0,741.0,1065.0,19.0,29.9,29.5,20.9,20.3,20.9,31.2,28.3
Arpajon (91290),/management/ville/arpajon/ville-91021,0.0,210.0,875.0,1503.0,1445.0,1081.0,2243.0,1865.0,1289.0,2223.0,28.5,30.3,27.4,20.8,16.7,17.1,27.4,30.9
Belleville (54940),/management/ville/belleville/ville-54060,5.0,60.0,89.0,204.0,224.0,164.0,258.0,331.0,204.0,264.0,22.8,26.1,34.3,26.1,18.6,19.8,24.3,25.7
Aigues-Vives (09600),/management/ville/aigues-vives/ville-09002,0.0,20.0,45.0,76.0,81.0,81.0,141.0,155.0,88.0,110.0,28.1,29.1,37.8,24.0,14.5,20.9,19.7,25.0
Boutencourt (60590),/management/ville/boutencourt/ville-60097,0.0,5.0,25.0,30.0,40.0,40.0,41.0,53.0,22.0,53.0,22.6,25.9,34.5,24.7,11.9,14.1,31.0,31.8
Châteaubriant (44110),/management/ville/chateaubriant/ville-44036,43.0,377.0,434.0,996.0,1466.0,1460.0,3564.0,2503.0,1252.0,1689.0,32.2,45.7,33.8,20.6,15.8,12.3,18.2,19.2
Calcatoggio (20111),/management/ville/calcatoggio/ville-2A048,4.0,37.0,25.0,51.0,80.0,34.0,146.0,87.0,114.0,95.0,34.5,31.3,23.3,18.4,23.3,28.6,18.8,24.0
Antin (65220),/management/ville/antin/ville-65015,10.0,0.0,0.0,10.0,5.0,20.0,31.0,23.0,16.0,21.0,22.4,47.6,32.7,15.9,22.4,11.9,22.4,23.8
Baignes-Sainte-Radegonde (16360),/management/ville/baignes-sainte-radegonde/ville-16025,36.0,57.0,21.0,77.0,170.0,180.0,392.0,313.0,145.0,186.0,29.0,45.4,39.6,20.8,11.7,16.2,19.7,16.5
Barraux (38530),/management/ville/barraux/ville-38027,5.0,81.0,201.0,271.0,192.0,146.0,257.0,314.0,183.0,552.0,16.8,22.5,29.1,18.4,13.1,15.0,41.1,43.4
Billiat (01200),/management/ville/billiat/ville-01044,0.0,10.0,29.0,58.0,92.0,116.0,105.0,150.0,72.0,110.0,20.4,27.8,42.2,23.9,15.6,17.5,21.8,28.8
Carnac-Rouffiac (46140),/management/ville/carnac-rouffiac/ville-46060,15.0,10.0,0.0,24.0,10.0,23.0,63.0,37.0,32.0,56.0,29.8,37.2,25.5,14.6,14.9,19.1,29.8,29.8
Belleville-en-Beaujolais (69220),/management/ville/belleville-en-beaujolais/ville-69019,20.0,380.0,553.0,1493.0,1808.0,1910.0,3044.0,2559.0,1541.0,1924.0,28.2,38.4,34.2,21.5,17.3,16.7,20.2,22.1
Berzy-le-Sec (02200),/management/ville/berzy-le-sec/ville-02077,10.0,5.0,20.0,81.0,66.0,20.0,82.0,94.0,46.0,65.0,24.4,32.5,40.7,24.0,15.6,15.9,19.3,25.2
Culhat (63350),/management/ville/culhat/ville-63131,21.0,40.0,83.0,88.0,155.0,141.0,339.0,234.0,142.0,165.0,30.7,45.6,36.4,17.2,16.3,15.9,16.5,21.0
Buffières (71250),/management/ville/buffieres/ville-71065,10.0,20.0,20.0,35.0,25.0,20.0,60.0,59.0,28.0,70.0,21.5,33.6,37.4,16.7,12.1,13.6,29.0,35.5
Breuil-le-Vert (60600),/management/ville/breuil-le-vert/ville-60107,0.0,106.0,201.0,368.0,448.0,222.0,585.0,611.0,387.0,679.0,23.2,28.3,32.0,21.2,17.6,16.7,27.2,32.5
Challes-les-Eaux (73190),/management/ville/challes-les-eaux/ville-73064,5.0,180.0,535.0,750.0,740.0,410.0,772.0,1079.0,760.0,1502.0,16.7,20.7,29.9,21.8,18.3,18.7,35.0,37.9
Coupelle-Vieille (62310),/management/ville/coupelle-vieille/ville-62247,5.0,10.0,10.0,45.0,131.0,91.0,129.0,149.0,77.0,70.0,23.1,37.5,41.3,25.7,21.6,14.4,13.9,18.5
Cranves-Sales (74380),/management/ville/cranves-sales/ville-74094,15.0,227.0,493.0,1122.0,1001.0,593.0,918.0,1388.0,920.0,1595.0,18.0,20.0,33.1,23.7,18.0,20.1,30.9,35.1
Changis-sur-Marne (77660),/management/ville/changis-sur-marne/ville-77084,0.0,32.0,77.0,205.0,164.0,100.0,190.0,223.0,160.0,262.0,19.0,26.2,34.5,19.6,18.5,19.8,28.0,34.5
Chazelles (43300),/management/ville/chazelles/ville-43068,0.0,0.0,0.0,0.0,5.0,5.0,12.0,7.0,0.0,13.0,38.5,35.3,23.1,19.0,0.0,0.0,38.5,41.2
Beaumetz (80370),/management/ville/beaumetz/ville-80068,10.0,10.0,0.0,15.0,15.0,31.0,62.0,54.0,26.0,23.0,37.6,38.3,35.3,26.7,12.9,18.5,14.1,13.6
Bouër (72390),/management/ville/bouer/ville-72041,15.0,10.0,35.0,30.0,45.0,50.0,44.0,80.0,47.0,43.0,12.4,28.7,50.5,24.8,17.1,26.9,20.0,20.4
Cazac (31230),/management/ville/cazac/ville-31593,15.0,5.0,5.0,10.0,15.0,0.0,29.0,20.0,15.0,9.0,39.5,40.0,26.3,25.0,26.3,14.3,7.9,17.1
Boisgervilly (35360),/management/ville/boisgervilly/ville-35027,50.0,61.0,46.0,169.0,255.0,230.0,325.0,359.0,214.0,234.0,25.8,31.6,36.2,25.2,19.1,18.6,18.9,22.4
Contes (06390),/management/ville/contes/ville-06048,5.0,286.0,346.0,867.0,1278.0,627.0,1469.0,1711.0,1116.0,1375.0,22.1,29.3,38.5,22.3,18.4,20.8,21.0,27.1
Aubigny (80800),/management/ville/aubigny/ville-80036,5.0,0.0,24.0,71.0,48.0,62.0,109.0,102.0,57.0,88.0,25.6,35.9,35.2,20.7,16.5,15.5,22.7,26.5
Auvernaux (91830),/management/ville/auvernaux/ville-91037,0.0,10.0,21.0,51.0,57.0,5.0,42.0,79.0,52.0,70.0,18.9,16.1,38.6,25.4,18.1,25.4,24.4,33.1
Coigneux (80560),/management/ville/coigneux/ville-80201,0.0,5.0,0.0,10.0,0.0,0.0,12.0,8.0,10.0,5.0,31.3,36.8,31.3,18.8,25.0,31.6,12.5,15.8
Cholet (49300),/management/ville/cholet/ville-49099,46.0,1280.0,3064.0,6296.0,6005.0,7534.0,13436.0,10071.0,5966.0,9951.0,30.2,37.6,29.4,20.6,15.2,15.1,25.2,25.3
Baigneux-les-Juifs (21450),/management/ville/baigneux-les-juifs/ville-21043,5.0,15.0,10.0,25.0,40.0,5.0,65.0,43.0,23.0,38.0,34.8,40.4,30.4,20.2,15.9,12.1,18.8,25.3
Aigues-Vives (11800),/management/ville/aigues-vives/ville-11001,15.0,26.0,5.0,41.0,61.0,123.0,178.0,109.0,68.0,73.0,39.3,43.3,33.7,19.1,9.7,21.2,17.3,16.9
Craon (53400),/management/ville/craon/ville-53084,25.0,140.0,105.0,450.0,525.0,580.0,1546.0,1024.0,466.0,527.0,35.8,49.8,35.9,20.5,14.4,12.0,13.9,15.5
Breuil-Magné (17870),/management/ville/breuil-magne/ville-17065,26.0,67.0,181.0,191.0,177.0,96.0,263.0,379.0,226.0,373.0,19.1,23.2,34.6,24.7,17.9,18.5,28.4,31.5
Châteaudouble (26120),/management/ville/chateaudouble/ville-26081,30.0,55.0,45.0,80.0,50.0,55.0,73.0,95.0,78.0,172.0,17.8,17.2,26.4,19.2,17.8,19.6,38.0,44.0
Calce (66600),/management/ville/calce/ville-66030,5.0,0.0,25.0,10.0,40.0,30.0,35.0,39.0,35.0,52.0,20.5,23.3,28.4,19.7,21.6,21.9,29.5,35.6
Antisanti (20270),/management/ville/antisanti/ville-2B016,16.0,22.0,17.0,30.0,43.0,71.0,153.0,78.0,68.0,136.0,35.2,35.5,20.6,15.2,14.2,17.2,30.0,32.5
Barre (81320),/management/ville/barre/ville-81023,40.0,5.0,0.0,10.0,25.0,20.0,67.0,49.0,30.0,22.0,40.0,39.7,34.4,22.0,17.8,17.9,7.8,19.2
Ambléon (01300),/management/ville/ambleon/ville-01006,0.0,0.0,5.0,25.0,15.0,15.0,21.0,31.0,30.0,13.0,15.7,29.5,37.3,27.9,33.3,29.5,13.7,13.6
Aubigny-au-Bac (59265),/management/ville/aubigny-au-bac/ville-59026,5.0,44.0,44.0,147.0,178.0,126.0,282.0,233.0,165.0,171.0,30.2,36.0,32.2,22.2,20.4,18.5,17.3,22.3
Besain (39800),/management/ville/besain/ville-39050,5.0,0.0,5.0,10.0,35.0,40.0,32.0,39.0,23.0,41.0,22.7,24.6,30.3,24.7,18.2,15.9,28.8,31.9
Belleville-en-Caux (76890),/management/ville/belleville-en-caux/ville-76072,10.0,29.0,19.0,95.0,105.0,105.0,115.0,130.0,117.0,106.0,22.4,26.7,34.1,23.1,22.0,28.0,21.6,23.7
Cazalis (33113),/management/ville/cazalis/ville-33115,0.0,10.0,15.0,36.0,15.0,25.0,57.0,67.0,23.0,49.0,24.0,34.3,39.6,25.9,7.3,16.2,29.2,20.2
Chazelles-sur-Albe (54450),/management/ville/chazelles-sur-albe/ville-54124,0.0,0.0,10.0,0.0,10.0,15.0,11.0,12.0,4.0,5.0,31.6,38.5,36.8,29.4,15.8,7.7,15.8,15.4
Billième (73170),/management/ville/billieme/ville-73042,0.0,10.0,20.0,51.0,36.0,15.0,35.0,66.0,33.0,74.0,9.2,23.6,42.9,21.0,16.3,14.5,31.6,39.1
Beaumetz-lès-Aire (62960),/management/ville/beaumetz-les-aire/ville-62095,0.0,0.0,5.0,15.0,15.0,35.0,81.0,50.0,17.0,22.0,45.2,50.0,32.1,23.5,7.1,12.8,15.5,10.5
Arpajon-sur-Cère (15130),/management/ville/arpajon-sur-cere/ville-15012,25.0,214.0,276.0,758.0,1011.0,706.0,1407.0,1472.0,947.0,1128.0,25.6,31.0,36.5,22.8,17.9,20.2,20.1,25.2
Boisjean (62170),/management/ville/boisjean/ville-62150,15.0,15.0,36.0,71.0,51.0,71.0,103.0,92.0,73.0,102.0,22.0,33.5,32.8,17.5,18.8,21.1,26.3,28.6
Coignières (78310),/management/ville/coignieres/ville-78168,0.0,30.0,372.0,613.0,643.0,392.0,910.0,767.0,539.0,847.0,27.0,32.9,28.4,20.5,16.5,18.9,28.0,27.2
Buffignécourt (70500),/management/ville/buffignecourt/ville-70106,15.0,5.0,5.0,0.0,15.0,26.0,29.0,35.0,22.0,8.0,20.8,43.6,45.3,25.6,26.4,17.9,7.5,10.3
Coupetz (51240),/management/ville/coupetz/ville-51178,0.0,0.0,0.0,0.0,10.0,19.0,20.0,20.0,12.0,6.0,35.7,32.3,39.3,27.3,21.4,22.6,3.6,16.1
Culin (38300),/management/ville/culin/ville-38141,10.0,26.0,56.0,114.0,92.0,73.0,115.0,134.0,89.0,158.0,22.5,23.9,35.2,18.8,16.2,19.8,26.1,37.9
Carnas (30260),/management/ville/carnas/ville-30069,10.0,25.0,41.0,46.0,20.0,41.0,105.0,72.0,45.0,135.0,31.7,26.7,21.9,17.6,12.6,12.8,33.9,41.9
Baigts (40380),/management/ville/baigts/ville-40023,6.0,6.0,15.0,36.0,26.0,42.0,113.0,75.0,53.0,50.0,36.1,41.1,30.6,20.5,18.8,17.8,14.6,19.9
Bouère (53290),/management/ville/bouere/ville-53036,31.0,31.0,40.0,98.0,142.0,138.0,286.0,221.0,122.0,110.0,34.1,43.3,36.3,22.1,16.8,16.1,12.8,16.9
Challet (28300),/management/ville/challet/ville-28068,0.0,20.0,30.0,75.0,45.0,75.0,85.0,116.0,57.0,62.0,26.5,26.6,43.8,26.6,14.2,21.5,15.4,23.4
Changy (42310),/management/ville/changy/ville-42049,20.0,25.0,5.0,71.0,81.0,81.0,132.0,159.0,92.0,79.0,22.4,35.1,40.9,25.4,22.0,17.5,14.7,19.3
Contes (62990),/management/ville/contes/ville-62236,5.0,10.0,10.0,29.0,44.0,39.0,79.0,93.0,45.0,35.0,22.7,38.3,44.5,25.6,23.5,12.8,9.2,18.8
Auvers (43300),/management/ville/auvers/ville-43015,6.0,0.0,6.0,0.0,11.0,6.0,19.0,14.0,7.0,10.0,32.1,43.5,28.6,22.2,17.9,8.7,21.4,21.7
Cholonge (38220),/management/ville/cholonge/ville-38106,0.0,0.0,36.0,66.0,15.0,20.0,43.0,52.0,38.0,87.0,20.2,18.3,24.8,21.2,15.6,18.3,39.4,41.3
Aigues-Vives (30670),/management/ville/aigues-vives/ville-30004,5.0,132.0,306.0,367.0,382.0,296.0,638.0,552.0,440.0,742.0,24.8,28.8,28.9,18.4,17.7,19.4,28.6,33.7
Cazalis (40700),/management/ville/cazalis/ville-40079,5.0,0.0,0.0,28.0,38.0,14.0,41.0,28.0,24.0,18.0,34.0,40.4,32.1,20.0,18.9,22.8,15.1,17.5
Craon (86110),/management/ville/craon/ville-86087,25.0,0.0,5.0,0.0,20.0,50.0,54.0,60.0,22.0,9.0,33.3,41.4,50.7,27.5,13.3,17.1,2.7,10.0
Billière (31110),/management/ville/billiere/ville-31068,0.0,0.0,0.0,4.0,4.0,0.0,6.0,1.0,4.0,6.0,36.4,33.3,9.1,0.0,27.3,16.7,27.3,50.0
Belleville-et-Châtillon-sur-Bar (08240),/management/ville/belleville-et-chatillon-sur-bar/ville-08057,15.0,15.0,10.0,10.0,40.0,35.0,95.0,58.0,17.0,26.0,45.2,52.7,33.7,20.9,10.6,6.5,10.6,16.1
Besançon (25000),/management/ville/besancon/ville-25056,41.0,2158.0,9960.0,14037.0,15010.0,9706.0,21646.0,14970.0,12172.0,28561.0,24.6,30.8,22.1,16.7,16.3,15.3,37.0,36.9
Buffon (21500),/management/ville/buffon/ville-21114,5.0,11.0,0.0,5.0,48.0,43.0,49.0,47.0,21.0,27.0,32.0,36.6,38.7,23.4,13.3,16.9,16.0,21.1
Breuil-sur-Vesle (51140),/management/ville/breuil-sur-vesle/ville-51086,0.0,5.0,20.0,61.0,41.0,41.0,32.0,63.0,46.0,89.0,13.9,12.8,32.8,21.8,19.7,21.1,33.6,44.0
Châteaudouble (83300),/management/ville/chateaudouble/ville-83038,15.0,10.0,15.0,50.0,86.0,50.0,110.0,78.0,76.0,81.0,33.3,30.4,25.7,20.4,19.7,24.8,21.3,25.5
Barre-des-Cévennes (48400),/management/ville/barre-des-cevennes/ville-48019,15.0,5.0,5.0,15.0,41.0,5.0,59.0,48.0,31.0,29.0,37.1,33.3,34.8,24.3,10.1,28.2,18.0,15.4
Chazelles-sur-Lavieu (42560),/management/ville/chazelles-sur-lavieu/ville-42058,5.0,11.0,0.0,43.0,49.0,32.0,51.0,73.0,26.0,54.0,21.8,28.7,40.9,25.7,11.8,13.8,25.5,27.7
Aubigny-aux-Kaisnes (02590),/management/ville/aubigny-aux-kaisnes/ville-02032,0.0,15.0,10.0,10.0,15.0,84.0,81.0,51.0,29.0,20.0,41.6,46.7,32.6,22.8,16.9,15.2,9.0,13.0
Boutervilliers (91150),/management/ville/boutervilliers/ville-91098,5.0,20.0,20.0,55.0,85.0,40.0,58.0,92.0,58.0,90.0,18.1,20.8,37.6,24.3,14.1,24.8,30.2,30.2
Ambleteuse (62164),/management/ville/ambleteuse/ville-62025,20.0,45.0,100.0,196.0,167.0,199.0,484.0,359.0,241.0,320.0,31.4,37.5,29.3,21.1,16.5,17.8,22.8,22.7
Arpavon (26110),/management/ville/arpavon/ville-26013,10.0,10.0,0.0,15.0,15.0,5.0,16.0,7.0,15.0,22.0,18.5,33.3,14.8,10.7,25.9,24.2,40.7,33.3
Beaumetz-lès-Cambrai (62124),/management/ville/beaumetz-les-cambrai/ville-62096,0.0,25.0,35.0,35.0,70.0,80.0,148.0,127.0,65.0,68.0,32.2,40.5,36.1,23.3,17.3,14.5,14.4,19.0
Challex (01630),/management/ville/challex/ville-01078,5.0,11.0,164.0,217.0,149.0,127.0,213.0,269.0,176.0,383.0,17.3,23.4,29.5,21.3,16.7,17.1,36.5,37.1
Craonne (02160),/management/ville/craonne/ville-02234,5.0,0.0,5.0,0.0,10.0,15.0,22.0,15.0,10.0,17.0,22.6,45.5,29.0,17.1,19.4,12.1,29.0,24.2
Baigts-de-Béarn (64300),/management/ville/baigts-de-bearn/ville-64087,30.0,21.0,10.0,77.0,118.0,128.0,210.0,195.0,138.0,113.0,32.5,31.7,36.8,22.9,18.6,23.4,12.1,22.2
Carnetin (77400),/management/ville/carnetin/ville-77062,0.0,15.0,29.0,63.0,45.0,34.0,81.0,74.0,69.0,118.0,26.4,21.1,26.4,17.4,16.9,23.6,30.3,39.1
Coimères (33210),/management/ville/coimeres/ville-33130,16.0,11.0,54.0,129.0,193.0,150.0,207.0,210.0,145.0,171.0,27.6,28.9,32.7,23.9,18.9,20.4,20.8,25.7
Coupéville (51240),/management/ville/coupeville/ville-51179,10.0,0.0,14.0,34.0,14.0,34.0,33.0,36.0,22.0,37.0,21.2,31.1,30.3,22.4,21.2,14.8,27.3,29.5
Boisleux-au-Mont (62175),/management/ville/boisleux-au-mont/ville-62151,5.0,10.0,15.0,61.0,91.0,61.0,112.0,102.0,68.0,81.0,31.1,30.4,32.2,22.7,19.4,18.5,17.2,27.2
Bouessay (53290),/management/ville/bouessay/ville-53037,14.0,15.0,19.0,54.0,60.0,144.0,157.0,189.0,80.0,102.0,26.6,32.9,41.7,25.4,17.0,13.6,14.8,24.0
Culles-les-Roches (71460),/management/ville/culles-les-roches/ville-71159,0.0,5.0,15.0,25.0,35.0,10.0,26.0,41.0,24.0,58.0,13.5,21.3,37.8,17.8,12.2,20.0,36.5,41.3
Belleville-sur-Loire (18240),/management/ville/belleville-sur-loire/ville-18026,0.0,20.0,40.0,160.0,115.0,125.0,232.0,252.0,123.0,165.0,26.2,33.9,35.2,26.6,14.7,17.2,23.9,18.8
Auvers (50500),/management/ville/auvers/ville-50023,35.0,35.0,10.0,55.0,100.0,125.0,148.0,158.0,94.0,95.0,26.4,33.6,40.9,22.4,15.7,22.4,16.9,21.6
Choloy-Ménillot (54200),/management/ville/choloy-menillot/ville-54128,0.0,10.0,10.0,115.0,145.0,110.0,137.0,181.0,118.0,103.0,21.1,29.7,40.2,25.7,22.2,21.6,16.5,21.6
Contescourt (02680),/management/ville/contescourt/ville-02214,5.0,0.0,0.0,5.0,10.0,15.0,14.0,11.0,10.0,8.0,47.6,18.2,19.0,30.4,19.0,27.3,14.3,22.7
Bésayes (26300),/management/ville/besayes/ville-26049,15.0,29.0,112.0,141.0,141.0,131.0,209.0,252.0,150.0,312.0,20.2,24.8,34.3,20.1,16.6,16.0,29.0,38.1
Chazelles-sur-Lyon (42140),/management/ville/chazelles-sur-lyon/ville-42059,35.0,247.0,188.0,534.0,628.0,781.0,1483.0,1186.0,653.0,747.0,30.3,42.0,37.1,20.7,15.7,16.4,16.9,19.7
Ambleville (16300),/management/ville/ambleville/ville-16010,15.0,5.0,0.0,10.0,25.0,10.0,61.0,41.0,18.0,27.0,26.0,56.8,39.7,15.4,13.7,10.8,20.5,16.2
Craonnelle (02160),/management/ville/craonnelle/ville-02235,5.0,0.0,5.0,10.0,0.0,20.0,29.0,31.0,16.0,13.0,28.9,36.4,42.2,25.0,17.8,18.2,11.1,18.2
13.5,12.8,16.5,16.8
Calenzana (20214),/management/ville/calenzana/ville-2B049,50.0,160.0,49.0,180.0,378.0,178.0,663.0,354.0,352.0,389.0,37.5,38.0,23.0,17.8,20.3,19.8,19.3,24.8
Boisleux-Saint-Marc (62175),/management/ville/boisleux-saint-marc/ville-62152,0.0,10.0,15.0,20.0,60.0,30.0,36.0,51.0,41.0,51.0,14.3,26.1,39.6,18.8,19.8,26.1,26.4,30.7
Changy (51300),/management/ville/changy/ville-51122,10.0,5.0,0.0,10.0,5.0,20.0,29.0,32.0,13.0,20.0,26.1,36.2,41.3,23.1,13.0,14.9,19.6,23.4
Antist (65200),/management/ville/antist/ville-65016,5.0,0.0,9.0,43.0,19.0,0.0,25.0,42.0,18.0,34.0,18.0,23.2,44.3,22.6,16.4,14.3,21.3,37.5
Cazalrenoux (11270),/management/ville/cazalrenoux/ville-11087,10.0,5.0,5.0,10.0,0.0,0.0,20.0,10.0,18.0,18.0,26.5,34.4,23.5,8.7,20.6,34.4,29.4,25.0
Breuilaufa (87300),/management/ville/breuilaufa/ville-87022,5.0,14.0,14.0,5.0,19.0,24.0,29.0,38.0,17.0,16.0,18.9,39.6,47.2,23.6,20.8,12.5,13.2,20.8
Bouteville (16120),/management/ville/bouteville/ville-16057,45.0,10.0,5.0,15.0,24.0,30.0,97.0,85.0,32.0,41.0,32.8,43.5,40.8,22.7,13.6,11.5,12.8,19.1
Carneville (50330),/management/ville/carneville/ville-50101,10.0,0.0,10.0,26.0,31.0,21.0,57.0,46.0,39.0,40.0,24.2,38.8,31.3,17.9,24.2,18.8,20.2,24.7
Culmont (52600),/management/ville/culmont/ville-52155,0.0,15.0,10.0,35.0,65.0,75.0,148.0,167.0,62.0,65.0,25.0,41.9,47.7,24.4,14.5,13.5,12.7,16.7
Beaumetz-lès-Loges (62123),/management/ville/beaumetz-les-loges/ville-62097,0.0,36.0,37.0,129.0,145.0,148.0,239.0,190.0,132.0,185.0,30.6,33.2,30.0,21.3,15.7,19.3,23.6,25.7
Challignac (16300),/management/ville/challignac/ville-16074,0.0,15.0,5.0,15.0,66.0,65.0,93.0,74.0,45.0,39.0,38.1,36.0,35.7,23.0,13.5,22.4,12.7,18.4
Bugarach (11190),/management/ville/bugarach/ville-11055,10.0,0.0,15.0,15.0,14.0,0.0,58.0,29.0,37.0,56.0,30.0,34.4,23.3,9.9,22.2,18.9,24.4,37.8
Coin-lès-Cuvry (57420),/management/ville/coin-les-cuvry/ville-57146,10.0,15.0,59.0,108.0,73.0,103.0,71.0,150.0,99.0,199.0,11.2,16.0,35.2,22.6,16.8,21.2,36.8,39.8
Barrême (04330),/management/ville/barreme/ville-04022,10.0,30.0,5.0,30.0,45.0,76.0,131.0,101.0,62.0,46.0,29.4,47.2,38.0,20.9,18.4,18.2,14.1,13.1
Chomelix (43500),/management/ville/chomelix/ville-43071,34.0,19.0,10.0,44.0,64.0,50.0,133.0,109.0,80.0,63.0,30.7,39.0,35.1,20.7,21.3,19.8,12.9,20.3
Coupiac (12550),/management/ville/coupiac/ville-12080,19.0,30.0,15.0,5.0,54.0,60.0,161.0,84.0,53.0,53.0,40.2,51.2,29.3,17.5,16.3,14.1,14.1,16.5
Contest (53100),/management/ville/contest/ville-53074,29.0,5.0,44.0,139.0,130.0,131.0,152.0,195.0,97.0,151.0,24.5,26.6,39.1,23.8,16.2,16.7,20.2,30.7
Bouesse (36200),/management/ville/bouesse/ville-36022,10.0,10.0,5.0,41.0,73.0,46.0,129.0,98.0,57.0,42.0,35.2,43.6,34.5,22.9,20.0,15.3,10.3,16.0
Baillargues (34670),/management/ville/baillargues/ville-34022,11.0,394.0,643.0,989.0,1005.0,542.0,1162.0,1221.0,988.0,1965.0,20.1,23.3,27.5,18.9,16.7,20.1,35.7,37.9
Ambleville (95420),/management/ville/ambleville/ville-95011,5.0,20.0,15.0,54.0,55.0,40.0,79.0,86.0,51.0,69.0,28.4,26.6,33.1,25.2,15.5,20.9,23.0,25.9
Bescat (64260),/management/ville/bescat/ville-64116,15.0,5.0,10.0,19.0,18.0,42.0,75.0,72.0,25.0,51.0,27.8,40.4,43.5,19.1,7.8,14.7,20.9,24.8
Aubigny-en-Artois (62690),/management/ville/aubigny-en-artois/ville-62045,5.0,25.0,60.0,180.0,201.0,131.0,340.0,309.0,186.0,267.0,23.7,36.8,34.9,21.0,17.7,16.2,23.7,24.7
Billio (56420),/management/ville/billio/ville-56019,0.0,5.0,0.0,39.0,53.0,67.0,113.0,93.0,51.0,27.0,30.4,48.6,42.0,22.3,19.6,16.4,8.0,11.0
Arpenans (70200),/management/ville/arpenans/ville-70029,0.0,10.0,5.0,20.0,35.0,35.0,47.0,58.0,26.0,43.0,20.2,34.1,40.4,23.2,15.7,14.1,23.6,25.9
Auvers-le-Hamon (72300),/management/ville/auvers-le-hamon/ville-72016,56.0,30.0,76.0,86.0,152.0,268.0,395.0,344.0,152.0,177.0,33.4,40.4,37.4,24.3,13.4,15.1,15.8,17.3
Aiguèze (30760),/management/ville/aigueze/ville-30005,10.0,15.0,0.0,35.0,40.0,15.0,44.0,49.0,35.0,48.0,28.3,21.4,35.9,19.5,18.5,21.4,17.4,38.1
Culoz (01350),/management/ville/culoz/ville-01138,0.0,80.0,85.0,299.0,348.0,502.0,841.0,713.0,319.0,362.0,33.3,41.7,37.1,24.2,13.4,15.1,16.3,16.1
Crapeaumesnil (60310),/management/ville/crapeaumesnil/ville-60174,0.0,5.0,10.0,35.0,15.0,55.0,41.0,54.0,23.0,22.0,25.7,32.9,42.9,28.9,17.1,15.7,14.3,17.1
Cazals (46250),/management/ville/cazals/ville-46066,5.0,24.0,45.0,55.0,40.0,25.0,196.0,158.0,98.0,99.0,26.6,43.1,36.1,21.3,18.3,17.4,19.0,17.1
Châteaufort (04250),/management/ville/chateaufort/ville-04050,0.0,0.0,0.0,0.0,5.0,15.0,6.0,9.0,4.0,6.0,25.0,22.2,37.5,30.0,12.5,22.2,25.0,22.2
Belleville-sur-Meuse (55430),/management/ville/belleville-sur-meuse/ville-55043,0.0,65.0,80.0,400.0,570.0,335.0,645.0,770.0,452.0,517.0,23.0,30.7,36.7,25.4,21.2,16.9,19.1,24.0
Changy (71120),/management/ville/changy/ville-71086,5.0,15.0,30.0,45.0,89.0,49.0,85.0,114.0,64.0,87.0,20.9,27.7,37.3,24.5,20.9,16.2,20.9,28.9
Antogny-le-Tillac (37800),/management/ville/antogny-le-tillac/ville-37005,5.0,0.0,5.0,65.0,80.0,106.0,131.0,133.0,73.0,71.0,27.5,36.6,40.7,22.8,18.1,17.8,13.7,21.3
Chazemais (03370),/management/ville/chazemais/ville-03072,45.0,5.0,0.0,30.0,65.0,50.0,94.0,119.0,76.0,61.0,25.0,28.7,38.6,27.0,22.7,20.7,13.6,21.3
Ambloy (41310),/management/ville/ambloy/ville-41001,10.0,10.0,5.0,25.0,20.0,25.0,48.0,40.0,22.0,32.0,30.6,37.1,26.4,25.9,16.7,14.3,26.4,18.6
Boutiers-Saint-Trojan (16100),/management/ville/boutiers-saint-trojan/ville-16058,0.0,46.0,86.0,202.0,157.0,192.0,258.0,375.0,172.0,322.0,18.1,27.6,36.8,26.0,15.5,15.0,29.6,27.6
Coin-sur-Seille (57420),/management/ville/coin-sur-seille/ville-57147,0.0,11.0,42.0,47.0,73.0,26.0,44.0,70.0,47.0,85.0,18.4,17.4,29.6,26.0,16.0,22.3,36.0,33.1
Challonges (74910),/management/ville/challonges/ville-74055,0.0,5.0,48.0,72.0,53.0,53.0,67.0,128.0,67.0,101.0,16.4,20.7,41.2,27.3,15.3,21.7,27.1,28.3
Carnières (59217),/management/ville/carnieres/ville-59132,10.0,35.0,71.0,98.0,153.0,132.0,259.0,201.0,141.0,168.0,30.0,37.4,28.9,21.8,20.5,16.2,20.5,23.1
Coupray (52210),/management/ville/coupray/ville-52146,0.0,10.0,0.0,5.0,34.0,29.0,39.0,48.0,19.0,16.0,28.4,37.5,43.3,28.4,16.4,14.3,11.9,14.3
Breuillet (17920),/management/ville/breuillet/ville-17064,5.0,205.0,120.0,288.0,235.0,191.0,641.0,729.0,432.0,571.0,24.0,29.9,35.9,24.7,15.3,21.0,24.8,23.3
Barret (16300),/management/ville/barret/ville-16030,20.0,51.0,26.0,138.0,152.0,102.0,279.0,244.0,127.0,157.0,29.9,39.4,37.3,21.4,16.3,15.0,16.5,22.4
Conteville (27210),/management/ville/conteville/ville-27169,0.0,20.0,76.0,91.0,76.0,163.0,209.0,215.0,113.0,149.0,29.1,31.5,36.2,24.0,17.4,15.9,17.4,26.0
Bailleau-Armenonville (28320),/management/ville/bailleau-armenonville/ville-28023,10.0,40.0,141.0,232.0,167.0,172.0,231.0,295.0,198.0,287.0,20.5,25.4,34.2,22.7,20.5,18.6,24.8,32.1
Bouëx (16410),/management/ville/bouex/ville-16055,10.0,35.0,5.0,91.0,147.0,126.0,173.0,229.0,125.0,154.0,21.3,29.2,41.7,24.5,16.5,20.3,20.4,24.6
Bugard (65220),/management/ville/bugard/ville-65110,5.0,0.0,10.0,10.0,5.0,0.0,25.0,16.0,16.0,13.0,40.5,32.3,24.3,21.4,16.2,29.0,18.9,19.4
Cult (70150),/management/ville/cult/ville-70193,0.0,20.0,10.0,20.0,41.0,51.0,41.0,47.0,27.0,42.0,25.3,26.3,34.7,23.3,20.0,13.8,20.0,33.8
Chomérac (07210),/management/ville/chomerac/ville-07066,5.0,75.0,136.0,428.0,357.0,312.0,549.0,629.0,449.0,689.0,19.1,28.1,32.7,21.4,19.4,19.3,28.8,30.7
Aiguilhe (43000),/management/ville/aiguilhe/ville-43002,0.0,56.0,127.0,223.0,172.0,66.0,316.0,248.0,219.0,459.0,24.7,26.0,25.4,16.0,15.8,19.1,34.1,39.4
Bésignan (26110),/management/ville/besignan/ville-26050,5.0,0.0,0.0,9.0,9.0,5.0,17.0,12.0,13.0,17.0,25.0,31.0,35.7,8.7,17.9,27.6,21.4,34.5
Cazals (82140),/management/ville/cazals/ville-82041,10.0,5.0,0.0,5.0,28.0,14.0,61.0,48.0,36.0,37.0,31.0,37.2,34.5,19.6,17.2,21.3,17.2,22.3
Beaumont (07110),/management/ville/beaumont/ville-07029,39.0,20.0,10.0,5.0,23.0,23.0,43.0,35.0,49.0,67.0,22.7,21.6,22.7,14.8,27.8,22.7,26.8,42.3
Coinces (45310),/management/ville/coinces/ville-45099,11.0,11.0,21.0,64.0,86.0,86.0,91.0,140.0,87.0,97.0,18.1,26.5,39.4,25.5,22.2,19.5,20.4,26.5
Arpheuilles (18200),/management/ville/arpheuilles/ville-18013,5.0,14.0,5.0,15.0,61.0,53.0,97.0,65.0,44.0,33.0,33.6,47.2,31.0,21.8,21.6,15.4,13.8,13.8
Calès (24150),/management/ville/cales/ville-24073,26.0,36.0,5.0,15.0,36.0,41.0,123.0,78.0,58.0,60.0,34.3,43.1,25.9,21.1,21.7,14.4,18.1,19.6
Aubigny-en-Laonnois (02820),/management/ville/aubigny-en-laonnois/ville-02033,0.0,0.0,5.0,10.0,15.0,25.0,28.0,21.0,19.0,17.0,25.0,41.5,43.2,6.5,15.9,29.3,15.9,24.4
Chaniat (43100),/management/ville/chaniat/ville-43055,10.0,10.0,0.0,20.0,26.0,26.0,38.0,55.0,20.0,27.0,25.4,27.8,43.3,30.0,16.4,12.5,14.9,22.2
Chazeuil (21260),/management/ville/chazeuil/ville-21163,5.0,0.0,5.0,30.0,30.0,25.0,40.0,62.0,33.0,22.0,21.0,29.9,48.1,28.2,21.0,20.8,9.9,18.2
Châteaufort (78117),/management/ville/chateaufort/ville-78143,5.0,69.0,323.0,176.0,98.0,44.0,96.0,98.0,122.0,630.0,8.2,12.1,11.2,10.0,11.8,14.0,68.9,64.4
Antoigné (49260),/management/ville/antoigne/ville-49009,5.0,0.0,15.0,30.0,91.0,81.0,127.0,92.0,64.0,60.0,33.1,40.4,38.0,17.1,16.6,20.8,12.3,22.5
Billom (63160),/management/ville/billom/ville-63040,20.0,120.0,250.0,480.0,655.0,565.0,1242.0,938.0,560.0,833.0,27.8,40.4,34.1,19.3,14.7,16.5,23.4,23.2
Boutigny (77470),/management/ville/boutigny/ville-77049,5.0,20.0,92.0,158.0,122.0,61.0,130.0,202.0,124.0,213.0,18.8,20.1,35.7,23.6,17.0,20.1,28.6,35.1
Auvers-Saint-Georges (91580),/management/ville/auvers-saint-georges/ville-91038,0.0,10.0,127.0,209.0,143.0,132.0,172.0,233.0,191.0,326.0,18.0,19.5,28.4,22.1,19.3,22.3,34.4,36.1
Bellevue-la-Montagne (43350),/management/ville/bellevue-la-montagne/ville-43026,19.0,28.0,10.0,33.0,48.0,60.0,110.0,82.0,66.0,65.0,32.3,36.1,35.4,15.8,18.9,22.2,13.4,27.2
Boismont (54620),/management/ville/boismont/ville-54081,10.0,5.0,15.0,64.0,48.0,57.0,87.0,121.0,45.0,71.0,24.8,28.7,40.8,28.9,11.5,16.2,22.9,21.0
Challuy (58000),/management/ville/challuy/ville-58051,15.0,35.0,71.0,107.0,178.0,221.0,292.0,411.0,179.0,229.0,22.8,29.7,43.7,27.0,14.7,17.5,18.9,22.3
Coupru (02310),/management/ville/coupru/ville-02221,5.0,10.0,0.0,29.0,24.0,15.0,36.0,36.0,23.0,18.0,34.9,26.9,33.3,26.8,20.6,21.2,11.1,23.1
Bésingrand (64150),/management/ville/besingrand/ville-64117,0.0,5.0,5.0,14.0,5.0,14.0,17.0,40.0,27.0,15.0,16.3,16.4,53.5,31.5,20.9,32.7,9.3,20.0
Breuillet (91650),/management/ville/breuillet/ville-91105,5.0,207.0,824.0,1345.0,1087.0,627.0,1449.0,1379.0,1079.0,2104.0,22.3,25.8,25.9,19.9,17.4,18.5,34.5,35.5
Bugeat (19170),/management/ville/bugeat/ville-19033,0.0,41.0,5.0,41.0,82.0,51.0,273.0,212.0,133.0,106.0,28.5,44.9,37.9,21.8,16.9,19.5,16.6,13.1
Barret-de-Lioure (26570),/management/ville/barret-de-lioure/ville-26026,12.0,12.0,0.0,0.0,0.0,6.0,13.0,16.0,16.0,26.0,22.9,13.9,20.0,23.1,31.4,16.7,25.7,44.4
Bailleau-l'Évêque (28300),/management/ville/bailleau-l-eveque/ville-28022,5.0,41.0,106.0,169.0,153.0,110.0,218.0,256.0,159.0,231.0,24.9,25.6,36.2,22.2,16.7,20.1,22.2,31.5
Aiguilles (05470),/management/ville/aiguilles/ville-05003,0.0,30.0,30.0,76.0,35.0,45.0,86.0,102.0,58.0,104.0,17.9,31.4,34.1,22.2,17.3,16.0,30.6,28.6
Conteville (60360),/management/ville/conteville/ville-60161,0.0,5.0,11.0,11.0,5.0,21.0,15.0,19.0,13.0,15.0,20.6,28.0,41.2,20.8,17.6,24.0,20.6,28.0
Carnin (59112),/management/ville/carnin/ville-59133,5.0,0.0,145.0,115.0,135.0,95.0,163.0,176.0,114.0,272.0,18.8,25.9,29.1,19.0,16.0,15.5,36.2,38.8
Craponne (69290),/management/ville/craponne/ville-69069,4.0,380.0,1259.0,1617.0,1340.0,798.0,2135.0,1649.0,1401.0,2878.0,22.6,29.9,23.4,17.7,17.9,17.0,36.1,35.3
Arpheuilles (36700),/management/ville/arpheuilles/ville-36008,10.0,0.0,0.0,5.0,35.0,30.0,79.0,59.0,28.0,22.0,32.6,51.0,42.4,19.6,15.2,14.6,9.8,13.5
Chaniers (17610),/management/ville/chaniers/ville-17086,25.0,146.0,166.0,396.0,488.0,348.0,808.0,858.0,492.0,619.0,24.2,33.5,36.5,24.1,17.0,18.4,22.4,22.2
Chazeuil (58700),/management/ville/chazeuil/ville-58070,5.0,0.0,5.0,5.0,0.0,15.0,18.0,16.0,6.0,16.0,29.0,36.0,35.5,18.5,9.7,12.0,25.8,32.0
Chonas-l'Amballan (38121),/management/ville/chonas-l-amballan/ville-38107,0.0,90.0,126.0,315.0,176.0,111.0,228.0,354.0,253.0,386.0,17.2,20.1,32.1,24.7,20.5,20.9,30.2,33.0
Beaumont (19390),/management/ville/beaumont/ville-19020,10.0,0.0,0.0,20.0,20.0,0.0,46.0,13.0,20.0,17.0,45.5,50.0,13.6,14.3,22.7,19.2,18.2,17.3
Ambly-Fleury (08130),/management/ville/ambly-fleury/ville-08010,5.0,0.0,5.0,10.0,20.0,29.0,36.0,36.0,12.0,13.0,30.2,46.7,45.3,22.6,15.1,8.9,9.4,17.8
Coinches (88100),/management/ville/coinches/ville-88111,0.0,10.0,20.0,30.0,35.0,45.0,88.0,69.0,47.0,66.0,28.6,36.4,34.3,17.6,11.4,24.0,25.7,23.3
Châteaugay (63119),/management/ville/chateaugay/ville-63099,5.0,82.0,164.0,442.0,421.0,355.0,571.0,717.0,394.0,713.0,21.5,26.1,35.3,23.4,14.2,18.5,28.9,30.6
Boutigny-Prouais (28410),/management/ville/boutigny-prouais/ville-28056,25.0,69.0,184.0,302.0,203.0,129.0,263.0,321.0,233.0,445.0,20.4,21.2,29.2,21.2,17.5,19.4,32.9,37.7
Aubigny-en-Plaine (21170),/management/ville/aubigny-en-plaine/ville-21031,0.0,19.0,14.0,81.0,86.0,71.0,64.0,124.0,75.0,103.0,15.3,19.4,41.6,24.6,20.0,21.1,23.2,33.7
Billy (03260),/management/ville/billy/ville-03029,0.0,15.0,30.0,80.0,100.0,75.0,206.0,209.0,96.0,100.0,32.0,35.4,38.7,26.2,15.7,15.8,13.7,19.0
Bouffémont (95570),/management/ville/bouffemont/ville-95091,0.0,111.0,585.0,950.0,792.0,404.0,1035.0,873.0,769.0,1497.0,24.2,25.3,24.1,18.1,17.9,18.9,33.7,37.8
Calès (46350),/management/ville/cales/ville-46047,21.0,11.0,5.0,5.0,21.0,11.0,41.0,36.0,27.0,35.0,25.0,33.3,32.8,19.7,20.3,18.7,21.9,28.0
Cultures (48230),/management/ville/cultures/ville-48055,5.0,5.0,10.0,26.0,26.0,15.0,29.0,22.0,20.0,42.0,28.3,23.1,23.3,14.3,15.0,19.2,33.3,44.2
Antoingt (63340),/management/ville/antoingt/ville-63005,5.0,15.0,24.0,24.0,58.0,73.0,88.0,105.0,49.0,62.0,23.6,34.2,43.2,23.8,16.2,15.5,16.9,23.9
Auvers-sous-Montfaucon (72540),/management/ville/auvers-sous-montfaucon/ville-72017,15.0,5.0,15.0,15.0,25.0,56.0,46.0,48.0,44.0,34.0,23.6,30.0,36.0,20.5,23.6,27.5,16.9,23.8
Bailleau-le-Pin (28120),/management/ville/bailleau-le-pin/ville-28021,15.0,50.0,75.0,181.0,282.0,176.0,289.0,411.0,206.0,240.0,22.4,27.7,43.6,26.0,16.9,19.1,17.1,24.7
Cazals-des-Baylès (09500),/management/ville/cazals-des-bayles/ville-09089,5.0,0.0,0.0,25.0,0.0,0.0,6.0,9.0,8.0,22.0,17.4,9.1,21.7,19.0,13.0,22.7,47.8,50.0
Chalmaison (77650),/management/ville/chalmaison/ville-77076,0.0,35.0,35.0,80.0,134.0,134.0,160.0,176.0,97.0,108.0,29.6,29.5,37.6,25.2,15.7,20.5,17.1,23.2
Breuilpont (27640),/management/ville/breuilpont/ville-27114,10.0,52.0,134.0,170.0,159.0,108.0,242.0,257.0,154.0,242.0,24.5,29.3,33.6,23.2,15.3,19.2,26.6,27.2
Couptrain (53250),/management/ville/couptrain/ville-53080,0.0,5.0,5.0,5.0,19.0,10.0,48.0,29.0,11.0,22.0,38.2,47.3,29.1,19.7,16.4,3.6,16.4,25.5
Belley (01300),/management/ville/belley/ville-01034,0.0,240.0,320.0,775.0,1313.0,1210.0,2353.0,1836.0,1118.0,1523.0,28.8,39.2,32.2,21.1,16.5,16.3,22.5,22.1
Beslon (50800),/management/ville/beslon/ville-50048,30.0,30.0,9.0,35.0,75.0,100.0,169.0,135.0,62.0,51.0,33.0,47.6,42.2,21.1,15.0,15.1,9.7,14.6
Bouffignereux (02160),/management/ville/bouffignereux/ville-02104,0.0,10.0,0.0,15.0,5.0,10.0,19.0,25.0,15.0,16.0,19.4,30.8,38.9,25.6,22.2,17.9,19.4,23.1
Beaumont (32100),/management/ville/beaumont/ville-32037,25.0,10.0,5.0,5.0,5.0,25.0,31.0,25.0,30.0,24.0,24.1,32.1,31.5,18.2,18.5,35.7,25.9,17.9
Chazey-Bons (01300),/management/ville/chazey-bons/ville-01098,19.0,19.0,24.0,108.0,132.0,189.0,231.0,256.0,148.0,158.0,27.0,31.4,37.3,25.3,17.3,20.0,18.5,21.5
Carnoët (22160),/management/ville/carnoet/ville-22031,77.0,10.0,0.0,57.0,62.0,77.0,168.0,154.0,103.0,125.0,25.5,35.5,36.3,19.6,17.6,20.1,20.5,24.9
Arpheuilles-Saint-Priest (03420),/management/ville/arpheuilles-saint-priest/ville-03007,5.0,10.0,10.0,70.0,40.0,20.0,43.0,87.0,54.0,83.0,14.0,18.5,37.8,24.3,23.1,16.9,25.2,37.9
Boismont (80230),/management/ville/boismont/ville-80110,15.0,5.0,20.0,61.0,51.0,56.0,129.0,113.0,57.0,99.0,25.9,38.8,34.5,20.5,15.7,12.9,23.9,25.9
Aiguillon (47190),/management/ville/aiguillon/ville-47004,45.0,135.0,135.0,235.0,460.0,685.0,1519.0,814.0,407.0,546.0,45.1,47.2,27.9,20.2,12.0,12.7,15.0,18.0
Barret-sur-Méouge (05300),/management/ville/barret-sur-meouge/ville-05014,0.0,10.0,0.0,5.0,20.0,10.0,51.0,56.0,41.0,43.0,16.2,39.5,39.0,17.4,24.8,17.4,20.0,25.6
Coincourt (54370),/management/ville/coincourt/ville-54133,11.0,11.0,0.0,5.0,22.0,11.0,24.0,31.0,12.0,32.0,20.4,28.9,40.7,17.6,16.7,6.7,22.2,44.4
Antonne-et-Trigonant (24420),/management/ville/antonne-et-trigonant/ville-24011,0.0,44.0,78.0,122.0,152.0,149.0,315.0,303.0,200.0,197.0,30.8,31.3,34.8,25.0,14.7,24.2,19.7,19.2
Coupvray (77700),/management/ville/coupvray/ville-77132,0.0,79.0,421.0,441.0,371.0,134.0,394.0,483.0,384.0,765.0,18.4,20.5,27.2,20.4,19.0,18.9,35.5,39.9
Belleydoux (01130),/management/ville/belleydoux/ville-01035,0.0,5.0,10.0,50.0,56.0,40.0,57.0,77.0,42.0,76.0,22.3,23.8,32.3,25.2,18.5,14.8,26.9,32.8
Bugnein (64190),/management/ville/bugnein/ville-64149,14.0,0.0,5.0,24.0,19.0,43.0,60.0,52.0,25.0,34.0,25.9,43.3,45.7,16.5,13.6,15.6,14.8,24.4
Chalmazel-Jeansagnière (42920),/management/ville/chalmazel-jeansagniere/ville-42039,20.0,25.0,0.0,40.0,40.0,60.0,178.0,97.0,62.0,50.0,43.3,48.4,31.5,18.1,15.8,16.3,9.4,16.8
Aubigny-la-Ronce (21340),/management/ville/aubigny-la-ronce/ville-21032,10.0,0.0,25.0,25.0,5.0,5.0,31.0,32.0,35.0,38.0,24.6,21.1,23.1,23.9,27.7,23.9,24.6,31.0
Conteville (76390),/management/ville/conteville/ville-76186,19.0,25.0,10.0,54.0,55.0,90.0,142.0,149.0,40.0,44.0,34.0,41.7,45.7,27.6,9.6,11.8,10.6,12.8
Châteaugiron (35410),/management/ville/chateaugiron/ville-35069,26.0,241.0,1121.0,1658.0,1082.0,850.0,1440.0,1479.0,1226.0,2556.0,18.2,24.7,26.7,17.7,18.6,18.0,36.5,39.7
Craponne-sur-Arzon (43500),/management/ville/craponne-sur-arzon/ville-43080,45.0,100.0,55.0,120.0,245.0,220.0,680.0,474.0,331.0,215.0,34.6,44.2,36.6,21.6,14.6,23.2,14.2,11.4
Boutigny-sur-Essonne (91820),/management/ville/boutigny-sur-essonne/ville-91099,5.0,61.0,209.0,474.0,448.0,214.0,582.0,626.0,446.0,671.0,20.9,28.9,32.1,21.4,19.1,19.2,27.9,29.9
Calignac (47600),/management/ville/calignac/ville-47045,31.0,26.0,26.0,36.0,62.0,52.0,92.0,98.0,71.0,101.0,23.1,28.0,35.8,19.1,18.5,20.4,22.5,32.8
Ambly-sur-Meuse (55300),/management/ville/ambly-sur-meuse/ville-55007,0.0,5.0,15.0,51.0,34.0,30.0,58.0,65.0,37.0,30.0,26.7,36.0,39.6,26.0,17.8,20.2,15.8,15.7
Auvers-sur-Oise (95430),/management/ville/auvers-sur-oise/ville-95039,15.0,188.0,909.0,1195.0,779.0,369.0,1166.0,1137.0,1004.0,1818.0,21.6,23.8,25.9,19.0,19.4,19.8,33.1,37.6
Baillestavy (66320),/management/ville/baillestavy/ville-66013,10.0,0.0,10.0,5.0,10.0,14.0,10.0,17.0,12.0,45.0,14.3,8.3,20.4,20.5,14.3,13.9,51.0,55.6
Channay (21330),/management/ville/channay/ville-21143,0.0,0.0,0.0,5.0,10.0,5.0,16.0,16.0,9.0,13.0,35.7,25.9,28.6,26.7,14.3,18.5,21.4,25.9
Coincy (02210),/management/ville/coincy/ville-02203,0.0,36.0,92.0,97.0,179.0,184.0,395.0,265.0,156.0,148.0,40.3,41.7,32.6,21.5,14.0,18.3,13.0,17.6
Cazaril-Tambourès (31580),/management/ville/cazaril-tamboures/ville-31130,0.0,0.0,0.0,5.0,16.0,5.0,25.0,17.0,16.0,17.0,23.5,43.6,35.3,13.9,20.6,20.5,20.6,23.1
Breurey-lès-Faverney (70160),/management/ville/breurey-les-faverney/ville-70095,0.0,20.0,20.0,80.0,100.0,125.0,142.0,131.0,55.0,108.0,31.9,33.2,35.2,22.4,12.2,13.0,20.7,28.7
Besmé (02300),/management/ville/besme/ville-02078,0.0,0.0,0.0,10.0,14.0,38.0,36.0,37.0,19.0,14.0,26.3,41.2,54.4,15.6,10.5,25.5,8.8,19.6
Chonville-Malaumont (55200),/management/ville/chonville-malaumont/ville-55114,0.0,21.0,5.0,16.0,26.0,42.0,50.0,57.0,22.0,38.0,30.5,29.8,36.6,26.7,13.4,11.9,19.5,26.2
Beaumont (43100),/management/ville/beaumont/ville-43022,15.0,10.0,31.0,21.0,31.0,31.0,60.0,65.0,34.0,57.0,27.8,27.8,35.2,23.3,13.9,17.6,23.1,29.6
Billy (41130),/management/ville/billy/ville-41016,15.0,10.0,25.0,100.0,155.0,145.0,260.0,255.0,127.0,110.0,31.0,38.1,41.1,24.8,14.6,19.2,13.3,16.0
Carnoules (83660),/management/ville/carnoules/ville-83033,15.0,130.0,171.0,361.0,451.0,371.0,756.0,795.0,466.0,579.0,27.6,30.5,35.3,24.5,16.7,19.2,20.4,24.1
Chazey-sur-Ain (01150),/management/ville/chazey-sur-ain/ville-01099,30.0,35.0,159.0,228.0,157.0,186.0,253.0,332.0,211.0,317.0,21.7,23.7,35.3,23.3,17.6,20.3,25.3,31.7
Arphy (30120),/management/ville/arphy/ville-30015,0.0,0.0,20.0,20.0,15.0,40.0,41.0,32.0,24.0,50.0,27.3,28.6,32.5,10.9,14.3,18.6,26.0,42.9
Boufflers (80150),/management/ville/boufflers/ville-80118,10.0,0.0,0.0,15.0,15.0,15.0,41.0,28.0,23.0,12.0,32.1,50.0,28.6,21.6,28.6,13.0,10.7,13.0
Aiguines (83630),/management/ville/aiguines/ville-83002,5.0,30.0,0.0,35.0,35.0,20.0,70.0,56.0,35.0,62.0,26.3,37.3,28.1,20.3,16.7,14.5,28.9,26.4
Barretaine (39800),/management/ville/barretaine/ville-39040,5.0,10.0,5.0,20.0,20.0,25.0,32.0,51.0,21.0,31.0,16.9,31.3,47.9,22.7,21.1,9.4,14.1,32.8
Boismorand (45290),/management/ville/boismorand/ville-45036,0.0,40.0,44.0,108.0,80.0,75.0,166.0,187.0,90.0,166.0,26.1,28.4,31.9,26.0,13.4,16.5,28.7,25.7
Antony (92160),/management/ville/antony/ville-92002,4.0,1086.0,13211.0,7541.0,5885.0,2238.0,7425.0,5606.0,6175.0,24292.0,14.4,19.4,13.9,12.4,13.8,14.5,58.0,54.0
Couquèques (33340),/management/ville/couqueques/ville-33134,24.0,10.0,5.0,24.0,10.0,73.0,69.0,65.0,31.0,31.0,30.9,39.4,37.1,25.2,18.6,13.1,13.4,18.2
Bouttencourt (80220),/management/ville/bouttencourt/ville-80126,0.0,20.0,15.0,75.0,135.0,155.0,297.0,265.0,118.0,80.0,30.1,47.6,44.4,23.3,16.3,14.8,9.2,11.8
Auvet-et-la-Chapelotte (70100),/management/ville/auvet-et-la-chapelotte/ville-70043,10.0,11.0,0.0,35.0,39.0,40.0,66.0,56.0,30.0,33.0,34.3,37.6,38.2,20.0,16.7,15.3,10.8,25.9
Chalmoux (71140),/management/ville/chalmoux/ville-71075,10.0,20.0,10.0,25.0,75.0,90.0,198.0,201.0,75.0,46.0,30.7,45.6,47.9,25.8,13.4,15.4,8.0,9.7
Bugnicourt (59151),/management/ville/bugnicourt/ville-59117,0.0,24.0,63.0,106.0,135.0,121.0,221.0,224.0,131.0,159.0,24.1,36.2,37.1,22.3,17.2,18.7,21.5,21.7
Aubigny-Les Clouzeaux (85430),/management/ville/aubigny-les-clouzeaux/ville-85008,38.0,216.0,359.0,843.0,848.0,647.0,952.0,1410.0,900.0,1304.0,18.6,23.1,37.2,24.0,18.0,21.4,26.3,30.7
Châteaulin (29150),/management/ville/chateaulin/ville-29026,25.0,136.0,165.0,544.0,832.0,655.0,1057.0,970.0,942.0,852.0,23.3,31.6,30.0,22.0,24.8,24.6,22.0,22.6
Cras (38210),/management/ville/cras/ville-38137,0.0,10.0,41.0,61.0,41.0,41.0,71.0,77.0,51.0,115.0,21.8,23.3,31.4,17.3,17.3,15.7,29.5,43.4
Conteville (80370),/management/ville/conteville/ville-80208,14.0,5.0,0.0,14.0,43.0,29.0,61.0,47.0,20.0,22.0,37.2,44.6,38.5,21.5,11.5,16.2,12.8,16.2
Chazilly (21320),/management/ville/chazilly/ville-21164,15.0,0.0,5.0,29.0,20.0,15.0,17.0,35.0,26.0,26.0,19.3,12.0,33.3,33.3,19.3,32.0,28.1,22.0
Carnoux-en-Provence (13470),/management/ville/carnoux-en-provence/ville-13119,0.0,225.0,570.0,760.0,895.0,335.0,1306.0,1111.0,977.0,1626.0,23.7,28.1,24.1,20.2,19.3,19.6,33.0,31.9
Caligny (61100),/management/ville/caligny/ville-61070,10.0,15.0,25.0,130.0,85.0,150.0,161.0,226.0,106.0,121.0,24.0,28.6,44.8,26.9,11.7,23.2,19.6,19.9
Cumières (51480),/management/ville/cumieres/ville-51202,36.0,10.0,36.0,92.0,97.0,61.0,183.0,196.0,86.0,124.0,31.3,30.8,37.7,25.4,14.9,14.3,16.0,25.6
Baillet-en-France (95560),/management/ville/baillet-en-france/ville-95042,0.0,40.0,248.0,391.0,249.0,111.0,336.0,358.0,274.0,474.0,23.7,22.8,28.5,21.2,17.1,20.9,30.6,35.1
Chooz (08600),/management/ville/chooz/ville-08122,5.0,25.0,25.0,60.0,130.0,65.0,165.0,180.0,117.0,116.0,21.4,35.5,35.4,25.3,20.0,20.5,23.2,17.1
Billy-Berclau (62138),/management/ville/billy-berclau/ville-62132,0.0,84.0,257.0,587.0,641.0,592.0,934.0,969.0,603.0,772.0,23.8,32.8,35.8,22.7,18.2,18.6,22.2,24.8
Bouffry (41270),/management/ville/bouffry/ville-41022,10.0,5.0,10.0,10.0,15.0,30.0,43.0,38.0,18.0,14.0,32.8,43.6,43.1,22.8,12.1,20.0,12.1,12.7
Cazarilh (65370),/management/ville/cazarilh/ville-65139,0.0,5.0,0.0,0.0,5.0,0.0,14.0,18.0,6.0,9.0,30.4,32.0,39.1,29.0,13.0,12.0,17.4,20.0
Arquenay (53170),/management/ville/arquenay/ville-53009,15.0,15.0,5.0,55.0,65.0,120.0,121.0,152.0,72.0,93.0,21.3,34.1,44.8,23.0,14.5,18.4,19.5,23.0
Channay-sur-Lathan (37330),/management/ville/channay-sur-lathan/ville-37055,0.0,30.0,25.0,86.0,132.0,126.0,176.0,197.0,111.0,92.0,26.9,34.1,41.2,25.4,19.4,19.4,12.5,19.1
Coincy (57530),/management/ville/coincy/ville-57145,0.0,5.0,29.0,72.0,40.0,31.0,42.0,82.0,44.0,72.0,10.4,24.8,39.2,25.8,20.0,16.2,30.4,29.9
Auvillar (82340),/management/ville/auvillar/ville-82008,10.0,34.0,64.0,118.0,129.0,69.0,234.0,180.0,141.0,170.0,25.9,38.1,29.6,20.1,20.8,18.1,23.6,23.2
Chalo-Saint-Mars (91780),/management/ville/chalo-saint-mars/ville-91130,0.0,52.0,124.0,202.0,109.0,62.0,160.0,222.0,141.0,290.0,18.4,20.9,33.5,21.0,14.4,20.2,33.7,37.7
Cras (46360),/management/ville/cras/ville-46079,0.0,5.0,10.0,5.0,10.0,10.0,17.0,19.0,15.0,24.0,18.2,29.4,34.1,16.1,15.9,23.5,31.8,32.4
Bellicourt (02420),/management/ville/bellicourt/ville-02065,0.0,15.0,10.0,75.0,90.0,75.0,155.0,143.0,70.0,63.0,33.3,38.3,40.2,24.8,13.7,18.5,12.7,16.3
Besmont (02500),/management/ville/besmont/ville-02079,15.0,0.0,5.0,15.0,10.0,15.0,51.0,37.0,18.0,17.0,26.6,57.6,48.4,10.7,14.1,15.3,10.9,16.9
Bailleul (59270),/management/ville/bailleul/ville-59043,97.0,265.0,719.0,1635.0,2283.0,1818.0,3709.0,2823.0,1862.0,2654.0,29.5,37.1,30.4,20.5,16.6,17.1,23.5,24.4
Amboise (37400),/management/ville/amboise/ville-37003,20.0,293.0,659.0,1279.0,1607.0,1474.0,2962.0,2707.0,1549.0,2333.0,26.1,35.4,31.6,23.2,16.5,15.9,25.8,23.2
Boutteville (50480),/management/ville/boutteville/ville-50070,5.0,5.0,20.0,5.0,0.0,0.0,25.0,5.0,8.0,17.0,42.9,48.1,14.3,4.0,17.9,11.1,25.0,37.0
Antran (86100),/management/ville/antran/ville-86007,10.0,49.0,61.0,180.0,115.0,126.0,251.0,262.0,169.0,224.0,26.1,29.3,32.3,23.9,18.6,18.7,23.0,26.4
Billy-Chevannes (58270),/management/ville/billy-chevannes/ville-58031,5.0,16.0,11.0,32.0,32.0,47.0,70.0,81.0,45.0,48.0,26.4,31.7,38.4,24.8,20.0,16.7,15.2,24.2
Bugnières (52210),/management/ville/bugnieres/ville-52082,15.0,10.0,0.0,10.0,20.0,10.0,38.0,44.0,22.0,12.0,28.3,37.9,46.7,27.0,16.7,20.7,8.3,12.1
Aubigny-les-Pothées (08150),/management/ville/aubigny-les-pothees/ville-08026,5.0,0.0,5.0,35.0,45.0,54.0,79.0,78.0,41.0,39.0,26.9,39.3,41.2,22.5,20.2,14.5,11.8,21.4
Breuschwickersheim (67112),/management/ville/breuschwickersheim/ville-67065,10.0,60.0,120.0,155.0,164.0,120.0,212.0,326.0,140.0,299.0,18.6,24.7,35.7,26.4,15.0,13.7,30.7,30.6
Cour-Cheverny (41700),/management/ville/cour-cheverny/ville-41067,30.0,140.0,135.0,351.0,305.0,275.0,652.0,672.0,399.0,521.0,23.3,34.2,36.5,22.8,16.7,18.8,23.6,23.0
Beaumont (54470),/management/ville/beaumont/ville-54057,0.0,0.0,0.0,15.0,5.0,5.0,17.0,15.0,13.0,8.0,17.9,48.0,39.3,16.7,28.6,20.0,14.3,16.0
Auvillars (14340),/management/ville/auvillars/ville-14033,5.0,16.0,0.0,37.0,16.0,53.0,42.0,67.0,31.0,42.0,21.6,23.4,47.7,25.0,17.0,17.0,13.6,31.9
Arques (11190),/management/ville/arques/ville-11015,0.0,24.0,14.0,43.0,14.0,5.0,47.0,40.0,35.0,62.0,27.9,23.5,25.6,18.8,17.4,20.4,29.1,37.8
Conteville-en-Ternois (62130),/management/ville/conteville-en-ternois/ville-62238,6.0,0.0,0.0,11.0,6.0,22.0,20.0,15.0,16.0,16.0,34.3,25.0,22.9,22.6,22.9,25.0,20.0,28.1
Callac (22160),/management/ville/callac/ville-22025,25.0,45.0,40.0,100.0,201.0,216.0,831.0,499.0,302.0,245.0,37.5,50.1,33.5,20.1,14.7,17.2,14.3,12.0
Carnoy-Mametz (80300),/management/ville/carnoy-mametz/ville-80505,5.0,0.0,0.0,54.0,30.0,30.0,48.0,76.0,27.0,52.0,16.0,31.6,48.1,22.3,15.1,11.2,20.8,31.6
Boisné-La Tude (16320),/management/ville/boisne-la-tude/ville-16082,21.0,31.0,5.0,78.0,83.0,109.0,133.0,201.0,89.0,129.0,20.2,28.0,45.1,25.0,15.2,17.1,19.5,27.3
Bellignat (01100),/management/ville/bellignat/ville-01031,0.0,85.0,160.0,310.0,379.0,699.0,1016.0,614.0,466.0,501.0,36.7,41.3,27.0,20.3,16.4,19.4,19.9,18.8
Cumières-le-Mort-Homme (55100),/management/ville/cumieres-le-mort-homme/ville-55139,0.0,0.0,0.0,0.0,0.0,0.0,0.0,0.0,0.0,0.0,,,,,,,,
Bougainville (80540),/management/ville/bougainville/ville-80119,15.0,10.0,20.0,100.0,50.0,25.0,114.0,94.0,43.0,82.0,30.4,37.8,36.6,18.8,13.7,12.2,19.3,29.7
Aigurande (36140),/management/ville/aigurande/ville-36001,20.0,40.0,15.0,120.0,190.0,115.0,523.0,378.0,179.0,151.0,33.6,49.9,40.4,20.8,14.9,14.2,11.0,13.3
Cazarilh-Laspènes (31110),/management/ville/cazarilh-laspenes/ville-31129,0.0,5.0,0.0,5.0,0.0,0.0,4.0,5.0,2.0,8.0,12.5,27.3,50.0,9.1,12.5,9.1,25.0,54.5
Chazot (25430),/management/ville/chazot/ville-25145,10.0,0.0,0.0,10.0,20.0,15.0,23.0,31.0,16.0,20.0,16.3,36.4,40.8,24.5,18.4,15.9,24.5,20.5
Coings (36130),/management/ville/coings/ville-36057,0.0,10.0,58.0,140.0,131.0,92.0,161.0,228.0,135.0,128.0,23.1,26.0,41.9,27.3,16.9,24.5,18.1,21.1
Aubigny-lès-Sombernon (21540),/management/ville/aubigny-les-sombernon/ville-21033,0.0,5.0,5.0,10.0,20.0,15.0,40.0,33.0,14.0,29.0,33.9,35.2,33.9,20.0,12.9,11.1,19.4,31.5
Châteaumeillant (18370),/management/ville/chateaumeillant/ville-18057,37.0,89.0,16.0,79.0,241.0,136.0,605.0,501.0,194.0,258.0,30.0,45.8,42.8,21.1,13.6,11.5,13.5,19.0
Bugny (25520),/management/ville/bugny/ville-25099,30.0,5.0,15.0,40.0,20.0,25.0,29.0,40.0,36.0,36.0,18.7,22.7,33.3,22.7,28.0,22.7,20.0,31.8
Barrettali (20228),/management/ville/barrettali/ville-2B030,0.0,11.0,4.0,10.0,9.0,4.0,37.0,20.0,19.0,45.0,35.5,25.4,14.5,19.0,11.3,20.3,38.7,35.6
Chalon (38122),/management/ville/chalon/ville-38066,0.0,5.0,20.0,15.0,20.0,25.0,26.0,36.0,18.0,49.0,18.2,22.6,30.3,22.5,16.7,11.3,34.8,40.3
Choqueuse-les-Bénards (60360),/management/ville/choqueuse-les-benards/ville-60153,0.0,10.0,0.0,20.0,15.0,20.0,20.0,27.0,15.0,19.0,22.5,26.8,40.0,24.4,20.0,17.1,17.5,29.3
Ambon (56190),/management/ville/ambon/ville-56002,51.0,60.0,80.0,218.0,220.0,210.0,370.0,460.0,255.0,314.0,20.2,32.4,38.9,24.5,20.3,16.3,20.6,24.1
Besnans (70230),/management/ville/besnans/ville-70065,0.0,0.0,5.0,10.0,15.0,10.0,21.0,18.0,10.0,8.0,31.0,42.9,37.9,23.3,17.2,17.9,13.8,14.3
Bougarber (64230),/management/ville/bougarber/ville-64142,10.0,36.0,36.0,130.0,109.0,109.0,137.0,194.0,101.0,197.0,20.9,22.9,35.4,23.6,16.8,15.3,26.9,35.7
Cumiès (11410),/management/ville/cumies/ville-11114,0.0,5.0,0.0,0.0,5.0,10.0,12.0,9.0,3.0,9.0,26.3,50.0,42.1,7.7,5.3,14.3,26.3,28.6
Chécy (45430),/management/ville/checy/ville-45089,5.0,216.0,725.0,1228.0,1002.0,760.0,1401.0,1595.0,1107.0,2170.0,19.5,24.9,28.6,21.3,18.7,16.7,33.2,35.9
Breuvannes-en-Bassigny (52240),/management/ville/breuvannes-en-bassigny/ville-52074,20.0,15.0,10.0,45.0,45.0,184.0,269.0,148.0,74.0,58.0,46.4,52.0,30.2,21.4,13.7,13.3,9.7,11.1
Billy-le-Grand (51400),/management/ville/billy-le-grand/ville-51061,25.0,0.0,10.0,20.0,10.0,5.0,21.0,25.0,16.0,30.0,21.3,24.4,34.0,18.8,21.3,13.3,23.4,42.2
Boutx (31160),/management/ville/boutx/ville-31085,0.0,10.0,25.0,35.0,15.0,35.0,59.0,45.0,42.0,59.0,22.4,35.2,27.6,17.5,19.4,21.3,30.6,26.9
Channes (10340),/management/ville/channes/ville-10079,39.0,5.0,0.0,5.0,5.0,15.0,42.0,30.0,14.0,11.0,39.6,46.0,39.6,21.4,16.7,12.0,4.2,18.0
Choranche (38680),/management/ville/choranche/ville-38108,5.0,15.0,10.0,5.0,15.0,15.0,49.0,24.0,9.0,21.0,51.7,42.2,25.9,18.4,6.9,11.1,15.5,26.7
Auvillars-sur-Saône (21250),/management/ville/auvillars-sur-saone/ville-21035,0.0,0.0,20.0,56.0,46.0,61.0,43.0,83.0,57.0,58.0,12.9,22.9,46.0,24.1,16.9,30.5,24.2,24.6
Crastatt (67310),/management/ville/crastatt/ville-67078,5.0,11.0,11.0,37.0,32.0,63.0,58.0,57.0,28.0,51.0,21.2,38.1,42.4,15.2,16.2,13.4,20.2,33.0
Chalon-sur-Saône (71100),/management/ville/chalon-sur-saone/ville-71076,23.0,786.0,2327.0,4741.0,6484.0,5978.0,11550.0,8805.0,5449.0,8294.0,29.6,37.5,29.7,21.1,16.3,15.7,24.4,24.2
Ailhon (07200),/management/ville/ailhon/ville-07002,10.0,10.0,51.0,66.0,66.0,25.0,82.0,90.0,76.0,160.0,22.4,17.6,27.1,17.0,17.8,19.2,32.7,46.6
Cazats (33430),/management/ville/cazats/ville-33116,0.0,10.0,10.0,66.0,72.0,66.0,72.0,110.0,58.0,63.0,23.5,23.7,40.5,28.1,19.6,19.1,16.3,25.7
Cumont (82500),/management/ville/cumont/ville-82047,5.0,0.0,0.0,5.0,5.0,0.0,16.0,17.0,7.0,3.0,31.8,42.9,45.5,28.0,18.2,14.3,4.5,9.5
Callas (83830),/management/ville/callas/ville-83028,0.0,113.0,49.0,148.0,351.0,172.0,427.0,469.0,282.0,332.0,25.7,30.7,38.7,23.0,17.2,20.1,18.4,25.4
Cour-et-Buis (38122),/management/ville/cour-et-buis/ville-38134,0.0,24.0,42.0,141.0,75.0,85.0,138.0,200.0,119.0,168.0,25.5,18.8,35.4,26.1,19.4,18.4,19.7,34.0
Boisney (27800),/management/ville/boisney/ville-27074,0.0,0.0,5.0,20.0,20.0,35.0,70.0,69.0,28.0,49.0,35.9,28.3,39.3,21.9,9.4,17.2,15.4,31.3
Breuvery-sur-Coole (51240),/management/ville/breuvery-sur-coole/ville-51087,10.0,5.0,5.0,30.0,10.0,35.0,35.0,62.0,32.0,34.0,18.1,25.0,44.6,27.8,20.5,18.8,16.9,25.0
Conteville-lès-Boulogne (62126),/management/ville/conteville-les-boulogne/ville-62237,0.0,10.0,23.0,53.0,63.0,45.0,123.0,83.0,50.0,103.0,33.7,35.0,27.6,18.2,11.0,16.4,27.6,29.9
Aubigny-sur-Nère (18700),/management/ville/aubigny-sur-nere/ville-18015,15.0,131.0,186.0,523.0,589.0,948.0,1675.0,1369.0,616.0,766.0,30.5,44.4,39.0,21.6,13.8,14.0,16.7,17.9
Bailleul (61160),/management/ville/bailleul/ville-61023,0.0,15.0,25.0,44.0,104.0,89.0,170.0,153.0,62.0,82.0,33.3,39.4,38.1,23.5,15.2,11.9,13.4,21.6
Bellignies (59570),/management/ville/bellignies/ville-59065,0.0,25.0,45.0,90.0,100.0,125.0,166.0,169.0,133.0,154.0,19.7,33.3,35.2,19.6,22.7,20.1,22.4,27.0
Barriac-les-Bosquets (15700),/management/ville/barriac-les-bosquets/ville-15018,24.0,10.0,0.0,5.0,5.0,0.0,54.0,28.0,13.0,18.0,49.2,45.1,28.6,17.5,14.3,7.8,7.9,27.5
Coingt (02360),/management/ville/coingt/ville-02204,15.0,5.0,0.0,0.0,5.0,5.0,24.0,12.0,11.0,11.0,31.0,51.7,34.5,8.3,13.8,24.1,20.7,17.2
Ambonil (26800),/management/ville/ambonil/ville-26007,0.0,11.0,11.0,11.0,23.0,17.0,15.0,25.0,22.0,31.0,17.0,15.6,34.0,21.4,19.1,26.7,29.8,37.8
Châteauneuf (21320),/management/ville/chateauneuf/ville-21152,0.0,0.0,0.0,0.0,10.0,10.0,26.0,23.0,18.0,11.0,25.0,40.0,33.3,23.8,27.8,20.0,13.9,15.0
Caro (56140),/management/ville/caro/ville-56035,51.0,30.0,51.0,76.0,142.0,172.0,227.0,260.0,159.0,222.0,25.1,27.1,35.3,23.4,16.7,20.0,22.9,28.5
Besné (44160),/management/ville/besne/ville-44013,5.0,96.0,81.0,461.0,380.0,547.0,389.0,765.0,414.0,468.0,14.7,23.6,43.0,28.3,21.5,19.2,20.7,25.3
Antras (09800),/management/ville/antras/ville-09011,5.0,0.0,5.0,5.0,5.0,20.0,19.0,11.0,6.0,18.0,37.9,32.0,27.6,12.5,6.9,16.0,27.6,40.0
Buhl (67470),/management/ville/buhl/ville-67069,15.0,5.0,20.0,35.0,70.0,134.0,125.0,146.0,65.0,63.0,23.6,39.0,43.8,25.6,17.7,14.9,14.8,16.9
Crastes (32270),/management/ville/crastes/ville-32112,20.0,10.0,10.0,10.0,40.0,15.0,55.0,45.0,45.0,49.0,28.0,28.7,29.0,19.8,18.3,27.7,24.7,25.7
Beaumont (63110),/management/ville/beaumont/ville-63032,3.0,185.0,1211.0,1540.0,1379.0,750.0,1736.0,1679.0,1374.0,3414.0,18.2,23.6,24.0,17.5,15.8,17.6,42.0,41.3
Cazaubon (32150),/management/ville/cazaubon/ville-32096,35.0,114.0,63.0,109.0,179.0,234.0,578.0,358.0,233.0,232.0,37.8,44.6,31.5,19.6,14.7,18.3,15.9,17.2
Arques (12290),/management/ville/arques/ville-12010,20.0,5.0,0.0,10.0,10.0,15.0,29.0,31.0,18.0,22.0,21.6,36.7,41.2,19.6,19.6,16.3,17.6,26.5
Aubilly (51170),/management/ville/aubilly/ville-51020,0.0,5.0,5.0,5.0,10.0,5.0,3.0,13.0,4.0,14.0,15.8,0.0,42.1,31.6,0.0,23.5,42.1,41.2
Conthil (57340),/management/ville/conthil/ville-57151,10.0,10.0,0.0,5.0,34.0,20.0,47.0,49.0,17.0,23.0,26.4,43.1,50.0,18.8,11.1,13.8,12.5,23.1
Bouvaincourt-sur-Bresle (80220),/management/ville/bouvaincourt-sur-bresle/ville-80127,0.0,29.0,5.0,64.0,137.0,157.0,253.0,204.0,105.0,91.0,35.6,41.7,36.9,23.9,14.4,17.7,13.1,14.7
Chorey-les-Beaune (21200),/management/ville/chorey-les-beaune/ville-21173,40.0,10.0,35.0,85.0,60.0,70.0,127.0,112.0,82.0,132.0,25.1,31.0,31.7,17.9,17.6,18.6,25.6,32.7
Chalonnes-sur-Loire (49290),/management/ville/chalonnes-sur-loire/ville-49063,75.0,156.0,272.0,796.0,950.0,831.0,1699.0,1202.0,713.0,1176.0,29.9,40.6,30.6,18.8,16.2,13.7,23.3,25.7
Auvillers-les-Forges (08260),/management/ville/auvillers-les-forges/ville-08037,20.0,10.0,10.0,50.0,165.0,100.0,234.0,184.0,116.0,117.0,33.0,38.9,33.0,22.2,18.8,16.7,15.1,20.7
Callen (40430),/management/ville/callen/ville-40060,10.0,10.0,0.0,0.0,5.0,26.0,50.0,38.0,18.0,27.0,28.6,47.1,34.9,20.5,12.7,14.7,23.8,16.2
Antras (32360),/management/ville/antras/ville-32003,5.0,10.0,0.0,5.0,5.0,0.0,10.0,11.0,2.0,17.0,16.7,31.8,27.8,22.2,5.6,4.5,50.0,36.4
Châteauneuf (42800),/management/ville/chateauneuf/ville-42053,0.0,59.0,118.0,178.0,207.0,163.0,236.0,386.0,222.0,336.0,17.0,23.1,40.1,23.6,18.5,19.3,24.4,32.7
Boisredon (17150),/management/ville/boisredon/ville-17052,35.0,25.0,10.0,80.0,45.0,95.0,228.0,182.0,73.0,79.0,35.3,46.4,40.3,21.4,12.5,13.5,11.9,16.5
Cunac (81990),/management/ville/cunac/ville-81074,10.0,45.0,85.0,250.0,240.0,130.0,248.0,362.0,198.0,333.0,19.2,24.0,41.3,22.3,14.9,19.5,24.5,33.4
Arques (62510),/management/ville/arques/ville-62040,10.0,229.0,281.0,928.0,1255.0,1587.0,2694.0,2098.0,1137.0,1280.0,31.5,42.5,34.7,22.4,15.4,16.1,18.4,17.2
Barro (16700),/management/ville/barro/ville-16031,0.0,16.0,16.0,46.0,21.0,71.0,76.0,91.0,60.0,84.0,20.1,28.9,39.0,19.1,19.5,19.1,21.4,32.9
Bouvancourt (51140),/management/ville/bouvancourt/ville-51077,5.0,0.0,20.0,10.0,25.0,5.0,36.0,30.0,23.0,52.0,29.9,22.4,22.4,19.2,14.9,17.1,32.8,40.8
Châlons-du-Maine (53470),/management/ville/chalons-du-maine/ville-53049,5.0,10.0,20.0,90.0,125.0,140.0,81.0,141.0,101.0,127.0,15.7,20.5,38.7,23.7,20.9,24.1,24.8,31.8
Contigny (03500),/management/ville/contigny/ville-03083,25.0,20.0,15.0,76.0,81.0,76.0,132.0,180.0,83.0,91.0,22.8,31.9,44.7,26.0,17.5,16.4,15.0,22.3
Cour-l'Évêque (52210),/management/ville/cour-l-eveque/ville-52151,0.0,11.0,0.0,17.0,56.0,23.0,48.0,58.0,24.0,10.0,29.6,38.6,47.9,30.0,14.1,20.0,8.5,7.1
Breuville (50260),/management/ville/breuville/ville-50079,30.0,10.0,15.0,55.0,50.0,45.0,81.0,111.0,51.0,57.0,19.6,34.2,45.3,25.4,18.9,15.1,16.2,21.7
Caro (64220),/management/ville/caro/ville-64166,5.0,21.0,15.0,0.0,31.0,15.0,42.0,54.0,20.0,28.0,31.5,28.6,38.4,29.9,13.7,12.9,16.4,21.4
Ambonnay (51150),/management/ville/ambonnay/ville-51007,65.0,15.0,50.0,123.0,76.0,160.0,221.0,183.0,127.0,155.0,27.3,36.9,34.5,18.8,20.7,16.5,17.4,27.3
Aillant-sur-Milleron (45230),/management/ville/aillant-sur-milleron/ville-45002,15.0,29.0,5.0,64.0,54.0,49.0,100.0,117.0,47.0,47.0,28.8,35.3,47.4,25.4,11.5,19.2,12.2,17.9
Chédigny (37310),/management/ville/chedigny/ville-37066,15.0,5.0,30.0,71.0,66.0,61.0,110.0,120.0,82.0,126.0,22.5,27.8,31.5,21.9,19.4,17.6,26.6,31.5
Chorges (05230),/management/ville/chorges/ville-05040,14.0,154.0,115.0,361.0,447.0,260.0,540.0,639.0,387.0,692.0,22.3,25.5,32.9,22.3,17.0,17.3,27.8,33.5
Antrenas (48100),/management/ville/antrenas/ville-48005,20.0,5.0,10.0,35.0,20.0,30.0,60.0,59.0,50.0,47.0,27.6,27.9,36.2,20.0,21.9,24.3,14.3,28.8
Buhl (68530),/management/ville/buhl/ville-68058,5.0,100.0,170.0,455.0,450.0,495.0,634.0,877.0,384.0,551.0,21.0,30.8,40.9,26.7,16.2,15.2,21.9,23.1
Beaumont (74160),/management/ville/beaumont/ville-74031,0.0,95.0,405.0,455.0,450.0,215.0,290.0,494.0,361.0,836.0,12.5,16.7,29.8,19.9,17.8,18.6,40.0,44.4
Bougé-Chambalud (38150),/management/ville/bouge-chambalud/ville-38051,30.0,40.0,40.0,210.0,125.0,200.0,344.0,272.0,191.0,193.0,31.0,37.8,31.2,22.0,20.7,17.5,17.1,21.5
Aubin (12110),/management/ville/aubin/ville-12013,25.0,70.0,120.0,255.0,540.0,470.0,1084.0,1025.0,502.0,400.0,29.9,41.6,42.3,24.6,14.4,18.7,13.4,13.2
Coirac (33540),/management/ville/coirac/ville-33131,5.0,14.0,10.0,29.0,39.0,29.0,50.0,47.0,24.0,31.0,27.2,38.4,44.4,16.9,13.6,19.2,14.8,26.0
Bellinghem (62129),/management/ville/bellinghem/ville-62471,5.0,10.0,40.0,131.0,161.0,136.0,164.0,241.0,149.0,191.0,18.9,24.9,38.6,24.3,21.6,18.2,20.8,30.6
Callengeville (76270),/management/ville/callengeville/ville-76122,25.0,10.0,10.0,71.0,50.0,81.0,146.0,135.0,51.0,52.0,36.2,40.1,39.9,26.4,11.2,15.2,12.8,14.2
Contilly (72600),/management/ville/contilly/ville-72091,20.0,5.0,10.0,5.0,20.0,15.0,31.0,41.0,22.0,25.0,18.0,34.5,37.7,26.9,21.3,15.5,23.0,19.0
Crasville (27400),/management/ville/crasville/ville-27184,0.0,0.0,5.0,20.0,10.0,30.0,33.0,35.0,18.0,14.0,30.8,35.4,38.5,28.8,13.5,22.9,17.3,10.4
Billy-lès-Chanceaux (21450),/management/ville/billy-les-chanceaux/ville-21075,0.0,0.0,0.0,0.0,15.0,15.0,16.0,13.0,7.0,7.0,36.4,38.1,31.8,26.1,13.6,19.0,18.2,14.3
Châlons-en-Champagne (51000),/management/ville/chalons-en-champagne/ville-51108,66.0,747.0,2505.0,4406.0,6979.0,5649.0,11530.0,8802.0,5261.0,7685.0,30.6,38.3,31.0,21.0,15.9,15.8,22.6,23.6
Barrou (37350),/management/ville/barrou/ville-37019,30.0,10.0,25.0,40.0,45.0,45.0,140.0,131.0,48.0,49.0,31.2,44.1,45.1,23.9,12.7,13.3,11.0,15.4
Antugnac (11190),/management/ville/antugnac/ville-11010,15.0,10.0,0.0,30.0,35.0,35.0,57.0,62.0,44.0,50.0,26.2,27.3,35.0,24.1,15.5,25.5,23.3,23.6
Boissay (76750),/management/ville/boissay/ville-76113,6.0,11.0,21.0,82.0,49.0,86.0,74.0,82.0,50.0,72.0,23.4,30.1,39.3,18.4,19.3,16.5,17.9,34.6
Besneville (50390),/management/ville/besneville/ville-50049,40.0,25.0,5.0,50.0,80.0,104.0,200.0,160.0,68.0,76.0,33.7,45.7,39.5,21.6,13.2,13.9,13.6,16.7
Châteauneuf (71740),/management/ville/chateauneuf/ville-71113,0.0,0.0,10.0,15.0,5.0,30.0,24.0,21.0,21.0,18.0,25.6,31.7,32.6,17.9,27.9,22.0,14.0,29.3
Cuncy-lès-Varzy (58210),/management/ville/cuncy-les-varzy/ville-58093,15.0,0.0,5.0,10.0,10.0,0.0,38.0,35.0,20.0,18.0,28.6,39.6,35.7,23.7,21.4,15.1,14.3,18.9
Chouain (14250),/management/ville/chouain/ville-14159,0.0,0.0,14.0,35.0,25.0,15.0,53.0,36.0,17.0,47.0,28.6,40.8,33.8,13.5,6.5,15.8,31.2,30.3
Belloc (09600),/management/ville/belloc/ville-09048,10.0,0.0,0.0,15.0,5.0,0.0,13.0,12.0,14.0,19.0,18.5,25.8,18.5,23.3,22.2,25.8,40.7,25.8
Cazaugitat (33790),/management/ville/cazaugitat/ville-33117,10.0,10.0,0.0,15.0,5.0,52.0,88.0,55.0,28.0,19.0,40.2,53.1,32.6,23.1,15.2,13.5,12.0,7.3
Bouvante (26190),/management/ville/bouvante/ville-26059,11.0,6.0,0.0,22.0,33.0,28.0,69.0,62.0,32.0,40.0,26.2,42.0,36.9,21.2,20.4,11.0,16.5,23.0
Chanonat (63450),/management/ville/chanonat/ville-63084,0.0,55.0,161.0,312.0,216.0,96.0,196.0,303.0,207.0,522.0,15.4,16.5,31.9,18.0,14.0,19.8,38.8,46.1
Chef-Boutonne (79110),/management/ville/chef-boutonne/ville-79083,35.0,105.0,25.0,184.0,331.0,294.0,953.0,608.0,270.0,279.0,38.1,51.3,34.8,21.4,12.1,13.4,15.0,11.7
Aillas (33124),/management/ville/aillas/ville-33002,30.0,25.0,25.0,104.0,109.0,65.0,209.0,176.0,121.0,122.0,32.5,33.6,34.1,22.6,14.9,23.5,18.5,20.5
Cour-Maugis sur Huisne (61110),/management/ville/cour-maugis-sur-huisne/ville-61050,27.0,32.0,12.0,68.0,54.0,89.0,151.0,129.0,86.0,114.0,27.7,34.7,36.2,18.2,16.6,19.2,19.6,28.2
Breux (55600),/management/ville/breux/ville-55077,0.0,0.0,0.0,10.0,44.0,44.0,39.0,52.0,58.0,43.0,18.2,22.1,36.4,21.8,25.3,35.8,20.2,24.2
Carolles (50740),/management/ville/carolles/ville-50102,0.0,40.0,45.0,70.0,65.0,35.0,155.0,153.0,115.0,212.0,19.9,28.1,28.7,20.1,17.1,19.2,34.3,32.4
Auvilliers (76270),/management/ville/auvilliers/ville-76042,20.0,5.0,0.0,20.0,5.0,0.0,32.0,27.0,11.0,7.0,34.3,47.6,42.9,25.0,14.3,14.3,8.6,9.5
Bailleul (80490),/management/ville/bailleul/ville-80051,21.0,11.0,0.0,42.0,48.0,26.0,76.0,44.0,42.0,48.0,35.1,37.2,26.8,17.0,17.5,22.1,20.6,24.8
Coise (69590),/management/ville/coise/ville-69062,25.0,20.0,20.0,70.0,99.0,100.0,163.0,140.0,89.0,143.0,30.1,30.5,32.4,19.0,17.6,15.6,19.9,34.0
Cunèges (24240),/management/ville/cuneges/ville-24148,15.0,15.0,0.0,40.0,20.0,40.0,57.0,67.0,41.0,62.0,22.1,27.6,34.6,24.2,14.4,21.1,28.8,26.0
Buhl-Lorraine (57400),/management/ville/buhl-lorraine/ville-57119,0.0,30.0,69.0,149.0,180.0,207.0,252.0,297.0,174.0,202.0,24.7,29.9,37.4,24.7,18.8,18.9,19.0,24.5
Calleville (27800),/management/ville/calleville/ville-27125,20.0,36.0,15.0,66.0,76.0,76.0,181.0,159.0,86.0,79.0,35.2,36.4,34.4,25.9,15.2,19.0,15.2,16.3
Beaumont (89250),/management/ville/beaumont/ville-89031,0.0,15.0,30.0,75.0,115.0,90.0,98.0,178.0,86.0,89.0,15.0,28.6,48.5,26.6,22.0,16.1,14.5,25.0
Arques-la-Bataille (76880),/management/ville/arques-la-bataille/ville-76026,5.0,65.0,75.0,230.0,415.0,390.0,680.0,621.0,306.0,356.0,31.1,37.6,38.1,23.9,14.5,16.5,16.3,19.7
Bouvelinghem (62380),/management/ville/bouvelinghem/ville-62169,5.0,10.0,10.0,44.0,35.0,15.0,56.0,38.0,27.0,35.0,34.2,37.8,30.3,19.3,15.8,18.3,19.7,24.4
Cour-Saint-Maurice (25380),/management/ville/cour-saint-maurice/ville-25173,0.0,10.0,0.0,20.0,5.0,35.0,60.0,30.0,24.0,14.0,39.7,53.8,27.0,19.1,22.2,15.4,11.1,10.8
Crasville (50630),/management/ville/crasville/ville-50150,17.0,0.0,6.0,28.0,39.0,39.0,67.0,66.0,32.0,33.0,30.7,36.7,37.6,25.4,18.8,13.3,12.9,20.4
Châlons-sur-Vesle (51140),/management/ville/chalons-sur-vesle/ville-51109,0.0,16.0,31.0,16.0,5.0,10.0,15.0,35.0,19.0,68.0,8.3,12.5,27.8,21.3,19.4,7.8,44.4,54.7
Besny-et-Loizy (02870),/management/ville/besny-et-loizy/ville-02080,0.0,10.0,10.0,45.0,45.0,49.0,60.0,70.0,61.0,74.0,21.3,23.9,31.5,23.4,16.5,29.0,30.7,25.4
Auvilliers-en-Gâtinais (45270),/management/ville/auvilliers-en-gatinais/ville-45017,25.0,5.0,10.0,30.0,49.0,59.0,109.0,82.0,48.0,47.0,35.5,40.3,33.3,23.0,14.9,18.8,16.3,16.7
Boisse (24560),/management/ville/boisse/ville-24045,15.0,15.0,10.0,20.0,10.0,15.0,36.0,50.0,47.0,57.0,18.0,20.0,27.0,24.0,30.0,18.9,25.0,35.6
Ambonville (52110),/management/ville/ambonville/ville-52007,14.0,0.0,0.0,5.0,9.0,14.0,13.0,14.0,14.0,17.0,13.8,32.1,31.0,19.2,24.1,25.0,31.0,25.0
Antully (71400),/management/ville/antully/ville-71010,45.0,25.0,10.0,104.0,79.0,124.0,171.0,236.0,119.0,112.0,19.6,34.1,45.9,25.7,19.3,17.8,15.2,19.7
Aubin (64230),/management/ville/aubin/ville-64073,10.0,14.0,10.0,34.0,34.0,29.0,28.0,54.0,44.0,40.0,14.6,19.3,39.0,26.8,25.6,27.7,20.7,26.5
Coise-Saint-Jean-Pied-Gauthier (73800),/management/ville/coise-saint-jean-pied-gauthier/ville-73089,5.0,45.0,60.0,180.0,125.0,150.0,173.0,284.0,159.0,260.0,16.1,23.4,42.5,21.5,17.5,18.8,23.9,35.6
Belloc-Saint-Clamens (32300),/management/ville/belloc-saint-clamens/ville-32042,15.0,5.0,10.0,0.0,0.0,5.0,37.0,28.0,22.0,24.0,30.4,36.4,30.4,20.8,16.1,23.6,23.2,20.0
Crasville-la-Mallet (76450),/management/ville/crasville-la-mallet/ville-76189,5.0,0.0,5.0,10.0,5.0,15.0,38.0,32.0,23.0,22.0,28.8,37.5,28.8,23.8,25.4,14.3,16.9,21.4
Cour-sur-Loire (41500),/management/ville/cour-sur-loire/ville-41069,0.0,27.0,11.0,32.0,27.0,42.0,73.0,56.0,42.0,64.0,30.4,31.9,32.2,16.5,16.5,19.3,20.9,32.8
Chouday (36100),/management/ville/chouday/ville-36052,0.0,10.0,0.0,10.0,44.0,25.0,23.0,43.0,17.0,29.0,18.3,22.6,48.3,27.3,6.7,24.5,26.7,24.5
Chanos-Curson (26600),/management/ville/chanos-curson/ville-26071,15.0,45.0,65.0,169.0,174.0,134.0,161.0,245.0,145.0,259.0,20.1,19.5,34.4,24.0,17.5,18.5,28.0,36.2
Bouges-le-Château (36110),/management/ville/bouges-le-chateau/ville-36023,20.0,25.0,5.0,14.0,43.0,24.0,91.0,55.0,36.0,39.0,34.7,46.3,30.7,18.9,17.8,14.9,16.8,19.0
Continvoir (37340),/management/ville/continvoir/ville-37082,5.0,10.0,16.0,19.0,40.0,63.0,159.0,109.0,41.0,38.0,41.1,50.6,40.6,20.3,10.3,13.4,8.0,14.0
Breux-Jouy (91650),/management/ville/breux-jouy/ville-91106,0.0,45.0,100.0,260.0,140.0,95.0,264.0,254.0,136.0,287.0,27.1,29.0,30.7,21.3,14.9,14.0,27.3,33.8
Aux Marais (60000),/management/ville/aux-marais/ville-60703,0.0,19.0,53.0,82.0,139.0,86.0,168.0,163.0,103.0,153.0,28.3,29.0,32.5,22.1,17.5,17.7,21.7,30.0
Beaumont Saint-Cyr (86130),/management/ville/beaumont-saint-cyr/ville-86019,27.0,107.0,124.0,405.0,484.0,409.0,654.0,635.0,422.0,497.0,26.0,33.1,35.3,21.9,18.4,19.8,20.4,24.6
Barry (65380),/management/ville/barry/ville-65067,0.0,0.0,5.0,24.0,20.0,20.0,24.0,32.0,13.0,28.0,21.2,29.2,38.5,23.2,15.4,10.4,25.0,33.3
Caromb (84330),/management/ville/caromb/ville-84030,64.0,181.0,167.0,280.0,423.0,284.0,769.0,664.0,432.0,657.0,27.5,33.3,32.8,20.0,15.1,19.1,24.5,27.4
Calleville-les-Deux-Églises (76890),/management/ville/calleville-les-deux-eglises/ville-76153,5.0,20.0,15.0,30.0,45.0,45.0,74.0,61.0,54.0,43.0,33.1,31.5,27.3,24.1,23.1,23.4,16.5,20.7
Cunel (55110),/management/ville/cunel/ville-55140,5.0,0.0,0.0,0.0,0.0,5.0,7.0,2.0,1.0,1.0,50.0,80.0,33.3,0.0,16.7,0.0,0.0,20.0
Ailleux (42130),/management/ville/ailleux/ville-42002,0.0,0.0,0.0,23.0,9.0,37.0,38.0,45.0,20.0,23.0,25.4,35.5,41.3,26.0,17.5,12.9,15.9,21.0
Buhy (95770),/management/ville/buhy/ville-95119,0.0,5.0,15.0,60.0,45.0,40.0,61.0,58.0,43.0,57.0,26.9,29.0,26.9,23.9,21.8,17.0,24.4,28.0
Bailleul-aux-Cornailles (62127),/management/ville/bailleul-aux-cornailles/ville-62070,5.0,10.0,10.0,15.0,15.0,45.0,72.0,57.0,34.0,24.0,36.0,40.6,38.4,23.1,15.1,20.8,10.5,14.9
Billy-Montigny (62420),/management/ville/billy-montigny/ville-62133,5.0,120.0,145.0,621.0,1072.0,1182.0,2215.0,1716.0,982.0,780.0,31.3,45.5,37.3,22.5,17.3,17.2,14.1,13.3
Bouvellemont (08430),/management/ville/bouvellemont/ville-08080,0.0,0.0,0.0,30.0,0.0,15.0,26.0,27.0,13.0,13.0,22.5,43.6,42.5,23.8,15.0,17.9,20.0,12.8
Arquettes-en-Val (11220),/management/ville/arquettes-en-val/ville-11016,15.0,0.0,0.0,5.0,0.0,20.0,29.0,13.0,14.0,13.0,43.2,40.6,27.0,11.5,13.5,28.1,16.2,21.9
Cazaunous (31160),/management/ville/cazaunous/ville-31131,0.0,5.0,0.0,20.0,5.0,0.0,18.0,11.0,12.0,19.0,28.1,32.1,25.0,11.5,21.9,17.9,25.0,39.3
Crasville-la-Rocquefort (76740),/management/ville/crasville-la-rocquefort/ville-76190,0.0,0.0,0.0,31.0,15.0,41.0,61.0,49.0,29.0,32.0,32.5,38.3,40.3,19.6,15.6,17.0,11.7,24.5
Choue (41170),/management/ville/choue/ville-41053,40.0,25.0,15.0,15.0,80.0,65.0,167.0,146.0,47.0,51.0,35.5,46.0,40.8,25.2,11.8,11.0,11.8,13.0
Bessac (16250),/management/ville/bessac/ville-16041,5.0,0.0,0.0,5.0,15.0,21.0,45.0,22.0,25.0,7.0,36.2,56.0,34.0,11.4,27.7,22.0,2.1,12.0
Buicourt (60380),/management/ville/buicourt/ville-60114,5.0,0.0,5.0,30.0,15.0,10.0,36.0,21.0,25.0,21.0,28.8,41.2,25.0,16.7,26.9,21.6,19.2,21.6
Arquèves (80560),/management/ville/arqueves/ville-80028,10.0,0.0,0.0,20.0,15.0,36.0,46.0,33.0,24.0,19.0,29.0,47.5,40.3,14.3,19.4,18.6,11.3,20.3
Chef-Haut (88500),/management/ville/chef-haut/ville-88100,5.0,0.0,0.0,10.0,0.0,5.0,12.0,11.0,4.0,10.0,33.3,31.3,38.1,16.7,14.3,6.3,14.3,43.8
Carpentras (84200),/management/ville/carpentras/ville-84031,114.0,922.0,841.0,2450.0,3727.0,3725.0,8124.0,5120.0,3248.0,4544.0,36.7,40.2,27.3,20.6,15.1,15.8,20.9,22.2
Barry-d'Islemade (82290),/management/ville/barry-d-islemade/ville-82011,15.0,20.0,25.0,75.0,165.0,170.0,183.0,191.0,142.0,137.0,26.3,29.8,35.5,23.4,19.0,24.5,19.3,22.7
Courances (91490),/management/ville/courances/ville-91180,0.0,15.0,55.0,50.0,50.0,15.0,48.0,64.0,47.0,112.0,18.5,17.0,22.2,23.1,16.3,18.5,43.0,40.0
Bellocq (64270),/management/ville/bellocq/ville-64108,10.0,30.0,39.0,104.0,89.0,125.0,234.0,231.0,105.0,118.0,30.7,36.8,41.7,23.9,13.8,16.8,13.8,20.3
Bougey (70500),/management/ville/bougey/ville-70078,10.0,0.0,0.0,5.0,10.0,10.0,15.0,26.0,18.0,9.0,22.9,21.9,48.6,26.7,22.9,31.3,5.7,21.9
Chanousse (05700),/management/ville/chanousse/ville-05033,0.0,5.0,0.0,0.0,5.0,0.0,13.0,9.0,9.0,8.0,33.3,33.3,16.7,26.1,27.8,19.0,22.2,19.0
Châteauneuf (73390),/management/ville/chateauneuf/ville-73079,10.0,43.0,34.0,106.0,91.0,115.0,129.0,176.0,119.0,210.0,18.3,22.3,30.9,23.1,19.9,17.6,30.9,35.3
Bouverans (25560),/management/ville/bouverans/ville-25085,10.0,30.0,5.0,59.0,25.0,64.0,62.0,68.0,60.0,65.0,25.6,23.1,32.8,21.7,22.4,24.6,19.2,31.3
Breux-sur-Avre (27570),/management/ville/breux-sur-avre/ville-27115,5.0,25.0,15.0,30.0,45.0,50.0,80.0,69.0,39.0,68.0,28.7,33.6,33.6,20.0,13.9,16.4,23.8,29.1
Aubin-Saint-Vaast (62140),/management/ville/aubin-saint-vaast/ville-62046,5.0,55.0,10.0,75.0,125.0,94.0,238.0,179.0,99.0,78.0,34.1,45.6,40.1,20.3,15.0,18.2,10.8,15.3
Anvéville (76560),/management/ville/anveville/ville-76023,5.0,5.0,30.0,35.0,50.0,30.0,39.0,62.0,53.0,53.0,15.1,22.8,34.9,25.0,25.5,25.7,24.5,26.7
Châlonvillars (70400),/management/ville/chalonvillars/ville-70117,10.0,40.0,161.0,151.0,111.0,106.0,177.0,271.0,167.0,317.0,16.9,21.1,33.1,23.3,18.6,17.4,31.4,36.4
Aillevans (70110),/management/ville/aillevans/ville-70005,16.0,5.0,14.0,10.0,10.0,16.0,32.0,43.0,16.0,24.0,27.9,29.6,41.0,28.8,13.1,13.0,18.0,22.2
Beaumont-de-Lomagne (82500),/management/ville/beaumont-de-lomagne/ville-82013,45.0,144.0,75.0,353.0,420.0,460.0,1279.0,706.0,432.0,460.0,40.1,48.4,30.5,18.4,15.0,15.0,14.4,17.5
Callian (32190),/management/ville/callian/ville-32072,10.0,0.0,5.0,0.0,0.0,5.0,14.0,10.0,7.0,7.0,31.6,45.0,42.1,10.5,21.1,15.0,5.3,30.0
Ambrault (36120),/management/ville/ambrault/ville-36003,5.0,25.0,20.0,94.0,100.0,184.0,187.0,216.0,111.0,109.0,25.4,34.3,42.2,25.4,16.8,18.7,15.5,19.3
Cunelières (90150),/management/ville/cunelieres/ville-90031,0.0,5.0,15.0,26.0,46.0,51.0,44.0,72.0,43.0,84.0,14.6,22.1,30.9,25.0,19.5,16.4,35.0,33.6
Aux-Aussat (32170),/management/ville/aux-aussat/ville-32020,19.0,0.0,19.0,15.0,19.0,34.0,55.0,47.0,53.0,56.0,17.4,35.4,25.7,19.4,29.4,20.2,27.5,25.3
Bougival (78380),/management/ville/bougival/ville-78092,0.0,230.0,1758.0,1182.0,746.0,402.0,920.0,731.0,959.0,3430.0,14.3,16.1,13.2,11.9,14.2,17.3,58.3,55.5
Boisse-Penchot (12300),/management/ville/boisse-penchot/ville-12028,0.0,5.0,15.0,40.0,45.0,65.0,152.0,157.0,60.0,48.0,28.4,44.4,46.9,25.0,13.7,15.1,10.9,12.2
Aubinges (18220),/management/ville/aubinges/ville-18016,10.0,10.0,19.0,48.0,43.0,67.0,54.0,92.0,54.0,71.0,15.7,23.7,45.5,21.8,20.1,20.1,18.7,33.8
Brévainville (41160),/management/ville/brevainville/ville-41026,5.0,10.0,0.0,15.0,25.0,35.0,38.0,53.0,27.0,14.0,29.0,28.6,42.0,32.9,18.8,22.2,10.1,11.1
Billy-sous-Mangiennes (55230),/management/ville/billy-sous-mangiennes/ville-55053,0.0,20.0,10.0,45.0,25.0,50.0,83.0,93.0,46.0,38.0,26.0,37.6,46.5,23.9,16.5,18.8,11.0,18.0
Cravanche (90300),/management/ville/cravanche/ville-90029,0.0,30.0,170.0,204.0,175.0,204.0,259.0,406.0,205.0,543.0,13.8,22.5,29.3,24.8,14.6,14.6,42.3,34.8
Contrazy (09230),/management/ville/contrazy/ville-09098,5.0,0.0,0.0,16.0,16.0,5.0,11.0,35.0,7.0,12.0,11.8,20.7,67.6,31.6,11.8,10.3,8.8,27.6
Chougny (58110),/management/ville/chougny/ville-58076,5.0,0.0,15.0,5.0,0.0,10.0,22.0,14.0,12.0,14.0,29.0,41.9,25.8,18.8,22.6,16.1,22.6,22.6
Bessais-le-Fromental (18210),/management/ville/bessais-le-fromental/ville-18029,27.0,11.0,11.0,5.0,48.0,11.0,97.0,81.0,34.0,49.0,29.1,45.4,34.3,22.7,17.9,8.5,18.7,19.2
Arquian (58310),/management/ville/arquian/ville-58012,20.0,15.0,35.0,30.0,76.0,81.0,133.0,187.0,73.0,74.0,20.8,36.0,50.0,27.2,13.7,17.2,15.5,15.9
Buigny-l'Abbé (80132),/management/ville/buigny-l-abbe/ville-80147,15.0,5.0,20.0,63.0,29.0,10.0,73.0,75.0,38.0,66.0,24.4,33.8,35.8,22.0,14.6,15.4,25.2,26.9
Courant (17330),/management/ville/courant/ville-17124,29.0,10.0,5.0,15.0,39.0,77.0,94.0,100.0,51.0,51.0,32.9,30.2,40.4,26.5,11.0,23.5,15.8,18.8
Cheffes (49125),/management/ville/cheffes/ville-49090,5.0,40.0,35.0,95.0,130.0,110.0,183.0,215.0,125.0,177.0,24.7,27.6,35.6,23.8,18.4,17.3,21.3,29.3
Bars (24210),/management/ville/bars/ville-24025,5.0,20.0,10.0,10.0,49.0,29.0,45.0,62.0,22.0,65.0,20.8,26.1,40.6,21.2,7.9,15.2,30.7,35.9
Bellon (16210),/management/ville/bellon/ville-16037,10.0,15.0,5.0,5.0,10.0,10.0,42.0,34.0,23.0,28.0,31.7,34.4,30.2,21.5,20.6,16.4,17.5,26.2
Anvin (62134),/management/ville/anvin/ville-62036,5.0,20.0,15.0,30.0,89.0,94.0,200.0,171.0,76.0,98.0,31.0,41.7,34.5,24.8,13.8,14.1,20.7,15.9
Callian (83440),/management/ville/callian/ville-83029,35.0,225.0,235.0,290.0,385.0,225.0,654.0,595.0,417.0,803.0,25.6,27.3,27.7,20.0,17.1,16.7,29.7,35.1
Chanoy (52260),/management/ville/chanoy/ville-52106,0.0,5.0,5.0,5.0,16.0,32.0,27.0,43.0,17.0,17.0,18.2,34.0,54.5,25.0,10.9,22.0,16.4,18.0
Coiserette (39200),/management/ville/coiserette/ville-39157,0.0,0.0,5.0,15.0,0.0,5.0,9.0,6.0,8.0,13.0,31.6,17.6,15.8,18.8,21.1,23.5,31.6,41.2
Châteauneuf (85710),/management/ville/chateauneuf/ville-85062,26.0,46.0,21.0,99.0,114.0,165.0,190.0,234.0,147.0,139.0,23.5,29.9,42.4,23.1,19.1,22.2,15.0,24.5
Ailleville (10200),/management/ville/ailleville/ville-10002,0.0,10.0,5.0,34.0,49.0,49.0,85.0,73.0,20.0,18.0,41.8,44.4,41.8,27.4,7.1,14.1,9.2,9.1
Cazaux (09120),/management/ville/cazaux/ville-09090,11.0,5.0,0.0,5.0,0.0,5.0,12.0,9.0,6.0,8.0,33.3,35.7,33.3,15.4,16.7,21.4,16.7,28.6
Beaumont-de-Pertuis (84120),/management/ville/beaumont-de-pertuis/ville-84014,29.0,25.0,94.0,138.0,163.0,142.0,218.0,216.0,177.0,246.0,22.0,28.7,31.1,19.2,23.0,18.5,23.9,33.4
Bouvesse-Quirieu (38390),/management/ville/bouvesse-quirieu/ville-38054,5.0,65.0,50.0,255.0,185.0,170.0,326.0,364.0,191.0,206.0,25.1,34.8,39.9,25.0,16.6,18.5,18.3,19.6
Chalou-Moulineux (91740),/management/ville/chalou-moulineux/ville-91131,0.0,5.0,50.0,85.0,40.0,30.0,64.0,80.0,73.0,93.0,19.4,22.0,30.0,22.9,19.4,28.0,31.3,28.7
Carpineto (20229),/management/ville/carpineto/ville-2B067,2.0,2.0,0.0,3.0,3.0,0.0,12.0,7.0,6.0,5.0,50.0,33.3,33.3,18.8,8.3,27.8,8.3,22.2
Cunfin (10360),/management/ville/cunfin/ville-10119,0.0,0.0,10.0,0.0,26.0,42.0,51.0,56.0,22.0,33.0,24.4,38.8,40.2,25.3,11.0,15.0,24.4,17.5
Ambres (81500),/management/ville/ambres/ville-81011,15.0,50.0,70.0,135.0,135.0,85.0,160.0,150.0,137.0,257.0,21.5,24.0,27.0,16.9,16.9,21.8,34.6,38.3
Bouglainval (28130),/management/ville/bouglainval/ville-28052,0.0,15.0,61.0,147.0,96.0,91.0,151.0,128.0,115.0,193.0,22.0,29.5,26.4,17.5,19.9,19.5,31.8,33.9
Bailleul-la-Vallée (27260),/management/ville/bailleul-la-vallee/ville-27035,0.0,5.0,0.0,5.0,10.0,14.0,41.0,23.0,14.0,21.0,39.2,41.2,23.5,21.1,17.6,11.8,19.6,23.5
Contré (17470),/management/ville/contre/ville-17117,26.0,5.0,0.0,5.0,10.0,10.0,46.0,38.0,18.0,9.0,36.8,47.2,45.6,21.8,12.3,18.9,5.3,11.3
Arracourt (54370),/management/ville/arracourt/ville-54023,5.0,10.0,15.0,10.0,30.0,20.0,64.0,72.0,27.0,27.0,31.0,35.9,42.5,28.5,13.8,14.6,12.6,15.5
Courban (21520),/management/ville/courban/ville-21202,20.0,5.0,0.0,10.0,25.0,31.0,56.0,49.0,23.0,16.0,35.7,42.5,40.0,24.4,17.1,15.1,7.1,15.1
Auxais (50500),/management/ville/auxais/ville-50024,5.0,0.0,0.0,25.0,25.0,40.0,43.0,35.0,15.0,34.0,25.0,42.9,37.5,15.9,15.6,7.9,21.9,31.7
Billy-sur-Aisne (02200),/management/ville/billy-sur-aisne/ville-02089,5.0,41.0,56.0,127.0,132.0,91.0,307.0,277.0,137.0,178.0,30.6,37.2,36.6,23.3,15.4,15.1,17.3,22.0
Buigny-lès-Gamaches (80220),/management/ville/buigny-les-gamaches/ville-80148,0.0,0.0,21.0,31.0,31.0,88.0,144.0,87.0,53.0,39.0,37.7,51.2,31.5,20.9,16.7,16.0,14.2,10.5
Bellonne (62490),/management/ville/bellonne/ville-62106,10.0,10.0,0.0,30.0,40.0,15.0,32.0,52.0,41.0,47.0,17.2,20.3,34.4,26.7,18.3,30.4,30.1,24.1
Bessamorel (43200),/management/ville/bessamorel/ville-43028,10.0,10.0,39.0,53.0,68.0,48.0,60.0,99.0,72.0,83.0,15.8,22.7,37.0,24.7,23.0,22.7,24.2,29.3
Cravans (17260),/management/ville/cravans/ville-17133,10.0,35.0,10.0,40.0,90.0,140.0,236.0,204.0,93.0,105.0,30.4,43.3,40.1,22.1,14.4,14.7,15.1,17.8
Boisseau (41290),/management/ville/boisseau/ville-41019,5.0,0.0,0.0,0.0,15.0,15.0,16.0,29.0,22.0,8.0,12.5,32.4,50.0,25.8,27.5,32.4,10.0,11.8
Cheffois (85390),/management/ville/cheffois/ville-85067,40.0,20.0,10.0,89.0,124.0,233.0,185.0,238.0,138.0,143.0,22.2,30.2,41.4,24.7,19.2,20.1,17.2,23.5
Cunlhat (63590),/management/ville/cunlhat/ville-63132,25.0,25.0,50.0,75.0,191.0,231.0,431.0,275.0,172.0,163.0,39.9,42.9,33.2,19.8,14.0,18.7,12.8,18.4
Bréval (78980),/management/ville/breval/ville-78107,0.0,46.0,189.0,286.0,220.0,133.0,312.0,399.0,251.0,397.0,18.8,26.8,34.3,23.0,19.9,17.0,26.9,31.4
Carpiquet (14650),/management/ville/carpiquet/ville-14137,5.0,21.0,102.0,380.0,439.0,218.0,718.0,515.0,283.0,308.0,37.8,40.6,33.8,22.3,13.6,17.1,14.8,18.6
Any-Martin-Rieux (02500),/management/ville/any-martin-rieux/ville-02020,30.0,30.0,15.0,45.0,50.0,65.0,126.0,95.0,41.0,67.0,31.7,44.6,36.0,20.1,12.4,12.5,19.9,20.8
Cazaux-d'Anglès (32190),/management/ville/cazaux-d-angles/ville-32097,10.0,10.0,0.0,15.0,25.0,20.0,28.0,23.0,25.0,18.0,32.0,27.3,28.0,23.1,22.0,31.8,18.0,20.5
Chanoz-Châtenay (01400),/management/ville/chanoz-chatenay/ville-01084,10.0,31.0,36.0,135.0,98.0,93.0,160.0,184.0,93.0,147.0,23.3,32.0,40.7,20.7,14.0,18.0,22.0,28.5
Bouvières (26460),/management/ville/bouvieres/ville-26060,20.0,10.0,0.0,5.0,20.0,0.0,37.0,21.0,22.0,35.0,31.7,31.4,25.4,10.6,20.6,17.6,22.2,41.2
Châteauneuf-d'Entraunes (06470),/management/ville/chateauneuf-d-entraunes/ville-06040,8.0,0.0,0.0,4.0,8.0,0.0,13.0,9.0,9.0,13.0,25.0,32.0,30.0,13.6,15.0,24.0,30.0,32.0
Calmeilles (66400),/management/ville/calmeilles/ville-66032,0.0,5.0,15.0,20.0,0.0,0.0,7.0,12.0,8.0,22.0,15.0,13.8,35.0,16.1,25.0,10.3,25.0,58.6
Chaltrait (51130),/management/ville/chaltrait/ville-51110,0.0,0.0,0.0,5.0,0.0,15.0,23.0,10.0,9.0,6.0,40.9,53.8,22.7,18.5,22.7,15.4,13.6,11.5
Bars (32300),/management/ville/bars/ville-32030,5.0,10.0,5.0,16.0,26.0,42.0,51.0,21.0,23.0,27.0,32.8,50.8,23.0,11.1,29.5,8.2,14.8,29.5
Aillevillers-et-Lyaumont (70320),/management/ville/aillevillers-et-lyaumont/ville-70006,20.0,30.0,45.0,91.0,183.0,244.0,531.0,346.0,189.0,137.0,40.4,47.8,35.8,20.8,13.6,17.8,10.1,12.8
Chouilly (51530),/management/ville/chouilly/ville-51153,60.0,35.0,20.0,135.0,120.0,145.0,222.0,235.0,154.0,183.0,22.9,32.9,36.6,21.7,20.9,18.0,19.6,26.4
Beaumont-du-Gâtinais (77890),/management/ville/beaumont-du-gatinais/ville-77027,10.0,15.0,50.0,80.0,220.0,140.0,261.0,284.0,142.0,146.0,31.8,30.9,43.0,25.3,12.2,21.1,13.0,21.3
Auboncourt-Vauzelles (08270),/management/ville/auboncourt-vauzelles/ville-08027,5.0,0.0,5.0,25.0,15.0,10.0,32.0,26.0,6.0,15.0,39.5,41.5,34.2,25.0,10.5,4.9,15.8,22.0
Contre (80160),/management/ville/contre/ville-80210,5.0,11.0,27.0,27.0,5.0,5.0,25.0,28.0,18.0,31.0,13.0,32.1,39.1,17.5,21.7,16.1,26.1,33.9
Ambricourt (62310),/management/ville/ambricourt/ville-62026,15.0,0.0,0.0,15.0,0.0,10.0,22.0,29.0,15.0,15.0,23.1,31.0,46.2,23.4,23.1,14.3,7.7,28.6
Courbehaye (28140),/management/ville/courbehaye/ville-28114,15.0,0.0,5.0,5.0,10.0,25.0,31.0,26.0,20.0,29.0,26.4,32.1,32.1,18.0,15.1,22.6,26.4,28.3
Bessan (34550),/management/ville/bessan/ville-34031,69.0,231.0,147.0,500.0,810.0,515.0,1260.0,1182.0,706.0,658.0,32.2,33.9,36.2,25.0,15.7,21.2,15.9,18.5
Cravant (45190),/management/ville/cravant/ville-45116,20.0,15.0,45.0,116.0,136.0,151.0,209.0,233.0,122.0,129.0,26.6,33.7,38.9,25.7,17.7,17.4,16.9,20.3
Coisy (80260),/management/ville/coisy/ville-80202,0.0,5.0,19.0,57.0,33.0,24.0,60.0,49.0,41.0,88.0,22.1,28.2,27.4,14.5,15.0,19.4,35.4,38.7
Arradon (56610),/management/ville/arradon/ville-56003,20.0,210.0,540.0,615.0,405.0,170.0,761.0,771.0,728.0,1845.0,13.8,22.5,21.2,17.0,17.0,18.4,48.1,42.3
Bailleul-le-Soc (60190),/management/ville/bailleul-le-soc/ville-60040,10.0,35.0,50.0,110.0,65.0,70.0,120.0,135.0,93.0,119.0,24.3,27.3,35.2,21.9,17.8,22.3,22.7,28.6
Boisseaux (45480),/management/ville/boisseaux/ville-45037,10.0,20.0,15.0,79.0,89.0,54.0,74.0,112.0,65.0,65.0,22.4,24.8,36.6,29.1,22.4,19.1,18.6,22.9
Bellot (77510),/management/ville/bellot/ville-77030,0.0,36.0,30.0,61.0,157.0,137.0,138.0,180.0,115.0,130.0,26.1,23.0,33.1,27.9,20.1,20.9,20.8,25.5
Barsac (26150),/management/ville/barsac/ville-26027,30.0,15.0,0.0,0.0,10.0,15.0,33.0,29.0,23.0,23.0,29.8,31.4,33.3,20.0,21.1,21.6,15.8,27.5
Chanteau (45400),/management/ville/chanteau/ville-45072,0.0,34.0,89.0,270.0,215.0,167.0,157.0,338.0,191.0,356.0,14.8,15.5,35.1,26.8,17.9,18.8,32.2,36.0
Chalus (63340),/management/ville/chalus/ville-63074,5.0,5.0,5.0,15.0,30.0,20.0,38.0,41.0,30.0,28.0,21.9,32.9,39.1,21.9,21.9,21.9,17.2,23.3
Bougligny (77570),/management/ville/bougligny/ville-77045,5.0,15.0,36.0,86.0,76.0,71.0,171.0,174.0,90.0,111.0,28.6,33.8,35.9,24.8,17.8,15.2,17.8,23.0
Brevans (39100),/management/ville/brevans/ville-39078,10.0,24.0,19.0,83.0,122.0,58.0,118.0,151.0,114.0,135.0,22.0,23.3,31.7,25.4,23.2,20.7,23.2,28.9
Chouppes (86110),/management/ville/chouppes/ville-86075,25.0,40.0,15.0,90.0,95.0,85.0,190.0,211.0,80.0,88.0,31.0,35.6,44.8,26.4,11.2,16.8,13.0,17.8
Aillianville (52700),/management/ville/aillianville/ville-52003,0.0,0.0,0.0,20.0,15.0,30.0,55.0,50.0,23.0,13.0,26.9,50.0,44.8,23.8,17.9,15.3,10.4,8.3
Contréglise (70160),/management/ville/contreglise/ville-70170,5.0,5.0,0.0,5.0,35.0,30.0,30.0,29.0,16.0,12.0,31.8,37.2,38.6,25.5,18.2,18.6,11.4,16.3
Cheignieu-la-Balme (01510),/management/ville/cheignieu-la-balme/ville-01100,5.0,0.0,10.0,20.0,10.0,15.0,45.0,33.0,16.0,18.0,33.9,46.3,35.6,21.0,18.6,9.3,11.9,20.4
Buigny-Saint-Maclou (80132),/management/ville/buigny-saint-maclou/ville-80149,10.0,20.0,35.0,50.0,89.0,50.0,112.0,109.0,68.0,109.0,24.4,31.7,32.5,21.3,16.8,17.8,26.4,28.2
Châteauneuf-d'Ille-et-Vilaine (35430),/management/ville/chateauneuf-d-ille-et-vilaine/ville-35070,15.0,61.0,30.0,227.0,293.0,232.0,276.0,370.0,219.0,283.0,21.6,26.4,38.7,24.7,17.0,21.1,22.7,26.6
Calmels-et-le-Viala (12400),/management/ville/calmels-et-le-viala/ville-12042,20.0,10.0,5.0,40.0,20.0,15.0,41.0,36.0,37.0,50.0,31.3,18.5,24.1,20.5,21.7,23.5,22.9,38.3
Arraincourt (57380),/management/ville/arraincourt/ville-57027,5.0,10.0,0.0,5.0,15.0,5.0,29.0,32.0,11.0,22.0,24.4,36.2,51.1,18.0,11.1,12.8,13.3,31.9
Billy-sur-Oisy (58500),/management/ville/billy-sur-oisy/ville-58032,0.0,10.0,5.0,26.0,67.0,31.0,79.0,125.0,58.0,44.0,21.3,29.9,54.0,26.7,15.3,22.9,9.3,19.1
Carquefou (44470),/management/ville/carquefou/ville-44026,55.0,465.0,2329.0,2577.0,2000.0,1280.0,2529.0,3058.0,2122.0,5163.0,15.5,23.4,25.0,21.2,16.9,16.1,42.6,37.9
Cuperly (51400),/management/ville/cuperly/ville-51203,0.0,16.0,21.0,21.0,42.0,31.0,29.0,47.0,33.0,48.0,17.7,20.0,35.4,23.2,21.5,21.3,25.3,35.0
Beaumont-du-Lac (87120),/management/ville/beaumont-du-lac/ville-87009,0.0,5.0,5.0,16.0,16.0,10.0,41.0,33.0,27.0,26.0,31.7,32.3,28.6,25.4,14.3,27.7,25.4,15.4
Barsac (33720),/management/ville/barsac/ville-33030,20.0,85.0,104.0,264.0,235.0,290.0,391.0,422.0,324.0,417.0,24.1,26.2,32.6,21.6,19.8,21.9,23.5,30.3
Bouvignies (59870),/management/ville/bouvignies/ville-59105,10.0,35.0,211.0,206.0,115.0,140.0,241.0,242.0,192.0,432.0,19.2,24.2,25.6,17.9,17.6,17.0,37.6,40.8
Cazaux-Debat (65590),/management/ville/cazaux-debat/ville-65140,0.0,0.0,0.0,0.0,5.0,5.0,3.0,4.0,5.0,8.0,9.1,22.2,18.2,20.0,36.4,11.1,36.4,44.4
Coivert (17330),/management/ville/coivert/ville-17114,20.0,5.0,15.0,10.0,15.0,15.0,55.0,55.0,31.0,29.0,28.0,36.4,40.2,24.2,14.6,21.6,17.1,17.0
Ambrief (02200),/management/ville/ambrief/ville-02012,0.0,0.0,0.0,0.0,10.0,29.0,21.0,11.0,6.0,18.0,35.3,41.7,20.6,14.8,14.7,4.2,29.4,37.5
Aubonne (25520),/management/ville/aubonne/ville-25029,15.0,5.0,5.0,45.0,40.0,25.0,48.0,74.0,34.0,27.0,29.0,22.7,47.3,29.9,15.1,22.7,8.6,21.6
Cravant-les-Côteaux (37500),/management/ville/cravant-les-coteaux/ville-37089,25.0,10.0,10.0,87.0,107.0,112.0,202.0,170.0,76.0,122.0,29.7,40.8,36.4,20.9,15.2,11.8,18.7,24.0
Brèves (58530),/management/ville/breves/ville-58039,0.0,0.0,0.0,5.0,47.0,21.0,60.0,85.0,38.0,34.0,26.2,28.9,42.7,30.8,15.5,19.3,15.5,15.8
Boissède (31230),/management/ville/boissede/ville-31072,10.0,0.0,10.0,0.0,0.0,0.0,21.0,13.0,5.0,21.0,30.0,40.6,26.7,15.2,3.3,12.5,40.0,31.3
Chourgnac (24640),/management/ville/chourgnac/ville-24121,10.0,5.0,0.0,5.0,0.0,5.0,14.0,15.0,10.0,12.0,30.8,24.0,26.9,27.6,23.1,16.0,19.2,28.0
Châteauneuf-d'Oze (05400),/management/ville/chateauneuf-d-oze/ville-05035,0.0,0.0,0.0,5.0,0.0,5.0,2.0,2.0,9.0,8.0,11.1,8.3,22.2,0.0,33.3,50.0,33.3,41.7
Anzat-le-Luguet (63420),/management/ville/anzat-le-luguet/ville-63006,30.0,5.0,0.0,0.0,25.0,0.0,87.0,26.0,26.0,21.0,50.6,57.7,18.5,14.3,17.3,15.4,13.6,12.8
Bailleul-lès-Pernes (62550),/management/ville/bailleul-les-pernes/ville-62071,0.0,19.0,25.0,66.0,26.0,50.0,97.0,81.0,62.0,63.0,22.2,41.8,34.7,18.6,23.6,17.1,19.4,22.2
Bellou-en-Houlme (61220),/management/ville/bellou-en-houlme/ville-61040,50.0,30.0,15.0,101.0,151.0,161.0,272.0,255.0,134.0,127.0,31.4,38.1,37.3,24.5,18.0,15.7,13.3,18.8
Courbépine (27300),/management/ville/courbepine/ville-27179,10.0,25.0,5.0,85.0,70.0,135.0,175.0,168.0,99.0,92.0,28.9,36.9,36.3,24.5,18.7,18.1,16.1,18.5
Beaumont-du-Ventoux (84340),/management/ville/beaumont-du-ventoux/ville-84015,20.0,29.0,5.0,20.0,30.0,20.0,74.0,60.0,44.0,54.0,30.3,33.6,31.1,20.5,16.8,21.2,21.8,24.8
Bouglon (47250),/management/ville/bouglon/ville-47034,5.0,35.0,0.0,51.0,71.0,126.0,181.0,154.0,73.0,64.0,35.7,41.5,37.0,24.6,16.0,15.0,11.3,15.8
Auxange (39700),/management/ville/auxange/ville-39031,10.0,10.0,5.0,41.0,20.0,26.0,37.0,47.0,30.0,32.0,24.0,26.5,40.0,24.3,18.7,22.1,17.3,26.5
Carqueiranne (83320),/management/ville/carqueiranne/ville-83034,5.0,484.0,670.0,989.0,1190.0,433.0,1840.0,1815.0,1507.0,2963.0,20.5,24.4,25.1,19.9,17.1,19.7,37.2,35.8
Cheillé (37190),/management/ville/cheille/ville-37067,10.0,60.0,100.0,321.0,216.0,186.0,288.0,386.0,233.0,390.0,17.3,26.8,37.4,21.7,17.9,17.9,27.5,32.6
Chantecoq (45320),/management/ville/chantecoq/ville-45073,10.0,30.0,15.0,55.0,35.0,40.0,110.0,129.0,75.0,75.0,24.2,32.3,38.1,26.2,18.0,20.5,19.6,19.0
Contremoulins (76400),/management/ville/contremoulins/ville-76187,15.0,5.0,15.0,15.0,29.0,19.0,48.0,53.0,17.0,25.0,30.1,35.2,43.8,25.6,11.0,14.1,15.1,21.1
Ambrières (51290),/management/ville/ambrieres/ville-51008,10.0,5.0,20.0,40.0,25.0,25.0,37.0,54.0,44.0,41.0,15.1,27.7,47.3,14.1,23.7,26.5,14.0,33.7
Châlus (87230),/management/ville/chalus/ville-87032,25.0,65.0,25.0,55.0,213.0,184.0,599.0,340.0,199.0,203.0,36.5,51.3,33.8,17.8,16.3,13.6,13.3,16.5
Calmont (12450),/management/ville/calmont/ville-12043,77.0,61.0,81.0,260.0,265.0,259.0,432.0,356.0,288.0,434.0,23.3,33.5,31.1,16.8,19.8,18.5,25.8,31.6
Bouvigny-Boyeffles (62172),/management/ville/bouvigny-boyeffles/ville-62170,10.0,97.0,158.0,332.0,286.0,240.0,508.0,470.0,346.0,503.0,22.5,32.4,32.0,20.1,18.1,19.6,27.4,27.7
Bessancourt (95550),/management/ville/bessancourt/ville-95060,0.0,194.0,802.0,1110.0,894.0,512.0,1201.0,1209.0,942.0,1673.0,22.7,25.0,26.7,21.1,18.3,19.2,32.3,34.2
Bellou-le-Trichard (61130),/management/ville/bellou-le-trichard/ville-61041,20.0,0.0,10.0,10.0,20.0,40.0,60.0,53.0,20.0,30.0,35.2,38.7,38.6,22.9,10.2,14.7,15.9,21.3
Barst (57450),/management/ville/barst/ville-57052,5.0,25.0,35.0,96.0,66.0,56.0,90.0,151.0,83.0,129.0,14.7,25.0,39.1,25.1,19.1,17.5,27.1,29.8
Aillières-Beauvoir (72600),/management/ville/aillieres-beauvoir/ville-72002,20.0,15.0,0.0,20.0,25.0,20.0,52.0,50.0,30.0,38.0,31.3,30.0,36.3,22.6,15.0,20.0,17.5,26.7
Billy-sur-Ourcq (02210),/management/ville/billy-sur-ourcq/ville-02090,10.0,0.0,20.0,15.0,40.0,25.0,59.0,36.0,27.0,30.0,40.5,37.2,24.3,21.7,18.9,16.7,16.2,23.1
Arrancourt (91690),/management/ville/arrancourt/ville-91022,5.0,15.0,10.0,30.0,20.0,0.0,22.0,30.0,15.0,39.0,24.1,17.3,33.3,21.4,13.0,15.4,29.6,44.2
Boissei-la-Lande (61570),/management/ville/boissei-la-lande/ville-61049,5.0,0.0,10.0,15.0,10.0,20.0,20.0,28.0,24.0,11.0,22.0,26.2,41.5,26.2,31.7,26.2,4.9,21.4
Aubord (30620),/management/ville/aubord/ville-30020,15.0,55.0,136.0,373.0,342.0,242.0,393.0,514.0,339.0,510.0,22.6,22.1,33.0,24.4,18.7,19.9,25.6,32.2
Coivrel (60420),/management/ville/coivrel/ville-60158,0.0,0.0,5.0,5.0,46.0,113.0,72.0,77.0,14.0,30.0,37.2,37.8,40.4,30.2,6.4,8.2,16.0,14.3
Buire (02500),/management/ville/buire/ville-02134,5.0,20.0,20.0,40.0,131.0,95.0,228.0,214.0,97.0,117.0,30.8,38.8,38.5,23.8,16.0,13.6,14.8,20.6
Cazaux-Fréchet-Anéran-Camors (65240),/management/ville/cazaux-frechet-aneran-camors/ville-65141,5.0,0.0,0.0,20.0,5.0,5.0,6.0,11.0,5.0,19.0,13.6,15.8,27.3,22.7,13.6,10.5,45.5,47.4
Auxant (21360),/management/ville/auxant/ville-21036,11.0,5.0,0.0,11.0,11.0,0.0,20.0,15.0,8.0,12.0,32.3,45.8,38.7,12.5,16.1,12.5,12.9,29.2
Cheilly-lès-Maranges (71150),/management/ville/cheilly-les-maranges/ville-71122,19.0,10.0,24.0,78.0,58.0,83.0,92.0,111.0,75.0,108.0,17.6,30.5,38.2,18.7,20.1,18.7,24.1,32.1
Bréviandes (10450),/management/ville/breviandes/ville-10060,5.0,61.0,194.0,346.0,411.0,226.0,654.0,552.0,355.0,484.0,26.9,36.4,31.5,21.5,18.6,16.3,22.9,24.3
Calmont (31560),/management/ville/calmont/ville-31100,15.0,136.0,151.0,262.0,358.0,222.0,445.0,470.0,352.0,526.0,25.1,24.7,31.6,21.0,17.9,21.2,25.4,33.2
Cuq (47220),/management/ville/cuq/ville-47076,15.0,14.0,4.0,33.0,24.0,26.0,74.0,56.0,28.0,48.0,32.1,40.0,39.6,14.4,10.4,17.0,17.9,29.0
Bailleul-Neuville (76660),/management/ville/bailleul-neuville/ville-76052,10.0,5.0,10.0,31.0,56.0,23.0,50.0,65.0,18.0,30.0,30.9,31.7,49.4,26.0,8.6,13.4,11.1,24.4
Aillon-le-Jeune (73340),/management/ville/aillon-le-jeune/ville-73004,0.0,5.0,20.0,30.0,60.0,70.0,73.0,112.0,54.0,91.0,23.2,20.9,39.5,25.0,15.3,17.6,22.0,34.0
Courbes (02800),/management/ville/courbes/ville-02222,5.0,0.0,5.0,0.0,0.0,0.0,10.0,8.0,1.0,4.0,20.0,61.5,50.0,20.0,0.0,7.7,30.0,7.7
Bessans (73480),/management/ville/bessans/ville-73040,5.0,14.0,19.0,58.0,24.0,43.0,58.0,72.0,46.0,96.0,19.7,23.5,34.3,18.1,16.8,16.9,29.2,41.2
Bougneau (17800),/management/ville/bougneau/ville-17056,15.0,30.0,5.0,51.0,96.0,121.0,115.0,174.0,82.0,79.0,23.5,27.9,43.9,29.2,17.6,18.3,14.9,20.1
Carrépuis (80700),/management/ville/carrepuis/ville-80176,0.0,0.0,5.0,30.0,66.0,76.0,78.0,72.0,31.0,30.0,30.1,43.5,44.7,22.0,14.6,14.8,10.7,17.6
Choussy (41700),/management/ville/choussy/ville-41054,20.0,0.0,0.0,30.0,45.0,55.0,67.0,85.0,32.0,56.0,25.6,30.1,41.9,26.3,8.5,17.9,23.9,22.8
Chanteheux (54300),/management/ville/chanteheux/ville-54116,5.0,60.0,110.0,235.0,280.0,165.0,374.0,510.0,320.0,366.0,19.3,28.1,39.7,24.7,18.8,21.9,22.2,24.4
Contres (18130),/management/ville/contres/ville-18071,0.0,0.0,0.0,5.0,5.0,0.0,6.0,7.0,4.0,8.0,26.7,20.0,20.0,33.3,13.3,20.0,40.0,20.0
Chalvignac (15200),/management/ville/chalvignac/ville-15036,34.0,24.0,15.0,49.0,49.0,49.0,110.0,118.0,74.0,60.0,27.0,33.7,43.3,23.7,12.4,28.3,17.4,15.8
Cravencères (32110),/management/ville/cravenceres/ville-32113,5.0,0.0,5.0,10.0,0.0,10.0,23.0,14.0,20.0,23.0,23.1,35.7,20.5,14.6,33.3,16.7,23.1,33.3
Châteauneuf-de-Bordette (26110),/management/ville/chateauneuf-de-bordette/ville-26082,20.0,0.0,0.0,10.0,5.0,5.0,18.0,9.0,20.0,28.0,35.3,15.0,8.8,17.1,26.5,27.5,29.4,42.5
Auboué (54580),/management/ville/auboue/ville-54028,0.0,30.0,80.0,185.0,350.0,340.0,742.0,648.0,277.0,282.0,29.6,45.6,40.4,24.0,13.4,14.9,16.6,12.6
Chein-Dessus (31160),/management/ville/chein-dessus/ville-31140,10.0,10.0,5.0,25.0,5.0,5.0,47.0,47.0,38.0,25.0,31.0,28.8,36.9,24.2,17.9,31.5,14.3,17.8
Biltzheim (68127),/management/ville/biltzheim/ville-68037,6.0,6.0,32.0,38.0,80.0,76.0,78.0,118.0,47.0,88.0,21.5,25.4,41.1,26.6,12.3,16.6,25.2,27.8
Belloy (60490),/management/ville/belloy/ville-60061,0.0,0.0,15.0,10.0,10.0,35.0,15.0,20.0,13.0,22.0,23.5,19.4,26.5,26.8,20.6,16.7,29.4,33.3
Bouville (28800),/management/ville/bouville/ville-28057,10.0,15.0,10.0,79.0,64.0,79.0,109.0,154.0,75.0,71.0,26.9,26.5,47.1,26.8,12.0,25.0,13.9,21.1
Aillon-le-Vieux (73340),/management/ville/aillon-le-vieux/ville-73005,5.0,0.0,5.0,45.0,25.0,20.0,45.0,36.0,30.0,27.0,30.7,34.9,30.7,20.6,22.7,20.6,16.0,23.8
Beaumont-en-Argonne (08210),/management/ville/beaumont-en-argonne/ville-08055,19.0,10.0,15.0,29.0,28.0,73.0,143.0,97.0,42.0,48.0,40.2,46.9,36.1,20.5,12.4,12.5,11.2,18.1
Coizard-Joches (51270),/management/ville/coizard-joches/ville-51157,10.0,0.0,5.0,5.0,5.0,20.0,32.0,20.0,5.0,7.0,40.0,58.8,40.0,20.0,10.0,5.9,10.0,11.8
Chouvigny (03450),/management/ville/chouvigny/ville-03078,24.0,5.0,0.0,28.0,24.0,5.0,57.0,66.0,37.0,40.0,18.7,39.8,42.1,21.6,18.7,18.3,20.6,19.4
Bailleul-Sir-Berthoult (62580),/management/ville/bailleul-sir-berthoult/ville-62073,5.0,41.0,106.0,222.0,177.0,96.0,247.0,238.0,182.0,352.0,18.8,29.2,28.3,18.2,20.9,15.1,32.0,36.8
Chanteix (19330),/management/ville/chanteix/ville-19042,15.0,34.0,39.0,78.0,83.0,49.0,107.0,126.0,83.0,130.0,20.4,27.2,36.1,20.8,18.1,19.4,25.5,32.3
Auxelles-Bas (90200),/management/ville/auxelles-bas/ville-90005,0.0,25.0,30.0,60.0,30.0,70.0,74.0,100.0,60.0,104.0,18.2,25.9,33.5,24.3,14.8,21.0,33.5,27.8
Cazaux-Layrisse (31440),/management/ville/cazaux-layrisse/ville-31132,0.0,5.0,0.0,5.0,15.0,0.0,17.0,9.0,9.0,10.0,15.8,55.6,21.1,17.9,26.3,14.8,36.8,11.1
Bréville (16370),/management/ville/breville/ville-16060,26.0,15.0,5.0,41.0,62.0,97.0,128.0,112.0,79.0,60.0,28.0,39.2,38.7,20.8,20.4,21.6,12.9,18.6
Châteauneuf-de-Gadagne (84470),/management/ville/chateauneuf-de-gadagne/ville-84036,30.0,135.0,305.0,500.0,375.0,210.0,596.0,613.0,432.0,931.0,21.8,24.4,27.2,20.0,16.9,16.7,34.1,38.1
Boisseron (34160),/management/ville/boisseron/ville-34033,20.0,51.0,184.0,265.0,260.0,148.0,354.0,329.0,214.0,507.0,25.3,25.0,26.6,19.9,13.8,16.6,34.4,37.7
Anzeling (57320),/management/ville/anzeling/ville-57025,0.0,20.0,20.0,75.0,45.0,70.0,92.0,144.0,56.0,78.0,14.9,34.4,50.3,25.0,14.4,15.9,20.4,21.7
Cuq (81570),/management/ville/cuq/ville-81075,10.0,10.0,15.0,69.0,79.0,45.0,97.0,115.0,79.0,90.0,24.2,27.1,40.7,20.8,14.4,27.1,20.6,26.6
Arrancy (02860),/management/ville/arrancy/ville-02024,0.0,0.0,0.0,5.0,15.0,10.0,17.0,8.0,5.0,9.0,42.9,44.4,23.8,15.8,14.3,11.1,19.0,27.8
Bessas (07150),/management/ville/bessas/ville-07033,0.0,10.0,5.0,15.0,40.0,30.0,43.0,46.0,31.0,46.0,24.7,27.3,30.3,23.2,19.1,18.2,25.8,29.9
Bougnon (70170),/management/ville/bougnon/ville-70079,10.0,5.0,25.0,50.0,91.0,90.0,110.0,125.0,64.0,94.0,24.4,31.7,37.8,23.4,18.1,14.6,19.7,27.6
Cravent (78270),/management/ville/cravent/ville-78188,5.0,26.0,41.0,70.0,36.0,41.0,58.0,86.0,68.0,90.0,18.2,20.7,34.4,21.9,24.0,21.3,23.4,36.0
Carrère (64160),/management/ville/carrere/ville-64167,10.0,10.0,10.0,15.0,50.0,25.0,35.0,56.0,31.0,37.0,15.8,27.7,36.8,28.9,22.4,16.9,25.0,21.7
Bart (25420),/management/ville/bart/ville-25043,0.0,84.0,149.0,284.0,155.0,204.0,518.0,376.0,215.0,459.0,25.7,39.6,29.5,17.9,15.0,12.5,29.8,28.8
Bouville (76360),/management/ville/bouville/ville-76135,10.0,30.0,55.0,160.0,135.0,95.0,199.0,238.0,106.0,190.0,21.7,32.1,39.4,23.4,14.3,14.6,24.6,27.2
Courbesseaux (54110),/management/ville/courbesseaux/ville-54139,15.0,5.0,20.0,75.0,35.0,10.0,25.0,66.0,50.0,77.0,10.7,12.3,34.8,25.2,21.4,24.5,33.0,37.7
Bréville-les-Monts (14860),/management/ville/breville-les-monts/ville-14106,28.0,14.0,39.0,95.0,45.0,72.0,114.0,155.0,87.0,124.0,25.1,22.4,34.3,26.8,18.8,17.4,21.8,29.9
Ambrières-les-Vallées (53300),/management/ville/ambrieres-les-vallees/ville-53003,79.0,56.0,71.0,213.0,329.0,371.0,950.0,593.0,337.0,304.0,38.8,47.8,32.6,20.5,16.6,14.4,12.0,15.7
Cazaux-Savès (32130),/management/ville/cazaux-saves/ville-32098,0.0,5.0,35.0,50.0,30.0,35.0,36.0,46.0,37.0,82.0,15.2,20.6,28.6,17.0,17.1,19.6,39.0,43.3
Aubous (64330),/management/ville/aubous/ville-64074,6.0,0.0,0.0,6.0,11.0,0.0,12.0,11.0,12.0,10.0,16.0,36.4,24.0,27.3,28.0,27.3,32.0,9.1
Bilwisheim (67170),/management/ville/bilwisheim/ville-67039,10.0,16.0,53.0,78.0,84.0,57.0,71.0,102.0,65.0,114.0,20.1,20.2,34.1,23.6,15.2,20.7,30.5,34.6
Calmoutier (70240),/management/ville/calmoutier/ville-70111,20.0,10.0,5.0,34.0,20.0,39.0,49.0,69.0,39.0,35.0,14.4,36.1,48.5,22.0,21.6,19.6,15.5,21.6
Belloy-en-France (95270),/management/ville/belloy-en-france/ville-95056,5.0,35.0,119.0,393.0,348.0,124.0,361.0,393.0,265.0,481.0,24.0,24.2,30.4,21.3,17.0,18.2,28.6,35.5
Cheissoux (87460),/management/ville/cheissoux/ville-87043,0.0,5.0,0.0,15.0,10.0,40.0,44.0,42.0,32.0,34.0,21.1,36.8,38.2,19.1,14.5,27.6,26.3,18.4
Châteauneuf-de-Galaure (26330),/management/ville/chateauneuf-de-galaure/ville-26083,25.0,30.0,95.0,140.0,210.0,140.0,359.0,320.0,211.0,409.0,25.9,29.0,31.6,19.0,14.8,17.3,27.7,34.3
Buire-au-Bois (62390),/management/ville/buire-au-bois/ville-62182,15.0,5.0,10.0,10.0,25.0,30.0,65.0,50.0,33.0,38.0,30.9,39.1,34.0,19.1,18.1,17.4,17.0,23.9
Beaumont-en-Auge (14950),/management/ville/beaumont-en-auge/ville-14055,5.0,25.0,31.0,51.0,41.0,36.0,102.0,75.0,64.0,88.0,29.9,31.6,24.2,21.3,19.7,19.5,26.1,27.0
Colayrac-Saint-Cirq (47450),/management/ville/colayrac-saint-cirq/ville-47069,15.0,132.0,108.0,338.0,391.0,332.0,686.0,647.0,428.0,545.0,27.4,31.9,32.8,22.4,19.2,17.9,20.6,26.4
Anzême (23000),/management/ville/anzeme/ville-23004,10.0,20.0,40.0,60.0,125.0,55.0,134.0,136.0,83.0,90.0,24.9,35.3,39.4,22.3,14.9,22.6,20.8,19.9
Choux (39370),/management/ville/choux/ville-39151,5.0,0.0,10.0,30.0,0.0,20.0,35.0,27.0,9.0,25.0,31.8,40.4,40.9,15.8,11.4,7.7,15.9,34.6
Bailleul-sur-Thérain (60930),/management/ville/bailleul-sur-therain/ville-60041,0.0,41.0,103.0,241.0,318.0,358.0,523.0,445.0,257.0,287.0,32.5,36.5,34.9,22.8,15.3,18.7,17.2,20.7
Chantelle (03140),/management/ville/chantelle/ville-03053,15.0,15.0,34.0,29.0,127.0,147.0,328.0,270.0,130.0,165.0,30.3,42.0,38.3,21.8,14.2,14.9,17.2,19.4
Contreuve (08400),/management/ville/contreuve/ville-08130,25.0,0.0,5.0,5.0,15.0,0.0,13.0,22.0,10.0,16.0,10.0,32.3,36.7,28.2,23.3,9.7,30.0,22.6
Arrancy-sur-Crusne (55230),/management/ville/arrancy-sur-crusne/ville-55013,15.0,5.0,25.0,35.0,90.0,85.0,73.0,129.0,63.0,85.0,19.3,22.3,40.9,28.7,18.2,17.7,21.6,26.9
Aubres (26110),/management/ville/aubres/ville-26016,15.0,20.0,15.0,55.0,65.0,5.0,85.0,87.0,63.0,85.0,24.5,28.6,35.2,19.6,18.2,21.1,22.0,31.1
Bimont (62650),/management/ville/bimont/ville-62134,0.0,15.0,0.0,5.0,15.0,21.0,30.0,27.0,13.0,14.0,25.0,47.4,36.4,22.2,22.7,7.9,15.9,18.4
Crayssac (46150),/management/ville/crayssac/ville-46080,0.0,40.0,50.0,95.0,130.0,80.0,158.0,157.0,116.0,148.0,26.5,28.1,34.1,20.4,18.8,21.2,20.6,30.5
Boisset (15600),/management/ville/boisset/ville-15021,45.0,10.0,25.0,65.0,80.0,45.0,198.0,149.0,92.0,80.0,34.8,41.7,34.1,21.5,19.5,15.9,11.6,19.4
Bessay (85320),/management/ville/bessay/ville-85023,5.0,10.0,10.0,34.0,63.0,63.0,94.0,110.0,48.0,55.0,26.4,35.1,46.5,23.4,11.9,20.3,15.1,20.3
Bougon (79800),/management/ville/bougon/ville-79042,10.0,5.0,5.0,15.0,10.0,45.0,62.0,46.0,14.0,25.0,35.1,49.3,37.8,21.4,9.5,9.6,17.6,16.4
Bouville (91880),/management/ville/bouville/ville-91100,0.0,15.0,50.0,85.0,101.0,40.0,102.0,145.0,89.0,139.0,17.3,25.1,41.1,20.8,15.6,21.8,26.0,32.5
Bartenheim (68870),/management/ville/bartenheim/ville-68021,5.0,114.0,290.0,439.0,565.0,519.0,684.0,1044.0,416.0,790.0,19.6,26.9,40.4,26.6,13.5,14.9,26.5,27.4
Ailloncourt (70300),/management/ville/ailloncourt/ville-70007,15.0,10.0,5.0,41.0,41.0,31.0,70.0,63.0,44.0,40.0,32.5,32.7,33.3,22.4,22.2,17.8,12.0,25.7
Auxelles-Haut (90200),/management/ville/auxelles-haut/ville-90006,0.0,5.0,10.0,20.0,40.0,35.0,54.0,58.0,43.0,73.0,19.3,28.1,28.1,21.5,21.1,16.7,31.6,32.5
Courbette (39570),/management/ville/courbette/ville-39168,11.0,0.0,0.0,0.0,0.0,5.0,16.0,13.0,8.0,4.0,38.1,45.0,38.1,21.7,23.8,10.0,0.0,20.0
Châteauneuf-de-Randon (48170),/management/ville/chateauneuf-de-randon/ville-48043,15.0,29.0,20.0,15.0,68.0,34.0,153.0,90.0,105.0,94.0,32.7,36.2,22.3,19.6,23.6,24.0,21.4,21.3
Chanteloup (35150),/management/ville/chanteloup/ville-35054,10.0,56.0,137.0,275.0,259.0,264.0,199.0,336.0,247.0,418.0,15.6,17.7,35.6,20.4,19.4,21.8,29.4,40.4
Craywick (59279),/management/ville/craywick/ville-59159,0.0,21.0,37.0,79.0,100.0,100.0,76.0,115.0,108.0,134.0,15.2,20.0,30.9,22.8,24.4,26.0,29.5,32.1
Carresse-Cassaber (64270),/management/ville/carresse-cassaber/ville-64168,5.0,61.0,15.0,51.0,97.0,71.0,156.0,175.0,66.0,101.0,25.1,37.1,39.1,26.1,15.6,11.3,20.2,20.3
Cazaux-Villecomtal (32230),/management/ville/cazaux-villecomtal/ville-32099,0.0,0.0,10.0,0.0,5.0,10.0,26.0,10.0,18.0,12.0,32.4,48.3,21.6,7.7,35.1,17.2,10.8,27.6
Caloire (42240),/management/ville/caloire/ville-42031,5.0,26.0,16.0,42.0,42.0,10.0,26.0,74.0,50.0,90.0,10.5,10.4,37.9,22.9,21.0,20.9,30.6,45.2
Bessay-sur-Allier (03340),/management/ville/bessay-sur-allier/ville-03025,40.0,20.0,70.0,115.0,225.0,195.0,314.0,369.0,175.0,166.0,28.2,33.0,42.5,26.6,16.7,17.5,12.7,19.5
Cheix-en-Retz (44640),/management/ville/cheix-en-retz/ville-44039,5.0,34.0,39.0,177.0,137.0,132.0,80.0,255.0,141.0,212.0,9.3,14.0,42.3,28.5,20.6,20.6,27.8,33.7
Buire-Courcelles (80200),/management/ville/buire-courcelles/ville-80150,5.0,0.0,0.0,20.0,15.0,46.0,83.0,38.0,19.0,41.0,45.6,47.8,23.3,17.0,7.8,13.3,23.3,21.1
Courbeveille (53230),/management/ville/courbeveille/ville-53082,15.0,25.0,10.0,96.0,70.0,101.0,112.0,120.0,101.0,89.0,23.9,29.1,35.3,22.7,24.9,22.7,15.9,25.5
Chouy (02210),/management/ville/chouy/ville-02192,19.0,15.0,5.0,44.0,49.0,50.0,86.0,86.0,32.0,58.0,35.8,29.4,35.0,26.2,10.2,15.1,19.0,25.4
Colembert (62142),/management/ville/colembert/ville-62230,25.0,40.0,25.0,100.0,155.0,105.0,155.0,168.0,112.0,175.0,23.7,27.1,31.9,22.1,18.4,18.3,26.0,31.4
Bailleulmont (62123),/management/ville/bailleulmont/ville-62072,0.0,5.0,5.0,15.0,30.0,50.0,66.0,53.0,39.0,36.0,30.9,37.1,33.0,20.8,22.7,17.5,13.4,23.7
Bréville-sur-Mer (50290),/management/ville/breville-sur-mer/ville-50081,0.0,64.0,54.0,123.0,91.0,59.0,173.0,164.0,144.0,143.0,26.1,29.6,33.3,20.8,20.8,25.2,19.8,25.5
Chanteloup (50510),/management/ville/chanteloup/ville-50120,0.0,15.0,10.0,46.0,56.0,61.0,87.0,72.0,36.0,48.0,30.9,41.2,39.0,19.7,12.2,17.6,17.9,21.0
Anzex (47700),/management/ville/anzex/ville-47012,10.0,15.0,15.0,30.0,35.0,20.0,80.0,71.0,47.0,58.0,31.1,31.5,34.1,21.1,15.2,21.8,19.7,25.8
Chalvraines (52700),/management/ville/chalvraines/ville-52095,0.0,10.0,5.0,10.0,15.0,39.0,69.0,49.0,27.0,16.0,32.5,51.8,37.7,21.3,20.8,12.9,9.1,11.8
Contrevoz (01300),/management/ville/contrevoz/ville-01116,0.0,10.0,14.0,35.0,74.0,73.0,106.0,129.0,82.0,72.0,23.8,30.7,40.7,25.4,18.5,23.1,16.9,20.1
Calonges (47430),/management/ville/calonges/ville-47046,25.0,46.0,5.0,46.0,102.0,71.0,208.0,141.0,74.0,48.0,42.6,45.4,32.6,24.8,15.2,16.7,9.6,10.4
Ambrines (62127),/management/ville/ambrines/ville-62027,0.0,17.0,6.0,11.0,39.0,56.0,39.0,66.0,39.0,31.0,13.7,32.5,43.2,28.4,23.2,21.3,20.0,15.0
Boisset (34220),/management/ville/boisset/ville-34034,5.0,11.0,5.0,0.0,0.0,0.0,9.0,12.0,8.0,10.0,15.0,31.3,45.0,20.0,15.0,25.0,25.0,25.0
Aubréville (55120),/management/ville/aubreville/ville-55014,16.0,5.0,10.0,42.0,37.0,37.0,85.0,111.0,44.0,63.0,27.3,29.1,41.6,28.0,11.0,18.2,20.1,20.9
Besse (15140),/management/ville/besse/ville-15269,10.0,0.0,0.0,5.0,5.0,5.0,50.0,30.0,18.0,8.0,38.6,58.0,33.3,20.0,21.1,12.0,7.0,8.0
Coligny (01270),/management/ville/coligny/ville-01108,5.0,20.0,20.0,126.0,211.0,131.0,326.0,264.0,141.0,196.0,29.8,39.8,35.2,21.0,15.9,14.5,19.1,22.9
Arrans (21500),/management/ville/arrans/ville-21025,0.0,5.0,5.0,5.0,0.0,10.0,19.0,16.0,12.0,10.0,37.0,28.6,33.3,23.1,14.8,28.6,14.8,21.4
Bouvincourt-en-Vermandois (80200),/management/ville/bouvincourt-en-vermandois/ville-80128,5.0,0.0,0.0,16.0,31.0,26.0,26.0,32.0,24.0,31.0,27.3,18.6,34.5,24.1,16.4,25.4,21.8,32.2
Barthe (65230),/management/ville/barthe/ville-65068,0.0,0.0,0.0,9.0,0.0,0.0,7.0,3.0,2.0,3.0,42.9,50.0,28.6,12.5,14.3,12.5,14.3,25.0
Auxerre (89000),/management/ville/auxerre/ville-89024,39.0,690.0,2088.0,3798.0,4698.0,3670.0,9539.0,6218.0,4017.0,6499.0,33.5,38.6,28.2,19.2,14.5,15.9,23.8,25.5
Bougue (40090),/management/ville/bougue/ville-40051,0.0,14.0,48.0,105.0,115.0,43.0,90.0,137.0,129.0,182.0,16.7,16.7,27.0,23.9,23.7,24.2,32.6,35.3
Brévillers (62140),/management/ville/brevillers/ville-62175,0.0,0.0,5.0,20.0,25.0,15.0,39.0,25.0,15.0,38.0,30.9,35.5,23.6,17.9,14.5,11.3,30.9,33.9
Chamadelle (33230),/management/ville/chamadelle/ville-33124,15.0,36.0,0.0,56.0,128.0,102.0,182.0,198.0,74.0,64.0,33.6,36.8,41.3,29.2,13.1,15.3,12.0,13.0
Beaumont-en-Beine (02300),/management/ville/beaumont-en-beine/ville-02056,5.0,0.0,0.0,15.0,15.0,30.0,28.0,54.0,15.0,23.0,21.9,24.6,54.7,28.6,12.5,12.3,10.9,28.1
Cazavet (09160),/management/ville/cazavet/ville-09091,5.0,26.0,15.0,36.0,26.0,26.0,45.0,41.0,42.0,56.0,21.2,28.7,30.3,13.8,25.3,20.7,23.2,37.9
Ambronay (01500),/management/ville/ambronay/ville-01007,31.0,68.0,198.0,375.0,366.0,323.0,476.0,548.0,396.0,519.0,21.6,27.4,32.9,23.0,20.4,20.4,25.1,28.5
Crazannes (17350),/management/ville/crazannes/ville-17134,5.0,10.0,20.0,75.0,50.0,60.0,85.0,105.0,66.0,92.0,22.2,26.8,35.0,24.6,15.0,23.2,27.8,25.0
Carrières-sous-Poissy (78955),/management/ville/carrieres-sous-poissy/ville-78123,2.0,226.0,1862.0,2035.0,2559.0,1398.0,3233.0,2134.0,1674.0,3850.0,26.9,32.4,22.1,16.8,15.9,14.9,35.1,35.6
Chélan (32140),/management/ville/chelan/ville-32103,25.0,5.0,0.0,10.0,20.0,20.0,53.0,35.0,33.0,25.0,37.5,35.1,27.8,21.1,20.8,24.3,13.9,20.3
Buire-le-Sec (62870),/management/ville/buire-le-sec/ville-62183,25.0,10.0,5.0,45.0,130.0,155.0,221.0,196.0,81.0,62.0,33.7,44.7,43.0,24.9,12.6,16.2,10.7,11.3
Chouzé-sur-Loire (37140),/management/ville/chouze-sur-loire/ville-37074,30.0,45.0,45.0,135.0,275.0,315.0,595.0,493.0,266.0,244.0,31.6,42.6,38.5,22.3,15.2,18.0,14.7,15.8
Courbevoie (92400),/management/ville/courbevoie/ville-92026,15.0,1916.0,20589.0,10835.0,8590.0,2224.0,8686.0,5982.0,8374.0,34789.0,12.6,17.1,10.7,10.6,13.5,15.3,63.1,57.5
Boisset (43500),/management/ville/boisset/ville-43034,29.0,19.0,10.0,14.0,48.0,34.0,77.0,86.0,42.0,37.0,26.3,37.1,41.5,25.9,20.3,14.5,11.9,18.5
Bouvines (59830),/management/ville/bouvines/ville-59106,41.0,20.0,104.0,129.0,50.0,38.0,102.0,86.0,81.0,244.0,16.5,23.3,18.8,14.5,16.5,15.1,48.2,47.3
Bailleulval (62123),/management/ville/bailleulval/ville-62074,5.0,0.0,5.0,16.0,32.0,49.0,52.0,44.0,34.0,49.0,28.9,29.8,32.5,18.3,18.1,19.1,20.5,33.0
Anzin (59410),/management/ville/anzin/ville-59014,1.0,181.0,369.0,1042.0,1675.0,1918.0,3843.0,2695.0,1431.0,1370.0,34.2,47.3,35.6,21.1,16.3,14.5,13.9,15.4
Calonne-Ricouart (62470),/management/ville/calonne-ricouart/ville-62194,5.0,70.0,60.0,361.0,692.0,932.0,1672.0,1332.0,572.0,455.0,31.5,50.3,42.1,22.5,14.8,13.7,11.6,11.0
Belloy-en-Santerre (80200),/management/ville/belloy-en-santerre/ville-80080,5.0,0.0,10.0,25.0,15.0,15.0,51.0,30.0,13.0,30.0,36.5,46.8,36.5,11.1,11.1,9.7,15.9,32.3
Contrexéville (88140),/management/ville/contrexeville/ville-88114,15.0,85.0,95.0,275.0,510.0,440.0,970.0,835.0,333.0,371.0,35.1,41.9,37.0,25.8,12.5,14.0,15.4,14.3
Chanteloup (79320),/management/ville/chanteloup/ville-79069,30.0,30.0,40.0,125.0,80.0,140.0,214.0,244.0,143.0,132.0,24.7,33.8,40.1,24.5,20.2,18.8,15.1,21.1
Châteauneuf-de-Vernoux (07240),/management/ville/chateauneuf-de-vernoux/ville-07060,14.0,14.0,19.0,19.0,29.0,29.0,42.0,58.0,28.0,51.0,16.1,31.2,39.1,23.5,14.9,16.1,29.9,26.9
Binarville (51800),/management/ville/binarville/ville-51062,0.0,5.0,0.0,5.0,0.0,27.0,33.0,29.0,11.0,8.0,42.9,40.5,42.9,26.2,9.5,16.2,4.8,13.5
Bessé (16140),/management/ville/besse/ville-16042,0.0,0.0,0.0,6.0,6.0,17.0,29.0,50.0,16.0,20.0,22.8,27.6,52.6,30.3,8.8,20.7,15.8,17.2
Colincamps (80560),/management/ville/colincamps/ville-80203,0.0,5.0,0.0,5.0,15.0,10.0,12.0,17.0,16.0,20.0,19.4,17.2,33.3,17.9,27.8,20.7,19.4,44.8
Beaumont-en-Cambrésis (59540),/management/ville/beaumont-en-cambresis/ville-59059,5.0,10.0,10.0,20.0,65.0,115.0,147.0,96.0,51.0,45.0,41.0,45.5,36.0,21.0,9.9,19.7,13.0,13.5
Aubrives (08320),/management/ville/aubrives/ville-08028,5.0,10.0,20.0,75.0,160.0,131.0,257.0,198.0,113.0,98.0,34.7,42.3,34.7,23.1,16.9,17.0,13.6,15.8
Auxey-Duresses (21190),/management/ville/auxey-duresses/ville-21037,36.0,15.0,10.0,36.0,29.0,43.0,73.0,75.0,39.0,65.0,23.4,34.4,41.1,18.3,12.9,17.6,22.6,29.6
Bartherans (25440),/management/ville/bartherans/ville-25044,0.0,5.0,5.0,0.0,5.0,5.0,6.0,12.0,5.0,14.0,13.3,22.7,40.0,21.7,13.3,18.2,33.3,36.4
Arras (62000),/management/ville/arras/ville-62041,11.0,775.0,2865.0,4643.0,5912.0,4155.0,8548.0,6760.0,4968.0,8856.0,25.2,33.0,26.9,19.4,17.3,16.8,30.6,30.2
Ailly (27600),/management/ville/ailly/ville-27005,5.0,35.0,75.0,160.0,120.0,195.0,168.0,244.0,150.0,228.0,18.4,24.3,38.5,22.5,17.1,20.9,26.1,31.8
Bouguenais (44340),/management/ville/bouguenais/ville-44020,13.0,441.0,1525.0,2740.0,2621.0,1757.0,3061.0,4102.0,2473.0,4213.0,18.0,25.8,34.3,23.5,18.5,17.2,29.2,31.5
Brévillers (80600),/management/ville/brevillers/ville-80140,0.0,0.0,0.0,15.0,35.0,20.0,13.0,25.0,19.0,14.0,15.2,21.1,36.4,32.5,24.2,28.9,24.2,15.8
Créances (50710),/management/ville/creances/ville-50151,46.0,57.0,41.0,103.0,216.0,464.0,732.0,561.0,209.0,207.0,38.9,46.4,40.8,22.9,10.5,13.9,9.8,14.2
Chamagne (88130),/management/ville/chamagne/ville-88084,15.0,5.0,35.0,40.0,60.0,55.0,102.0,131.0,43.0,70.0,23.3,35.6,48.3,23.9,12.8,12.1,15.7,24.7
Cazeaux-de-Larboust (31110),/management/ville/cazeaux-de-larboust/ville-31133,0.0,10.0,0.0,15.0,15.0,24.0,16.0,20.0,24.0,17.0,19.5,20.5,26.8,26.3,34.1,28.2,19.5,25.6
Cuq-Toulza (81470),/management/ville/cuq-toulza/ville-81076,10.0,60.0,46.0,65.0,81.0,56.0,141.0,113.0,99.0,150.0,28.8,26.8,28.4,17.2,18.3,21.5,24.5,35.4
Courbiac (47370),/management/ville/courbiac/ville-47072,0.0,5.0,5.0,11.0,16.0,16.0,27.0,27.0,20.0,23.0,27.7,28.0,29.8,25.5,17.0,24.0,25.5,22.0
Besse (24550),/management/ville/besse/ville-24039,20.0,5.0,5.0,5.0,15.0,45.0,50.0,40.0,24.0,24.0,38.2,34.3,30.9,25.3,14.7,20.0,16.2,18.6
Chouzelot (25440),/management/ville/chouzelot/ville-25154,10.0,0.0,5.0,45.0,40.0,30.0,69.0,56.0,25.0,37.0,34.5,39.0,36.8,22.0,11.5,15.0,17.2,22.0
Buire-sur-l'Ancre (80300),/management/ville/buire-sur-l-ancre/ville-80151,0.0,0.0,5.0,30.0,65.0,75.0,65.0,81.0,46.0,40.0,21.1,34.7,42.1,25.0,23.7,16.1,13.2,21.2
Auxi-le-Château (62390),/management/ville/auxi-le-chateau/ville-62060,5.0,63.0,35.0,188.0,299.0,422.0,1050.0,474.0,326.0,214.0,45.9,55.1,29.5,17.2,15.5,16.0,9.1,11.5
Aubrometz (62390),/management/ville/aubrometz/ville-62047,5.0,0.0,15.0,15.0,25.0,5.0,41.0,29.0,27.0,14.0,33.3,39.6,35.1,18.8,22.8,26.4,8.8,17.0
Chelers (62127),/management/ville/chelers/ville-62221,5.0,5.0,21.0,26.0,37.0,48.0,68.0,54.0,25.0,47.0,29.5,39.4,36.4,20.8,5.7,19.2,28.4,20.2
Bartrès (65100),/management/ville/bartres/ville-65070,5.0,24.0,39.0,68.0,54.0,34.0,77.0,127.0,68.0,97.0,17.8,23.9,39.1,27.1,17.2,19.3,25.9,26.9
Bailleval (60140),/management/ville/bailleval/ville-60042,0.0,56.0,126.0,187.0,238.0,116.0,237.0,329.0,204.0,346.0,17.7,24.7,35.4,22.7,17.1,19.4,29.8,32.2
Bougy (14210),/management/ville/bougy/ville-14089,0.0,20.0,15.0,55.0,59.0,55.0,59.0,71.0,52.0,74.0,21.8,23.7,31.5,23.4,21.0,19.8,25.8,32.1
Ailly-le-Haut-Clocher (80690),/management/ville/ailly-le-haut-clocher/ville-80009,16.0,20.0,45.0,100.0,156.0,114.0,246.0,181.0,124.0,147.0,31.3,39.0,33.9,18.7,16.1,19.3,18.8,23.2
Calonne-sur-la-Lys (62350),/management/ville/calonne-sur-la-lys/ville-62195,30.0,71.0,66.0,187.0,182.0,223.0,334.0,339.0,222.0,242.0,25.0,33.7,33.6,24.3,20.7,18.2,20.7,21.9
Chanteloup-en-Brie (77600),/management/ville/chanteloup-en-brie/ville-77085,0.0,66.0,439.0,511.0,585.0,307.0,486.0,464.0,466.0,1029.0,17.3,22.1,21.2,17.4,19.0,19.1,42.4,41.8
Contrisson (55800),/management/ville/contrisson/ville-55125,0.0,10.0,25.0,106.0,146.0,90.0,156.0,213.0,112.0,100.0,23.3,30.8,45.1,26.2,18.4,19.9,13.2,20.9
Ambrugeat (19250),/management/ville/ambrugeat/ville-19008,0.0,0.0,5.0,19.0,19.0,14.0,41.0,43.0,35.0,54.0,23.4,24.0,31.2,21.1,13.0,26.0,32.5,30.2
Collan (89700),/management/ville/collan/ville-89112,5.0,0.0,10.0,15.0,29.0,44.0,44.0,47.0,23.0,24.0,33.8,28.6,36.8,27.6,13.2,21.4,16.2,20.0
Choye (70700),/management/ville/choye/ville-70152,0.0,5.0,15.0,50.0,65.0,60.0,90.0,91.0,65.0,78.0,24.2,31.1,35.0,20.8,22.3,18.0,18.5,29.3
Auxon (10130),/management/ville/auxon/ville-10018,15.0,24.0,44.0,92.0,127.0,107.0,264.0,245.0,113.0,125.0,28.0,42.6,43.1,21.3,13.7,16.5,15.1,18.4
Châteauneuf-du-Faou (29520),/management/ville/chateauneuf-du-faou/ville-29027,70.0,65.0,95.0,235.0,460.0,520.0,967.0,901.0,516.0,499.0,26.2,40.4,38.1,23.1,18.5,17.4,17.3,17.4
Binas (41240),/management/ville/binas/ville-41017,21.0,32.0,21.0,74.0,101.0,90.0,170.0,188.0,89.0,92.0,26.1,36.9,43.2,24.3,15.9,17.2,14.8,19.3
Arras-en-Lavedan (65400),/management/ville/arras-en-lavedan/ville-65029,0.0,0.0,45.0,52.0,67.0,53.0,109.0,102.0,85.0,107.0,20.2,33.7,36.4,15.5,22.2,20.5,21.2,31.2
Boisset-et-Gaujac (30140),/management/ville/boisset-et-gaujac/ville-30042,30.0,107.0,90.0,245.0,314.0,217.0,580.0,515.0,400.0,408.0,29.6,31.3,32.6,22.5,17.7,24.0,20.1,22.7
Bouvresse (60220),/management/ville/bouvresse/ville-60098,15.0,15.0,0.0,5.0,10.0,30.0,53.0,45.0,14.0,16.0,39.1,43.8,37.5,26.6,12.5,9.4,10.9,14.1
Anzin-Saint-Aubin (62223),/management/ville/anzin-saint-aubin/ville-62037,5.0,65.0,320.0,500.0,320.0,140.0,335.0,385.0,370.0,989.0,12.8,19.1,20.4,17.1,16.9,18.6,49.9,45.5
Collandres (15400),/management/ville/collandres/ville-15052,19.0,0.0,5.0,10.0,10.0,10.0,51.0,44.0,17.0,15.0,35.7,44.1,40.0,23.9,14.3,13.6,10.0,15.3
Conty (80160),/management/ville/conty/ville-80211,5.0,10.0,75.0,239.0,259.0,199.0,510.0,336.0,156.0,252.0,34.6,45.8,36.2,17.9,11.7,13.1,17.5,22.2
Brevilliers (70400),/management/ville/brevilliers/ville-70096,5.0,5.0,20.0,79.0,74.0,49.0,125.0,146.0,91.0,108.0,23.0,30.0,35.4,25.9,16.4,22.2,25.2,20.6
Chamagnieu (38460),/management/ville/chamagnieu/ville-38067,0.0,95.0,125.0,295.0,220.0,160.0,257.0,308.0,215.0,401.0,21.2,22.3,30.1,20.9,19.0,17.4,29.7,38.5
Besse (38142),/management/ville/besse/ville-38040,0.0,0.0,0.0,5.0,0.0,5.0,32.0,35.0,24.0,25.0,20.3,35.2,40.6,18.8,15.6,27.8,23.4,20.4
Cuqueron (64360),/management/ville/cuqueron/ville-64197,31.0,10.0,15.0,41.0,5.0,5.0,28.0,39.0,29.0,52.0,13.3,23.9,25.3,23.5,25.3,12.7,36.0,36.6
Chanteloup-les-Bois (49340),/management/ville/chanteloup-les-bois/ville-49070,46.0,26.0,5.0,67.0,98.0,113.0,173.0,168.0,90.0,104.0,30.5,34.5,33.1,26.2,17.6,15.7,18.8,19.9
Arras-sur-Rhône (07370),/management/ville/arras-sur-rhone/ville-07015,15.0,10.0,30.0,74.0,70.0,59.0,95.0,130.0,67.0,61.0,26.4,27.0,42.0,28.2,19.5,18.5,12.1,22.5
Beaumont-en-Diois (26310),/management/ville/beaumont-en-diois/ville-26036,15.0,15.0,0.0,15.0,10.0,15.0,10.0,13.0,27.0,30.0,11.6,12.8,18.6,15.6,37.2,30.8,32.6,43.6
Chélieu (38730),/management/ville/chelieu/ville-38098,0.0,25.0,55.0,95.0,85.0,110.0,108.0,157.0,88.0,130.0,19.9,25.0,40.2,23.2,16.3,20.3,23.5,30.6
Bindernheim (67600),/management/ville/bindernheim/ville-67040,15.0,10.0,49.0,123.0,118.0,153.0,171.0,283.0,135.0,161.0,15.7,29.7,49.1,25.0,16.3,19.7,19.0,23.9
Barville (27230),/management/ville/barville/ville-27042,0.0,4.0,8.0,12.0,8.0,21.0,12.0,18.0,7.0,10.0,24.0,27.3,52.0,23.8,4.0,27.3,20.0,22.7
Carrières-sur-Seine (78420),/management/ville/carrieres-sur-seine/ville-78124,0.0,366.0,3188.0,1820.0,1493.0,813.0,1936.0,1451.0,1437.0,5230.0,17.4,21.0,16.1,13.1,14.0,14.6,52.5,51.5
Buironfosse (02620),/management/ville/buironfosse/ville-02135,10.0,35.0,25.0,65.0,135.0,190.0,441.0,237.0,94.0,98.0,44.8,56.5,34.7,18.2,11.2,10.4,9.3,13.2
Calorguen (22100),/management/ville/calorguen/ville-22026,15.0,5.0,15.0,50.0,100.0,90.0,118.0,192.0,96.0,106.0,16.8,29.0,47.6,25.3,19.6,17.9,16.0,25.2
Bougy-lez-Neuville (45170),/management/ville/bougy-lez-neuville/ville-45044,0.0,0.0,15.0,10.0,20.0,20.0,21.0,34.0,30.0,37.0,23.8,10.2,33.3,23.2,22.2,27.1,20.6,40.7
Baillif (97123),/management/ville/baillif/ville-97104,72.0,190.0,162.0,473.0,929.0,387.0,2279.0,904.0,608.0,517.0,53.9,52.1,23.0,18.6,13.1,14.9,10.1,13.6
Créancey (21320),/management/ville/creancey/ville-21210,10.0,35.0,25.0,70.0,55.0,80.0,81.0,134.0,73.0,93.0,17.4,25.3,44.6,24.4,16.9,21.5,21.0,28.0
Ailly-sur-Noye (80250),/management/ville/ailly-sur-noye/ville-80010,5.0,30.0,170.0,385.0,380.0,225.0,625.0,569.0,317.0,558.0,25.4,34.6,34.2,19.9,16.4,14.3,24.0,29.7
Belloy-Saint-Léonard (80270),/management/ville/belloy-saint-leonard/ville-80081,10.0,0.0,0.0,5.0,5.0,0.0,26.0,21.0,13.0,11.0,28.6,42.9,37.1,22.2,17.1,20.0,17.1,14.3
Ambrumesnil (76550),/management/ville/ambrumesnil/ville-76004,5.0,5.0,20.0,61.0,81.0,66.0,114.0,112.0,62.0,76.0,25.1,36.8,38.3,22.3,16.6,17.4,20.0,22.1
Binges (21270),/management/ville/binges/ville-21076,0.0,41.0,46.0,138.0,92.0,92.0,146.0,156.0,104.0,172.0,22.5,27.6,31.7,21.3,19.4,16.7,26.4,33.1
Châteauneuf-du-Pape (84230),/management/ville/chateauneuf-du-pape/ville-84037,69.0,69.0,100.0,290.0,269.0,237.0,508.0,364.0,295.0,524.0,29.7,30.2,25.0,17.8,19.8,15.2,25.5,36.2
Auxon (70000),/management/ville/auxon/ville-70044,5.0,15.0,15.0,74.0,55.0,25.0,87.0,97.0,64.0,76.0,21.4,31.9,37.7,21.6,20.1,19.3,20.8,26.5
Courbillac (16200),/management/ville/courbillac/ville-16109,30.0,35.0,15.0,60.0,50.0,140.0,171.0,183.0,81.0,85.0,30.8,35.0,43.8,24.5,13.1,18.1,12.3,20.4
Chozeau (38460),/management/ville/chozeau/ville-38109,10.0,50.0,155.0,155.0,90.0,60.0,154.0,167.0,147.0,294.0,15.1,25.1,25.3,18.2,22.6,16.1,36.9,40.2
Aubry-du-Hainaut (59494),/management/ville/aubry-du-hainaut/ville-59027,14.0,29.0,159.0,203.0,184.0,63.0,298.0,279.0,212.0,435.0,18.5,29.3,26.8,18.9,18.3,16.3,36.4,34.8
Barville (61170),/management/ville/barville/ville-61026,10.0,16.0,5.0,21.0,26.0,16.0,47.0,45.0,32.0,27.0,25.6,36.5,38.5,20.5,21.8,21.6,14.1,21.6
Anzy-le-Duc (71110),/management/ville/anzy-le-duc/ville-71011,35.0,30.0,30.0,20.0,50.0,35.0,101.0,92.0,56.0,96.0,25.6,32.2,32.3,19.9,20.1,12.8,22.0,33.3
Baillolet (76660),/management/ville/baillolet/ville-76053,10.0,0.0,0.0,20.0,15.0,15.0,40.0,28.0,9.0,18.0,38.8,45.7,36.7,18.9,12.2,6.5,12.2,26.1
Bouvron (44130),/management/ville/bouvron/ville-44023,51.0,108.0,189.0,389.0,332.0,438.0,571.0,814.0,363.0,476.0,22.8,28.6,42.3,27.0,16.7,15.8,18.2,24.5
Contz-les-Bains (57480),/management/ville/contz-les-bains/ville-57152,0.0,0.0,40.0,75.0,75.0,65.0,87.0,122.0,65.0,103.0,19.1,27.0,36.7,25.0,18.6,15.9,25.5,29.1
Besse-et-Saint-Anastaise (63610),/management/ville/besse-et-saint-anastaise/ville-63038,45.0,135.0,70.0,130.0,195.0,170.0,461.0,318.0,225.0,251.0,28.5,44.4,30.4,19.7,20.0,16.0,21.1,19.0
Curac (16210),/management/ville/curac/ville-16117,0.0,10.0,0.0,5.0,26.0,10.0,43.0,27.0,12.0,16.0,36.4,51.9,40.9,17.0,6.8,15.4,15.9,15.4
Brévilly (08140),/management/ville/brevilly/ville-08083,5.0,5.0,5.0,30.0,60.0,60.0,97.0,99.0,49.0,29.0,30.7,40.3,41.4,27.0,18.6,17.2,9.3,11.9
Beaumont-en-Verdunois (55100),/management/ville/beaumont-en-verdunois/ville-55039,0.0,0.0,0.0,0.0,0.0,0.0,0.0,0.0,0.0,0.0,,,,,,,,
Arrast-Larrebieu (64130),/management/ville/arrast-larrebieu/ville-64050,20.0,0.0,0.0,10.0,10.0,10.0,34.0,20.0,10.0,16.0,41.7,45.5,27.1,18.9,14.6,9.1,16.7,24.2
Châteauneuf-du-Rhône (26780),/management/ville/chateauneuf-du-rhone/ville-26085,21.0,86.0,114.0,314.0,330.0,383.0,627.0,553.0,352.0,452.0,28.5,34.7,32.7,21.9,18.5,17.0,20.4,25.0
Chanteloup-les-Vignes (78570),/management/ville/chanteloup-les-vignes/ville-78138,0.0,229.0,617.0,1057.0,1507.0,1289.0,2580.0,1428.0,1165.0,1597.0,36.5,39.6,24.1,18.2,16.5,17.8,22.8,24.3
Chamalières (63400),/management/ville/chamalieres/ville-63075,0.0,413.0,2461.0,2461.0,1935.0,725.0,2419.0,2006.0,2402.0,6701.0,13.5,21.1,17.5,13.6,16.8,18.5,52.2,47.5
Aoste (38490),/management/ville/aoste/ville-38012,15.0,77.0,87.0,292.0,388.0,498.0,715.0,583.0,377.0,334.0,30.2,40.4,35.3,22.3,18.9,18.7,15.6,17.5
Caluire-et-Cuire (69300),/management/ville/caluire-et-cuire/ville-69034,4.0,1056.0,5349.0,5689.0,4696.0,2555.0,6724.0,5098.0,4958.0,14383.0,18.8,23.9,18.2,15.0,15.6,16.2,47.4,45.1
Aubry-le-Panthou (61120),/management/ville/aubry-le-panthou/ville-61010,10.0,10.0,0.0,15.0,10.0,15.0,30.0,16.0,22.0,21.0,36.4,31.3,22.7,16.3,22.7,25.0,18.2,29.2
Collandres-Quincarnon (27190),/management/ville/collandres-quincarnon/ville-27162,0.0,5.0,19.0,38.0,9.0,33.0,37.0,60.0,28.0,36.0,21.3,24.4,50.0,24.7,12.5,22.0,16.3,28.0
Bouhans (71330),/management/ville/bouhans/ville-71045,0.0,0.0,5.0,20.0,15.0,35.0,47.0,48.0,16.0,22.0,25.8,44.8,51.5,20.3,6.1,17.9,16.7,16.4
Buis-les-Baronnies (26170),/management/ville/buis-les-baronnies/ville-26063,40.0,140.0,100.0,135.0,260.0,205.0,651.0,465.0,304.0,453.0,33.8,35.6,29.2,20.5,14.1,18.0,22.9,25.2
Crécey-sur-Tille (21120),/management/ville/crecey-sur-tille/ville-21211,0.0,0.0,0.0,5.0,10.0,30.0,29.0,45.0,18.0,24.0,18.0,32.1,44.3,28.8,14.8,16.1,23.0,17.9
Boisset-lès-Montrond (42210),/management/ville/boisset-les-montrond/ville-42020,0.0,55.0,65.0,185.0,175.0,145.0,149.0,250.0,155.0,257.0,16.5,20.2,36.4,24.1,18.2,20.0,28.9,34.4
Belloy-sur-Somme (80310),/management/ville/belloy-sur-somme/ville-80082,15.0,5.0,50.0,85.0,85.0,85.0,180.0,131.0,85.0,156.0,31.3,33.9,30.9,16.7,12.6,18.2,25.2,31.4
Ailly-sur-Somme (80470),/management/ville/ailly-sur-somme/ville-80011,0.0,40.0,131.0,293.0,414.0,373.0,936.0,646.0,336.0,374.0,36.8,44.7,33.9,21.1,14.4,14.9,14.9,17.6
Auxonne (21130),/management/ville/auxonne/ville-21038,20.0,131.0,162.0,555.0,1537.0,963.0,2297.0,1799.0,959.0,788.0,33.7,44.7,36.7,22.8,17.7,15.1,11.8,15.0
Courboin (02330),/management/ville/courboin/ville-02223,0.0,31.0,5.0,44.0,30.0,64.0,48.0,83.0,57.0,35.0,15.4,27.8,47.0,25.5,27.4,24.1,10.3,22.2
Chuelles (45220),/management/ville/chuelles/ville-45097,15.0,55.0,15.0,119.0,129.0,174.0,296.0,299.0,142.0,160.0,31.7,34.1,38.5,24.9,16.3,15.6,13.4,22.3
Aougny (51170),/management/ville/aougny/ville-51013,5.0,5.0,10.0,10.0,10.0,20.0,10.0,23.0,11.0,23.0,16.7,12.9,38.9,26.5,13.9,19.4,30.6,38.7
Chelle-Debat (65350),/management/ville/chelle-debat/ville-65142,0.0,20.0,10.0,20.0,46.0,41.0,38.0,56.0,32.0,43.0,19.0,25.6,41.7,25.0,14.3,23.2,25.0,25.6
Binic-Étables-sur-Mer (22520),/management/ville/binic-etables-sur-mer/ville-22055,5.0,277.0,564.0,918.0,750.0,407.0,1406.0,1304.0,996.0,1776.0,19.2,31.0,27.9,19.9,19.1,17.4,33.9,31.2
Cazedarnes (34460),/management/ville/cazedarnes/ville-34065,10.0,15.0,40.0,50.0,96.0,45.0,129.0,118.0,79.0,117.0,25.9,32.4,34.7,18.9,17.1,18.2,22.2,30.2
Baillou (41170),/management/ville/baillou/ville-41012,6.0,17.0,6.0,50.0,11.0,28.0,54.0,64.0,34.0,46.0,24.7,30.0,40.2,23.8,13.4,20.0,21.6,25.0
Curan (12410),/management/ville/curan/ville-12307,56.0,5.0,5.0,15.0,31.0,25.0,104.0,71.0,40.0,39.0,38.1,44.9,36.6,18.2,14.9,16.1,10.4,20.3
Crêches-sur-Saône (71680),/management/ville/creches-sur-saone/ville-71150,26.0,91.0,146.0,373.0,418.0,455.0,733.0,769.0,365.0,402.0,28.1,36.2,40.2,25.4,14.4,17.7,17.3,18.1
Conzieu (01300),/management/ville/conzieu/ville-01117,10.0,15.0,5.0,5.0,20.0,30.0,17.0,35.0,16.0,31.0,8.3,25.5,50.0,20.0,18.8,13.7,22.9,39.2
Boisset-les-Prévanches (27120),/management/ville/boisset-les-prevanches/ville-27076,5.0,24.0,34.0,87.0,43.0,39.0,81.0,86.0,55.0,91.0,27.6,24.8,33.3,22.1,11.5,23.6,27.6,29.9
Carros (06510),/management/ville/carros/ville-06033,14.0,424.0,634.0,1298.0,1710.0,1295.0,2732.0,2107.0,1510.0,1913.0,32.9,33.2,28.3,22.1,17.7,18.8,21.1,25.0
Chelle-Spou (65130),/management/ville/chelle-spou/ville-65143,10.0,0.0,0.0,10.0,20.0,10.0,18.0,30.0,17.0,23.0,14.6,25.5,51.2,20.0,14.6,23.4,19.5,31.9
Beaumont-en-Véron (37420),/management/ville/beaumont-en-veron/ville-37022,15.0,40.0,220.0,327.0,365.0,353.0,604.0,673.0,352.0,464.0,24.5,33.4,37.9,24.1,16.0,17.6,21.6,22.8
Arraute-Charritte (64120),/management/ville/arraute-charritte/ville-64051,36.0,5.0,16.0,26.0,46.0,57.0,85.0,106.0,52.0,56.0,22.6,35.0,43.2,24.4,17.4,17.5,16.8,21.0
Brévonnes (10220),/management/ville/brevonnes/ville-10061,5.0,15.0,21.0,72.0,103.0,92.0,144.0,176.0,79.0,101.0,26.0,31.4,42.6,26.3,11.9,19.3,19.6,20.5
Châteauneuf-en-Thymerais (28170),/management/ville/chateauneuf-en-thymerais/ville-28089,20.0,51.0,76.0,290.0,300.0,402.0,679.0,655.0,290.0,344.0,29.7,38.2,39.7,24.9,15.1,14.4,15.5,19.0
Chantemerle (51260),/management/ville/chantemerle/ville-51124,5.0,0.0,5.0,10.0,0.0,0.0,6.0,12.0,4.0,11.0,26.7,11.1,40.0,30.0,0.0,22.2,33.3,33.3
Chamalières-sur-Loire (43800),/management/ville/chamalieres-sur-loire/ville-43049,5.0,5.0,20.0,55.0,30.0,75.0,131.0,126.0,62.0,73.0,28.1,38.9,41.7,21.9,11.1,20.7,19.1,18.1
Ambrus (47160),/management/ville/ambrus/ville-47008,5.0,5.0,0.0,0.0,15.0,20.0,29.0,21.0,20.0,16.0,30.0,35.6,25.0,23.4,27.5,20.0,17.5,20.0
Calvi (20260),/management/ville/calvi/ville-2B050,22.0,268.0,102.0,379.0,1571.0,455.0,1584.0,771.0,1017.0,807.0,35.8,40.5,21.4,16.0,26.3,21.9,16.5,22.8
Chuffilly-Roche (08130),/management/ville/chuffilly-roche/ville-08123,14.0,10.0,0.0,5.0,24.0,10.0,18.0,13.0,15.0,8.0,27.6,40.7,37.9,10.0,24.1,33.3,10.3,18.5
Bouhans-et-Feurg (70100),/management/ville/bouhans-et-feurg/ville-70080,0.0,5.0,10.0,25.0,39.0,30.0,69.0,63.0,40.0,31.0,25.7,42.4,41.0,19.8,21.9,18.2,11.4,19.2
Aubure (68150),/management/ville/aubure/ville-68014,5.0,0.0,0.0,50.0,74.0,15.0,58.0,101.0,53.0,69.0,18.9,22.2,38.5,28.7,20.3,17.0,22.3,27.4
Coole (51320),/management/ville/coole/ville-51167,25.0,5.0,0.0,15.0,5.0,10.0,46.0,31.0,17.0,19.0,33.3,48.2,28.1,23.4,17.5,12.5,21.1,12.5
Buissard (05500),/management/ville/buissard/ville-05025,10.0,20.0,0.0,15.0,30.0,10.0,27.0,38.0,34.0,57.0,17.3,17.1,34.6,15.4,16.0,27.6,32.1,42.1
Belluire (17800),/management/ville/belluire/ville-17039,0.0,10.0,10.0,15.0,35.0,35.0,49.0,70.0,20.0,20.0,23.4,37.8,50.6,29.8,14.3,11.0,11.7,13.4
Auxy (45340),/management/ville/auxy/ville-45018,5.0,35.0,25.0,110.0,110.0,176.0,264.0,258.0,99.0,116.0,29.6,41.7,43.9,23.5,13.0,13.9,13.5,17.8
Barville (88300),/management/ville/barville/ville-88036,0.0,5.0,0.0,5.0,15.0,20.0,24.0,24.0,12.0,11.0,27.8,40.0,41.7,22.5,22.2,11.4,8.3,22.9
Courbouzon (39570),/management/ville/courbouzon/ville-39169,5.0,35.0,35.0,99.0,50.0,50.0,94.0,163.0,88.0,137.0,19.9,18.9,33.6,29.9,16.6,19.8,29.9,27.2
Bouvron (54200),/management/ville/bouvron/ville-54088,5.0,5.0,20.0,10.0,31.0,26.0,40.0,53.0,31.0,41.0,23.8,23.8,38.1,25.9,15.5,21.3,22.6,27.5
Bréxent-Énocq (62170),/management/ville/brexent-enocq/ville-62176,5.0,30.0,10.0,40.0,115.0,105.0,152.0,163.0,94.0,94.0,22.6,37.8,40.7,22.5,21.4,16.2,15.2,21.6
Aouste (08290),/management/ville/aouste/ville-08016,5.0,0.0,0.0,31.0,25.0,31.0,70.0,43.0,22.0,29.0,35.9,50.0,35.9,16.5,15.4,11.6,12.8,20.9
Cazenave-Serres-et-Allens (09400),/management/ville/cazenave-serres-et-allens/ville-09092,0.0,0.0,0.0,5.0,5.0,10.0,8.0,8.0,10.0,10.0,31.6,11.8,31.6,18.2,10.5,47.1,26.3,29.4
Bining (57410),/management/ville/bining/ville-57083,10.0,30.0,35.0,109.0,184.0,184.0,256.0,312.0,142.0,184.0,22.2,35.1,43.1,23.8,16.9,15.1,17.8,23.4
Chelles (60350),/management/ville/chelles/ville-60145,10.0,25.0,40.0,96.0,65.0,34.0,87.0,106.0,68.0,109.0,23.6,23.7,31.3,24.0,18.7,18.3,26.4,32.3
Curbans (05110),/management/ville/curbans/ville-04066,6.0,45.0,11.0,91.0,105.0,67.0,72.0,123.0,91.0,117.0,20.5,15.2,33.7,26.5,21.0,24.2,24.9,33.3
Collanges (63340),/management/ville/collanges/ville-63114,0.0,5.0,0.0,15.0,30.0,20.0,34.0,44.0,24.0,23.0,26.9,27.6,44.8,25.0,11.9,27.6,16.4,20.7
Châteauneuf-Grasse (06740),/management/ville/chateauneuf-grasse/ville-06038,0.0,200.0,333.0,451.0,381.0,146.0,574.0,430.0,414.0,1144.0,18.4,25.9,21.2,13.4,16.2,16.2,44.2,45.0
Aimargues (30470),/management/ville/aimargues/ville-30006,21.0,246.0,210.0,606.0,983.0,580.0,1503.0,948.0,689.0,854.0,36.2,38.9,28.8,18.7,16.9,17.5,18.1,24.5
Arraye-et-Han (54760),/management/ville/arraye-et-han/ville-54024,10.0,15.0,5.0,40.0,40.0,20.0,39.0,69.0,42.0,73.0,12.7,21.7,37.3,23.8,18.2,19.1,31.8,33.9
Beaumont-Hamel (80300),/management/ville/beaumont-hamel/ville-80069,0.0,5.0,15.0,0.0,56.0,46.0,42.0,56.0,28.0,34.0,21.3,31.2,41.3,25.6,21.3,13.0,16.3,26.0
Chamaloc (26150),/management/ville/chamaloc/ville-26069,10.0,5.0,0.0,10.0,25.0,15.0,17.0,24.0,24.0,37.0,12.3,22.2,29.8,17.1,22.8,24.4,35.1,37.8
Carrouges (61320),/management/ville/carrouges/ville-61074,10.0,45.0,5.0,34.0,94.0,83.0,257.0,148.0,80.0,50.0,39.1,55.4,37.4,18.6,15.2,15.0,8.2,10.2
Boisset-Saint-Priest (42560),/management/ville/boisset-saint-priest/ville-42021,5.0,80.0,50.0,156.0,166.0,141.0,232.0,277.0,139.0,208.0,24.3,30.2,37.0,24.5,17.2,15.0,21.5,27.3
Bessé-sur-Braye (72310),/management/ville/besse-sur-braye/ville-72035,10.0,74.0,40.0,124.0,254.0,319.0,874.0,542.0,197.0,178.0,40.3,56.5,39.3,20.0,10.2,11.7,10.1,9.8
Bailly (60170),/management/ville/bailly/ville-60043,0.0,20.0,30.0,40.0,100.0,111.0,137.0,178.0,77.0,98.0,27.0,29.1,41.0,27.2,14.8,16.7,17.2,23.1
Ambutrix (01500),/management/ville/ambutrix/ville-01008,0.0,15.0,50.0,139.0,99.0,119.0,101.0,186.0,110.0,171.0,16.0,20.0,37.2,25.7,19.4,19.6,27.4,32.5
Auxy (71400),/management/ville/auxy/ville-71015,5.0,25.0,46.0,153.0,122.0,102.0,181.0,257.0,143.0,147.0,20.4,29.7,42.1,25.4,21.2,17.9,16.2,24.5
Bouhans-lès-Lure (70200),/management/ville/bouhans-les-lure/ville-70081,5.0,5.0,10.0,55.0,35.0,45.0,57.0,98.0,32.0,38.0,23.7,27.0,48.2,31.6,12.3,16.2,15.8,18.0
Chantemerle-les-Blés (26600),/management/ville/chantemerle-les-bles/ville-26072,20.0,55.0,70.0,169.0,154.0,159.0,197.0,222.0,188.0,274.0,24.1,20.6,27.6,22.5,22.2,20.4,26.2,35.9
Chuignes (80340),/management/ville/chuignes/ville-80194,15.0,0.0,5.0,20.0,15.0,5.0,38.0,36.0,11.0,16.0,28.6,46.2,46.9,22.4,8.2,13.5,16.3,15.4
Coolus (51510),/management/ville/coolus/ville-51168,10.0,0.0,20.0,45.0,25.0,15.0,45.0,53.0,31.0,50.0,25.3,25.0,28.4,26.5,20.0,14.3,26.3,29.8
Créchets (65370),/management/ville/crechets/ville-65154,0.0,0.0,0.0,0.0,15.0,5.0,15.0,13.0,9.0,5.0,31.6,39.1,42.1,21.7,21.1,21.7,5.3,17.4
Aubussargues (30190),/management/ville/aubussargues/ville-30021,0.0,5.0,26.0,37.0,37.0,21.0,61.0,66.0,43.0,93.0,17.4,29.0,30.3,18.7,18.9,13.7,33.3,37.4
Carry-le-Rouet (13620),/management/ville/carry-le-rouet/ville-13021,14.0,264.0,645.0,637.0,604.0,258.0,1224.0,917.0,877.0,1764.0,23.3,27.6,20.9,17.8,18.0,18.7,37.8,36.1
Curbigny (71800),/management/ville/curbigny/ville-71160,15.0,10.0,10.0,35.0,45.0,35.0,87.0,93.0,36.0,31.0,30.7,40.3,44.9,25.9,13.4,16.0,11.0,14.3
Cazeneuve (32800),/management/ville/cazeneuve/ville-32100,10.0,10.0,0.0,10.0,15.0,25.0,29.0,32.0,27.0,18.0,31.7,21.7,33.3,28.6,18.3,34.8,16.7,17.4
Buisson (84110),/management/ville/buisson/ville-84022,10.0,10.0,15.0,40.0,25.0,25.0,69.0,60.0,35.0,65.0,24.1,36.4,37.9,14.3,12.9,18.2,25.0,31.8
Biniville (50390),/management/ville/biniville/ville-50055,5.0,5.0,0.0,0.0,20.0,15.0,22.0,27.0,13.0,16.0,24.4,32.4,39.0,24.4,24.4,8.1,12.2,29.7
Boux-sous-Salmaise (21690),/management/ville/boux-sous-salmaise/ville-21098,5.0,5.0,0.0,5.0,25.0,20.0,35.0,33.0,24.0,14.0,22.4,41.8,44.9,19.2,22.4,23.6,10.2,16.4
Chelles (77500),/management/ville/chelles/ville-77108,1.0,1111.0,4430.0,7260.0,8386.0,4723.0,10607.0,8153.0,6913.0,11277.0,27.9,29.4,24.9,19.5,18.2,19.2,29.1,31.8
Courbouzon (41500),/management/ville/courbouzon/ville-41066,10.0,20.0,20.0,50.0,80.0,50.0,81.0,99.0,54.0,73.0,24.0,28.6,41.1,22.7,17.8,17.4,17.1,29.8
Belmesnil (76590),/management/ville/belmesnil/ville-76075,0.0,20.0,20.0,76.0,66.0,66.0,124.0,105.0,57.0,57.0,32.0,41.0,38.5,21.7,16.0,16.8,13.6,19.1
Aouste-sur-Sye (26400),/management/ville/aouste-sur-sye/ville-26011,15.0,54.0,99.0,301.0,380.0,257.0,565.0,545.0,268.0,501.0,27.4,32.7,33.3,22.6,14.2,14.3,25.2,28.1
Calviac-en-Périgord (24370),/management/ville/calviac-en-perigord/ville-24074,20.0,30.0,10.0,55.0,50.0,55.0,113.0,116.0,77.0,97.0,26.3,29.7,33.5,22.9,20.6,17.7,19.6,28.2
Châteauneuf-la-Forêt (87130),/management/ville/chateauneuf-la-foret/ville-87040,10.0,31.0,36.0,128.0,226.0,159.0,554.0,352.0,210.0,196.0,34.7,48.7,34.5,19.8,14.0,17.6,16.8,13.4
Besse-sur-Issole (83890),/management/ville/besse-sur-issole/ville-83018,30.0,145.0,155.0,320.0,435.0,275.0,545.0,684.0,468.0,564.0,22.5,25.7,34.7,24.6,20.4,21.0,22.4,27.5
Auzainvilliers (88140),/management/ville/auzainvilliers/ville-88022,20.0,0.0,0.0,20.0,10.0,44.0,55.0,68.0,32.0,19.0,25.6,37.5,45.3,28.6,17.4,20.5,11.6,10.2
Aime-la-Plagne (73210),/management/ville/aime-la-plagne/ville-73006,23.0,191.0,221.0,709.0,528.0,562.0,844.0,996.0,627.0,843.0,22.4,28.4,37.6,22.1,18.4,19.5,21.6,29.2
Barville-en-Gâtinais (45340),/management/ville/barville-en-gatinais/ville-45021,0.0,5.0,5.0,59.0,40.0,30.0,77.0,80.0,42.0,39.0,30.8,33.9,40.0,25.6,14.2,21.2,15.0,17.8
Chamant (60300),/management/ville/chamant/ville-60138,5.0,30.0,125.0,145.0,75.0,60.0,124.0,118.0,122.0,302.0,17.1,20.1,19.5,17.0,14.6,21.9,48.8,42.0
Boissets (78910),/management/ville/boissets/ville-78076,5.0,0.0,9.0,47.0,28.0,28.0,44.0,61.0,45.0,50.0,21.8,23.0,33.7,26.0,21.8,23.0,22.8,27.0
Brey-et-Maison-du-Bois (25240),/management/ville/brey-et-maison-du-bois/ville-25096,0.0,0.0,5.0,5.0,14.0,19.0,19.0,25.0,16.0,15.0,17.9,31.6,41.0,23.1,23.1,21.1,17.9,23.7
Calvignac (46160),/management/ville/calvignac/ville-46049,0.0,5.0,20.0,30.0,20.0,10.0,42.0,47.0,39.0,46.0,17.6,30.3,34.1,21.2,20.0,24.7,28.2,24.7
Chuignolles (80340),/management/ville/chuignolles/ville-80195,5.0,5.0,5.0,20.0,10.0,20.0,59.0,28.0,14.0,23.0,38.1,57.4,30.2,14.3,11.1,11.5,20.6,16.4
Collat (43230),/management/ville/collat/ville-43075,6.0,6.0,0.0,0.0,0.0,6.0,33.0,16.0,12.0,9.0,50.0,45.9,29.4,17.1,11.8,21.6,8.8,16.2
Chelun (35640),/management/ville/chelun/ville-35077,40.0,15.0,5.0,35.0,25.0,65.0,48.0,97.0,47.0,33.0,25.6,16.3,44.6,35.0,19.0,23.1,10.7,19.2
Bailly (78870),/management/ville/bailly/ville-78043,0.0,95.0,788.0,392.0,191.0,58.0,285.0,247.0,419.0,1742.0,9.7,11.4,9.1,10.1,12.4,18.4,68.9,61.0
Arrayou-Lahitte (65100),/management/ville/arrayou-lahitte/ville-65247,5.0,19.0,0.0,19.0,14.0,14.0,25.0,27.0,14.0,13.0,26.8,35.9,41.5,23.3,22.0,15.4,9.8,23.1
Amécourt (27140),/management/ville/amecourt/ville-27010,0.0,5.0,0.0,20.0,25.0,29.0,42.0,31.0,24.0,25.0,33.8,35.7,27.9,22.0,20.6,17.9,17.6,23.2
Courçais (03370),/management/ville/courcais/ville-03088,25.0,10.0,5.0,10.0,70.0,30.0,71.0,107.0,56.0,29.0,22.7,31.3,46.2,30.9,21.2,21.4,9.8,12.2
Bouhans-lès-Montbozon (70230),/management/ville/bouhans-les-montbozon/ville-70082,0.0,5.0,5.0,15.0,10.0,10.0,24.0,24.0,25.0,24.0,18.2,30.6,29.5,22.2,22.7,28.6,29.5,20.4
Ainay-le-Château (03360),/management/ville/ainay-le-chateau/ville-03003,10.0,41.0,61.0,56.0,162.0,96.0,351.0,253.0,100.0,142.0,35.9,47.1,38.0,19.8,11.0,12.9,15.2,18.4
Barzan (17120),/management/ville/barzan/ville-17034,20.0,40.0,0.0,5.0,96.0,15.0,165.0,122.0,69.0,49.0,32.3,48.2,39.8,20.9,17.2,16.5,10.8,13.3
Cazeneuve-Montaut (31420),/management/ville/cazeneuve-montaut/ville-31134,5.0,10.0,0.0,10.0,10.0,5.0,6.0,10.0,17.0,19.0,3.7,19.2,29.6,11.1,25.9,38.5,40.7,34.6
Cars (33390),/management/ville/cars/ville-33100,10.0,25.0,39.0,128.0,137.0,123.0,280.0,300.0,179.0,175.0,26.9,33.1,36.2,26.3,17.6,20.6,19.3,18.0
Collégien (77090),/management/ville/collegien/ville-77121,0.0,90.0,325.0,574.0,575.0,290.0,546.0,513.0,464.0,821.0,22.5,24.1,25.2,18.8,20.1,19.5,32.3,37.7
Boissettes (77350),/management/ville/boissettes/ville-77038,0.0,10.0,44.0,58.0,35.0,24.0,43.0,63.0,55.0,123.0,16.1,14.3,21.9,21.9,19.7,19.7,42.3,43.5
Calvisson (30420),/management/ville/calvisson/ville-30062,5.0,258.0,429.0,828.0,804.0,414.0,948.0,970.0,704.0,1414.0,22.4,24.4,26.9,20.7,16.9,17.9,33.8,36.2
Bouxières-aux-Bois (88270),/management/ville/bouxieres-aux-bois/ville-88069,0.0,5.0,5.0,30.0,15.0,5.0,23.0,25.0,20.0,35.0,20.0,24.5,32.0,17.3,20.0,18.9,28.0,39.6
Belmont (25530),/management/ville/belmont/ville-25052,15.0,0.0,0.0,10.0,10.0,0.0,7.0,23.0,12.0,10.0,8.0,18.5,36.0,38.9,28.0,18.5,28.0,11.1
Créchy (03150),/management/ville/crechy/ville-03091,5.0,5.0,5.0,40.0,59.0,103.0,118.0,119.0,61.0,38.0,27.8,43.4,40.9,25.8,20.5,15.1,10.8,11.9
Châteauneuf-le-Rouge (13790),/management/ville/chateauneuf-le-rouge/ville-13025,5.0,89.0,282.0,299.0,223.0,129.0,319.0,252.0,308.0,725.0,17.0,22.6,17.4,14.9,19.2,19.2,46.5,44.0
Beaumont-la-Ferrière (58700),/management/ville/beaumont-la-ferriere/ville-58027,0.0,0.0,0.0,0.0,20.0,10.0,41.0,20.0,15.0,16.0,46.5,42.9,27.9,17.4,9.3,22.4,16.3,18.4
Chemaudin et Vaux (25320),/management/ville/chemaudin-et-vaux/ville-25147,10.0,45.0,161.0,317.0,222.0,151.0,289.0,326.0,233.0,474.0,20.6,23.0,28.4,20.5,16.9,18.3,34.1,37.5
Bréziers (05190),/management/ville/breziers/ville-05022,5.0,10.0,14.0,10.0,19.0,43.0,50.0,47.0,29.0,40.0,25.3,35.4,37.3,19.0,16.9,17.1,20.5,28.0
Bessède-de-Sault (11140),/management/ville/bessede-de-sault/ville-11038,11.0,0.0,0.0,0.0,0.0,0.0,20.0,12.0,4.0,7.0,37.5,51.9,43.8,20.0,6.3,11.1,12.5,14.8
Copponex (74350),/management/ville/copponex/ville-74088,6.0,45.0,111.0,216.0,183.0,166.0,112.0,207.0,143.0,322.0,12.0,16.6,33.8,19.0,17.3,19.4,36.9,45.0
Auzances (23700),/management/ville/auzances/ville-23013,15.0,26.0,31.0,66.0,158.0,123.0,440.0,308.0,161.0,136.0,32.3,49.8,42.3,18.8,14.3,16.3,11.1,14.6
Amel-sur-l'Étang (55230),/management/ville/amel-sur-l-etang/ville-55008,11.0,5.0,11.0,5.0,16.0,26.0,34.0,47.0,19.0,18.0,21.0,37.5,46.8,26.5,21.0,10.7,11.3,19.6
Chamarande (91730),/management/ville/chamarande/ville-91132,0.0,40.0,110.0,180.0,150.0,95.0,188.0,185.0,148.0,307.0,23.7,21.7,23.0,20.8,18.2,17.5,35.2,39.2
Curçay-sur-Dive (86120),/management/ville/curcay-sur-dive/ville-86090,25.0,0.0,0.0,10.0,15.0,51.0,58.0,45.0,31.0,28.0,26.3,46.3,40.0,16.7,18.8,18.8,15.0,18.8
Chuisnes (28190),/management/ville/chuisnes/ville-28099,0.0,30.0,45.0,201.0,166.0,146.0,226.0,270.0,136.0,172.0,26.4,29.7,40.7,24.4,16.1,17.7,16.8,26.0
Buissoncourt (54110),/management/ville/buissoncourt/ville-54104,0.0,15.0,15.0,46.0,41.0,31.0,25.0,68.0,45.0,55.0,9.9,14.7,44.0,26.2,25.3,22.5,20.9,35.3
Binos (31440),/management/ville/binos/ville-31590,5.0,0.0,0.0,5.0,5.0,0.0,12.0,7.0,2.0,6.0,41.7,46.7,41.7,12.5,8.3,6.7,8.3,33.3
Bailly-aux-Forges (52130),/management/ville/bailly-aux-forges/ville-52034,0.0,0.0,5.0,15.0,24.0,15.0,30.0,29.0,20.0,30.0,24.1,31.0,38.9,16.4,14.8,20.7,22.2,32.8
Collemiers (89100),/management/ville/collemiers/ville-89113,5.0,15.0,40.0,95.0,70.0,55.0,108.0,134.0,85.0,143.0,20.2,25.7,35.2,21.3,17.2,19.0,27.5,33.3
Cazères (31220),/management/ville/cazeres/ville-31135,15.0,155.0,141.0,482.0,723.0,497.0,1302.0,937.0,640.0,743.0,31.9,39.4,29.7,21.5,17.9,17.4,20.5,20.5
Beaumont-le-Hareng (76850),/management/ville/beaumont-le-hareng/ville-76062,0.0,11.0,16.0,11.0,37.0,37.0,65.0,47.0,29.0,45.0,38.1,31.1,26.8,21.9,15.5,16.7,19.6,28.9
Courçay (37310),/management/ville/courcay/ville-37085,15.0,20.0,40.0,154.0,160.0,100.0,123.0,216.0,100.0,176.0,19.0,21.0,42.6,25.1,14.4,18.1,23.9,33.3
Aubusson (23200),/management/ville/aubusson/ville-23008,25.0,130.0,115.0,300.0,440.0,365.0,1133.0,813.0,383.0,503.0,32.0,46.2,36.2,20.9,14.1,13.1,17.6,17.9
Bouhet (17540),/management/ville/bouhet/ville-17057,0.0,54.0,25.0,128.0,133.0,150.0,164.0,196.0,108.0,152.0,22.7,30.1,40.5,22.1,14.9,19.9,22.0,27.2
Barzun (64530),/management/ville/barzun/ville-64097,15.0,20.0,30.0,69.0,94.0,79.0,115.0,127.0,85.0,123.0,21.4,29.4,34.0,21.9,20.0,17.9,24.7,29.8
Ainay-le-Vieil (18200),/management/ville/ainay-le-vieil/ville-18002,0.0,0.0,5.0,14.0,24.0,24.0,46.0,58.0,20.0,19.0,24.7,38.9,45.2,28.1,17.8,11.1,12.3,15.3
Aouze (88170),/management/ville/aouze/ville-88010,5.0,5.0,0.0,14.0,19.0,33.0,58.0,43.0,21.0,19.0,39.2,43.5,35.4,21.7,16.5,12.9,8.9,19.4
Châteauneuf-les-Bains (63390),/management/ville/chateauneuf-les-bains/ville-63100,10.0,15.0,5.0,34.0,29.0,49.0,69.0,87.0,45.0,44.0,20.5,36.4,45.7,22.7,20.5,16.1,13.4,22.9
Carsac-Aillac (24200),/management/ville/carsac-aillac/ville-24082,5.0,107.0,61.0,196.0,217.0,151.0,382.0,420.0,196.0,280.0,27.8,31.6,37.4,25.8,14.1,16.5,20.7,22.9
Chamarandes-Choignes (52000),/management/ville/chamarandes-choignes/ville-52125,0.0,15.0,75.0,145.0,115.0,105.0,172.0,220.0,131.0,235.0,19.5,25.9,34.9,22.0,17.1,17.5,28.5,33.2
Auzas (31360),/management/ville/auzas/ville-31034,0.0,0.0,20.0,36.0,31.0,15.0,36.0,57.0,36.0,50.0,22.0,17.4,38.5,24.4,18.7,20.9,20.9,36.0
Arre (30120),/management/ville/arre/ville-30016,0.0,25.0,0.0,10.0,45.0,35.0,85.0,70.0,34.0,24.0,38.0,41.9,40.7,23.2,13.9,18.1,7.4,15.2
Bouxières-aux-Chênes (54770),/management/ville/bouxieres-aux-chenes/ville-54089,10.0,35.0,120.0,195.0,155.0,105.0,199.0,269.0,189.0,373.0,19.2,19.4,29.1,21.8,18.9,17.8,32.8,39.8
Belmont (32190),/management/ville/belmont/ville-32043,0.0,5.0,10.0,15.0,10.0,15.0,32.0,37.0,28.0,23.0,23.8,29.8,38.1,25.0,15.9,31.6,22.2,15.8
Chemazé (53200),/management/ville/chemaze/ville-53066,75.0,45.0,25.0,100.0,165.0,225.0,266.0,279.0,194.0,191.0,24.4,32.8,34.7,23.8,22.3,19.5,18.6,22.6
Bailly-en-Rivière (76630),/management/ville/bailly-en-riviere/ville-76054,0.0,20.0,15.0,40.0,80.0,85.0,111.0,145.0,73.0,54.0,18.3,39.6,51.8,22.8,19.4,18.8,10.5,17.7
Brézilhac (11270),/management/ville/brezilhac/ville-11051,5.0,20.0,10.0,0.0,25.0,15.0,28.0,26.0,27.0,45.0,17.5,27.0,30.2,12.7,19.0,23.8,33.3,38.1
Binson-et-Orquigny (51700),/management/ville/binson-et-orquigny/ville-51063,20.0,5.0,20.0,15.0,15.0,20.0,53.0,31.0,32.0,25.0,34.3,39.7,28.4,17.1,25.4,20.5,11.9,23.3
Chantemerle-lès-Grignan (26230),/management/ville/chantemerle-les-grignan/ville-26073,5.0,16.0,32.0,38.0,32.0,38.0,40.0,54.0,38.0,78.0,17.1,21.4,35.2,16.7,18.1,17.5,29.5,44.7
Amelécourt (57170),/management/ville/amelecourt/ville-57018,0.0,5.0,5.0,5.0,26.0,5.0,36.0,37.0,20.0,17.0,37.3,28.8,37.3,28.1,13.7,22.0,11.8,18.6
Calzan (09120),/management/ville/calzan/ville-09072,0.0,0.0,0.0,5.0,15.0,5.0,4.0,8.0,4.0,9.0,14.3,18.2,35.7,25.0,14.3,18.2,35.7,36.4
Crécy-au-Mont (02380),/management/ville/crecy-au-mont/ville-02236,0.0,21.0,0.0,15.0,57.0,65.0,87.0,75.0,38.0,46.0,35.3,34.8,37.5,20.9,13.2,18.8,14.0,25.0
Coquainvilliers (14130),/management/ville/coquainvilliers/ville-14177,5.0,45.0,29.0,90.0,133.0,130.0,191.0,199.0,95.0,169.0,25.6,32.8,37.8,21.6,12.8,16.3,23.8,27.9
Aubusson (61100),/management/ville/aubusson/ville-61011,0.0,20.0,20.0,55.0,75.0,55.0,61.0,101.0,54.0,81.0,15.8,25.2,43.4,23.6,13.8,23.1,27.0,28.0
Boisseuil (87220),/management/ville/boisseuil/ville-87019,15.0,70.0,190.0,456.0,376.0,261.0,416.0,582.0,394.0,694.0,18.1,21.6,32.9,22.2,18.8,19.0,30.2,36.3
Chusclan (30200),/management/ville/chusclan/ville-30081,15.0,51.0,51.0,167.0,91.0,132.0,198.0,220.0,137.0,233.0,20.8,29.0,34.3,21.4,16.4,18.3,28.5,30.5
Cazères-sur-l'Adour (40270),/management/ville/cazeres-sur-l-adour/ville-40080,34.0,20.0,19.0,59.0,166.0,163.0,236.0,299.0,142.0,125.0,27.3,31.2,40.2,29.5,18.0,17.4,14.4,16.7
Buissy (62860),/management/ville/buissy/ville-62184,10.0,10.0,10.0,34.0,25.0,20.0,30.0,54.0,31.0,55.0,14.9,21.2,37.9,23.3,18.4,18.8,28.7,35.3
Carsac-de-Gurson (24610),/management/ville/carsac-de-gurson/ville-24083,5.0,10.0,5.0,26.0,10.0,26.0,65.0,41.0,27.0,30.0,33.8,44.7,30.0,19.5,16.3,17.6,20.0,17.6
Bouhey (21360),/management/ville/bouhey/ville-21091,0.0,0.0,0.0,5.0,10.0,10.0,16.0,8.0,4.0,7.0,52.6,37.5,15.8,26.3,10.5,12.5,21.1,18.8
Courcebœufs (72290),/management/ville/courceboeufs/ville-72099,10.0,5.0,30.0,95.0,85.0,65.0,120.0,135.0,76.0,92.0,28.4,28.3,37.9,24.8,14.7,21.2,19.0,24.5
Bessèges (30160),/management/ville/besseges/ville-30037,10.0,110.0,55.0,165.0,305.0,260.0,1144.0,676.0,302.0,236.0,41.4,54.3,36.4,20.2,13.7,12.1,8.5,11.3
Brézins (38590),/management/ville/brezins/ville-38058,46.0,61.0,107.0,275.0,290.0,270.0,389.0,455.0,231.0,314.0,24.6,31.3,38.2,24.9,15.9,17.3,21.2,23.9
Chantemerle-sur-la-Soie (17380),/management/ville/chantemerle-sur-la-soie/ville-17087,5.0,10.0,0.0,10.0,35.0,35.0,43.0,39.0,28.0,21.0,32.4,33.3,33.8,24.6,20.6,22.2,13.2,19.0
Curchy (80190),/management/ville/curchy/ville-80230,5.0,5.0,5.0,25.0,64.0,64.0,77.0,68.0,30.0,38.0,31.8,39.6,37.4,23.5,14.0,14.2,16.8,19.8
Auzat (09220),/management/ville/auzat/ville-09030,10.0,25.0,5.0,15.0,120.0,30.0,149.0,112.0,75.0,69.0,32.8,40.4,33.3,21.4,19.8,17.4,14.1,19.7
Bouxières-aux-Dames (54136),/management/ville/bouxieres-aux-dames/ville-54090,0.0,70.0,345.0,605.0,515.0,315.0,750.0,861.0,572.0,987.0,20.4,26.6,31.9,22.2,16.1,19.8,31.7,30.7
Chemenot (39230),/management/ville/chemenot/ville-39136,0.0,5.0,5.0,5.0,10.0,5.0,12.0,9.0,8.0,5.0,33.3,37.5,27.8,21.1,38.9,6.3,0.0,31.3
Apach (57480),/management/ville/apach/ville-57026,0.0,15.0,60.0,130.0,200.0,175.0,174.0,247.0,121.0,226.0,16.5,28.8,38.2,23.7,16.0,15.5,29.3,29.5
Châteauneuf-les-Martigues (13220),/management/ville/chateauneuf-les-martigues/ville-13026,34.0,347.0,794.0,2361.0,2556.0,1793.0,3526.0,3215.0,2248.0,2979.0,26.4,32.2,31.7,21.8,18.7,18.9,23.2,26.4
Chamaret (26230),/management/ville/chamaret/ville-26070,21.0,58.0,11.0,42.0,37.0,79.0,145.0,123.0,80.0,115.0,33.5,29.1,31.7,21.3,14.5,20.3,20.3,29.1
Crécy-Couvé (28500),/management/ville/crecy-couve/ville-28117,5.0,0.0,14.0,34.0,24.0,34.0,42.0,62.0,39.0,55.0,12.4,31.2,41.0,20.4,19.0,20.4,27.6,28.0
Arreau (65240),/management/ville/arreau/ville-65031,0.0,50.0,15.0,120.0,115.0,85.0,147.0,173.0,123.0,152.0,22.1,27.0,33.3,24.0,21.7,19.7,22.8,27.9
Bailly-le-Franc (10330),/management/ville/bailly-le-franc/ville-10026,5.0,0.0,5.0,0.0,0.0,5.0,12.0,11.0,2.0,6.0,47.1,30.8,29.4,29.4,5.9,7.7,17.6,23.1
Belmont (38690),/management/ville/belmont/ville-38038,10.0,15.0,30.0,86.0,81.0,66.0,80.0,123.0,76.0,102.0,21.3,20.3,36.5,27.0,17.4,22.3,24.7,28.7
Colleret (59680),/management/ville/colleret/ville-59151,20.0,35.0,60.0,190.0,185.0,250.0,331.0,371.0,233.0,268.0,21.6,33.3,38.8,22.3,19.2,19.5,20.4,24.1
Beaumont-le-Roger (27170),/management/ville/beaumont-le-roger/ville-27051,10.0,73.0,78.0,307.0,385.0,498.0,815.0,705.0,346.0,361.0,28.7,43.0,38.3,23.4,17.4,14.1,15.6,16.7
Barzy-en-Thiérache (02170),/management/ville/barzy-en-thierache/ville-02050,21.0,0.0,10.0,10.0,36.0,60.0,85.0,79.0,28.0,37.0,33.9,40.7,42.6,22.8,11.3,13.3,12.2,20.4
Camalès (65500),/management/ville/camales/ville-65121,10.0,10.0,20.0,34.0,54.0,15.0,97.0,105.0,45.0,49.0,34.7,30.5,37.4,29.1,12.2,17.9,15.6,17.9
Bio (46500),/management/ville/bio/ville-46030,10.0,15.0,31.0,46.0,26.0,21.0,60.0,72.0,46.0,92.0,16.4,27.7,32.8,19.4,19.4,15.3,31.3,36.5
Bessenay (69690),/management/ville/bessenay/ville-69021,20.0,39.0,180.0,382.0,283.0,140.0,533.0,395.0,289.0,430.0,30.2,34.5,29.5,18.3,17.7,17.4,22.6,29.6
Aubusson-d'Auvergne (63120),/management/ville/aubusson-d-auvergne/ville-63015,0.0,5.0,15.0,15.0,20.0,46.0,58.0,64.0,38.0,32.0,26.0,33.7,45.8,22.2,13.5,26.3,14.6,18.9
Aincille (64220),/management/ville/aincille/ville-64011,5.0,0.0,5.0,5.0,14.0,9.0,34.0,24.0,13.0,8.0,41.5,44.7,31.7,23.8,19.5,15.8,7.3,13.2
Chémeré-le-Roi (53340),/management/ville/chemere-le-roi/ville-53067,15.0,20.0,20.0,45.0,40.0,50.0,81.0,81.0,53.0,76.0,22.8,33.1,36.2,19.7,14.1,22.5,26.8,25.4
Boisseuilh (24390),/management/ville/boisseuilh/ville-24046,15.0,5.0,0.0,10.0,10.0,25.0,43.0,27.0,15.0,18.0,34.6,49.0,30.8,19.6,17.3,11.8,17.3,17.6
Chuyer (42410),/management/ville/chuyer/ville-42064,10.0,35.0,64.0,100.0,55.0,65.0,100.0,174.0,92.0,182.0,18.9,17.6,41.3,20.9,14.7,19.1,25.2,42.0
Auzat-la-Combelle (63570),/management/ville/auzat-la-combelle/ville-63022,10.0,65.0,15.0,176.0,260.0,374.0,669.0,575.0,242.0,174.0,34.2,45.9,43.1,24.3,13.4,15.5,9.3,11.5
Carsan (30130),/management/ville/carsan/ville-30070,5.0,25.0,57.0,85.0,99.0,29.0,99.0,151.0,102.0,152.0,17.3,21.9,34.7,24.3,19.8,20.7,28.2,32.0
Bouhy (58310),/management/ville/bouhy/ville-58036,30.0,30.0,10.0,20.0,49.0,64.0,116.0,120.0,68.0,75.0,21.4,39.4,39.6,22.1,20.3,16.1,18.7,20.7
Colletot (27500),/management/ville/colletot/ville-27163,0.0,15.0,0.0,15.0,40.0,30.0,29.0,32.0,31.0,42.0,21.5,21.7,27.7,19.7,29.2,17.4,21.5,40.6
Courcelette (80300),/management/ville/courcelette/ville-80216,0.0,0.0,10.0,35.0,10.0,15.0,31.0,25.0,30.0,34.0,23.7,27.9,27.1,16.7,23.7,26.2,25.4,31.1
Brezolles (28270),/management/ville/brezolles/ville-28059,0.0,40.0,45.0,145.0,355.0,255.0,537.0,423.0,166.0,149.0,35.0,48.2,41.8,23.1,11.8,14.1,11.4,11.9
Crécy-en-Ponthieu (80150),/management/ville/crecy-en-ponthieu/ville-80222,0.0,30.0,10.0,100.0,204.0,214.0,532.0,289.0,156.0,148.0,39.6,54.0,33.8,17.5,15.5,12.5,11.1,15.0
Bouxières-sous-Froidmont (54700),/management/ville/bouxieres-sous-froidmont/ville-54091,5.0,9.0,62.0,57.0,43.0,28.0,35.0,69.0,47.0,97.0,13.0,15.2,30.1,24.4,17.9,20.8,39.0,38.4
Camarade (09290),/management/ville/camarade/ville-09073,25.0,0.0,0.0,10.0,25.0,5.0,41.0,26.0,29.0,41.0,27.5,31.8,21.7,16.7,26.1,16.7,24.6,34.8
Biol (38690),/management/ville/biol/ville-38044,25.0,55.0,67.0,165.0,221.0,197.0,266.0,328.0,210.0,246.0,22.5,27.9,37.5,24.3,18.8,21.2,21.2,25.7
Chantenay-Saint-Imbert (58240),/management/ville/chantenay-saint-imbert/ville-58057,21.0,36.0,26.0,83.0,156.0,109.0,337.0,299.0,141.0,141.0,33.1,40.4,37.0,24.7,16.5,14.3,13.4,17.1
Curciat-Dongalon (01560),/management/ville/curciat-dongalon/ville-01139,15.0,25.0,10.0,25.0,75.0,40.0,120.0,99.0,61.0,59.0,32.2,38.7,35.6,21.7,16.1,20.2,16.1,19.0
Cazes-Mondenard (82110),/management/ville/cazes-mondenard/ville-82042,85.0,10.0,25.0,55.0,120.0,125.0,382.0,230.0,138.0,164.0,37.6,45.8,30.5,19.5,13.3,16.7,18.6,17.4
Arrelles (10340),/management/ville/arrelles/ville-10009,5.0,5.0,0.0,0.0,15.0,25.0,22.0,22.0,12.0,13.0,24.2,38.9,27.3,28.3,27.3,8.3,21.2,16.7
Beaumont-les-Autels (28480),/management/ville/beaumont-les-autels/ville-28031,5.0,26.0,36.0,20.0,46.0,62.0,125.0,90.0,42.0,58.0,36.4,42.5,32.5,22.1,14.3,11.9,16.9,20.6
Bailly-Romainvilliers (77700),/management/ville/bailly-romainvilliers/ville-77018,0.0,125.0,945.0,1275.0,1380.0,430.0,724.0,804.0,1091.0,2115.0,15.0,15.5,19.0,16.2,24.0,22.2,42.0,47.2
Aincourt (95510),/management/ville/aincourt/ville-95008,5.0,35.0,71.0,152.0,134.0,74.0,213.0,179.0,125.0,186.0,29.8,30.8,29.5,20.3,19.1,16.4,21.6,31.4
Colleville (76400),/management/ville/colleville/ville-76183,5.0,45.0,11.0,99.0,109.0,120.0,188.0,179.0,93.0,100.0,28.4,38.5,38.1,23.3,18.3,15.2,15.1,20.5
Belmont (39380),/management/ville/belmont/ville-39048,5.0,10.0,10.0,30.0,30.0,65.0,52.0,67.0,36.0,52.0,20.4,30.3,34.3,26.5,18.5,16.2,26.9,23.2
Bouxurulles (88130),/management/ville/bouxurulles/ville-88070,0.0,0.0,5.0,21.0,26.0,21.0,34.0,27.0,15.0,41.0,22.8,35.0,31.6,15.0,8.8,15.0,36.8,35.0
Apatou (97317),/management/ville/apatou/ville-97360,5.0,5.0,26.0,267.0,199.0,58.0,3650.0,410.0,131.0,186.0,83.2,83.5,9.9,8.4,3.2,2.8,3.6,4.8
Amélie-les-Bains-Palalda (66110),/management/ville/amelie-les-bains-palalda/ville-66003,14.0,124.0,60.0,134.0,487.0,264.0,1296.0,824.0,461.0,407.0,37.1,48.8,34.2,20.6,14.9,15.8,13.8,13.4
Coquelles (62231),/management/ville/coquelles/ville-62239,10.0,65.0,144.0,333.0,367.0,183.0,639.0,422.0,335.0,539.0,26.0,39.0,27.2,17.2,17.7,17.0,29.1,26.9
Aubvillers (80110),/management/ville/aubvillers/ville-80037,5.0,0.0,10.0,25.0,20.0,15.0,25.0,40.0,17.0,13.0,26.7,26.0,51.1,29.3,17.8,18.0,4.4,22.0
Châteauneuf-Miravail (04200),/management/ville/chateauneuf-miravail/ville-04051,15.0,0.0,0.0,5.0,5.0,0.0,17.0,14.0,12.0,15.0,25.0,33.3,25.0,21.9,25.0,16.7,25.0,26.7
Auzebosc (76190),/management/ville/auzebosc/ville-76043,0.0,39.0,39.0,177.0,109.0,199.0,171.0,202.0,108.0,190.0,23.8,27.2,37.8,21.7,14.0,17.8,24.4,32.2
Bouilh-Devant (65140),/management/ville/bouilh-devant/ville-65102,5.0,0.0,0.0,0.0,0.0,0.0,6.0,8.0,2.0,3.0,37.5,27.3,37.5,31.3,25.0,0.0,0.0,27.3
Bujaleuf (87460),/management/ville/bujaleuf/ville-87024,20.0,10.0,15.0,55.0,70.0,60.0,339.0,184.0,86.0,117.0,39.8,53.2,32.1,17.6,12.8,11.0,15.3,16.8
Cazevieille (34270),/management/ville/cazevieille/ville-34066,0.0,10.0,41.0,15.0,5.0,10.0,26.0,38.0,25.0,47.0,21.2,17.6,21.2,27.1,28.8,8.8,28.8,39.7
Bain-de-Bretagne (35470),/management/ville/bain-de-bretagne/ville-35012,100.0,225.0,385.0,860.0,890.0,845.0,1590.0,1439.0,815.0,1318.0,26.0,35.0,33.9,21.0,16.4,15.3,23.7,27.2
Boissey (01190),/management/ville/boissey/ville-01050,5.0,20.0,10.0,36.0,51.0,66.0,81.0,82.0,39.0,35.0,34.7,34.2,42.1,25.0,14.0,18.4,9.1,20.2
Colleville-Montgomery (14880),/management/ville/colleville-montgomery/ville-14166,5.0,121.0,208.0,223.0,256.0,222.0,478.0,489.0,272.0,513.0,22.7,31.2,35.7,20.2,14.1,16.8,27.4,30.9
Courcelles (17400),/management/ville/courcelles/ville-17125,0.0,20.0,30.0,66.0,76.0,20.0,128.0,117.0,76.0,78.0,30.8,33.2,33.3,24.0,19.0,19.5,16.9,22.0
Carspach (68130),/management/ville/carspach/ville-68062,5.0,80.0,175.0,325.0,315.0,240.0,391.0,509.0,237.0,399.0,20.4,30.3,38.0,25.1,15.4,15.4,26.1,25.8
Chuzelles (38200),/management/ville/chuzelles/ville-38110,0.0,107.0,162.0,378.0,219.0,188.0,355.0,413.0,276.0,481.0,22.1,24.4,29.6,23.1,18.4,17.8,30.0,33.1
Brezons (15230),/management/ville/brezons/ville-15026,15.0,0.0,0.0,0.0,26.0,15.0,74.0,43.0,24.0,19.0,39.1,56.3,32.2,19.2,17.2,11.3,11.5,11.3
Chambain (21290),/management/ville/chambain/ville-21129,0.0,0.0,0.0,0.0,13.0,7.0,8.0,9.0,7.0,3.0,28.6,28.6,21.4,33.3,50.0,0.0,0.0,21.4
Apchat (63420),/management/ville/apchat/ville-63007,40.0,0.0,10.0,15.0,10.0,15.0,51.0,51.0,29.0,18.0,31.2,37.5,41.6,24.7,19.5,19.4,7.8,16.7
Biollet (63640),/management/ville/biollet/ville-63041,44.0,20.0,5.0,25.0,25.0,10.0,96.0,88.0,56.0,50.0,26.1,41.4,37.9,20.9,18.6,20.3,17.4,17.2
Curdin (71130),/management/ville/curdin/ville-71161,10.0,5.0,5.0,45.0,35.0,56.0,70.0,104.0,26.0,40.0,23.8,34.5,48.4,29.5,12.7,8.8,15.1,18.6
Bouilh-Péreuilh (65350),/management/ville/bouilh-pereuilh/ville-65103,5.0,5.0,5.0,14.0,10.0,5.0,23.0,23.0,11.0,14.0,25.0,38.9,30.6,25.0,25.0,8.3,19.4,22.2
Auzelles (63590),/management/ville/auzelles/ville-63023,9.0,24.0,19.0,28.0,33.0,57.0,76.0,79.0,63.0,64.0,25.7,28.5,32.6,23.0,22.2,21.9,19.4,26.3
Cartelègue (33390),/management/ville/cartelegue/ville-33101,26.0,36.0,41.0,133.0,205.0,128.0,287.0,331.0,152.0,161.0,26.5,35.0,41.6,26.6,14.9,17.7,17.1,17.5
Beaumont-lès-Randan (63310),/management/ville/beaumont-les-randan/ville-63033,5.0,10.0,24.0,34.0,29.0,58.0,39.0,80.0,51.0,46.0,12.4,24.3,42.5,28.3,25.7,21.4,19.5,23.3
Chémery (41700),/management/ville/chemery/ville-41049,10.0,35.0,20.0,84.0,138.0,144.0,282.0,240.0,172.0,92.0,33.5,38.2,38.6,22.9,19.4,24.3,8.4,14.9
Bessens (82170),/management/ville/bessens/ville-82017,5.0,46.0,87.0,239.0,214.0,158.0,225.0,289.0,187.0,274.0,23.7,22.6,35.6,23.1,16.4,22.0,24.3,32.0
Barzy-sur-Marne (02850),/management/ville/barzy-sur-marne/ville-02051,35.0,5.0,15.0,35.0,39.0,55.0,102.0,94.0,60.0,50.0,27.3,39.5,38.3,22.0,20.8,18.4,13.6,19.1
Ciadoux (31350),/management/ville/ciadoux/ville-31141,5.0,16.0,5.0,0.0,33.0,55.0,63.0,67.0,27.0,32.0,33.3,33.3,34.4,30.1,13.5,15.1,18.8,15.1
Briançon (05100),/management/ville/briancon/ville-05023,10.0,337.0,566.0,1563.0,1935.0,1013.0,2455.0,1797.0,1715.0,2803.0,25.5,30.3,25.2,16.6,20.6,18.6,28.8,34.9
Apchon (15400),/management/ville/apchon/ville-15009,25.0,25.0,5.0,5.0,30.0,30.0,74.0,38.0,31.0,17.0,41.0,51.9,28.9,17.7,22.9,15.6,7.2,14.3
Belmont (52500),/management/ville/belmont/ville-52043,5.0,0.0,0.0,5.0,15.0,5.0,12.0,14.0,7.0,7.0,27.8,31.8,38.9,29.2,11.1,22.7,22.2,13.6
Amendeuix-Oneix (64120),/management/ville/amendeuix-oneix/ville-64018,10.0,15.0,30.0,40.0,40.0,40.0,78.0,90.0,55.0,119.0,20.8,24.9,31.8,19.6,17.3,14.8,30.1,39.6
Crécy-la-Chapelle (77580),/management/ville/crecy-la-chapelle/ville-77142,0.0,216.0,437.0,695.0,611.0,320.0,724.0,761.0,658.0,1075.0,22.5,22.6,27.2,20.2,20.9,20.0,29.4,37.2
Châteauneuf-sur-Charente (16120),/management/ville/chateauneuf-sur-charente/ville-16090,35.0,85.0,120.0,360.0,500.0,425.0,954.0,880.0,461.0,486.0,24.6,42.4,40.9,22.3,16.5,16.7,18.0,17.0
Auby (59950),/management/ville/auby/ville-59028,5.0,108.0,130.0,552.0,1097.0,1084.0,2344.0,1438.0,822.0,589.0,39.0,50.4,34.0,21.0,15.6,16.0,11.4,11.3
Camarès (12360),/management/ville/camares/ville-12044,29.0,44.0,25.0,59.0,152.0,137.0,281.0,215.0,146.0,180.0,26.9,41.1,34.2,18.3,17.5,18.3,21.4,22.3
Carticasi (20244),/management/ville/carticasi/ville-2B068,1.0,1.0,1.0,0.0,1.0,0.0,12.0,1.0,8.0,4.0,57.1,40.0,0.0,10.0,42.9,10.0,0.0,40.0
Chémery-Chéhéry (08350),/management/ville/chemery-chehery/ville-08115,22.0,10.0,25.0,58.0,94.0,61.0,135.0,113.0,93.0,92.0,23.3,38.6,31.0,21.4,21.9,21.1,23.8,18.8
Cazideroque (47370),/management/ville/cazideroque/ville-47064,30.0,15.0,0.0,35.0,20.0,30.0,58.0,56.0,30.0,37.0,33.0,31.0,36.2,22.9,18.1,14.9,12.8,28.7
Chantenay-Villedieu (72430),/management/ville/chantenay-villedieu/ville-72059,45.0,35.0,20.0,65.0,70.0,179.0,195.0,218.0,112.0,85.0,26.3,37.7,45.5,24.2,17.5,19.2,10.7,17.2
Boissey-le-Châtel (27520),/management/ville/boissey-le-chatel/ville-27077,0.0,26.0,36.0,73.0,130.0,177.0,193.0,187.0,114.0,132.0,28.7,32.6,34.7,23.8,18.2,18.3,18.5,23.6
Bulan (65130),/management/ville/bulan/ville-65111,0.0,0.0,5.0,10.0,10.0,5.0,14.0,12.0,8.0,18.0,24.1,30.4,31.0,13.6,13.8,17.4,31.0,39.1
Besset (09500),/management/ville/besset/ville-09052,5.0,15.0,5.0,0.0,5.0,24.0,40.0,22.0,22.0,37.0,29.8,35.9,28.1,10.2,19.3,17.2,22.8,37.5
Courcelles (25440),/management/ville/courcelles/ville-25171,0.0,5.0,0.0,37.0,5.0,5.0,18.0,24.0,15.0,18.0,24.2,23.1,30.3,29.8,24.2,15.4,21.2,25.6
Aincreville (55110),/management/ville/aincreville/ville-55004,0.0,10.0,0.0,0.0,5.0,15.0,15.0,32.0,7.0,4.0,20.7,31.0,65.5,34.2,10.3,13.8,3.4,10.3
Curel (04200),/management/ville/curel/ville-04067,5.0,5.0,5.0,0.0,5.0,11.0,14.0,14.0,12.0,15.0,30.0,18.5,26.7,25.9,16.7,25.9,26.7,29.6
Bouxwiller (67330),/management/ville/bouxwiller/ville-67061,25.0,70.0,144.0,441.0,536.0,737.0,1025.0,944.0,434.0,610.0,29.3,38.3,36.6,23.6,15.5,13.5,18.7,21.6
Chambaron sur Morge (63200),/management/ville/chambaron-sur-morge/ville-63244,5.0,54.0,98.0,313.0,162.0,147.0,316.0,337.0,227.0,366.0,20.8,29.8,35.2,18.9,18.0,18.4,26.0,32.8
Camaret-sur-Aigues (84850),/management/ville/camaret-sur-aigues/ville-84029,40.0,170.0,255.0,580.0,640.0,500.0,913.0,927.0,602.0,833.0,24.3,31.3,33.9,22.1,17.7,19.0,24.1,26.7
Bioncourt (57170),/management/ville/bioncourt/ville-57084,5.0,10.0,15.0,36.0,51.0,31.0,55.0,66.0,52.0,59.0,20.9,26.3,33.0,23.1,24.3,21.2,21.7,28.8
Auzers (15240),/management/ville/auzers/ville-15015,25.0,0.0,0.0,5.0,20.0,20.0,62.0,34.0,30.0,12.0,42.5,47.7,30.1,19.0,21.9,21.5,5.5,12.3
Arrembécourt (10330),/management/ville/arrembecourt/ville-10010,10.0,0.0,5.0,0.0,0.0,10.0,15.0,12.0,4.0,9.0,40.9,33.3,27.3,28.6,4.5,16.7,27.3,16.7
Bouilhonnac (11800),/management/ville/bouilhonnac/ville-11043,0.0,16.0,5.0,47.0,31.0,10.0,50.0,46.0,27.0,62.0,28.4,25.3,30.5,17.9,15.8,14.3,25.3,41.8
Beaumont-lès-Valence (26760),/management/ville/beaumont-les-valence/ville-26037,15.0,140.0,322.0,446.0,399.0,317.0,693.0,694.0,518.0,883.0,23.7,26.1,26.5,22.2,18.7,18.5,31.1,32.2
Colleville-sur-Mer (14710),/management/ville/colleville-sur-mer/ville-14165,0.0,10.0,5.0,15.0,35.0,30.0,50.0,39.0,14.0,38.0,31.5,39.7,35.6,17.8,8.2,11.8,24.7,29.4
Baincthun (62360),/management/ville/baincthun/ville-62075,25.0,60.0,93.0,162.0,173.0,130.0,263.0,233.0,161.0,283.0,26.0,29.9,28.1,20.4,17.3,16.9,28.5,31.8
Cazilhac (11570),/management/ville/cazilhac/ville-11088,0.0,50.0,74.0,219.0,190.0,163.0,358.0,315.0,273.0,344.0,26.2,29.1,29.0,20.7,20.1,22.1,24.6,28.5
Courcelles (54930),/management/ville/courcelles/ville-54140,10.0,0.0,0.0,15.0,0.0,5.0,17.0,24.0,9.0,15.0,16.7,34.3,46.7,24.4,16.7,11.4,20.0,25.7
Briançonnet (06850),/management/ville/brianconnet/ville-06024,0.0,0.0,5.0,10.0,30.0,10.0,51.0,59.0,38.0,40.0,23.1,30.9,40.7,22.2,19.8,20.6,16.5,25.8
Crécy-sur-Serre (02270),/management/ville/crecy-sur-serre/ville-02237,25.0,40.0,45.0,84.0,283.0,219.0,505.0,293.0,178.0,160.0,38.6,49.6,31.7,19.7,15.4,15.8,14.3,14.0
Ciamannacce (20134),/management/ville/ciamannacce/ville-2A089,1.0,5.0,5.0,9.0,14.0,15.0,53.0,26.0,31.0,17.0,36.8,47.5,29.4,12.2,22.1,27.1,11.8,15.3
Chambeire (21110),/management/ville/chambeire/ville-21130,0.0,5.0,5.0,86.0,56.0,51.0,59.0,108.0,58.0,53.0,18.6,23.5,47.1,28.9,19.3,22.1,15.0,22.8
Belmont (67130),/management/ville/belmont/ville-67027,0.0,0.0,5.0,10.0,24.0,24.0,30.0,40.0,21.0,36.0,20.3,26.3,36.2,23.1,20.3,12.3,23.2,35.1
Cartignies (59244),/management/ville/cartignies/ville-59134,15.0,20.0,30.0,122.0,152.0,177.0,269.0,246.0,162.0,193.0,26.0,35.4,35.0,21.1,20.0,17.4,19.0,25.2
Camaret-sur-Mer (29570),/management/ville/camaret-sur-mer/ville-29022,10.0,90.0,70.0,170.0,308.0,235.0,787.0,584.0,425.0,376.0,24.6,46.0,35.8,18.9,22.7,17.0,16.9,17.6
Aucaleuc (22100),/management/ville/aucaleuc/ville-22003,10.0,37.0,42.0,122.0,173.0,174.0,151.0,223.0,139.0,138.0,20.5,25.4,38.5,27.4,23.0,20.1,18.0,24.3
Châteauneuf-sur-Cher (18190),/management/ville/chateauneuf-sur-cher/ville-18058,20.0,25.0,5.0,105.0,260.0,185.0,445.0,381.0,179.0,172.0,32.0,42.8,37.7,24.4,16.7,13.9,13.6,15.5
Chémery-les-Deux (57320),/management/ville/chemery-les-deux/ville-57136,5.0,15.0,56.0,51.0,61.0,51.0,92.0,130.0,60.0,102.0,19.3,29.3,38.1,25.7,15.7,15.4,26.9,26.1
Chantepérier (38740),/management/ville/chanteperier/ville-38073,5.0,11.0,5.0,15.0,16.0,16.0,70.0,46.0,35.0,30.0,38.3,37.9,30.9,19.5,20.2,19.5,10.6,23.0
Bulat-Pestivien (22160),/management/ville/bulat-pestivien/ville-22023,10.0,15.0,10.0,41.0,46.0,31.0,101.0,82.0,67.0,75.0,20.8,40.5,35.8,15.6,22.0,19.6,21.4,25.0
Cazilhac (34190),/management/ville/cazilhac/ville-34067,10.0,76.0,46.0,193.0,209.0,117.0,360.0,307.0,188.0,294.0,28.8,33.7,32.7,20.5,15.6,17.1,22.9,27.9
Boissezon (81490),/management/ville/boissezon/ville-81034,10.0,15.0,20.0,30.0,56.0,46.0,126.0,104.0,43.0,46.0,37.3,41.9,37.3,24.6,14.6,11.9,10.8,17.5
Chambellay (49220),/management/ville/chambellay/ville-49064,0.0,0.0,42.0,36.0,15.0,62.0,68.0,70.0,64.0,68.0,19.4,31.4,30.6,21.8,23.1,24.1,26.9,23.4
Curel (52300),/management/ville/curel/ville-52156,0.0,5.0,20.0,45.0,50.0,55.0,122.0,92.0,51.0,54.0,30.1,46.0,39.1,18.3,16.7,15.3,14.1,19.6
Ciboure (64500),/management/ville/ciboure/ville-64189,5.0,255.0,230.0,685.0,865.0,530.0,1324.0,1490.0,888.0,1444.0,20.2,30.3,32.7,23.7,17.8,16.8,29.2,27.1
Bas-en-Basset (43210),/management/ville/bas-en-basset/ville-43020,30.0,180.0,115.0,465.0,520.0,585.0,851.0,1104.0,590.0,731.0,21.7,29.9,42.2,24.1,17.4,18.6,18.7,25.7
Amenoncourt (54450),/management/ville/amenoncourt/ville-54013,0.0,0.0,0.0,10.0,10.0,10.0,17.0,21.0,13.0,12.0,25.8,27.3,41.9,25.0,22.6,18.2,9.7,27.3
Bouxwiller (68480),/management/ville/bouxwiller/ville-68049,10.0,10.0,25.0,65.0,45.0,91.0,155.0,114.0,41.0,66.0,34.5,47.2,36.7,21.6,11.3,10.6,17.5,17.6
Bionville (54540),/management/ville/bionville/ville-54075,5.0,5.0,5.0,10.0,20.0,10.0,30.0,29.0,20.0,19.0,25.5,35.8,36.2,23.2,21.3,18.9,17.0,20.8
Beaumont-Louestault (37360),/management/ville/beaumont-louestault/ville-37021,25.0,30.0,105.0,205.0,230.0,201.0,279.0,350.0,216.0,328.0,20.2,27.6,36.8,22.1,16.6,20.3,26.4,29.5
Auzet (04140),/management/ville/auzet/ville-04017,0.0,5.0,0.0,15.0,5.0,20.0,13.0,16.0,14.0,32.0,15.0,20.0,22.5,19.4,20.0,17.1,42.5,42.9
Bouillac (12300),/management/ville/bouillac/ville-12030,0.0,25.0,16.0,46.0,25.0,57.0,102.0,108.0,55.0,63.0,23.1,38.2,41.3,23.0,16.9,17.1,18.8,20.0
Arrènes (23210),/management/ville/arrenes/ville-23006,10.0,15.0,15.0,10.0,5.0,5.0,67.0,48.0,28.0,50.0,30.6,38.9,29.6,18.4,17.3,11.6,22.4,29.5
Corancez (28630),/management/ville/corancez/ville-28107,0.0,16.0,5.0,58.0,53.0,58.0,89.0,110.0,46.0,80.0,21.0,34.2,42.5,21.9,16.2,12.0,20.4,29.1
Boissia (39130),/management/ville/boissia/ville-39061,0.0,16.0,0.0,22.0,11.0,0.0,19.0,30.0,18.0,27.0,22.4,18.2,38.8,25.6,10.2,27.3,28.6,29.5
Crédin (56580),/management/ville/credin/ville-56047,35.0,20.0,10.0,147.0,192.0,278.0,501.0,315.0,147.0,173.0,40.0,48.0,31.8,21.1,14.6,11.4,13.6,16.8
Bessey (42520),/management/ville/bessey/ville-42018,16.0,5.0,47.0,57.0,62.0,47.0,86.0,87.0,68.0,82.0,21.8,31.8,35.2,18.5,23.0,18.5,20.0,31.2
Brianny (21390),/management/ville/brianny/ville-21108,10.0,0.0,0.0,10.0,10.0,10.0,14.0,38.0,11.0,19.0,17.1,15.4,41.5,38.2,14.6,12.8,26.8,17.9
Chambéon (42110),/management/ville/chambeon/ville-42041,5.0,5.0,28.0,88.0,37.0,42.0,67.0,115.0,85.0,106.0,17.6,18.3,38.5,23.9,20.3,24.7,23.5,33.3
Collias (30210),/management/ville/collias/ville-30085,10.0,67.0,67.0,170.0,108.0,72.0,208.0,234.0,161.0,266.0,21.9,25.9,35.8,18.6,16.2,20.9,26.1,35.1
Aingeray (54460),/management/ville/aingeray/ville-54007,10.0,10.0,15.0,103.0,94.0,104.0,109.0,137.0,72.0,103.0,23.3,28.3,39.5,23.4,18.1,16.5,19.0,29.7
Belmont (70270),/management/ville/belmont/ville-70062,0.0,0.0,0.0,15.0,30.0,20.0,24.0,33.0,21.0,25.0,22.2,24.1,33.3,27.3,24.4,17.2,20.0,27.6
Apinac (42550),/management/ville/apinac/ville-42006,10.0,5.0,5.0,55.0,50.0,65.0,90.0,97.0,68.0,72.0,23.9,31.1,38.0,21.3,20.2,21.7,17.8,26.1
Bas-et-Lezat (63310),/management/ville/bas-et-lezat/ville-63030,10.0,5.0,10.0,30.0,50.0,50.0,56.0,82.0,33.0,64.0,21.0,27.0,42.7,23.4,13.7,14.4,22.6,32.4
Cartigny (80200),/management/ville/cartigny/ville-80177,0.0,10.0,30.0,91.0,66.0,141.0,207.0,148.0,92.0,76.0,36.0,43.6,34.1,22.0,15.5,19.3,14.4,14.3
Bouy (51400),/management/ville/bouy/ville-51078,0.0,5.0,25.0,70.0,110.0,90.0,96.0,120.0,74.0,93.0,20.3,29.6,41.2,22.2,15.5,23.0,23.0,25.5
Corancy (58120),/management/ville/corancy/ville-58082,0.0,5.0,5.0,20.0,40.0,40.0,92.0,82.0,40.0,48.0,30.3,40.6,41.7,19.7,13.6,17.2,14.4,21.9
Bulcy (58400),/management/ville/bulcy/ville-58042,0.0,10.0,10.0,15.0,25.0,10.0,41.0,39.0,10.0,24.0,24.1,48.2,46.6,18.8,10.3,7.1,19.0,23.2
Cazoulès (24370),/management/ville/cazoules/ville-24089,0.0,25.0,5.0,25.0,71.0,86.0,127.0,146.0,59.0,64.0,26.8,37.3,46.3,25.3,13.2,16.2,13.7,18.1
Chemillé-en-Anjou (49120),/management/ville/chemille-en-anjou/ville-49092,620.0,589.0,691.0,2193.0,2757.0,3477.0,5376.0,4294.0,2666.0,3054.0,30.0,39.8,33.6,21.0,18.6,16.1,17.9,21.8
Briant (71110),/management/ville/briant/ville-71060,5.0,15.0,5.0,15.0,5.0,20.0,69.0,42.0,34.0,35.0,31.9,46.0,27.7,17.2,25.5,11.5,14.9,24.1
Boissières (30114),/management/ville/boissieres/ville-30043,0.0,20.0,60.0,40.0,55.0,15.0,88.0,98.0,69.0,147.0,19.1,24.5,24.7,21.8,20.6,13.9,35.6,37.5
Cideville (76570),/management/ville/cideville/ville-76174,9.0,23.0,5.0,56.0,47.0,42.0,57.0,85.0,41.0,65.0,21.7,24.4,36.4,27.3,17.8,15.1,24.0,28.6
Chambérat (03370),/management/ville/chamberat/ville-03051,25.0,20.0,10.0,30.0,40.0,20.0,79.0,76.0,45.0,37.0,28.7,38.3,35.2,25.4,22.1,15.7,13.9,17.4
Curemonte (19500),/management/ville/curemonte/ville-19067,15.0,20.0,5.0,10.0,20.0,15.0,48.0,56.0,28.0,48.0,18.7,35.2,40.7,19.8,14.3,17.0,26.4,27.3
Bionville-sur-Nied (57220),/management/ville/bionville-sur-nied/ville-57085,10.0,0.0,25.0,40.0,50.0,80.0,74.0,101.0,49.0,66.0,20.4,29.9,40.1,25.9,19.7,14.3,19.7,25.9
Amenucourt (95510),/management/ville/amenucourt/ville-95012,0.0,15.0,10.0,15.0,45.0,15.0,30.0,51.0,35.0,33.0,22.2,17.6,37.0,30.0,19.8,27.9,21.0,23.5
Aucamville (31140),/management/ville/aucamville/ville-31022,0.0,355.0,756.0,1272.0,1355.0,929.0,1439.0,1544.0,1129.0,2178.0,21.8,23.9,27.4,21.0,18.0,17.9,32.8,36.3
Bouillac (24480),/management/ville/bouillac/ville-24052,5.0,5.0,5.0,0.0,5.0,20.0,45.0,25.0,14.0,16.0,40.4,50.0,23.4,21.0,23.4,5.8,12.8,19.2
Aingeville (88140),/management/ville/aingeville/ville-88003,0.0,0.0,0.0,5.0,5.0,15.0,27.0,10.0,9.0,4.0,48.0,60.0,28.0,13.0,16.0,20.0,8.0,8.0
Auzeville-Tolosane (31320),/management/ville/auzeville-tolosane/ville-31035,15.0,71.0,744.0,362.0,357.0,177.0,249.0,265.0,368.0,1536.0,7.5,12.8,11.1,11.4,14.5,15.9,67.0,60.4
Châteauneuf-sur-Isère (26300),/management/ville/chateauneuf-sur-isere/ville-26084,49.0,118.0,310.0,585.0,471.0,408.0,673.0,805.0,498.0,855.0,21.6,26.0,34.0,21.7,17.5,17.7,26.8,33.5
Belmont-Bretenoux (46130),/management/ville/belmont-bretenoux/ville-46024,5.0,25.0,20.0,45.0,70.0,35.0,70.0,99.0,71.0,66.0,19.0,26.4,36.7,26.5,25.2,21.4,19.0,23.9
Appelle (81700),/management/ville/appelle/ville-81015,5.0,0.0,0.0,5.0,5.0,15.0,12.0,12.0,15.0,18.0,32.1,10.3,21.4,23.1,21.4,31.0,25.0,37.9
Cazouls-d'Hérault (34120),/management/ville/cazouls-d-herault/ville-34068,10.0,15.0,5.0,44.0,59.0,44.0,71.0,86.0,66.0,78.0,26.7,20.4,33.6,24.2,19.9,23.7,19.9,31.6
Chantepie (35135),/management/ville/chantepie/ville-35055,8.0,215.0,1089.0,1716.0,1558.0,810.0,1456.0,1558.0,1412.0,3128.0,17.3,21.0,22.6,19.0,17.8,19.5,42.3,40.6
Bessey-en-Chaume (21360),/management/ville/bessey-en-chaume/ville-21065,6.0,6.0,6.0,11.0,39.0,17.0,44.0,30.0,15.0,18.0,45.3,37.0,28.3,24.1,11.3,18.5,15.1,18.5
Courcelles (58210),/management/ville/courcelles/ville-58090,0.0,10.0,0.0,5.0,35.0,54.0,46.0,74.0,31.0,28.0,16.5,36.0,56.0,24.7,13.2,21.3,14.3,16.9
Bainghen (62850),/management/ville/bainghen/ville-62076,0.0,5.0,0.0,21.0,48.0,37.0,49.0,33.0,40.0,31.0,31.6,33.8,25.3,18.8,26.6,24.3,16.5,24.3
Colligis-Crandelain (02860),/management/ville/colligis-crandelain/ville-02205,10.0,10.0,16.0,10.0,57.0,36.0,44.0,48.0,33.0,34.0,25.3,30.9,40.5,20.5,17.7,23.5,16.5,25.9
Camarsac (33750),/management/ville/camarsac/ville-33083,0.0,35.0,119.0,129.0,84.0,59.0,131.0,201.0,148.0,251.0,17.7,17.9,31.5,23.1,19.1,21.5,31.8,37.0
Bouy-Luxembourg (10220),/management/ville/bouy-luxembourg/ville-10056,9.0,0.0,0.0,37.0,37.0,28.0,43.0,49.0,35.0,31.0,22.5,31.3,38.8,23.8,21.3,23.8,17.5,21.3
Cartigny-l'Épinay (14330),/management/ville/cartigny-l-epinay/ville-14138,0.0,5.0,0.0,40.0,35.0,35.0,70.0,77.0,36.0,33.0,33.0,31.8,39.4,26.8,20.2,13.1,7.3,23.4
Bas-Lieu (59440),/management/ville/bas-lieu/ville-59050,0.0,15.0,10.0,31.0,20.0,26.0,63.0,71.0,53.0,63.0,15.9,34.4,38.9,17.9,19.8,23.2,25.4,25.6
Arrens-Marsous (65400),/management/ville/arrens-marsous/ville-65032,10.0,45.0,25.0,75.0,95.0,65.0,179.0,142.0,92.0,202.0,24.9,33.4,24.6,20.0,16.0,13.9,34.5,31.1
Buléon (56420),/management/ville/buleon/ville-56027,26.0,20.0,10.0,20.0,56.0,71.0,136.0,147.0,55.0,48.0,31.1,39.1,45.6,26.7,13.0,15.6,10.4,14.6
Coray (29370),/management/ville/coray/ville-29041,40.0,30.0,100.0,191.0,201.0,291.0,406.0,457.0,293.0,281.0,21.2,35.0,37.8,23.9,23.9,17.0,17.1,21.9
Chemillé-sur-Dême (37370),/management/ville/chemille-sur-deme/ville-37068,10.0,30.0,35.0,85.0,110.0,70.0,153.0,154.0,80.0,140.0,24.8,33.1,32.9,22.7,17.8,12.6,24.4,28.6
Briantes (36400),/management/ville/briantes/ville-36025,20.0,25.0,25.0,95.0,120.0,70.0,127.0,139.0,83.0,106.0,24.8,31.2,37.6,22.2,17.5,19.0,20.1,26.7
Ciel (71350),/management/ville/ciel/ville-71131,0.0,30.0,20.0,55.0,120.0,140.0,161.0,201.0,119.0,77.0,26.1,31.7,40.8,28.6,20.2,22.5,12.9,14.8
Chamberaud (23480),/management/ville/chamberaud/ville-23043,5.0,0.0,5.0,25.0,10.0,5.0,15.0,34.0,17.0,17.0,9.3,27.5,46.5,28.6,27.9,12.5,16.3,25.0
Boissières (46150),/management/ville/boissieres/ville-46032,0.0,20.0,10.0,44.0,49.0,49.0,87.0,81.0,54.0,84.0,22.6,34.2,34.8,18.0,16.8,19.1,25.8,28.9
Chantérac (24190),/management/ville/chanterac/ville-24104,0.0,40.0,10.0,71.0,91.0,61.0,175.0,116.0,82.0,92.0,30.9,44.4,33.5,16.2,20.2,15.1,15.5,24.1
Belmont-d'Azergues (69380),/management/ville/belmont-d-azergues/ville-69020,0.0,20.0,60.0,130.0,55.0,75.0,165.0,85.0,88.0,100.0,35.4,39.7,16.7,20.9,23.0,17.5,24.9,21.0
Beaumont-Monteux (26600),/management/ville/beaumont-monteux/ville-26038,31.0,56.0,66.0,219.0,153.0,168.0,228.0,293.0,163.0,246.0,24.8,24.2,38.3,23.1,16.3,18.6,20.6,32.8
Auzielle (31650),/management/ville/auzielle/ville-31036,5.0,65.0,303.0,154.0,140.0,33.0,112.0,152.0,185.0,594.0,9.3,12.1,13.5,16.0,17.5,18.0,59.7,54.4
Appenai-sous-Bellême (61130),/management/ville/appenai-sous-belleme/ville-61005,0.0,10.0,30.0,20.0,55.0,25.0,49.0,52.0,34.0,49.0,27.3,25.9,29.3,24.7,19.2,17.6,24.2,29.4
Aucamville (82600),/management/ville/aucamville/ville-82005,5.0,51.0,70.0,163.0,205.0,182.0,205.0,236.0,193.0,289.0,19.2,25.2,31.2,20.5,19.6,22.2,30.1,32.5
Arrentès-de-Corcieux (88430),/management/ville/arrentes-de-corcieux/ville-88014,5.0,24.0,0.0,34.0,29.0,10.0,34.0,45.0,25.0,29.0,19.1,31.8,38.2,24.7,22.1,16.7,20.6,24.2
Aingoulaincourt (52230),/management/ville/aingoulaincourt/ville-52004,5.0,0.0,0.0,0.0,5.0,0.0,3.0,2.0,2.0,3.0,40.0,20.0,0.0,28.6,40.0,0.0,20.0,40.0
Bouillac (82600),/management/ville/bouillac/ville-82020,39.0,72.0,32.0,26.0,76.0,46.0,124.0,132.0,78.0,104.0,26.5,30.1,35.9,23.0,16.6,19.4,21.1,26.4
Bouy-sur-Orvin (10400),/management/ville/bouy-sur-orvin/ville-10057,5.0,0.0,0.0,0.0,10.0,15.0,17.0,14.0,9.0,5.0,32.0,47.6,36.0,22.7,20.0,19.0,12.0,9.5
Cambayrac (46140),/management/ville/cambayrac/ville-46050,5.0,5.0,5.0,25.0,30.0,10.0,32.0,38.0,20.0,33.0,22.4,29.2,39.7,22.4,12.1,20.0,25.9,27.7
Ames (62190),/management/ville/ames/ville-62028,20.0,5.0,41.0,76.0,56.0,76.0,133.0,145.0,78.0,109.0,22.2,34.4,35.6,24.2,18.2,15.4,24.0,23.2
Bains (43370),/management/ville/bains/ville-43018,45.0,60.0,45.0,175.0,185.0,100.0,280.0,272.0,193.0,238.0,27.0,30.3,35.4,19.6,18.6,20.8,19.0,29.7
Cures (72240),/management/ville/cures/ville-72111,5.0,15.0,25.0,80.0,85.0,75.0,78.0,107.0,67.0,90.0,23.6,22.0,36.5,24.7,17.4,22.0,22.5,30.5
Carves (24170),/management/ville/carves/ville-24084,0.0,5.0,0.0,5.0,10.0,10.0,20.0,31.0,22.0,16.0,17.1,27.1,39.0,28.3,29.3,20.8,14.6,20.8
Châteauneuf-sur-Loire (45110),/management/ville/chateauneuf-sur-loire/ville-45082,15.0,207.0,642.0,1037.0,820.0,1027.0,1770.0,1680.0,889.0,1685.0,24.2,34.0,33.4,21.2,14.5,15.0,27.8,28.1
Crégols (46330),/management/ville/cregols/ville-46081,10.0,5.0,0.0,5.0,21.0,0.0,24.0,12.0,15.0,23.0,30.3,35.9,18.2,16.2,18.2,20.5,33.3,28.2
Bessey-la-Cour (21360),/management/ville/bessey-la-cour/ville-21066,11.0,0.0,0.0,17.0,0.0,0.0,18.0,14.0,10.0,14.0,40.0,22.2,20.0,26.7,20.0,18.5,20.0,29.6
Chamberet (19370),/management/ville/chamberet/ville-19036,50.0,35.0,15.0,100.0,154.0,105.0,526.0,320.0,146.0,163.0,40.3,50.3,32.7,20.5,14.0,11.5,12.9,15.3
Chanteraine (55500),/management/ville/chanteraine/ville-55358,0.0,5.0,10.0,34.0,15.0,29.0,50.0,46.0,21.0,40.0,27.5,35.9,35.0,20.9,13.8,12.8,23.8,28.2
Chemillé-sur-Indrois (37460),/management/ville/chemille-sur-indrois/ville-37069,5.0,14.0,9.0,28.0,14.0,14.0,47.0,45.0,25.0,57.0,26.4,29.1,31.0,19.6,13.8,14.0,28.7,36.0
Beaumont-Pied-de-Bœuf (53290),/management/ville/beaumont-pied-de-boeuf/ville-53027,0.0,10.0,5.0,33.0,5.0,0.0,52.0,25.0,25.0,33.0,41.4,35.4,18.6,17.4,24.3,12.3,15.7,33.8
Cier-de-Luchon (31110),/management/ville/cier-de-luchon/ville-31142,20.0,15.0,5.0,15.0,36.0,25.0,47.0,58.0,43.0,54.0,21.2,25.0,35.4,23.0,19.2,23.0,24.2,29.0
Cazouls-lès-Béziers (34370),/management/ville/cazouls-les-beziers/ville-34069,46.0,162.0,138.0,490.0,694.0,555.0,1342.0,960.0,613.0,669.0,34.4,40.2,32.1,20.9,17.4,16.8,16.1,21.0
Courcelles (90100),/management/ville/courcelles/ville-90027,0.0,0.0,11.0,0.0,11.0,16.0,34.0,29.0,18.0,18.0,34.0,34.6,25.5,30.4,10.6,25.0,29.8,7.7
Corbara (20220),/management/ville/corbara/ville-2B093,8.0,75.0,48.0,77.0,116.0,68.0,235.0,132.0,166.0,245.0,27.9,32.7,22.6,12.6,21.1,21.6,28.4,34.4
Bas-Mauco (40500),/management/ville/bas-mauco/ville-40026,5.0,5.0,5.0,50.0,30.0,55.0,59.0,85.0,51.0,72.0,21.4,22.7,35.7,26.1,18.3,19.9,24.6,29.1
Boissise-la-Bertrand (77350),/management/ville/boissise-la-bertrand/ville-77039,0.0,20.0,136.0,156.0,111.0,45.0,172.0,241.0,161.0,325.0,16.3,21.3,21.9,26.9,19.8,16.5,42.0,31.5
Biot (06410),/management/ville/biot/ville-06018,10.0,585.0,1518.0,1205.0,945.0,501.0,1206.0,1188.0,1121.0,3397.0,16.3,18.5,18.5,16.2,15.2,17.1,50.1,48.3
Ainharp (64130),/management/ville/ainharp/ville-64012,10.0,10.0,0.0,10.0,20.0,10.0,38.0,36.0,19.0,17.0,27.8,41.1,37.0,24.6,22.2,12.5,13.0,17.9
Bouillancourt-en-Séry (80220),/management/ville/bouillancourt-en-sery/ville-80120,20.0,15.0,10.0,46.0,61.0,66.0,146.0,131.0,72.0,62.0,28.6,42.4,38.2,23.6,19.6,15.2,13.6,16.2
Belmont-de-la-Loire (42670),/management/ville/belmont-de-la-loire/ville-42015,15.0,61.0,26.0,72.0,194.0,250.0,482.0,375.0,184.0,173.0,33.3,45.9,37.7,22.1,15.8,14.5,13.2,15.3
Auzits (12390),/management/ville/auzits/ville-12016,24.0,45.0,10.0,114.0,125.0,50.0,270.0,186.0,108.0,128.0,34.5,43.6,33.3,19.3,15.5,15.7,16.7,20.5
Appenans (25250),/management/ville/appenans/ville-25019,0.0,20.0,14.0,34.0,39.0,69.0,81.0,96.0,36.0,72.0,23.3,32.9,39.8,24.6,14.3,11.2,22.6,27.0
Colligny-Maizery (57530),/management/ville/colligny-maizery/ville-57148,10.0,25.0,60.0,121.0,60.0,30.0,69.0,124.0,84.0,143.0,13.1,19.7,36.9,21.9,19.9,19.7,30.1,38.0
Chanterelle (15190),/management/ville/chanterelle/ville-15040,20.0,0.0,5.0,5.0,5.0,15.0,41.0,21.0,5.0,13.0,45.2,57.9,35.7,14.6,4.8,7.9,14.3,18.4
Ceaucé (61330),/management/ville/ceauce/ville-61075,97.0,51.0,15.0,77.0,97.0,122.0,417.0,271.0,139.0,155.0,37.9,46.9,32.8,20.7,15.5,12.7,13.8,17.6
Chemilli (61360),/management/ville/chemilli/ville-61105,5.0,5.0,5.0,10.0,15.0,45.0,59.0,57.0,24.0,18.0,33.7,41.3,43.4,25.3,13.3,17.3,9.6,13.3
Amettes (62260),/management/ville/amettes/ville-62029,5.0,26.0,41.0,31.0,62.0,97.0,116.0,116.0,92.0,63.0,26.3,33.3,37.6,23.0,22.7,25.0,13.4,19.3
Curgies (59990),/management/ville/curgies/ville-59166,5.0,40.0,110.0,205.0,126.0,81.0,221.0,209.0,146.0,298.0,19.5,31.3,28.7,18.2,18.6,14.8,33.3,35.0
Boissise-le-Roi (77310),/management/ville/boissise-le-roi/ville-77040,0.0,133.0,358.0,476.0,373.0,271.0,613.0,696.0,541.0,993.0,19.5,23.4,29.0,20.3,17.8,20.2,33.7,36.1
Carville-la-Folletière (76190),/management/ville/carville-la-folletiere/ville-76160,16.0,10.0,42.0,84.0,58.0,16.0,62.0,86.0,50.0,92.0,18.4,24.0,39.7,19.4,17.7,16.7,24.1,39.3
Bains-sur-Oust (35600),/management/ville/bains-sur-oust/ville-35013,15.0,204.0,112.0,428.0,371.0,453.0,705.0,812.0,457.0,537.0,23.3,32.4,38.9,24.5,17.5,18.8,20.2,22.4
Crégy-lès-Meaux (77124),/management/ville/cregy-les-meaux/ville-77143,0.0,100.0,360.0,690.0,845.0,470.0,680.0,844.0,646.0,936.0,21.3,22.5,31.6,22.7,20.8,20.8,26.4,33.5
Briare (45250),/management/ville/briare/ville-45053,10.0,135.0,171.0,538.0,610.0,595.0,1705.0,1212.0,574.0,674.0,34.3,46.5,35.7,21.6,13.2,14.3,16.8,15.7
Bouyon (06510),/management/ville/bouyon/ville-06022,5.0,41.0,14.0,65.0,83.0,65.0,75.0,119.0,76.0,102.0,21.1,19.2,39.7,23.3,17.5,23.7,21.6,33.9
Appenwihr (68280),/management/ville/appenwihr/ville-68008,0.0,10.0,45.0,110.0,70.0,65.0,74.0,157.0,69.0,120.0,14.0,21.1,43.5,27.3,16.4,16.4,26.1,31.0
Bulgnéville (88140),/management/ville/bulgneville/ville-88079,15.0,40.0,60.0,136.0,226.0,236.0,377.0,337.0,170.0,204.0,30.8,38.2,37.1,23.4,14.2,16.9,17.9,19.5
Beaumont-Pied-de-Bœuf (72500),/management/ville/beaumont-pied-de-boeuf/ville-72028,10.0,20.0,15.0,50.0,50.0,80.0,108.0,127.0,53.0,58.0,26.9,35.4,40.9,27.5,16.4,14.3,15.8,17.7
Courcelles-au-Bois (80560),/management/ville/courcelles-au-bois/ville-80217,0.0,0.0,10.0,5.0,5.0,5.0,15.0,17.0,9.0,15.0,26.9,26.7,34.6,25.8,7.7,23.3,30.8,23.3
Bascons (40090),/management/ville/bascons/ville-40025,0.0,10.0,20.0,120.0,150.0,80.0,195.0,178.0,142.0,165.0,26.6,30.7,28.7,23.1,21.1,20.6,23.6,24.9
Aucazein (09800),/management/ville/aucazein/ville-09025,5.0,5.0,0.0,10.0,10.0,0.0,13.0,22.0,8.0,13.0,21.4,25.9,35.7,30.6,21.4,7.4,21.4,25.9
Chantes (70360),/management/ville/chantes/ville-70127,5.0,0.0,5.0,15.0,20.0,15.0,39.0,23.0,15.0,15.0,39.6,46.7,31.3,18.6,10.4,22.2,18.8,13.3
Carville-Pot-de-Fer (76560),/management/ville/carville-pot-de-fer/ville-76161,5.0,0.0,5.0,11.0,11.0,16.0,26.0,19.0,13.0,27.0,18.6,45.2,32.6,9.5,20.9,9.5,27.9,35.7
Cier-de-Rivière (31510),/management/ville/cier-de-riviere/ville-31143,0.0,10.0,5.0,75.0,20.0,15.0,58.0,59.0,42.0,63.0,21.1,31.0,33.9,19.8,16.5,21.2,28.4,28.3
Cambernard (31470),/management/ville/cambernard/ville-31101,0.0,21.0,30.0,79.0,60.0,45.0,74.0,120.0,65.0,97.0,18.1,23.2,38.6,25.7,21.1,15.7,22.2,31.9
Châteauneuf-Val-de-Bargis (58350),/management/ville/chateauneuf-val-de-bargis/ville-58064,0.0,15.0,10.0,34.0,65.0,84.0,154.0,139.0,71.0,75.0,31.1,39.4,38.7,22.6,15.3,17.0,14.9,19.3
Corbarieu (82370),/management/ville/corbarieu/ville-82044,15.0,55.0,134.0,210.0,175.0,180.0,363.0,283.0,222.0,347.0,26.5,33.0,28.0,18.7,18.0,18.5,27.5,29.8
Bioule (82800),/management/ville/bioule/ville-82018,25.0,36.0,81.0,121.0,166.0,100.0,228.0,207.0,131.0,231.0,27.0,30.1,33.0,19.2,14.5,18.2,25.5,32.3
Ainhice-Mongelos (64220),/management/ville/ainhice-mongelos/ville-64013,30.0,0.0,10.0,5.0,5.0,15.0,38.0,44.0,28.0,28.0,20.8,34.8,41.7,20.0,25.0,15.2,12.5,28.8
Belmont-lès-Darney (88260),/management/ville/belmont-les-darney/ville-88049,0.0,0.0,0.0,15.0,5.0,15.0,26.0,34.0,15.0,11.0,16.7,42.2,54.8,25.0,14.3,20.0,14.3,11.1
Chambéria (39270),/management/ville/chamberia/ville-39092,9.0,0.0,0.0,19.0,9.0,23.0,38.0,40.0,21.0,32.0,27.0,30.9,34.9,24.4,17.5,13.2,20.6,27.9
Bouillancourt-la-Bataille (80500),/management/ville/bouillancourt-la-bataille/ville-80121,0.0,6.0,5.0,15.0,5.0,20.0,30.0,34.0,20.0,25.0,32.1,23.2,34.0,26.2,17.0,19.6,17.0,28.6
Colline-Beaumont (62180),/management/ville/colline-beaumont/ville-62231,0.0,0.0,10.0,15.0,20.0,10.0,34.0,24.0,16.0,37.0,32.1,29.1,23.2,19.3,12.5,16.4,32.1,34.5
Auzon (43390),/management/ville/auzon/ville-43016,55.0,20.0,15.0,69.0,89.0,114.0,219.0,273.0,124.0,114.0,23.4,36.8,46.7,25.5,14.9,19.1,14.9,16.3
Appeville (50500),/management/ville/appeville/ville-50016,10.0,0.0,0.0,5.0,15.0,40.0,55.0,44.0,14.0,30.0,29.4,46.8,38.2,21.3,10.3,9.1,22.1,19.5
Bascous (32190),/management/ville/bascous/ville-32031,0.0,5.0,0.0,20.0,25.0,20.0,47.0,40.0,24.0,20.0,32.8,38.7,41.8,19.0,13.4,24.2,11.9,19.4
Ameugny (71460),/management/ville/ameugny/ville-71007,0.0,0.0,0.0,20.0,15.0,15.0,27.0,25.0,34.0,45.0,17.2,22.9,29.3,11.7,29.3,24.3,24.1,42.9
Boissy-aux-Cailles (77760),/management/ville/boissy-aux-cailles/ville-77041,15.0,0.0,25.0,65.0,40.0,15.0,40.0,55.0,40.0,81.0,20.4,16.7,28.7,21.1,20.4,16.7,30.6,44.4
Bessey-lès-Cîteaux (21110),/management/ville/bessey-les-citeaux/ville-21067,5.0,30.0,50.0,96.0,80.0,81.0,115.0,153.0,94.0,126.0,18.0,28.9,39.3,22.8,18.4,20.2,24.2,27.3
Arrentières (10200),/management/ville/arrentieres/ville-10011,15.0,0.0,10.0,15.0,26.0,26.0,67.0,50.0,28.0,32.0,33.0,44.0,36.3,19.5,14.3,16.7,16.5,19.0
Briarres-sur-Essonne (45390),/management/ville/briarres-sur-essonne/ville-45054,0.0,15.0,20.0,70.0,80.0,70.0,122.0,162.0,66.0,70.0,26.7,31.4,44.3,27.5,18.1,13.3,11.0,22.4
Curgy (71400),/management/ville/curgy/ville-71162,0.0,45.0,55.0,130.0,145.0,120.0,256.0,301.0,144.0,189.0,22.4,35.0,42.5,23.4,14.9,17.4,20.1,22.3
Bouzais (18200),/management/ville/bouzais/ville-18034,0.0,10.0,0.0,20.0,51.0,46.0,72.0,71.0,61.0,51.0,21.0,35.1,36.1,21.1,26.1,21.6,16.8,22.4
Bouillancy (60620),/management/ville/bouillancy/ville-60091,5.0,5.0,25.0,91.0,40.0,55.0,70.0,95.0,49.0,69.0,24.2,25.5,40.9,24.5,17.4,17.4,17.4,30.2
Bulhon (63350),/management/ville/bulhon/ville-63058,10.0,25.0,40.0,25.0,70.0,95.0,89.0,142.0,69.0,103.0,19.9,24.6,39.8,26.3,18.0,16.2,22.3,29.3
Beaumont-Sardolles (58270),/management/ville/beaumont-sardolles/ville-58028,10.0,5.0,10.0,20.0,10.0,10.0,22.0,29.0,19.0,26.0,16.0,31.3,40.0,18.8,20.0,18.8,24.0,31.3
Créhange (57690),/management/ville/crehange/ville-57159,10.0,66.0,117.0,380.0,522.0,598.0,1014.0,1011.0,465.0,481.0,25.4,41.8,41.3,24.4,16.8,14.6,16.4,16.0
Chemilly (03210),/management/ville/chemilly/ville-03073,5.0,5.0,5.0,80.0,100.0,70.0,138.0,144.0,83.0,106.0,24.8,33.5,39.8,21.4,15.9,19.2,19.5,25.3
Ceaulmont (36200),/management/ville/ceaulmont/ville-36032,0.0,25.0,45.0,120.0,90.0,85.0,168.0,201.0,87.0,103.0,24.2,35.5,46.1,24.1,14.9,16.2,14.9,21.7
Corbas (69960),/management/ville/corbas/ville-69273,3.0,208.0,734.0,1507.0,1419.0,901.0,2614.0,2134.0,1381.0,2164.0,33.9,29.0,27.2,23.0,14.3,19.2,24.5,27.8
Chantesse (38470),/management/ville/chantesse/ville-38074,0.0,15.0,26.0,35.0,35.0,36.0,58.0,65.0,47.0,70.0,24.6,23.6,28.0,24.8,18.6,21.1,28.8,29.3
Carvin (62220),/management/ville/carvin/ville-62215,6.0,313.0,635.0,1799.0,2365.0,2305.0,4849.0,3170.0,2017.0,2411.0,33.4,43.8,31.7,19.5,15.3,17.0,19.6,19.1
Ameuvelle (88410),/management/ville/ameuvelle/ville-88007,0.0,0.0,0.0,0.0,10.0,10.0,19.0,13.0,7.0,7.0,29.2,54.5,41.7,14.3,12.5,18.2,16.7,13.6
Cierges (02130),/management/ville/cierges/ville-02193,21.0,0.0,5.0,0.0,0.0,0.0,21.0,19.0,6.0,4.0,46.2,38.5,42.3,29.0,7.7,15.4,3.8,11.5
Bouzancourt (52110),/management/ville/bouzancourt/ville-52065,0.0,5.0,5.0,15.0,0.0,10.0,26.0,9.0,6.0,10.0,40.7,62.5,25.9,8.7,11.1,12.5,22.2,16.7
Bioussac (16700),/management/ville/bioussac/ville-16044,5.0,5.0,15.0,35.0,35.0,20.0,57.0,43.0,39.0,44.0,25.8,37.2,30.9,16.5,19.6,23.3,23.7,24.4
Châteauneuf-Val-Saint-Donat (04200),/management/ville/chateauneuf-val-saint-donat/ville-04053,0.0,25.0,5.0,50.0,70.0,60.0,97.0,99.0,83.0,106.0,25.9,24.5,31.1,21.4,17.6,25.5,25.4,29.7
Ainhoa (64250),/management/ville/ainhoa/ville-64014,10.0,29.0,25.0,66.0,111.0,66.0,138.0,158.0,94.0,109.0,23.4,31.7,42.7,21.3,17.2,20.1,16.7,26.6
Chambéry (73000),/management/ville/chambery/ville-73065,24.0,1259.0,4385.0,7086.0,7910.0,5707.0,10950.0,9068.0,7083.0,14203.0,24.2,28.5,25.2,18.8,16.8,17.4,33.7,34.9
Bainville-aux-Miroirs (54290),/management/ville/bainville-aux-miroirs/ville-54042,11.0,17.0,11.0,44.0,17.0,44.0,64.0,79.0,44.0,55.0,21.4,30.8,32.1,27.0,26.8,10.8,19.6,25.4
Créhen (22130),/management/ville/crehen/ville-22049,25.0,55.0,50.0,140.0,180.0,105.0,507.0,339.0,227.0,230.0,28.4,47.0,35.1,18.6,18.4,16.6,18.1,17.3
Belmont-Sainte-Foi (46230),/management/ville/belmont-sainte-foi/ville-46026,5.0,5.0,0.0,5.0,5.0,0.0,24.0,26.0,16.0,21.0,25.6,29.5,34.9,25.0,11.6,25.0,27.9,20.5
Courcelles-Chaussy (57530),/management/ville/courcelles-chaussy/ville-57155,0.0,85.0,274.0,364.0,395.0,318.0,495.0,593.0,366.0,681.0,20.2,26.0,30.8,23.0,18.0,16.3,31.0,32.7
Auzouer-en-Touraine (37110),/management/ville/auzouer-en-touraine/ville-37010,5.0,10.0,65.0,300.0,280.0,295.0,419.0,537.0,318.0,330.0,25.5,26.7,35.8,28.0,19.8,19.8,18.8,22.3
Baslieux (54620),/management/ville/baslieux/ville-54049,10.0,5.0,20.0,51.0,61.0,87.0,140.0,130.0,69.0,81.0,34.3,32.5,33.8,25.0,16.4,16.5,15.5,23.1
Appeville-Annebault (27290),/management/ville/appeville-annebault/ville-27018,0.0,35.0,71.0,61.0,128.0,206.0,274.0,219.0,121.0,151.0,31.3,40.4,34.1,21.4,16.7,14.9,17.9,21.5
Bessières (31660),/management/ville/bessieres/ville-31066,11.0,140.0,217.0,458.0,696.0,356.0,723.0,733.0,720.0,722.0,23.7,26.0,31.0,22.3,20.7,28.2,24.7,25.2
Boissy-en-Drouais (28500),/management/ville/boissy-en-drouais/ville-28045,0.0,5.0,5.0,33.0,37.0,9.0,34.0,68.0,26.0,31.0,13.1,30.7,53.6,27.7,13.1,20.0,20.2,18.7
Arrest (80820),/management/ville/arrest/ville-80029,5.0,15.0,35.0,40.0,155.0,140.0,272.0,212.0,78.0,84.0,38.7,45.5,37.4,24.4,12.6,11.5,11.3,14.5
Aucelon (26340),/management/ville/aucelon/ville-26017,5.0,0.0,0.0,5.0,0.0,5.0,3.0,3.0,6.0,3.0,30.0,0.0,30.0,0.0,30.0,60.0,10.0,40.0
Casabianca (20237),/management/ville/casabianca/ville-2B069,3.0,1.0,3.0,10.0,9.0,6.0,16.0,16.0,12.0,25.0,23.5,23.7,23.5,22.0,17.6,15.8,35.3,36.8
Bouzanville (54930),/management/ville/bouzanville/ville-54092,0.0,0.0,0.0,15.0,10.0,0.0,17.0,18.0,10.0,9.0,28.6,34.6,39.3,25.0,17.9,19.2,14.3,19.2
Céaux (50220),/management/ville/ceaux/ville-50108,0.0,16.0,16.0,31.0,62.0,78.0,79.0,114.0,63.0,82.0,21.4,25.2,43.4,23.0,15.6,22.1,19.7,29.4
Beaumont-sur-Dême (72340),/management/ville/beaumont-sur-deme/ville-72027,0.0,10.0,35.0,20.0,40.0,45.0,66.0,99.0,40.0,49.0,20.8,31.0,45.6,28.2,14.4,17.1,19.2,19.4
Courcelles-de-Touraine (37330),/management/ville/courcelles-de-touraine/ville-37086,10.0,15.0,25.0,45.0,80.0,65.0,93.0,109.0,64.0,73.0,21.6,33.1,34.1,26.8,20.4,17.4,24.0,19.2
Bainville-aux-Saules (88270),/management/ville/bainville-aux-saules/ville-88030,0.0,5.0,5.0,0.0,15.0,34.0,25.0,32.0,20.0,25.0,29.6,19.6,33.3,26.4,16.7,23.5,20.4,29.4
Corbehem (62112),/management/ville/corbehem/ville-62240,0.0,30.0,56.0,282.0,322.0,280.0,539.0,507.0,318.0,306.0,27.1,36.9,33.8,25.0,20.1,18.2,19.0,17.7
Bouilland (21420),/management/ville/bouilland/ville-21092,0.0,30.0,5.0,5.0,35.0,40.0,39.0,42.0,32.0,48.0,20.0,28.4,32.5,20.0,18.8,21.0,28.8,30.9
Collioure (66190),/management/ville/collioure/ville-66053,11.0,137.0,137.0,187.0,313.0,137.0,726.0,503.0,424.0,607.0,30.2,33.7,25.4,19.5,18.8,18.8,25.7,27.9
Chanteuges (43300),/management/ville/chanteuges/ville-43056,30.0,25.0,0.0,41.0,20.0,91.0,123.0,116.0,67.0,56.0,29.1,38.6,42.5,20.9,19.6,17.9,8.9,21.7
Brias (62130),/management/ville/brias/ville-62180,0.0,5.0,15.0,30.0,35.0,50.0,59.0,62.0,37.0,48.0,23.2,33.3,37.9,22.4,16.8,18.9,22.1,24.3
Biozat (03800),/management/ville/biozat/ville-03030,10.0,30.0,40.0,105.0,115.0,130.0,128.0,215.0,122.0,157.0,16.3,24.8,41.0,26.6,17.3,21.9,25.4,25.1
Cambernon (50200),/management/ville/cambernon/ville-50092,10.0,10.0,0.0,46.0,103.0,103.0,181.0,192.0,84.0,92.0,29.9,36.1,40.2,26.8,12.9,17.5,17.0,16.1
Boissy-Fresnoy (60440),/management/ville/boissy-fresnoy/ville-60079,5.0,26.0,61.0,179.0,143.0,82.0,186.0,189.0,146.0,170.0,30.1,23.8,30.3,23.9,19.9,22.3,19.7,29.6
Chambezon (43410),/management/ville/chambezon/ville-43050,10.0,0.0,15.0,20.0,0.0,20.0,23.0,29.0,20.0,12.0,35.6,17.9,31.1,33.3,24.4,23.1,8.9,20.5
Ainvelle (70800),/management/ville/ainvelle/ville-70008,0.0,0.0,0.0,19.0,10.0,29.0,57.0,36.0,15.0,23.0,38.8,47.7,35.8,17.6,9.0,13.8,16.4,20.0
Cierges-sous-Montfaucon (55270),/management/ville/cierges-sous-montfaucon/ville-55115,11.0,0.0,0.0,0.0,11.0,0.0,21.0,16.0,6.0,3.0,35.0,53.8,50.0,21.4,10.0,15.4,5.0,7.7
Bainville-sur-Madon (54550),/management/ville/bainville-sur-madon/ville-54043,5.0,15.0,80.0,150.0,196.0,105.0,389.0,304.0,159.0,222.0,28.3,42.5,34.2,21.7,15.0,14.7,22.6,19.2
Bouillante (97125),/management/ville/bouillante/ville-97106,0.0,204.0,183.0,581.0,1019.0,728.0,2236.0,1599.0,773.0,816.0,39.1,43.0,34.0,23.2,13.7,14.7,13.2,16.6
Chemilly (70360),/management/ville/chemilly/ville-70148,0.0,0.0,0.0,15.0,15.0,10.0,14.0,17.0,14.0,23.0,21.2,20.0,18.2,28.9,18.2,22.9,42.4,25.7
Birac (16120),/management/ville/birac/ville-16045,10.0,5.0,29.0,29.0,44.0,64.0,59.0,105.0,44.0,51.0,17.4,28.7,51.4,26.0,14.5,20.5,16.7,23.0
Belmont-sur-Buttant (88600),/management/ville/belmont-sur-buttant/ville-88050,5.0,10.0,15.0,59.0,30.0,30.0,74.0,73.0,35.0,40.0,31.2,35.1,42.2,22.9,11.0,20.2,15.6,21.1
Briastre (59730),/management/ville/briastre/ville-59108,10.0,25.0,10.0,35.0,125.0,100.0,215.0,152.0,92.0,96.0,32.6,44.4,34.8,19.7,16.5,16.7,16.1,18.4
Bullainville (28800),/management/ville/bullainville/ville-28065,10.0,0.0,5.0,5.0,15.0,20.0,34.0,27.0,13.0,14.0,41.9,35.6,37.2,22.9,11.6,17.8,9.3,22.2
Auzouville-l'Esneval (76760),/management/ville/auzouville-l-esneval/ville-76045,5.0,20.0,25.0,40.0,25.0,55.0,78.0,88.0,39.0,60.0,23.3,35.6,42.1,21.9,15.8,13.6,18.8,26.5
Arreux (08090),/management/ville/arreux/ville-08022,0.0,5.0,25.0,71.0,30.0,40.0,56.0,72.0,37.0,79.0,22.8,22.7,34.2,22.2,18.4,12.5,24.6,39.8
Creil (60100),/management/ville/creil/ville-60175,5.0,537.0,1005.0,2499.0,5308.0,4653.0,10789.0,4372.0,3611.0,4367.0,45.2,48.0,21.3,16.6,14.8,16.4,18.7,19.0
Aucey-la-Plaine (50170),/management/ville/aucey-la-plaine/ville-50019,30.0,0.0,10.0,30.0,51.0,71.0,107.0,110.0,50.0,55.0,28.8,38.5,45.6,22.4,10.0,20.5,15.6,18.0
Cierp-Gaud (31440),/management/ville/cierp-gaud/ville-31144,0.0,20.0,5.0,90.0,105.0,25.0,186.0,211.0,97.0,121.0,22.3,37.5,41.8,24.7,15.8,15.8,20.2,19.2
Bairols (06420),/management/ville/bairols/ville-06009,0.0,0.0,10.0,15.0,15.0,10.0,20.0,20.0,25.0,20.0,30.4,15.4,23.9,24.3,30.4,28.2,15.2,33.3
Bouze-lès-Beaune (21200),/management/ville/bouze-les-beaune/ville-21099,5.0,26.0,28.0,58.0,33.0,47.0,65.0,88.0,34.0,58.0,22.0,31.1,40.7,26.0,16.3,11.5,21.1,26.2
Belmont-sur-Rance (12370),/management/ville/belmont-sur-rance/ville-12025,75.0,30.0,20.0,70.0,100.0,131.0,303.0,231.0,154.0,141.0,32.0,41.4,35.6,19.4,19.6,17.4,12.9,21.3
Collobrières (83610),/management/ville/collobrieres/ville-83043,29.0,100.0,30.0,173.0,279.0,217.0,577.0,368.0,238.0,360.0,36.4,38.4,30.7,17.1,14.0,16.8,18.9,27.7
Beaumont-sur-Grosne (71240),/management/ville/beaumont-sur-grosne/ville-71026,5.0,15.0,20.0,25.0,35.0,34.0,45.0,95.0,49.0,60.0,11.8,24.2,49.6,24.8,18.1,21.8,20.5,28.2
Creissan (34370),/management/ville/creissan/ville-34089,15.0,60.0,90.0,121.0,181.0,118.0,346.0,279.0,191.0,234.0,29.1,36.5,30.9,21.7,18.1,18.2,22.0,22.5
Appietto (20167),/management/ville/appietto/ville-2A017,16.0,111.0,94.0,227.0,293.0,159.0,397.0,324.0,347.0,336.0,30.4,26.3,28.0,20.1,22.5,26.8,19.1,28.5
Curières (12210),/management/ville/curieres/ville-12088,40.0,15.0,0.0,15.0,25.0,5.0,67.0,42.0,39.0,32.0,33.0,41.9,26.6,19.5,24.5,18.6,16.0,19.8
Auzouville-sur-Ry (76116),/management/ville/auzouville-sur-ry/ville-76046,5.0,36.0,31.0,87.0,87.0,108.0,123.0,185.0,83.0,121.0,20.6,27.5,46.3,23.6,16.3,16.1,16.7,30.6
Cierrey (27930),/management/ville/cierrey/ville-27158,10.0,25.0,15.0,148.0,101.0,81.0,153.0,179.0,92.0,138.0,23.0,31.8,37.3,23.7,16.0,16.8,23.7,25.5
Bessines (79000),/management/ville/bessines/ville-79034,5.0,50.0,230.0,190.0,225.0,120.0,251.0,347.0,212.0,422.0,16.8,23.6,32.0,23.0,17.4,17.0,33.8,34.6
Chantillac (16360),/management/ville/chantillac/ville-16079,5.0,5.0,5.0,25.0,30.0,60.0,72.0,98.0,33.0,55.0,23.7,32.3,44.3,26.5,13.0,12.6,19.1,23.6
Cambes (33880),/management/ville/cambes/ville-33084,5.0,29.0,62.0,229.0,281.0,146.0,285.0,252.0,230.0,395.0,22.8,26.1,24.8,18.8,21.2,18.5,31.2,36.5
Bairon et ses environs (08390),/management/ville/bairon-et-ses-environs/ville-08116,31.0,26.0,36.0,67.0,108.0,98.0,314.0,212.0,133.0,138.0,33.1,45.1,34.1,19.4,16.4,16.9,16.4,18.1
Boissy-l'Aillerie (95650),/management/ville/boissy-l-aillerie/ville-95078,0.0,60.0,245.0,310.0,255.0,110.0,222.0,303.0,232.0,528.0,15.9,18.7,26.3,20.1,19.3,16.8,38.6,43.6
Chambilly (71110),/management/ville/chambilly/ville-71077,0.0,30.0,10.0,30.0,25.0,70.0,150.0,126.0,66.0,58.0,30.8,44.2,38.8,21.9,18.9,14.1,11.4,17.6
Casaglione (20111),/management/ville/casaglione/ville-2A070,8.0,11.0,11.0,34.0,46.0,28.0,99.0,76.0,85.0,73.0,27.4,32.1,24.4,21.7,27.4,23.6,20.8,23.0
Amfreville (14860),/management/ville/amfreville/ville-14009,10.0,51.0,82.0,180.0,226.0,133.0,216.0,276.0,190.0,292.0,20.7,23.8,32.6,23.0,19.6,19.3,27.1,32.8
Bouillargues (30230),/management/ville/bouillargues/ville-30047,49.0,211.0,406.0,718.0,872.0,516.0,1245.0,1080.0,883.0,1398.0,25.1,28.8,26.5,20.4,19.7,18.7,28.8,31.7
Chemilly-sur-Serein (89800),/management/ville/chemilly-sur-serein/ville-89095,20.0,5.0,0.0,29.0,19.0,24.0,43.0,34.0,20.0,22.0,34.4,38.3,32.8,22.1,21.3,11.7,11.5,25.0
Birac (33430),/management/ville/birac/ville-33053,5.0,25.0,5.0,25.0,45.0,30.0,48.0,61.0,40.0,24.0,22.4,32.6,50.6,24.1,12.9,32.6,14.1,13.5
Céaux-d'Allègre (43270),/management/ville/ceaux-d-allegre/ville-43043,30.0,20.0,0.0,40.0,50.0,50.0,118.0,123.0,63.0,71.0,26.8,36.7,43.9,20.0,15.2,18.6,14.1,24.3
Bessines-sur-Gartempe (87250),/management/ville/bessines-sur-gartempe/ville-87014,30.0,95.0,65.0,290.0,541.0,285.0,803.0,683.0,333.0,402.0,29.4,42.0,38.2,22.1,15.4,14.6,17.0,19.1
Arriance (57580),/management/ville/arriance/ville-57029,5.0,0.0,15.0,54.0,20.0,30.0,53.0,54.0,21.0,36.0,26.2,38.3,35.7,25.3,16.7,8.6,21.4,22.2
Châteauneuf-Villevieille (06390),/management/ville/chateauneuf-villevieille/ville-06039,0.0,50.0,85.0,125.0,145.0,80.0,151.0,175.0,144.0,190.0,26.3,19.3,28.4,24.4,19.8,23.9,25.4,32.2
Bulle (25560),/management/ville/bulle/ville-25100,5.0,0.0,19.0,19.0,68.0,112.0,53.0,102.0,76.0,74.0,13.8,20.8,40.0,27.0,21.9,28.5,24.4,24.3
Auch (32000),/management/ville/auch/ville-32013,86.0,513.0,1194.0,2521.0,2871.0,1803.0,5131.0,3778.0,3078.0,4736.0,28.8,32.2,25.5,19.8,18.5,18.3,27.2,29.3
Corbeil (51320),/management/ville/corbeil/ville-51169,5.0,0.0,0.0,15.0,5.0,10.0,28.0,19.0,11.0,13.0,30.8,50.0,38.5,13.3,12.8,18.8,17.9,18.8
Courcelles-en-Barrois (55260),/management/ville/courcelles-en-barrois/ville-55127,5.0,0.0,0.0,5.0,5.0,5.0,10.0,7.0,6.0,6.0,23.1,40.0,30.8,20.0,23.1,20.0,23.1,20.0
Bouzel (63910),/management/ville/bouzel/ville-63049,15.0,5.0,45.0,99.0,99.0,104.0,96.0,184.0,96.0,147.0,16.5,20.1,44.1,25.7,13.8,22.7,25.6,30.5
Bouillé-Courdault (85420),/management/ville/bouille-courdault/ville-85028,10.0,46.0,10.0,62.0,71.0,92.0,94.0,143.0,70.0,103.0,21.0,25.0,43.0,24.2,15.9,18.4,20.1,30.6
Chemilly-sur-Yonne (89250),/management/ville/chemilly-sur-yonne/ville-89096,5.0,10.0,30.0,148.0,104.0,143.0,193.0,236.0,117.0,127.0,26.1,31.4,39.0,27.6,16.4,18.4,18.5,19.0
Ceaux-en-Loudun (86200),/management/ville/ceaux-en-loudun/ville-86044,26.0,15.0,10.0,56.0,56.0,56.0,138.0,166.0,61.0,77.0,21.2,41.2,50.5,22.3,13.1,14.9,15.3,19.5
Beaumont-sur-Lèze (31870),/management/ville/beaumont-sur-leze/ville-31052,0.0,55.0,145.0,210.0,205.0,190.0,259.0,310.0,196.0,402.0,22.1,22.3,31.3,21.1,15.1,18.5,31.5,37.5
Appilly (60400),/management/ville/appilly/ville-60021,0.0,10.0,10.0,55.0,85.0,120.0,137.0,134.0,52.0,54.0,33.8,39.0,39.5,26.6,13.8,13.7,12.8,15.9
Curis-au-Mont-d'Or (69250),/management/ville/curis-au-mont-d-or/ville-69071,0.0,65.0,175.0,180.0,111.0,45.0,111.0,120.0,131.0,451.0,16.0,11.2,15.0,14.9,15.7,16.5,53.4,57.7
Collonge-en-Charollais (71460),/management/ville/collonge-en-charollais/ville-71139,0.0,0.0,0.0,5.0,30.0,15.0,20.0,42.0,23.0,23.0,15.3,22.4,50.8,25.5,15.3,28.6,18.6,24.5
Auzouville-sur-Saâne (76730),/management/ville/auzouville-sur-saane/ville-76047,0.0,5.0,0.0,15.0,15.0,20.0,47.0,37.0,19.0,18.0,35.5,41.4,32.3,25.0,19.4,12.1,12.9,17.2
Cierzac (17520),/management/ville/cierzac/ville-17106,15.0,15.0,10.0,20.0,34.0,34.0,60.0,77.0,44.0,30.0,26.7,29.2,40.0,29.9,19.0,22.6,14.3,15.1
Bessins (38160),/management/ville/bessins/ville-38041,15.0,0.0,5.0,10.0,5.0,15.0,26.0,28.0,19.0,17.0,27.5,29.7,35.3,25.0,17.6,27.0,19.6,18.9
Cambes (46100),/management/ville/cambes/ville-46051,10.0,5.0,5.0,40.0,55.0,35.0,65.0,91.0,48.0,78.0,22.3,23.8,32.4,28.2,15.8,18.2,29.5,25.9
Bais (35680),/management/ville/bais/ville-35014,55.0,50.0,80.0,195.0,220.0,505.0,539.0,592.0,263.0,309.0,27.1,36.1,42.3,24.1,16.7,14.2,13.8,22.5
Chantilly (60500),/management/ville/chantilly/ville-60141,5.0,212.0,1641.0,1609.0,1473.0,767.0,2257.0,1370.0,1502.0,3402.0,22.8,29.5,17.8,14.9,19.1,16.4,40.3,39.5
Châteauponsac (87290),/management/ville/chateauponsac/ville-87041,50.0,65.0,55.0,189.0,214.0,229.0,590.0,513.0,278.0,287.0,26.6,43.0,41.5,20.8,14.8,18.4,17.2,17.2
Amfreville-la-Mi-Voie (76920),/management/ville/amfreville-la-mi-voie/ville-76005,0.0,73.0,194.0,456.0,572.0,402.0,590.0,614.0,425.0,671.0,23.4,27.9,30.3,22.2,18.4,18.5,27.9,30.4
Belmont-sur-Vair (88800),/management/ville/belmont-sur-vair/ville-88051,25.0,5.0,0.0,10.0,15.0,15.0,27.0,34.0,15.0,21.0,19.6,37.0,39.2,26.4,15.7,15.2,25.5,17.4
Chamblac (27270),/management/ville/chamblac/ville-27138,5.0,20.0,10.0,40.0,40.0,55.0,108.0,96.0,59.0,49.0,30.1,39.6,39.9,20.8,17.2,20.8,12.9,18.8
Airaines (80270),/management/ville/airaines/ville-80013,15.0,20.0,35.0,215.0,335.0,380.0,761.0,508.0,259.0,210.0,36.3,50.4,35.2,21.6,16.7,13.3,11.7,12.4
Casalabriva (20140),/management/ville/casalabriva/ville-2A071,10.0,12.0,5.0,15.0,33.0,22.0,70.0,41.0,28.0,31.0,37.8,44.3,23.2,22.4,19.5,13.6,19.5,17.0
Birac-sur-Trec (47200),/management/ville/birac-sur-trec/ville-47028,25.0,15.0,46.0,46.0,112.0,112.0,189.0,209.0,105.0,138.0,32.1,27.3,35.3,26.8,14.4,18.2,18.3,24.5
Baslieux-lès-Fismes (51170),/management/ville/baslieux-les-fismes/ville-51037,0.0,15.0,24.0,63.0,44.0,39.0,52.0,57.0,40.0,79.0,21.1,23.9,34.2,16.5,15.8,19.5,28.9,40.7
Creissels (12100),/management/ville/creissels/ville-12084,20.0,55.0,30.0,254.0,214.0,145.0,373.0,343.0,211.0,283.0,28.3,33.1,36.1,20.8,14.9,19.9,20.7,25.9
Arricau-Bordes (64350),/management/ville/arricau-bordes/ville-64052,0.0,0.0,5.0,10.0,20.0,10.0,24.0,16.0,17.0,23.0,18.9,39.5,24.3,15.6,32.4,11.6,24.3,32.6
Bullecourt (62128),/management/ville/bullecourt/ville-62185,5.0,10.0,10.0,50.0,10.0,45.0,57.0,51.0,33.0,44.0,26.8,35.2,33.0,20.4,19.6,15.9,20.6,27.3
Briatexte (81390),/management/ville/briatexte/ville-81039,10.0,40.0,60.0,220.0,225.0,220.0,556.0,439.0,228.0,291.0,34.4,38.8,35.1,22.2,13.0,16.9,17.5,20.7
Auchay-sur-Vendée (85200),/management/ville/auchay-sur-vendee/ville-85009,25.0,45.0,30.0,85.0,180.0,195.0,208.0,285.0,163.0,176.0,22.0,27.9,37.7,27.2,21.7,17.5,18.6,23.8
Corbeil-Cerf (60110),/management/ville/corbeil-cerf/ville-60162,0.0,11.0,11.0,70.0,65.0,27.0,59.0,81.0,44.0,69.0,23.6,23.1,37.4,24.1,17.9,17.7,21.1,33.1
Boissy-la-Rivière (91690),/management/ville/boissy-la-riviere/ville-91079,0.0,26.0,73.0,89.0,52.0,26.0,71.0,92.0,94.0,153.0,16.8,17.8,27.6,19.0,21.4,24.3,34.2,40.2
Courcelles-en-Bassée (77126),/management/ville/courcelles-en-bassee/ville-77133,5.0,0.0,11.0,37.0,27.0,27.0,36.0,57.0,26.0,56.0,17.8,23.3,36.7,24.2,16.7,12.8,28.9,36.0
Bais (53160),/management/ville/bais/ville-53016,35.0,39.0,30.0,70.0,134.0,209.0,525.0,274.0,119.0,111.0,45.1,56.4,31.5,19.8,12.5,10.7,10.9,10.8
Amfreville-les-Champs (27380),/management/ville/amfreville-les-champs/ville-27012,0.0,5.0,39.0,45.0,69.0,79.0,97.0,96.0,59.0,63.0,27.4,34.0,40.1,21.2,14.6,22.6,17.8,22.6
Collonge-la-Madeleine (71360),/management/ville/collonge-la-madeleine/ville-71140,5.0,0.0,0.0,5.0,5.0,5.0,11.0,8.0,3.0,10.0,22.2,50.0,33.3,13.3,11.1,7.1,33.3,28.6
Chemin (39120),/management/ville/chemin/ville-39138,10.0,0.0,5.0,25.0,40.0,90.0,82.0,103.0,52.0,16.0,29.4,35.4,43.7,32.7,19.0,22.0,7.9,4.7
Bouillé-Ménard (49520),/management/ville/bouille-menard/ville-49036,10.0,20.0,40.0,30.0,55.0,159.0,167.0,176.0,87.0,78.0,29.2,36.2,40.4,26.0,16.8,17.7,13.6,17.3
Appoigny (89380),/management/ville/appoigny/ville-89013,0.0,125.0,130.0,445.0,445.0,380.0,751.0,781.0,407.0,526.0,26.6,33.9,37.8,24.0,16.5,16.6,19.2,23.2
Cébazan (34360),/management/ville/cebazan/ville-34070,15.0,20.0,10.0,65.0,105.0,85.0,140.0,159.0,73.0,106.0,27.8,30.6,40.2,24.2,13.2,17.4,18.8,25.6
Beaumont-sur-Oise (95260),/management/ville/beaumont-sur-oise/ville-95052,0.0,190.0,617.0,1293.0,1640.0,959.0,2083.0,1712.0,1238.0,1773.0,29.2,31.8,30.3,20.3,17.1,19.1,23.4,28.4
Arrien (64420),/management/ville/arrien/ville-64053,0.0,5.0,5.0,10.0,51.0,20.0,25.0,51.0,26.0,38.0,12.7,22.7,47.9,24.3,16.9,19.7,22.5,31.8
Courcelles-en-Montagne (52200),/management/ville/courcelles-en-montagne/ville-52147,0.0,0.0,0.0,20.0,0.0,15.0,19.0,26.0,11.0,14.0,20.6,33.3,47.1,23.8,20.6,11.1,11.8,27.8
Chantonnay (85110),/management/ville/chantonnay/ville-85051,80.0,195.0,260.0,711.0,861.0,1538.0,2129.0,2111.0,897.0,1073.0,28.4,39.8,40.1,24.7,15.0,14.0,16.5,18.0
Besson (03210),/management/ville/besson/ville-03026,35.0,35.0,35.0,71.0,106.0,60.0,136.0,174.0,131.0,153.0,19.9,25.8,39.5,20.1,19.9,24.2,20.6,30.9
Availles-en-Châtellerault (86530),/management/ville/availles-en-chatellerault/ville-86014,5.0,40.0,96.0,272.0,252.0,227.0,345.0,371.0,230.0,322.0,24.7,29.6,35.6,22.0,18.1,18.1,21.5,29.1
Casalta (20215),/management/ville/casalta/ville-2B072,1.0,2.0,1.0,4.0,5.0,5.0,21.0,13.0,3.0,9.0,42.3,50.0,30.8,22.7,0.0,15.0,26.9,10.0
Belmont-Tramonet (73330),/management/ville/belmont-tramonet/ville-73039,10.0,35.0,25.0,65.0,40.0,60.0,114.0,123.0,77.0,98.0,25.3,29.8,34.5,23.4,21.6,16.1,18.6,28.4
Chamblanc (21250),/management/ville/chamblanc/ville-21131,10.0,7.0,5.0,50.0,70.0,70.0,82.0,125.0,65.0,70.0,20.4,27.3,39.5,29.0,21.6,16.5,18.6,22.2
Aire (08190),/management/ville/aire/ville-08004,10.0,5.0,10.0,20.0,30.0,25.0,55.0,49.0,19.0,38.0,29.1,39.0,36.7,21.5,12.7,11.0,21.5,25.6
Cébazat (63118),/management/ville/cebazat/ville-63063,10.0,183.0,566.0,835.0,1133.0,729.0,1843.0,1818.0,1039.0,1648.0,24.3,33.2,35.1,21.6,15.9,16.7,24.6,27.1
Apprieu (38140),/management/ville/apprieu/ville-38013,5.0,152.0,280.0,480.0,440.0,350.0,555.0,655.0,381.0,744.0,22.5,25.0,31.1,23.0,16.4,16.3,30.0,33.7
Bulles (60130),/management/ville/bulles/ville-60115,0.0,21.0,26.0,108.0,108.0,97.0,226.0,196.0,100.0,129.0,28.0,41.1,38.7,20.2,17.9,12.7,15.4,24.2
Crémarest (62240),/management/ville/cremarest/ville-62255,15.0,45.0,39.0,70.0,95.0,99.0,144.0,130.0,118.0,166.0,21.7,29.9,31.4,16.4,20.2,22.1,26.7,32.7
Belonchamp (70270),/management/ville/belonchamp/ville-70063,5.0,0.0,9.0,14.0,19.0,28.0,75.0,40.0,24.0,20.0,41.4,52.8,27.1,20.8,21.4,10.1,10.0,13.5
Baslieux-sous-Châtillon (51700),/management/ville/baslieux-sous-chatillon/ville-51038,20.0,5.0,0.0,5.0,30.0,35.0,44.0,45.0,26.0,24.0,35.2,27.9,35.2,27.0,16.9,20.6,12.7,22.1
Arrien-en-Bethmale (09800),/management/ville/arrien-en-bethmale/ville-09017,5.0,0.0,15.0,20.0,5.0,0.0,19.0,23.0,18.0,34.0,17.3,23.8,28.8,19.5,17.3,21.4,36.5,35.7
Briaucourt (52700),/management/ville/briaucourt/ville-52075,5.0,0.0,0.0,26.0,36.0,31.0,41.0,56.0,28.0,24.0,24.0,31.0,48.0,26.0,17.3,19.7,10.7,21.1
Cieurac (46230),/management/ville/cieurac/ville-46070,0.0,27.0,16.0,37.0,96.0,69.0,89.0,105.0,77.0,107.0,24.9,22.1,36.5,19.8,18.0,23.2,20.6,35.8
Châteauredon (04270),/management/ville/chateauredon/ville-04054,0.0,0.0,0.0,10.0,15.0,19.0,20.0,19.0,10.0,15.0,29.6,33.3,37.0,22.2,22.2,10.3,11.1,30.8
Casamaccioli (20224),/management/ville/casamaccioli/ville-2B073,4.0,4.0,0.0,4.0,6.0,6.0,52.0,6.0,20.0,18.0,49.1,60.5,7.5,5.1,26.4,14.0,17.0,20.9
Ceffonds (52220),/management/ville/ceffonds/ville-52088,10.0,10.0,15.0,80.0,81.0,91.0,159.0,158.0,75.0,91.0,29.3,36.8,39.3,24.1,13.6,17.2,17.8,19.7
Baisieux (59780),/management/ville/baisieux/ville-59044,20.0,110.0,563.0,708.0,608.0,294.0,757.0,641.0,585.0,1314.0,19.9,25.8,22.9,16.4,17.9,17.6,39.2,40.4
Collonges (01550),/management/ville/collonges/ville-01109,5.0,46.0,213.0,247.0,415.0,275.0,348.0,429.0,300.0,444.0,19.5,26.4,33.5,22.3,19.5,20.0,27.6,30.8
Amfreville-les-Champs (76560),/management/ville/amfreville-les-champs/ville-76006,0.0,10.0,0.0,10.0,35.0,30.0,24.0,40.0,29.0,21.0,24.1,17.9,37.9,29.5,27.6,23.2,10.3,26.8
Bouzemont (88270),/management/ville/bouzemont/ville-88071,5.0,0.0,5.0,5.0,10.0,0.0,8.0,10.0,4.0,15.0,20.0,23.5,30.0,22.2,5.0,17.6,45.0,35.3
Bouillon (64410),/management/ville/bouillon/ville-64143,0.0,5.0,10.0,36.0,21.0,16.0,30.0,23.0,18.0,35.0,20.8,35.7,27.1,15.0,25.0,8.9,27.1,39.3
Belpech (11420),/management/ville/belpech/ville-11033,35.0,55.0,29.0,89.0,224.0,99.0,380.0,277.0,155.0,199.0,29.7,44.7,35.6,19.2,15.1,15.6,19.7,19.7
Arrigas (30770),/management/ville/arrigas/ville-30017,0.0,0.0,20.0,20.0,15.0,10.0,49.0,35.0,37.0,48.0,30.7,27.2,28.4,13.9,20.5,23.5,20.5,37.0
Briaucourt (70800),/management/ville/briaucourt/ville-70097,10.0,0.0,15.0,25.0,36.0,25.0,63.0,54.0,39.0,39.0,28.9,36.5,34.0,22.3,15.5,24.0,21.6,17.7
Beaumont-sur-Sarthe (72170),/management/ville/beaumont-sur-sarthe/ville-72029,5.0,40.0,64.0,169.0,205.0,203.0,849.0,372.0,167.0,181.0,44.7,61.8,30.2,16.9,12.2,9.4,12.9,10.4
Courcelles-Epayelles (60420),/management/ville/courcelles-epayelles/ville-60168,0.0,5.0,5.0,30.0,15.0,35.0,48.0,49.0,22.0,24.0,36.4,30.3,32.5,30.8,13.0,18.2,18.2,15.2
Bessoncourt (90160),/management/ville/bessoncourt/ville-90012,5.0,31.0,136.0,224.0,141.0,42.0,154.0,217.0,141.0,349.0,14.9,20.5,27.9,21.2,17.0,16.0,40.2,40.9
Availles-Limouzine (86460),/management/ville/availles-limouzine/ville-86015,30.0,55.0,15.0,91.0,101.0,121.0,421.0,312.0,166.0,151.0,34.4,45.1,36.6,21.7,16.5,15.3,12.5,16.1
Curlu (80360),/management/ville/curlu/ville-80231,5.0,0.0,0.0,9.0,5.0,19.0,25.0,29.0,26.0,33.0,17.2,25.9,36.2,18.4,19.0,25.9,27.6,31.5
Biran (32350),/management/ville/biran/ville-32054,30.0,15.0,40.0,35.0,40.0,25.0,73.0,76.0,62.0,103.0,24.1,22.6,31.0,18.2,18.4,20.8,26.6,39.0
Bouzeron (71150),/management/ville/bouzeron/ville-71051,0.0,5.0,5.0,11.0,21.0,27.0,41.0,35.0,18.0,25.0,33.9,35.1,27.4,28.1,11.3,19.3,27.4,14.0
Aire-sur-l'Adour (40800),/management/ville/aire-sur-l-adour/ville-40001,75.0,200.0,265.0,509.0,774.0,669.0,1518.0,1459.0,770.0,1064.0,27.9,34.7,33.7,24.8,15.3,16.6,23.2,21.2
Arrigny (51290),/management/ville/arrigny/ville-51016,5.0,5.0,21.0,11.0,32.0,21.0,68.0,57.0,33.0,41.0,29.2,38.8,35.4,20.9,17.7,15.5,17.7,23.3
Chamblay (39380),/management/ville/chamblay/ville-39093,0.0,10.0,25.0,15.0,50.0,50.0,113.0,98.0,78.0,60.0,36.0,30.0,38.0,23.0,10.0,31.5,16.0,18.0
Corbeil-Essonnes (91100),/management/ville/corbeil-essonnes/ville-91174,7.0,847.0,2449.0,6488.0,7644.0,6194.0,11805.0,7374.0,6537.0,8837.0,34.1,34.3,24.0,19.0,17.9,19.9,24.1,27.0
Bulligny (54113),/management/ville/bulligny/ville-54105,0.0,5.0,5.0,87.0,78.0,68.0,85.0,113.0,73.0,110.0,22.3,22.4,32.1,25.0,19.6,18.9,26.1,31.6
Appy (09250),/management/ville/appy/ville-09012,5.0,0.0,0.0,5.0,0.0,5.0,3.0,4.0,0.0,7.0,28.6,14.3,42.9,12.5,0.0,0.0,28.6,71.4
Chemin-d'Aisey (21400),/management/ville/chemin-d-aisey/ville-21165,20.0,5.0,0.0,10.0,0.0,0.0,12.0,23.0,13.0,10.0,16.7,25.0,43.3,30.3,26.7,17.9,13.3,21.4
Cremeaux (42260),/management/ville/cremeaux/ville-42076,30.0,40.0,30.0,96.0,116.0,111.0,250.0,212.0,129.0,123.0,29.9,40.3,39.3,19.4,18.1,18.0,12.6,22.0
Basly (14610),/management/ville/basly/ville-14044,16.0,37.0,110.0,219.0,115.0,99.0,130.0,208.0,146.0,279.0,15.9,18.4,30.8,22.6,18.5,19.7,34.7,38.4
Belrain (55260),/management/ville/belrain/ville-55044,0.0,5.0,0.0,5.0,5.0,0.0,7.0,9.0,6.0,6.0,14.3,35.7,42.9,20.0,28.6,14.3,14.3,28.6
Courcelles-Frémoy (21460),/management/ville/courcelles-fremoy/ville-21203,0.0,0.0,0.0,5.0,15.0,40.0,18.0,36.0,21.0,21.0,21.3,16.3,42.6,30.2,19.1,24.5,17.0,26.5
Casanova (20250),/management/ville/casanova/ville-2B074,4.0,20.0,33.0,50.0,58.0,31.0,76.0,52.0,57.0,98.0,26.9,26.8,27.6,11.3,19.4,20.8,26.1,42.3
Châteaurenard (13160),/management/ville/chateaurenard/ville-13027,148.0,609.0,753.0,1690.0,2106.0,2124.0,4050.0,3013.0,2045.0,2681.0,32.6,35.9,30.0,20.9,16.8,17.9,20.7,24.6
Cieutat (65200),/management/ville/cieutat/ville-65147,10.0,30.0,5.0,60.0,85.0,65.0,106.0,150.0,82.0,118.0,21.9,24.7,39.1,24.2,18.9,17.0,20.2,31.8
Cheminas (07300),/management/ville/cheminas/ville-07063,16.0,11.0,11.0,42.0,69.0,74.0,84.0,67.0,51.0,67.0,32.6,30.1,31.0,18.8,20.2,17.6,16.3,33.1
Collonges-au-Mont-d'Or (69660),/management/ville/collonges-au-mont-d-or/ville-69063,0.0,302.0,656.0,496.0,381.0,147.0,457.0,490.0,472.0,1534.0,13.8,17.0,19.5,14.4,14.6,17.3,52.1,51.8
Amfreville-Saint-Amand (27370),/management/ville/amfreville-saint-amand/ville-27011,0.0,35.0,65.0,186.0,151.0,166.0,215.0,298.0,187.0,221.0,19.5,27.2,35.3,26.7,21.4,19.3,23.8,24.1
Corbeilles (45490),/management/ville/corbeilles/ville-45103,20.0,46.0,10.0,107.0,188.0,321.0,501.0,374.0,168.0,118.0,39.0,47.1,39.0,23.3,13.3,15.8,8.7,11.5
Crémery (80700),/management/ville/cremery/ville-80223,13.0,0.0,0.0,13.0,17.0,9.0,17.0,24.0,10.0,18.0,25.0,26.7,37.5,25.0,15.0,10.0,22.5,33.3
Bouillonville (54470),/management/ville/bouillonville/ville-54087,0.0,0.0,15.0,0.0,31.0,15.0,30.0,26.0,22.0,25.0,29.2,29.4,33.3,17.6,25.0,17.6,12.5,35.3
Boissy-Lamberville (27300),/management/ville/boissy-lamberville/ville-27079,5.0,5.0,10.0,19.0,53.0,48.0,91.0,69.0,35.0,51.0,37.3,36.7,32.2,22.1,13.6,14.8,16.9,24.2
Belrupt (88260),/management/ville/belrupt/ville-88052,0.0,0.0,0.0,20.0,5.0,25.0,34.0,21.0,14.0,9.0,45.2,41.7,21.4,27.3,23.8,11.1,9.5,13.9
Availles-sur-Seiche (35130),/management/ville/availles-sur-seiche/ville-35008,10.0,10.0,15.0,50.0,81.0,146.0,144.0,173.0,104.0,69.0,27.8,31.0,48.5,23.7,14.5,27.4,9.1,19.0
Curmont (52330),/management/ville/curmont/ville-52157,0.0,0.0,0.0,0.0,0.0,0.0,5.0,2.0,1.0,4.0,55.6,0.0,22.2,0.0,0.0,33.3,22.2,66.7
Cambes (47350),/management/ville/cambes/ville-47047,5.0,0.0,0.0,20.0,20.0,34.0,38.0,38.0,25.0,38.0,28.8,25.7,27.4,24.7,19.2,17.1,24.7,30.0
Beaumont-sur-Vesle (51360),/management/ville/beaumont-sur-vesle/ville-51044,5.0,25.0,46.0,157.0,106.0,147.0,130.0,191.0,101.0,152.0,19.9,25.3,40.8,24.4,15.0,20.5,24.4,28.5
Corbel (73160),/management/ville/corbel/ville-73092,0.0,5.0,36.0,31.0,15.0,10.0,22.0,22.0,23.0,54.0,16.9,19.6,18.5,17.9,20.0,17.9,44.6,44.6
Bouilly (10320),/management/ville/bouilly/ville-10051,10.0,5.0,50.0,130.0,160.0,125.0,226.0,235.0,115.0,224.0,22.3,33.6,37.7,20.5,14.1,14.7,26.0,29.8
Auchel (62260),/management/ville/auchel/ville-62048,6.0,128.0,133.0,531.0,1357.0,1610.0,3331.0,2316.0,1167.0,779.0,36.5,50.5,37.4,22.3,15.6,15.2,10.5,10.1
Ceignes (01430),/management/ville/ceignes/ville-01067,5.0,0.0,10.0,34.0,19.0,77.0,51.0,62.0,20.0,47.0,26.7,29.8,43.0,23.6,8.1,13.8,22.1,29.8
Aire-sur-la-Lys (62120),/management/ville/aire-sur-la-lys/ville-62014,50.0,205.0,360.0,780.0,1287.0,1250.0,2736.0,2091.0,1076.0,1458.0,32.7,41.1,32.7,22.4,14.9,14.4,19.7,19.9
Arro (20151),/management/ville/arro/ville-2A022,5.0,3.0,4.0,8.0,10.0,8.0,33.0,25.0,11.0,13.0,46.9,33.3,34.7,22.9,8.2,18.2,10.2,24.2
Apremont (01100),/management/ville/apremont/ville-01011,5.0,5.0,36.0,61.0,20.0,25.0,62.0,72.0,52.0,87.0,26.1,18.9,24.6,25.3,22.5,15.2,26.8,37.1
Bouzic (24250),/management/ville/bouzic/ville-24063,5.0,10.0,0.0,20.0,25.0,10.0,44.0,30.0,20.0,32.0,30.4,38.6,32.1,17.1,14.3,17.1,23.2,27.1
Bullion (78830),/management/ville/bullion/ville-78120,5.0,70.0,375.0,190.0,188.0,85.0,196.0,228.0,232.0,674.0,12.9,16.6,19.5,15.3,16.7,18.2,50.9,50.4
Cambes-en-Plaine (14610),/management/ville/cambes-en-plaine/ville-14125,11.0,33.0,231.0,234.0,162.0,118.0,187.0,251.0,225.0,542.0,13.6,17.2,23.6,18.6,18.0,19.3,44.9,45.0
Baissey (52250),/management/ville/baissey/ville-52035,0.0,5.0,10.0,15.0,35.0,25.0,66.0,54.0,26.0,12.0,32.1,51.9,46.9,20.5,13.6,19.5,7.4,7.8
Beaumont-sur-Vingeanne (21310),/management/ville/beaumont-sur-vingeanne/ville-21053,10.0,0.0,10.0,30.0,30.0,10.0,51.0,46.0,28.0,33.0,27.8,36.7,36.7,21.0,16.5,19.0,19.0,22.8
Bassac (16120),/management/ville/bassac/ville-16032,10.0,21.0,46.0,57.0,41.0,108.0,123.0,124.0,76.0,78.0,27.8,33.7,37.9,23.6,14.6,23.3,19.7,19.3
Arrodets (65130),/management/ville/arrodets/ville-65034,0.0,0.0,0.0,0.0,5.0,0.0,8.0,5.0,1.0,4.0,40.0,50.0,40.0,12.5,0.0,12.5,20.0,25.0
Bricon (52120),/management/ville/bricon/ville-52076,10.0,5.0,15.0,55.0,45.0,75.0,87.0,115.0,65.0,56.0,21.5,33.1,42.4,26.3,18.6,21.9,17.4,17.2
Airel (50680),/management/ville/airel/ville-50004,25.0,15.0,5.0,54.0,69.0,84.0,138.0,146.0,62.0,45.0,31.8,38.7,41.9,27.8,16.7,15.5,9.6,13.4
Cascastel-des-Corbières (11360),/management/ville/cascastel-des-corbieres/ville-11071,15.0,0.0,0.0,25.0,46.0,25.0,65.0,56.0,30.0,27.0,37.8,34.9,32.2,27.1,15.6,18.6,14.4,16.3
Apremont (08250),/management/ville/apremont/ville-08017,5.0,0.0,0.0,10.0,10.0,0.0,30.0,32.0,14.0,16.0,29.2,34.1,43.8,23.4,14.6,18.2,12.5,22.7
Cheminon (51250),/management/ville/cheminon/ville-51144,5.0,20.0,5.0,73.0,88.0,59.0,202.0,142.0,62.0,73.0,36.1,48.1,37.0,20.4,13.4,12.4,13.4,17.0
Amfreville-sous-les-Monts (27380),/management/ville/amfreville-sous-les-monts/ville-27013,0.0,25.0,20.0,76.0,81.0,46.0,44.0,112.0,73.0,111.0,10.6,14.8,35.3,28.0,22.4,20.7,31.8,33.7
Collonges-la-Rouge (19500),/management/ville/collonges-la-rouge/ville-19057,10.0,10.0,20.0,51.0,56.0,76.0,100.0,98.0,76.0,115.0,19.6,31.5,30.7,20.0,18.5,20.0,31.2,28.5
Baives (59132),/management/ville/baives/ville-59045,0.0,0.0,5.0,5.0,25.0,54.0,43.0,26.0,22.0,25.0,32.1,42.2,30.2,15.9,20.8,17.2,17.0,25.0
Beaumont-Village (37460),/management/ville/beaumont-village/ville-37023,16.0,5.0,0.0,16.0,38.0,27.0,81.0,57.0,32.0,39.0,33.3,44.7,36.2,17.8,15.2,14.6,15.2,22.3
Bessonies (46210),/management/ville/bessonies/ville-46338,10.0,0.0,0.0,5.0,5.0,0.0,28.0,13.0,20.0,9.0,39.4,40.5,21.2,18.2,30.3,27.0,9.1,16.2
Boissy-le-Châtel (77169),/management/ville/boissy-le-chatel/ville-77042,15.0,171.0,166.0,377.0,511.0,280.0,702.0,660.0,418.0,486.0,27.5,34.3,34.8,22.8,17.7,19.2,20.1,22.7
Belrupt-en-Verdunois (55100),/management/ville/belrupt-en-verdunois/ville-55045,10.0,20.0,20.0,40.0,151.0,45.0,83.0,138.0,86.0,122.0,18.0,20.3,39.5,24.2,20.5,19.4,22.0,34.7
Curnier (26110),/management/ville/curnier/ville-26112,0.0,23.0,9.0,28.0,14.0,19.0,37.0,39.0,35.0,31.0,29.2,24.4,33.8,22.7,23.1,25.6,13.8,28.2
Availles-Thouarsais (79600),/management/ville/availles-thouarsais/ville-79022,5.0,5.0,15.0,20.0,10.0,15.0,60.0,41.0,26.0,33.0,35.6,40.5,31.0,18.2,17.2,14.9,16.1,25.7
Chambles (42170),/management/ville/chambles/ville-42042,20.0,65.0,65.0,161.0,105.0,50.0,126.0,218.0,119.0,265.0,16.8,17.7,35.3,22.6,16.3,16.6,31.5,41.3
Chantraine (88000),/management/ville/chantraine/ville-88087,0.0,117.0,355.0,466.0,431.0,253.0,512.0,626.0,430.0,910.0,18.3,22.8,28.1,21.8,16.1,18.4,37.5,36.0
Corbelin (38630),/management/ville/corbelin/ville-38124,5.0,55.0,135.0,285.0,335.0,355.0,421.0,525.0,313.0,390.0,20.7,30.3,40.1,22.8,17.8,20.1,21.3,25.9
Cheminot (57420),/management/ville/cheminot/ville-57137,15.0,20.0,65.0,115.0,95.0,60.0,114.0,152.0,104.0,173.0,22.0,20.1,31.4,23.5,18.6,19.7,28.0,35.5
Bouilly (51390),/management/ville/bouilly/ville-51072,5.0,19.0,14.0,28.0,33.0,9.0,18.0,33.0,24.0,61.0,8.7,17.9,29.0,18.1,23.2,11.9,39.1,50.7
Collonges-lès-Bévy (21220),/management/ville/collonges-les-bevy/ville-21182,0.0,10.0,5.0,5.0,10.0,25.0,12.0,19.0,14.0,21.0,22.2,13.3,38.9,17.2,22.2,20.0,16.7,50.0
Ceilhes-et-Rocozels (34260),/management/ville/ceilhes-et-rocozels/ville-34071,10.0,20.0,15.0,25.0,25.0,30.0,71.0,71.0,63.0,45.0,24.4,32.8,34.4,23.6,21.4,29.4,19.8,16.0
Cieux (87520),/management/ville/cieux/ville-87045,20.0,20.0,30.0,140.0,105.0,85.0,224.0,229.0,133.0,175.0,23.8,35.0,39.9,20.0,16.4,18.5,19.8,26.1
Châteauroux (36000),/management/ville/chateauroux/ville-36044,20.0,699.0,2437.0,4501.0,6343.0,4833.0,11050.0,9275.0,5414.0,7496.0,28.9,36.8,32.9,22.3,15.6,16.9,22.7,22.5
Bouziès (46330),/management/ville/bouzies/ville-46037,0.0,0.0,0.0,0.0,15.0,10.0,24.0,17.0,16.0,12.0,26.5,42.9,35.3,16.1,20.6,25.7,17.6,17.1
Beaumontel (27170),/management/ville/beaumontel/ville-27050,0.0,10.0,15.0,36.0,98.0,124.0,201.0,141.0,90.0,116.0,29.8,43.4,32.7,18.0,17.8,14.7,19.6,23.2
Bessuéjouls (12500),/management/ville/bessuejouls/ville-12027,10.0,10.0,5.0,25.0,35.0,35.0,50.0,58.0,37.0,35.0,27.2,28.4,44.6,20.7,15.2,26.1,13.0,26.1
Boissy-le-Cutté (91590),/management/ville/boissy-le-cutte/ville-91080,0.0,30.0,85.0,195.0,215.0,215.0,288.0,263.0,170.0,222.0,30.9,30.1,32.4,23.0,14.1,22.0,22.5,24.6
Bassan (34290),/management/ville/bassan/ville-34025,15.0,60.0,110.0,230.0,320.0,180.0,438.0,479.0,273.0,396.0,25.2,29.7,35.8,23.9,14.2,19.9,24.7,25.2
Crémieu (38460),/management/ville/cremieu/ville-38138,0.0,125.0,230.0,450.0,375.0,315.0,714.0,546.0,415.0,804.0,23.5,33.4,27.0,17.3,18.2,15.5,31.3,33.4
Chemiré-en-Charnie (72540),/management/ville/chemire-en-charnie/ville-72074,10.0,10.0,0.0,25.0,35.0,10.0,39.0,49.0,28.0,46.0,15.4,32.1,38.5,22.1,14.1,20.2,32.1,25.0
Châteauroux-les-Alpes (05380),/management/ville/chateauroux-les-alpes/ville-05036,20.0,88.0,68.0,157.0,103.0,147.0,187.0,230.0,169.0,290.0,22.7,20.1,30.9,21.4,18.3,20.3,28.1,37.9
Briconville (28300),/management/ville/briconville/ville-28060,0.0,5.0,10.0,45.0,45.0,40.0,24.0,48.0,42.0,45.0,15.2,15.0,30.4,28.2,29.1,23.8,25.3,31.3
Apremont (60300),/management/ville/apremont/ville-60022,0.0,35.0,105.0,55.0,30.0,15.0,101.0,83.0,88.0,248.0,13.8,24.5,19.8,13.1,16.2,17.6,50.2,45.4
Case-Pilote (97222),/management/ville/case-pilote/ville-97205,40.0,205.0,295.0,555.0,615.0,305.0,929.0,645.0,605.0,1062.0,29.5,28.0,20.7,19.4,16.9,20.0,32.9,32.7
Amfreville-sur-Iton (27400),/management/ville/amfreville-sur-iton/ville-27014,0.0,15.0,75.0,140.0,36.0,116.0,140.0,158.0,110.0,176.0,22.1,25.9,29.7,22.6,21.4,16.3,26.9,33.3
Auchonvillers (80560),/management/ville/auchonvillers/ville-80038,10.0,0.0,0.0,0.0,30.0,30.0,21.0,31.0,30.0,20.0,12.0,28.8,38.0,23.5,34.0,25.0,16.0,23.1
Cursan (33670),/management/ville/cursan/ville-33145,0.0,36.0,26.0,114.0,95.0,51.0,82.0,120.0,95.0,153.0,17.5,18.9,31.1,22.5,18.4,23.9,32.9,35.1
Bessy (10170),/management/ville/bessy/ville-10043,5.0,0.0,10.0,0.0,20.0,20.0,31.0,34.0,17.0,18.0,23.5,38.8,39.2,24.6,21.6,12.2,15.7,20.4
Belsentes (07160),/management/ville/belsentes/ville-07165,15.0,45.0,20.0,20.0,90.0,74.0,150.0,146.0,65.0,66.0,35.8,34.4,38.8,25.9,12.9,17.9,12.5,19.0
Bully (42260),/management/ville/bully/ville-42027,10.0,40.0,15.0,50.0,30.0,45.0,75.0,112.0,58.0,64.0,21.9,26.4,45.0,25.5,16.9,20.9,16.3,25.7
Cambia (20244),/management/ville/cambia/ville-2B051,7.0,0.0,3.0,9.0,8.0,3.0,19.0,15.0,19.0,28.0,26.3,19.0,34.2,6.3,18.4,28.6,21.1,47.6
Baix (07210),/management/ville/baix/ville-07022,5.0,35.0,40.0,205.0,165.0,140.0,214.0,254.0,119.0,196.0,27.3,27.3,37.2,24.5,14.5,15.9,20.9,29.4
Chamblet (03170),/management/ville/chamblet/ville-03052,0.0,65.0,25.0,150.0,115.0,120.0,190.0,278.0,156.0,171.0,20.6,27.3,43.2,25.5,16.9,22.4,19.4,23.7
Amfroipret (59144),/management/ville/amfroipret/ville-59006,0.0,15.0,20.0,36.0,20.0,10.0,32.0,33.0,33.0,59.0,22.4,17.7,22.4,19.7,18.4,22.8,36.8,40.5
Auchy-au-Bois (62190),/management/ville/auchy-au-bois/ville-62049,5.0,5.0,21.0,42.0,52.0,58.0,109.0,101.0,60.0,92.0,24.9,35.4,33.5,21.1,17.9,14.8,23.7,27.0
Biras (24310),/management/ville/biras/ville-24042,5.0,30.0,30.0,85.0,120.0,95.0,104.0,153.0,101.0,123.0,20.5,22.8,38.9,23.7,20.9,21.1,19.7,31.6
Airion (60600),/management/ville/airion/ville-60008,0.0,0.0,49.0,71.0,49.0,33.0,57.0,94.0,70.0,92.0,12.7,23.6,36.0,23.4,24.0,20.6,27.3,31.5
Bouzigues (34140),/management/ville/bouzigues/ville-34039,71.0,92.0,56.0,153.0,179.0,87.0,340.0,333.0,263.0,405.0,24.1,26.5,27.5,21.5,20.6,18.8,27.8,32.6
Ceillac (05600),/management/ville/ceillac/ville-05026,0.0,30.0,10.0,35.0,40.0,15.0,48.0,63.0,56.0,70.0,21.6,18.8,29.6,23.9,21.6,25.9,27.2,32.1
Chambley-Bussières (54890),/management/ville/chambley-bussieres/ville-54112,5.0,36.0,5.0,98.0,108.0,107.0,125.0,172.0,76.0,90.0,24.4,29.4,45.3,25.8,17.3,15.5,12.9,25.6
Arrodets-ez-Angles (65100),/management/ville/arrodets-ez-angles/ville-65033,0.0,10.0,0.0,15.0,10.0,15.0,13.0,42.0,10.0,22.0,11.1,19.0,51.1,33.9,11.1,11.9,26.7,23.8
Bouilly-en-Gâtinais (45300),/management/ville/bouilly-en-gatinais/ville-45045,14.0,10.0,10.0,24.0,39.0,49.0,72.0,98.0,40.0,33.0,23.4,35.8,49.2,26.7,16.1,17.5,11.3,16.7
Ciez (58220),/management/ville/ciez/ville-58077,20.0,5.0,5.0,25.0,20.0,30.0,122.0,89.0,53.0,41.0,38.1,42.3,34.8,21.5,18.1,16.8,9.0,18.1
Beaumontois en Périgord (24440),/management/ville/beaumontois-en-perigord/ville-24028,47.0,116.0,44.0,113.0,250.0,117.0,539.0,456.0,218.0,295.0,33.1,38.0,35.3,23.3,13.8,15.0,17.8,21.2
Auchy-la-Montagne (60360),/management/ville/auchy-la-montagne/ville-60026,15.0,15.0,25.0,65.0,75.0,90.0,111.0,128.0,81.0,86.0,27.4,27.2,34.4,25.4,22.8,16.8,15.3,27.7
Biriatou (64700),/management/ville/biriatou/ville-64130,0.0,35.0,45.0,150.0,195.0,130.0,173.0,283.0,170.0,243.0,21.6,18.2,37.6,26.4,16.5,22.4,24.2,31.6
Bassanne (33190),/management/ville/bassanne/ville-33031,0.0,0.0,20.0,35.0,15.0,5.0,26.0,27.0,12.0,24.0,33.3,24.4,35.4,23.3,8.3,19.5,22.9,31.7
Collonges-lès-Premières (21110),/management/ville/collonges-les-premieres/ville-21183,0.0,20.0,45.0,121.0,80.0,142.0,136.0,215.0,115.0,143.0,20.6,24.0,40.8,26.7,19.3,18.8,19.3,27.6
Bricquebec-en-Cotentin (50260),/management/ville/bricquebec-en-cotentin/ville-50082,80.0,160.0,217.0,641.0,807.0,724.0,1711.0,1435.0,600.0,759.0,30.7,44.7,38.3,22.8,14.2,12.5,16.8,16.9
Châteauvert (83670),/management/ville/chateauvert/ville-83039,0.0,0.0,31.0,36.0,15.0,15.0,20.0,32.0,25.0,45.0,10.9,21.1,35.9,16.4,20.3,19.3,32.8,43.9
Crempigny-Bonneguête (74150),/management/ville/crempigny-bonneguete/ville-74095,0.0,0.0,25.0,46.0,20.0,66.0,41.0,67.0,39.0,53.0,16.5,23.8,44.3,22.9,18.6,19.8,20.6,32.7
Casefabre (66130),/management/ville/casefabre/ville-66040,10.0,5.0,0.0,0.0,0.0,10.0,12.0,8.0,7.0,8.0,50.0,23.8,21.4,26.3,0.0,33.3,28.6,19.0
Apremont (70100),/management/ville/apremont/ville-70024,15.0,25.0,0.0,35.0,59.0,85.0,106.0,111.0,62.0,55.0,28.8,34.8,40.6,24.3,17.1,20.1,13.5,19.5
Avajan (65240),/management/ville/avajan/ville-65050,5.0,14.0,0.0,5.0,14.0,5.0,9.0,13.0,16.0,25.0,16.7,11.1,19.4,25.0,27.8,22.2,36.1,40.7
Auchy-lès-Hesdin (62770),/management/ville/auchy-les-hesdin/ville-62050,5.0,20.0,35.0,70.0,180.0,235.0,582.0,377.0,136.0,106.0,41.7,54.5,36.4,23.0,12.7,10.1,9.2,8.5
Birieux (01330),/management/ville/birieux/ville-01045,10.0,5.0,41.0,56.0,35.0,10.0,38.0,57.0,28.0,69.0,19.1,20.0,30.9,25.5,12.8,16.8,37.2,34.7
Bouin (85230),/management/ville/bouin/ville-85029,90.0,60.0,35.0,115.0,260.0,350.0,797.0,553.0,254.0,206.0,39.3,48.4,37.3,22.0,14.5,13.6,8.9,13.6
Bully (69210),/management/ville/bully/ville-69032,46.0,77.0,158.0,291.0,240.0,97.0,297.0,417.0,255.0,489.0,16.5,23.9,31.6,23.3,20.2,14.9,31.6,35.3
Baixas (66390),/management/ville/baixas/ville-66014,55.0,30.0,115.0,335.0,370.0,300.0,565.0,572.0,305.0,473.0,27.8,31.1,35.7,22.7,15.3,16.5,21.2,27.9
Bricquebosq (50340),/management/ville/bricquebosq/ville-50083,15.0,5.0,45.0,85.0,75.0,45.0,98.0,122.0,68.0,117.0,20.0,28.4,37.1,22.0,14.8,18.8,28.1,29.9
Bessy-sur-Cure (89270),/management/ville/bessy-sur-cure/ville-89040,0.0,5.0,15.0,5.0,20.0,25.0,49.0,37.0,23.0,41.0,30.7,34.7,29.3,18.1,21.3,9.3,18.7,36.0
Amiens (80000),/management/ville/amiens/ville-80021,70.0,2004.0,10810.0,15028.0,17676.0,11387.0,28384.0,17190.0,13748.0,27798.0,28.4,36.2,23.3,16.5,16.1,15.5,32.3,31.6
Cambiac (31460),/management/ville/cambiac/ville-31102,20.0,0.0,20.0,20.0,15.0,15.0,44.0,38.0,26.0,56.0,26.2,28.4,27.4,17.6,16.7,13.6,29.8,39.5
Corbenay (70320),/management/ville/corbenay/ville-70171,5.0,35.0,25.0,91.0,192.0,182.0,357.0,340.0,159.0,136.0,31.2,40.0,40.8,25.5,15.2,16.7,12.8,14.7
Auchy-les-Mines (62138),/management/ville/auchy-les-mines/ville-62051,15.0,85.0,130.0,463.0,668.0,679.0,1187.0,1041.0,529.0,541.0,29.4,41.8,37.8,23.7,16.0,16.2,16.9,16.0
Avallon (89200),/management/ville/avallon/ville-89025,16.0,167.0,255.0,453.0,1055.0,934.0,2179.0,1506.0,738.0,901.0,36.4,44.8,33.7,21.6,13.5,14.2,16.4,17.4
Boissy-le-Repos (51210),/management/ville/boissy-le-repos/ville-51070,10.0,15.0,0.0,20.0,25.0,29.0,74.0,70.0,29.0,20.0,37.8,38.3,34.7,30.4,16.3,14.9,11.2,9.6
Ceilloux (63520),/management/ville/ceilloux/ville-63065,5.0,0.0,0.0,35.0,25.0,20.0,35.0,45.0,24.0,31.0,21.1,31.3,43.7,20.6,19.7,15.6,15.5,31.3
Bouzin (31420),/management/ville/bouzin/ville-31086,0.0,5.0,0.0,11.0,16.0,11.0,16.0,17.0,16.0,26.0,25.6,16.2,23.1,24.3,17.9,24.3,33.3,35.1
Cigogné (37310),/management/ville/cigogne/ville-37075,10.0,15.0,20.0,30.0,40.0,55.0,91.0,90.0,59.0,76.0,25.0,32.5,34.0,21.9,19.9,17.5,21.2,26.9
Arromanches-les-Bains (14117),/management/ville/arromanches-les-bains/ville-14021,5.0,46.0,26.0,36.0,67.0,31.0,136.0,156.0,45.0,92.0,30.2,32.9,45.9,24.2,8.3,12.4,15.6,26.7
Beaumotte-Aubertans (70190),/management/ville/beaumotte-aubertans/ville-70059,14.0,5.0,28.0,80.0,33.0,47.0,72.0,120.0,61.0,87.0,18.6,23.9,42.9,24.4,19.2,16.6,19.2,32.5
Chambly (60230),/management/ville/chambly/ville-60139,0.0,206.0,524.0,1627.0,1621.0,1068.0,2145.0,2115.0,1239.0,1663.0,26.3,33.3,35.2,23.0,16.2,18.2,22.3,24.1
Baizieux (80300),/management/ville/baizieux/ville-80052,10.0,0.0,0.0,15.0,60.0,40.0,45.0,48.0,28.0,29.0,20.8,38.5,44.4,19.8,20.8,16.7,13.9,24.4
Cambieure (11240),/management/ville/cambieure/ville-11061,0.0,5.0,25.0,30.0,25.0,5.0,70.0,61.0,42.0,60.0,28.6,31.7,28.6,21.9,21.0,15.1,21.9,29.4
Basse-Goulaine (44115),/management/ville/basse-goulaine/ville-44009,15.0,304.0,1020.0,1300.0,996.0,559.0,956.0,1581.0,1161.0,2633.0,12.1,17.9,26.0,22.6,18.8,17.9,43.0,40.2
Chemiré-le-Gaudin (72210),/management/ville/chemire-le-gaudin/ville-72075,20.0,24.0,59.0,73.0,132.0,152.0,153.0,228.0,134.0,169.0,19.9,24.8,38.5,25.3,21.1,18.0,20.5,29.4
Collonges-sous-Salève (74160),/management/ville/collonges-sous-saleve/ville-74082,0.0,109.0,463.0,676.0,509.0,299.0,546.0,597.0,565.0,1193.0,15.3,21.9,25.2,17.3,17.7,21.1,41.7,40.6
Auchy-lez-Orchies (59310),/management/ville/auchy-lez-orchies/ville-59029,10.0,41.0,183.0,234.0,157.0,112.0,216.0,230.0,198.0,444.0,16.1,23.6,24.4,18.1,17.6,18.8,41.9,39.7
Cilaos (97413),/management/ville/cilaos/ville-97424,40.0,119.0,59.0,267.0,901.0,896.0,2474.0,765.0,400.0,264.0,60.4,66.4,24.2,14.3,9.7,10.8,5.6,7.9
Apremont (73190),/management/ville/apremont/ville-73017,31.0,46.0,91.0,127.0,152.0,72.0,172.0,243.0,130.0,236.0,20.2,23.9,37.7,22.9,16.0,17.3,26.1,34.3
Châteauvieux (05000),/management/ville/chateauvieux/ville-05037,0.0,30.0,25.0,55.0,60.0,20.0,66.0,83.0,71.0,154.0,14.8,20.3,28.4,17.1,15.8,21.9,41.0,41.7
Avançon (05230),/management/ville/avancon/ville-05011,20.0,25.0,10.0,35.0,50.0,65.0,69.0,101.0,66.0,64.0,17.1,28.6,45.9,21.8,23.3,20.8,13.7,28.6
Camblain-Châtelain (62470),/management/ville/camblain-chatelain/ville-62197,5.0,45.0,35.0,191.0,277.0,212.0,376.0,393.0,250.0,247.0,23.7,35.0,36.5,24.4,21.0,18.7,18.8,20.1
Biron (17800),/management/ville/biron/ville-17047,10.0,5.0,5.0,29.0,34.0,48.0,64.0,70.0,27.0,23.0,28.4,41.6,44.2,26.0,15.8,13.5,11.6,14.6
Bully (76270),/management/ville/bully/ville-76147,10.0,15.0,30.0,120.0,150.0,95.0,191.0,218.0,119.0,144.0,23.6,33.0,40.0,23.6,17.0,18.4,19.4,23.4
Bouin-Plumoison (62140),/management/ville/bouin-plumoison/ville-62661,5.0,0.0,0.0,30.0,70.0,105.0,146.0,111.0,55.0,53.0,34.4,45.6,35.5,22.9,15.3,14.8,14.8,14.3
Airon-Notre-Dame (62180),/management/ville/airon-notre-dame/ville-62015,0.0,10.0,20.0,50.0,20.0,30.0,40.0,40.0,31.0,49.0,27.4,22.4,31.0,19.2,16.7,22.4,25.0,36.8
Amifontaine (02190),/management/ville/amifontaine/ville-02013,5.0,20.0,10.0,75.0,35.0,60.0,116.0,80.0,48.0,55.0,37.1,40.5,33.8,19.1,15.2,16.9,13.9,23.0
Bestiac (09250),/management/ville/bestiac/ville-09053,5.0,0.0,0.0,5.0,0.0,5.0,1.0,3.0,6.0,6.0,12.5,0.0,25.0,16.7,37.5,37.5,25.0,50.0
Bricqueville (14710),/management/ville/bricqueville/ville-14107,0.0,15.0,0.0,26.0,20.0,26.0,46.0,38.0,22.0,25.0,29.0,42.6,39.1,17.7,17.4,16.4,14.5,23.0
Corbeny (02820),/management/ville/corbeny/ville-02215,9.0,33.0,19.0,70.0,103.0,122.0,185.0,141.0,114.0,117.0,29.0,37.3,30.5,20.1,23.0,18.1,17.5,24.0
Curtafond (01310),/management/ville/curtafond/ville-01140,5.0,20.0,25.0,110.0,120.0,120.0,155.0,165.0,113.0,148.0,22.6,30.7,37.2,20.5,15.6,23.2,24.7,26.3
Avançon (08300),/management/ville/avancon/ville-08038,14.0,19.0,9.0,38.0,23.0,19.0,53.0,51.0,41.0,64.0,24.0,26.9,36.5,13.3,14.4,25.0,25.0,36.5
Bouzincourt (80300),/management/ville/bouzincourt/ville-80129,0.0,19.0,30.0,84.0,70.0,89.0,123.0,134.0,60.0,82.0,25.9,35.5,42.1,22.8,14.7,15.5,17.3,24.0
Boissy-le-Sec (91870),/management/ville/boissy-le-sec/ville-91081,15.0,20.0,55.0,91.0,71.0,86.0,104.0,131.0,74.0,178.0,21.3,21.5,35.7,18.0,10.8,19.4,32.1,41.4
Beaumotte-lès-Pin (70150),/management/ville/beaumotte-les-pin/ville-70060,0.0,10.0,25.0,75.0,10.0,40.0,64.0,67.0,43.0,57.0,21.6,34.9,38.4,17.3,22.4,14.2,17.6,33.0
Bélus (40300),/management/ville/belus/ville-40034,5.0,40.0,15.0,90.0,65.0,75.0,108.0,151.0,76.0,114.0,20.6,27.4,42.2,23.3,17.0,16.8,20.2,30.5
Ceintrey (54134),/management/ville/ceintrey/ville-54109,15.0,25.0,64.0,163.0,119.0,49.0,116.0,159.0,126.0,232.0,15.2,21.2,32.0,18.6,19.9,19.6,32.9,40.8
Cremps (46230),/management/ville/cremps/ville-46082,5.0,25.0,15.0,20.0,55.0,20.0,57.0,69.0,50.0,107.0,17.0,23.9,30.6,17.3,17.7,17.9,34.7,41.0
Bully-les-Mines (62160),/management/ville/bully-les-mines/ville-62186,5.0,174.0,380.0,1137.0,1576.0,1610.0,3478.0,2614.0,1508.0,1307.0,31.7,45.2,36.5,21.9,17.2,16.7,14.6,14.7
Chambois (27240),/management/ville/chambois/ville-27032,39.0,39.0,69.0,158.0,241.0,172.0,212.0,296.0,184.0,270.0,20.5,23.5,35.9,24.6,17.5,20.6,26.1,30.0
Curtil-Saint-Seine (21380),/management/ville/curtil-saint-seine/ville-21218,0.0,0.0,30.0,15.0,15.0,20.0,16.0,23.0,13.0,33.0,16.3,21.4,34.9,17.8,18.6,11.9,30.2,47.6
Bouzon-Gellenave (32290),/management/ville/bouzon-gellenave/ville-32063,15.0,10.0,15.0,5.0,20.0,25.0,53.0,36.0,23.0,46.0,34.9,32.0,21.7,21.4,16.9,12.0,26.5,32.0
Cilly (02250),/management/ville/cilly/ville-02194,10.0,0.0,26.0,10.0,16.0,26.0,79.0,36.0,27.0,24.0,42.7,53.0,31.7,13.3,11.0,21.7,14.6,13.3
Collongues (06910),/management/ville/collongues/ville-06045,11.0,0.0,0.0,6.0,33.0,0.0,23.0,27.0,17.0,9.0,31.7,28.6,43.9,24.3,24.4,20.0,0.0,25.7
Bajamont (47480),/management/ville/bajamont/ville-47019,0.0,60.0,65.0,140.0,195.0,100.0,178.0,205.0,119.0,255.0,22.3,24.7,33.2,20.5,13.0,18.4,31.6,35.8
Aucun (65400),/management/ville/aucun/ville-65045,0.0,10.0,10.0,15.0,36.0,21.0,44.0,70.0,31.0,71.0,21.8,19.6,40.0,23.0,10.0,18.7,28.2,37.4
Chemy (59147),/management/ville/chemy/ville-59145,0.0,20.0,90.0,85.0,100.0,55.0,84.0,124.0,116.0,233.0,15.5,14.7,20.9,23.0,21.2,20.5,42.4,41.0
Basse-Ham (57970),/management/ville/basse-ham/ville-57287,0.0,50.0,145.0,334.0,283.0,274.0,440.0,552.0,277.0,431.0,19.9,31.4,37.0,25.4,15.9,16.7,27.3,23.5
Châteauvieux (41110),/management/ville/chateauvieux/ville-41042,15.0,31.0,10.0,36.0,61.0,56.0,170.0,149.0,64.0,68.0,29.5,44.5,39.1,24.1,16.4,12.7,15.0,15.1
Apremont (85220),/management/ville/apremont/ville-85006,60.0,35.0,60.0,169.0,208.0,283.0,380.0,423.0,273.0,243.0,25.0,32.7,39.1,23.9,20.8,20.6,15.1,21.8
Crenans (39260),/management/ville/crenans/ville-39179,0.0,30.0,30.0,30.0,30.0,15.0,52.0,55.0,31.0,48.0,22.7,33.7,38.1,18.8,20.6,12.4,18.6,33.7
Chantraines (52700),/management/ville/chantraines/ville-52107,0.0,0.0,0.0,20.0,40.0,30.0,53.0,54.0,32.0,23.0,23.8,41.5,45.0,22.0,17.5,22.0,13.8,14.6
Airon-Saint-Vaast (62180),/management/ville/airon-saint-vaast/ville-62016,0.0,0.0,24.0,34.0,29.0,24.0,44.0,38.0,29.0,25.0,33.8,31.8,30.9,23.2,22.1,19.7,13.2,24.2
Bétaille (46110),/management/ville/betaille/ville-46028,35.0,52.0,44.0,78.0,97.0,135.0,264.0,247.0,126.0,159.0,29.6,36.5,38.0,23.1,13.4,18.1,19.1,20.8
Bouisse (11330),/management/ville/bouisse/ville-11044,0.0,0.0,5.0,5.0,9.0,9.0,26.0,19.0,14.0,22.0,26.8,37.5,34.1,13.5,14.6,20.0,24.4,30.0
Bricqueville-la-Blouette (50200),/management/ville/bricqueville-la-blouette/ville-50084,0.0,5.0,35.0,71.0,76.0,60.0,134.0,132.0,71.0,108.0,26.9,33.5,33.3,23.9,15.5,16.1,24.2,24.1
Audaux (64190),/management/ville/audaux/ville-64075,10.0,5.0,0.0,24.0,5.0,24.0,25.0,36.0,26.0,37.0,15.2,26.2,31.8,23.8,21.2,21.3,31.8,27.9
Cinais (37500),/management/ville/cinais/ville-37076,5.0,35.0,25.0,45.0,45.0,79.0,93.0,118.0,50.0,68.0,22.0,34.1,43.3,24.7,17.7,12.6,17.1,24.6
Curtil-sous-Buffières (71520),/management/ville/curtil-sous-buffieres/ville-71163,0.0,10.0,10.0,10.0,15.0,10.0,16.0,21.0,17.0,17.0,30.3,15.8,27.3,30.8,18.2,28.9,24.2,23.7
Corbère (66130),/management/ville/corbere/ville-66055,30.0,40.0,30.0,80.0,144.0,114.0,137.0,151.0,84.0,141.0,27.5,25.7,33.6,23.4,15.6,17.0,23.3,32.0
Bouix (21330),/management/ville/bouix/ville-21093,5.0,15.0,0.0,10.0,20.0,20.0,33.0,46.0,20.0,22.0,21.8,31.8,40.0,28.9,23.6,10.6,14.5,21.2
Boissy-lès-Perche (28340),/management/ville/boissy-les-perche/ville-28046,5.0,15.0,15.0,30.0,79.0,84.0,137.0,108.0,51.0,88.0,32.3,38.9,33.3,20.6,14.6,11.9,19.8,26.4
Courcelles-la-Forêt (72270),/management/ville/courcelles-la-foret/ville-72100,30.0,20.0,30.0,50.0,55.0,60.0,69.0,95.0,75.0,51.0,19.7,27.7,38.0,27.3,25.4,26.4,16.9,18.2
Avanne-Aveney (25720),/management/ville/avanne-aveney/ville-25036,0.0,70.0,175.0,290.0,155.0,150.0,587.0,359.0,264.0,527.0,25.2,41.0,25.4,16.0,18.7,12.3,30.7,30.0
Belval (08090),/management/ville/belval/ville-08058,0.0,5.0,10.0,30.0,55.0,20.0,28.0,39.0,42.0,57.0,14.8,18.8,28.4,20.5,23.5,27.1,33.3,35.3
Cellé (41360),/management/ville/celle/ville-41030,20.0,0.0,5.0,5.0,15.0,31.0,74.0,65.0,26.0,24.0,34.4,44.6,39.6,25.0,17.7,8.7,8.3,16.3
Beaunay (51270),/management/ville/beaunay/ville-51045,11.0,0.0,5.0,5.0,0.0,27.0,42.0,30.0,10.0,7.0,39.0,55.3,41.5,23.6,9.8,10.6,9.8,6.4
Bulson (08450),/management/ville/bulson/ville-08088,5.0,5.0,5.0,25.0,15.0,10.0,16.0,31.0,21.0,31.0,14.6,17.6,33.3,26.3,25.0,17.6,27.1,35.3
Audelange (39700),/management/ville/audelange/ville-39024,10.0,5.0,0.0,35.0,65.0,45.0,45.0,64.0,41.0,58.0,18.1,25.2,29.5,27.5,23.8,15.5,28.6,27.2
Chambolle-Musigny (21220),/management/ville/chambolle-musigny/ville-21133,20.0,5.0,25.0,35.0,25.0,40.0,52.0,54.0,61.0,66.0,16.7,29.0,28.6,18.8,25.4,27.1,29.4,27.1
Bricqueville-sur-Mer (50290),/management/ville/bricqueville-sur-mer/ville-50085,15.0,30.0,44.0,182.0,104.0,133.0,240.0,298.0,168.0,248.0,21.0,29.2,40.8,21.3,16.6,18.6,21.6,30.2
Bouzonville (57320),/management/ville/bouzonville/ville-57106,5.0,56.0,167.0,213.0,330.0,613.0,1015.0,1040.0,528.0,389.0,24.5,42.8,41.4,25.7,20.2,15.6,13.8,12.4
Corbère-Abères (64350),/management/ville/corbere-aberes/ville-64193,15.0,0.0,0.0,20.0,5.0,15.0,30.0,29.0,12.0,16.0,32.6,36.6,37.0,25.5,13.0,14.6,17.4,19.5
Basse-Pointe (97218),/management/ville/basse-pointe/ville-97203,26.0,90.0,32.0,184.0,421.0,458.0,1584.0,559.0,258.0,193.0,61.9,60.3,24.9,17.5,7.2,12.4,6.0,8.7
Bajonnette (32120),/management/ville/bajonnette/ville-32026,9.0,0.0,0.0,5.0,19.0,9.0,29.0,24.0,13.0,17.0,31.0,39.0,31.0,22.7,16.7,17.1,21.4,19.5
Collongues (65350),/management/ville/collongues/ville-65151,0.0,5.0,10.0,25.0,20.0,5.0,22.0,36.0,24.0,29.0,14.5,25.0,40.0,24.1,21.8,21.4,23.6,28.6
Avant-lès-Marcilly (10400),/management/ville/avant-les-marcilly/ville-10020,5.0,15.0,35.0,60.0,65.0,55.0,155.0,101.0,61.0,60.0,39.2,43.6,31.2,20.7,15.9,16.5,13.8,18.1
Chenac-Saint-Seurin-d'Uzet (17120),/management/ville/chenac-saint-seurin-d-uzet/ville-17098,25.0,29.0,10.0,34.0,79.0,74.0,151.0,170.0,68.0,88.0,28.0,35.4,43.5,24.8,12.6,15.6,15.9,21.1
Chambon (17290),/management/ville/chambon/ville-17080,19.0,29.0,13.0,111.0,121.0,113.0,175.0,246.0,134.0,126.0,24.6,26.8,40.2,28.6,19.2,20.1,16.0,21.0
Bricy (45310),/management/ville/bricy/ville-45055,0.0,15.0,50.0,95.0,135.0,40.0,93.0,117.0,106.0,114.0,16.5,29.0,27.1,25.3,28.2,19.3,28.2,24.4
Caseneuve (84750),/management/ville/caseneuve/ville-84032,31.0,26.0,41.0,72.0,31.0,46.0,89.0,102.0,63.0,134.0,23.4,22.3,30.8,20.6,14.9,18.1,30.8,38.3
Bouzonville-aux-Bois (45300),/management/ville/bouzonville-aux-bois/ville-45047,0.0,5.0,16.0,41.0,47.0,83.0,121.0,118.0,38.0,40.0,30.7,45.8,49.1,21.6,13.5,11.0,6.7,18.7
Creney-près-Troyes (10150),/management/ville/creney-pres-troyes/ville-10115,0.0,65.0,120.0,229.0,182.0,125.0,512.0,337.0,253.0,289.0,30.4,42.5,30.1,18.6,20.2,16.4,19.3,22.0
Airoux (11320),/management/ville/airoux/ville-11002,0.0,5.0,15.0,20.0,24.0,15.0,20.0,20.0,20.0,54.0,11.9,24.6,20.3,15.3,23.7,12.3,44.1,47.4
Betaucourt (70500),/management/ville/betaucourt/ville-70066,5.0,10.0,0.0,0.0,20.0,20.0,56.0,42.0,11.0,18.0,41.9,46.2,33.9,26.3,8.1,9.2,16.1,12.3
Camblain-l'Abbé (62690),/management/ville/camblain-l-abbe/ville-62199,5.0,10.0,61.0,96.0,71.0,30.0,109.0,121.0,91.0,156.0,19.4,26.3,25.2,23.4,21.5,16.9,33.9,31.4
Biron (24540),/management/ville/biron/ville-24043,6.0,18.0,0.0,12.0,18.0,12.0,33.0,39.0,35.0,41.0,18.9,25.0,31.1,22.9,23.0,25.0,27.0,27.8
Curtil-sous-Burnand (71460),/management/ville/curtil-sous-burnand/ville-71164,0.0,20.0,10.0,20.0,10.0,5.0,32.0,31.0,17.0,29.0,22.4,35.0,40.8,17.7,16.3,15.0,20.4,31.7
Cindré (03220),/management/ville/cindre/ville-03079,45.0,10.0,5.0,15.0,35.0,60.0,66.0,85.0,44.0,35.0,25.8,32.1,37.9,30.9,18.5,19.8,17.7,12.3
Avant-lès-Ramerupt (10240),/management/ville/avant-les-ramerupt/ville-10021,5.0,10.0,0.0,15.0,25.0,30.0,41.0,43.0,18.0,19.0,32.8,35.7,46.3,22.4,10.4,19.6,10.4,21.4
Chenailler-Mascheix (19120),/management/ville/chenailler-mascheix/ville-19054,10.0,10.0,5.0,15.0,15.0,20.0,61.0,41.0,42.0,24.0,30.2,42.0,37.2,12.7,26.7,23.5,5.8,23.5
Crennes-sur-Fraubée (53700),/management/ville/crennes-sur-fraubee/ville-53085,0.0,15.0,5.0,15.0,34.0,15.0,57.0,39.0,24.0,25.0,41.9,37.0,29.7,23.4,13.5,19.2,14.9,19.2
Châteauvieux (83840),/management/ville/chateauvieux/ville-83040,0.0,0.0,0.0,5.0,21.0,5.0,28.0,29.0,13.0,3.0,27.0,50.0,45.9,27.9,21.6,13.9,5.4,2.8
Celle-Lévescault (86600),/management/ville/celle-levescault/ville-86045,20.0,75.0,95.0,175.0,205.0,125.0,193.0,276.0,196.0,287.0,20.7,19.7,33.9,23.4,20.3,20.8,25.1,35.3
Belval (50210),/management/ville/belval/ville-50044,0.0,25.0,10.0,40.0,45.0,60.0,63.0,93.0,35.0,48.0,27.4,25.2,41.9,29.7,13.7,15.7,16.9,23.5
Beaune (21200),/management/ville/beaune/ville-21054,103.0,709.0,1241.0,2183.0,2977.0,2896.0,5777.0,4072.0,2385.0,4379.0,30.6,38.4,28.8,19.6,14.0,14.6,26.5,26.2
Audeloncourt (52240),/management/ville/audeloncourt/ville-52025,5.0,0.0,0.0,5.0,0.0,5.0,32.0,18.0,14.0,9.0,40.0,48.5,25.0,22.2,22.5,15.2,12.5,12.1
Bult (88700),/management/ville/bult/ville-88080,5.0,5.0,25.0,35.0,35.0,25.0,54.0,79.0,44.0,47.0,24.8,23.6,37.2,29.0,19.5,20.0,18.6,23.6
Arronnes (03250),/management/ville/arronnes/ville-03008,25.0,5.0,5.0,20.0,35.0,55.0,86.0,98.0,51.0,58.0,25.8,33.1,39.7,24.5,17.2,17.6,17.2,22.5
Chantrans (25330),/management/ville/chantrans/ville-25120,10.0,15.0,15.0,15.0,44.0,65.0,74.0,122.0,35.0,56.0,22.6,28.6,47.3,29.8,13.7,10.7,16.4,22.9
Apremont-la-Forêt (55300),/management/ville/apremont-la-foret/ville-55012,5.0,25.0,10.0,50.0,40.0,60.0,85.0,98.0,55.0,53.0,27.0,31.1,39.0,25.8,19.9,18.2,14.2,22.3
Airvault (79600),/management/ville/airvault/ville-79005,60.0,100.0,60.0,295.0,420.0,495.0,1039.0,879.0,349.0,376.0,33.0,45.1,40.6,23.5,12.9,13.5,13.5,14.9
Corbère-les-Cabanes (66130),/management/ville/corbere-les-cabanes/ville-66056,5.0,31.0,36.0,113.0,144.0,159.0,184.0,284.0,149.0,177.0,22.9,23.2,41.6,27.5,17.6,19.8,17.9,26.6
Châteauvieux-les-Fossés (25840),/management/ville/chateauvieux-les-fosses/ville-25130,0.0,0.0,0.0,0.0,0.0,0.0,3.0,2.0,5.0,2.0,28.6,20.0,14.3,25.0,42.9,40.0,14.3,20.0
Collorec (29530),/management/ville/collorec/ville-29036,30.0,15.0,5.0,50.0,50.0,90.0,176.0,153.0,91.0,63.0,26.8,45.6,39.1,22.7,21.7,16.1,12.3,13.7
Chénas (69840),/management/ville/chenas/ville-69053,25.0,20.0,40.0,90.0,60.0,55.0,86.0,143.0,65.0,99.0,19.1,24.9,42.2,26.6,16.1,17.1,22.6,28.0
Créon (33670),/management/ville/creon/ville-33140,15.0,91.0,178.0,573.0,845.0,531.0,980.0,1018.0,601.0,801.0,24.6,32.3,35.3,23.8,16.7,18.5,23.5,23.6
Brides-les-Bains (73570),/management/ville/brides-les-bains/ville-73057,0.0,40.0,20.0,76.0,51.0,10.0,98.0,109.0,74.0,131.0,21.5,26.6,33.2,19.2,18.5,16.9,26.8,36.7
Chambon (18190),/management/ville/chambon/ville-18046,25.0,15.0,5.0,10.0,35.0,15.0,36.0,54.0,20.0,22.0,26.1,28.6,47.8,28.4,14.5,15.9,11.6,22.2
Cellefrouin (16260),/management/ville/cellefrouin/ville-16068,15.0,15.0,10.0,25.0,50.0,66.0,179.0,136.0,90.0,57.0,36.8,41.2,34.7,22.5,19.8,19.0,8.7,16.3
Audembert (62250),/management/ville/audembert/ville-62052,20.0,5.0,20.0,49.0,44.0,39.0,43.0,77.0,56.0,121.0,11.1,17.8,25.0,23.8,23.6,13.8,40.3,41.4
Bouzy (51150),/management/ville/bouzy/ville-51079,30.0,25.0,55.0,81.0,142.0,157.0,212.0,189.0,131.0,152.0,29.8,31.7,32.2,22.9,17.8,20.7,20.2,24.1
Courcelles-le-Comte (62121),/management/ville/courcelles-le-comte/ville-62248,10.0,15.0,5.0,41.0,76.0,81.0,98.0,97.0,64.0,73.0,26.9,32.1,35.3,22.5,19.2,18.8,18.6,25.5
Betbèze (65230),/management/ville/betbeze/ville-65088,0.0,0.0,0.0,5.0,15.0,5.0,10.0,9.0,7.0,7.0,20.0,38.9,46.7,13.3,13.3,27.8,20.0,22.2
Biron (64300),/management/ville/biron/ville-64131,0.0,25.0,20.0,76.0,96.0,51.0,137.0,167.0,69.0,104.0,24.1,33.1,37.5,27.4,15.1,13.5,23.3,20.8
Cinq-Mars-la-Pile (37130),/management/ville/cinq-mars-la-pile/ville-37077,0.0,92.0,155.0,552.0,601.0,451.0,556.0,740.0,481.0,696.0,19.0,25.9,35.7,23.0,19.8,19.0,25.5,30.8
Collorgues (30190),/management/ville/collorgues/ville-30086,5.0,33.0,29.0,100.0,95.0,52.0,91.0,124.0,90.0,137.0,18.5,22.3,37.4,20.5,16.6,23.6,27.5,34.5
Bridoré (37600),/management/ville/bridore/ville-37039,15.0,15.0,10.0,25.0,64.0,94.0,208.0,111.0,53.0,58.0,43.1,53.4,33.5,17.5,12.0,12.7,11.5,15.4
Boujailles (25560),/management/ville/boujailles/ville-25079,35.0,5.0,10.0,20.0,50.0,90.0,93.0,103.0,60.0,55.0,20.5,39.4,44.9,20.8,19.9,18.7,14.7,20.6
Basse-Rentgen (57570),/management/ville/basse-rentgen/ville-57574,5.0,0.0,65.0,87.0,87.0,27.0,56.0,81.0,57.0,149.0,14.6,17.9,26.9,19.1,18.7,14.5,39.8,47.4
Bajus (62150),/management/ville/bajus/ville-62077,0.0,5.0,30.0,40.0,76.0,40.0,51.0,83.0,48.0,76.0,16.0,23.7,44.0,20.5,17.6,19.8,22.4,35.9
Amigny (50620),/management/ville/amigny/ville-50006,5.0,0.0,5.0,0.0,24.0,24.0,29.0,35.0,21.0,21.0,28.6,26.9,37.5,26.3,19.6,19.2,14.3,25.0
Avanton (86170),/management/ville/avanton/ville-86016,0.0,61.0,148.0,326.0,387.0,209.0,297.0,449.0,305.0,489.0,16.4,22.2,33.6,23.2,21.5,18.2,28.5,34.9
Beaune-d'Allier (03390),/management/ville/beaune-d-allier/ville-03020,15.0,10.0,20.0,15.0,30.0,30.0,77.0,73.0,43.0,44.0,28.0,38.7,36.4,22.3,18.2,17.9,17.4,19.8
Bouzy-la-Forêt (45460),/management/ville/bouzy-la-foret/ville-45049,5.0,24.0,54.0,179.0,169.0,176.0,238.0,261.0,169.0,211.0,23.0,31.1,37.6,21.8,18.1,20.4,21.3,26.4
Celles (09000),/management/ville/celles/ville-09093,0.0,5.0,0.0,10.0,15.0,10.0,33.0,34.0,19.0,23.0,29.2,31.8,36.9,19.6,24.6,6.8,9.2,38.6
Belval (88210),/management/ville/belval/ville-88053,5.0,0.0,15.0,15.0,34.0,34.0,24.0,47.0,18.0,27.0,15.5,25.0,43.1,29.7,19.0,13.3,22.4,25.0
Cases-de-Pène (66600),/management/ville/cases-de-pene/ville-66041,15.0,37.0,36.0,145.0,125.0,72.0,128.0,181.0,124.0,178.0,18.6,23.4,34.9,22.7,22.4,18.1,24.0,34.4
Chantrigné (53300),/management/ville/chantrigne/ville-53055,26.0,26.0,35.0,61.0,66.0,92.0,168.0,149.0,72.0,82.0,30.3,41.2,37.3,22.8,16.6,14.2,15.8,19.3
Boissy-Mauvoisin (78200),/management/ville/boissy-mauvoisin/ville-78082,5.0,14.0,50.0,78.0,103.0,67.0,113.0,111.0,88.0,129.0,23.7,27.6,30.8,19.7,18.8,21.2,26.8,31.8
Aiserey (21110),/management/ville/aiserey/ville-21005,5.0,45.0,69.0,109.0,144.0,153.0,252.0,328.0,181.0,238.0,20.5,29.6,40.7,23.8,18.0,18.2,20.7,26.7
Chenay (51140),/management/ville/chenay/ville-51145,5.0,10.0,30.0,45.0,15.0,15.0,40.0,37.0,32.0,84.0,18.6,22.9,20.6,17.9,14.4,18.8,46.4,40.6
Apremont-sur-Allier (18150),/management/ville/apremont-sur-allier/ville-18007,5.0,10.0,5.0,5.0,5.0,5.0,11.0,19.0,10.0,20.0,18.8,17.9,37.5,24.1,12.5,21.4,31.3,35.7
Corberon (21250),/management/ville/corberon/ville-21189,0.0,20.0,30.0,70.0,70.0,75.0,76.0,97.0,55.0,96.0,19.0,27.7,36.1,22.2,18.4,15.7,26.6,32.5
Créon-d'Armagnac (40240),/management/ville/creon-d-armagnac/ville-40087,5.0,5.0,0.0,30.0,50.0,55.0,93.0,116.0,40.0,33.0,30.9,35.0,44.6,30.9,12.9,15.4,11.5,11.9
Amigny-Rouy (02700),/management/ville/amigny-rouy/ville-02014,0.0,35.0,5.0,95.0,55.0,80.0,158.0,164.0,102.0,115.0,27.7,31.5,37.9,21.9,16.0,22.2,18.4,24.5
Chambon (30450),/management/ville/chambon/ville-30079,5.0,15.0,10.0,45.0,35.0,10.0,54.0,69.0,46.0,62.0,21.7,25.2,35.0,23.7,18.3,21.6,25.0,28.8
Châteauvilain (38300),/management/ville/chateauvilain/ville-38091,10.0,20.0,55.0,120.0,70.0,80.0,184.0,103.0,101.0,119.0,38.5,33.9,21.8,19.0,19.8,20.0,19.8,27.3
Camblanes-et-Meynac (33360),/management/ville/camblanes-et-meynac/ville-33085,10.0,100.0,275.0,475.0,340.0,165.0,390.0,540.0,379.0,782.0,18.0,19.3,28.8,22.1,17.5,18.7,35.8,38.9
Bun (65400),/management/ville/bun/ville-65112,15.0,0.0,0.0,10.0,25.0,25.0,36.0,35.0,15.0,25.0,31.0,34.0,37.9,22.4,12.1,15.1,19.0,26.4
Audenge (33980),/management/ville/audenge/ville-33019,31.0,330.0,366.0,972.0,1092.0,729.0,1616.0,1829.0,1157.0,1302.0,25.1,29.4,34.2,26.0,19.2,20.0,21.5,22.5
Celles (17520),/management/ville/celles/ville-17076,10.0,5.0,0.0,0.0,66.0,86.0,77.0,87.0,42.0,36.0,32.8,30.5,40.2,28.5,13.9,21.2,13.1,16.9
Corbès (30140),/management/ville/corbes/ville-30094,5.0,16.0,11.0,44.0,5.0,5.0,36.0,25.0,25.0,42.0,30.3,25.4,24.2,15.5,16.7,22.2,28.8,38.1
Arronville (95810),/management/ville/arronville/ville-95023,5.0,29.0,64.0,135.0,113.0,60.0,102.0,119.0,112.0,162.0,19.4,22.0,29.8,19.7,21.4,23.6,29.4,35.8
Courcelles-le-Roi (45300),/management/ville/courcelles-le-roi/ville-45110,0.0,35.0,15.0,55.0,35.0,45.0,58.0,77.0,46.0,51.0,23.1,27.0,41.9,23.7,17.9,21.7,17.1,27.0
Cinqueux (60940),/management/ville/cinqueux/ville-60154,0.0,84.0,124.0,239.0,174.0,159.0,309.0,332.0,199.0,365.0,21.7,29.4,31.1,22.4,17.0,16.1,30.2,30.3
Balacet (09800),/management/ville/balacet/ville-09034,0.0,0.0,0.0,10.0,0.0,0.0,5.0,5.0,2.0,7.0,38.5,0.0,30.8,14.3,15.4,0.0,15.4,83.3
Boujan-sur-Libron (34760),/management/ville/boujan-sur-libron/ville-34037,15.0,124.0,204.0,428.0,408.0,249.0,739.0,669.0,453.0,759.0,24.1,31.8,31.4,19.9,16.7,17.8,27.8,30.0
Avapessa (20225),/management/ville/avapessa/ville-2B025,7.0,3.0,1.0,5.0,8.0,9.0,31.0,12.0,16.0,11.0,54.8,35.9,22.6,15.2,16.1,28.2,6.5,23.1
Colmar (68000),/management/ville/colmar/ville-68066,51.0,1307.0,4770.0,7007.0,10486.0,9128.0,15651.0,13470.0,8123.0,14440.0,27.8,32.5,28.4,22.1,16.2,15.3,27.7,28.2
Basse-sur-le-Rupt (88120),/management/ville/basse-sur-le-rupt/ville-88037,20.0,75.0,40.0,90.0,90.0,95.0,193.0,196.0,102.0,176.0,25.6,32.5,35.3,21.2,16.1,14.5,23.0,30.0
Brie (02870),/management/ville/brie/ville-02122,0.0,0.0,5.0,0.0,10.0,5.0,12.0,13.0,8.0,8.0,30.0,28.6,35.0,26.1,20.0,19.0,15.0,23.8
Amillis (77120),/management/ville/amillis/ville-77002,20.0,35.0,49.0,114.0,109.0,59.0,180.0,171.0,119.0,145.0,29.0,29.7,34.0,21.1,20.9,17.7,16.2,30.6
Créot (71490),/management/ville/creot/ville-71151,0.0,0.0,5.0,5.0,15.0,20.0,19.0,18.0,11.0,13.0,34.4,27.6,37.5,22.2,9.4,27.6,18.8,24.1
Chambon (37290),/management/ville/chambon/ville-37048,10.0,10.0,15.0,25.0,55.0,30.0,93.0,75.0,44.0,41.0,34.1,39.4,37.3,21.7,14.3,20.5,14.3,18.1
Bovée-sur-Barboure (55190),/management/ville/bovee-sur-barboure/ville-55066,0.0,6.0,11.0,17.0,11.0,45.0,28.0,48.0,21.0,15.0,25.4,25.5,44.1,33.8,18.6,18.2,11.9,14.5
Celles (24600),/management/ville/celles/ville-24090,5.0,5.0,10.0,54.0,94.0,64.0,147.0,148.0,73.0,89.0,28.4,36.4,35.6,25.5,16.9,15.0,19.1,19.5
Corbie (80800),/management/ville/corbie/ville-80212,0.0,120.0,304.0,718.0,878.0,698.0,1972.0,1227.0,680.0,889.0,34.3,47.3,33.4,18.4,14.3,14.2,18.0,19.2
Basse-Terre (97100),/management/ville/basse-terre/ville-97105,40.0,318.0,165.0,726.0,1719.0,813.0,3464.0,1585.0,1415.0,948.0,47.3,46.3,24.3,19.5,17.1,20.6,11.3,13.9
Chenay (72610),/management/ville/chenay/ville-72076,0.0,10.0,10.0,36.0,20.0,26.0,39.0,46.0,28.0,48.0,25.0,22.7,32.1,23.5,16.7,17.3,26.2,34.7
Boissy-Saint-Léger (94470),/management/ville/boissy-saint-leger/ville-94004,0.0,316.0,1010.0,1898.0,2704.0,1666.0,3318.0,2324.0,2015.0,3079.0,30.9,30.9,23.3,19.8,18.8,18.7,27.0,30.3
Arros-de-Nay (64800),/management/ville/arros-de-nay/ville-64054,15.0,25.0,55.0,95.0,90.0,85.0,133.0,189.0,93.0,186.0,18.8,25.5,36.0,24.0,16.2,14.8,29.0,32.9
Beaune-la-Rolande (45340),/management/ville/beaune-la-rolande/ville-45030,20.0,25.0,35.0,165.0,260.0,295.0,710.0,494.0,199.0,195.0,34.9,52.2,41.3,20.4,12.5,12.4,11.3,13.0
Chanu (61800),/management/ville/chanu/ville-61093,25.0,60.0,25.0,150.0,130.0,135.0,381.0,294.0,135.0,154.0,35.4,43.2,33.2,24.2,16.2,12.1,15.3,16.6
Cintegabelle (31550),/management/ville/cintegabelle/ville-31145,15.0,91.0,197.0,299.0,405.0,286.0,787.0,555.0,302.0,542.0,34.1,37.8,31.6,18.5,13.4,14.3,21.0,28.4
Cambligneul (62690),/management/ville/cambligneul/ville-62198,0.0,20.0,25.0,25.0,61.0,46.0,61.0,65.0,43.0,81.0,22.1,26.1,29.2,21.4,19.5,14.9,29.2,35.8
Boulages (10380),/management/ville/boulages/ville-10052,0.0,0.0,10.0,10.0,25.0,20.0,60.0,52.0,25.0,34.0,29.4,40.7,42.4,16.8,21.2,8.1,7.1,32.6
Curtil-Vergy (21220),/management/ville/curtil-vergy/ville-21219,0.0,0.0,20.0,5.0,15.0,5.0,13.0,18.0,18.0,44.0,11.1,16.7,26.7,12.8,24.4,14.6,37.8,56.3
Biscarrosse (40600),/management/ville/biscarrosse/ville-40046,5.0,583.0,753.0,1360.0,2154.0,1072.0,2959.0,3423.0,2132.0,2871.0,22.3,29.2,32.3,25.6,19.3,18.2,26.1,24.4
Audes (03190),/management/ville/audes/ville-03010,0.0,15.0,5.0,55.0,25.0,85.0,94.0,106.0,51.0,90.0,21.1,34.3,39.4,20.8,14.9,15.1,24.6,28.3
Châteauvillain (52120),/management/ville/chateauvillain/ville-52114,30.0,50.0,20.0,91.0,307.0,197.0,480.0,395.0,196.0,175.0,30.5,46.0,42.7,20.1,15.5,15.9,11.2,16.8
Celles (34700),/management/ville/celles/ville-34072,0.0,5.0,0.0,5.0,0.0,0.0,3.0,5.0,5.0,11.0,0.0,20.0,44.4,7.1,33.3,13.3,22.2,60.0
Amilly (28300),/management/ville/amilly/ville-28006,0.0,36.0,107.0,251.0,286.0,185.0,500.0,458.0,229.0,284.0,29.3,38.3,37.6,22.9,16.4,14.8,16.7,21.7
Bassemberg (67220),/management/ville/bassemberg/ville-67022,10.0,0.0,10.0,35.0,40.0,35.0,49.0,67.0,31.0,47.0,21.0,29.8,41.0,24.8,16.0,16.0,22.0,26.6
Arrosès (64350),/management/ville/arroses/ville-64056,20.0,0.0,5.0,10.0,5.0,0.0,35.0,39.0,19.0,20.0,25.5,36.2,47.3,22.0,12.7,20.7,14.5,20.7
Casevecchie (20270),/management/ville/casevecchie/ville-2B075,0.0,1.0,0.0,4.0,4.0,5.0,16.0,12.0,18.0,9.0,25.0,30.8,32.1,15.0,28.6,34.6,14.3,23.1
Beaune-sur-Arzon (43500),/management/ville/beaune-sur-arzon/ville-43023,11.0,11.0,0.0,21.0,16.0,32.0,53.0,57.0,31.0,35.0,29.4,30.0,38.8,24.2,18.8,16.7,12.9,26.7
Chanverrie (85130),/management/ville/chanverrie/ville-85302,176.0,92.0,224.0,582.0,632.0,1025.0,1419.0,1232.0,724.0,800.0,29.7,38.3,35.7,21.8,18.4,16.3,16.3,22.1
Betbezer-d'Armagnac (40240),/management/ville/betbezer-d-armagnac/ville-40039,0.0,15.0,5.0,10.0,15.0,24.0,40.0,47.0,14.0,16.0,28.3,39.7,49.1,27.4,7.5,15.9,15.1,12.7
Brie (09700),/management/ville/brie/ville-09067,10.0,10.0,25.0,41.0,20.0,36.0,45.0,49.0,29.0,42.0,26.6,27.7,36.7,22.5,17.7,16.9,19.0,31.3
Crépand (21500),/management/ville/crepand/ville-21212,10.0,5.0,15.0,35.0,20.0,60.0,76.0,104.0,36.0,39.0,21.5,37.3,47.9,27.5,19.0,9.7,11.6,18.7
Colmars (04370),/management/ville/colmars/ville-04061,9.0,37.0,19.0,42.0,56.0,23.0,106.0,91.0,82.0,111.0,25.1,29.4,27.3,20.0,18.7,23.5,28.9,27.9
Chambon-la-Forêt (45340),/management/ville/chambon-la-foret/ville-45069,10.0,15.0,25.0,85.0,175.0,135.0,177.0,217.0,115.0,142.0,23.1,31.0,39.6,24.9,18.0,17.3,19.3,24.2
Buncey (21400),/management/ville/buncey/ville-21115,20.0,15.0,5.0,20.0,55.0,35.0,119.0,100.0,49.0,36.0,39.0,39.2,35.6,26.4,17.1,15.2,8.2,15.2
Aisey-et-Richecourt (70500),/management/ville/aisey-et-richecourt/ville-70009,10.0,5.0,0.0,5.0,10.0,20.0,23.0,28.0,27.0,9.0,24.4,28.6,35.6,28.6,33.3,28.6,6.7,14.3
Boulaincourt (88500),/management/ville/boulaincourt/ville-88066,10.0,5.0,0.0,10.0,5.0,5.0,12.0,20.0,8.0,10.0,20.0,28.0,40.0,31.3,20.0,12.0,20.0,20.0
Bischheim (67800),/management/ville/bischheim/ville-67043,0.0,323.0,939.0,1870.0,2479.0,1981.0,3887.0,3491.0,1793.0,3176.0,28.8,33.9,31.9,22.8,14.1,14.9,25.3,26.1
Basseneville (14670),/management/ville/basseneville/ville-14045,15.0,5.0,30.0,35.0,40.0,25.0,50.0,54.0,35.0,54.0,26.9,24.7,28.8,24.5,19.2,16.9,25.0,31.5
Corbières (11230),/management/ville/corbieres/ville-11100,5.0,0.0,0.0,0.0,0.0,5.0,8.0,8.0,2.0,2.0,10.0,70.0,60.0,18.2,10.0,10.0,20.0,0.0
Boissy-sans-Avoir (78490),/management/ville/boissy-sans-avoir/ville-78084,0.0,15.0,120.0,55.0,90.0,60.0,87.0,83.0,73.0,197.0,20.2,19.4,20.2,17.3,17.0,16.2,42.7,46.8
Belval-Bois-des-Dames (08240),/management/ville/belval-bois-des-dames/ville-08059,0.0,0.0,0.0,0.0,25.0,5.0,9.0,10.0,6.0,5.0,31.3,28.6,37.5,26.7,18.8,21.4,12.5,21.4
Chenay (79120),/management/ville/chenay/ville-79084,10.0,52.0,16.0,31.0,47.0,47.0,133.0,123.0,54.0,55.0,33.2,39.7,39.0,25.0,15.0,14.5,12.8,17.3
Beaunotte (21510),/management/ville/beaunotte/ville-21055,0.0,0.0,0.0,0.0,0.0,0.0,11.0,3.0,0.0,4.0,45.5,83.3,27.3,0.0,0.0,0.0,27.3,16.7
Betcave-Aguin (32420),/management/ville/betcave-aguin/ville-32048,10.0,15.0,5.0,5.0,15.0,5.0,22.0,22.0,11.0,20.0,28.2,29.7,30.8,25.0,17.9,10.8,23.1,29.7
Cintheaux (14680),/management/ville/cintheaux/ville-14160,5.0,20.0,5.0,10.0,56.0,35.0,33.0,38.0,25.0,45.0,26.8,20.0,29.6,22.4,19.7,15.7,23.9,40.0
Cambo-les-Bains (64250),/management/ville/cambo-les-bains/ville-64160,10.0,281.0,256.0,643.0,859.0,633.0,1751.0,1404.0,939.0,1263.0,26.2,38.1,33.2,19.8,17.6,17.5,23.0,24.1
Colmen (57320),/management/ville/colmen/ville-57149,5.0,5.0,5.0,10.0,25.0,30.0,41.0,56.0,27.0,38.0,14.1,35.6,42.3,23.8,21.8,11.5,21.8,25.3
Curvalle (81250),/management/ville/curvalle/ville-81077,29.0,10.0,34.0,25.0,44.0,39.0,133.0,83.0,56.0,79.0,34.5,41.6,31.1,16.5,14.1,17.9,20.3,24.3
Audeux (25170),/management/ville/audeux/ville-25030,5.0,15.0,20.0,60.0,60.0,65.0,58.0,103.0,49.0,107.0,16.0,20.8,37.4,24.4,15.3,15.6,31.3,36.4
Châtel (74390),/management/ville/chatel/ville-74063,0.0,130.0,50.0,145.0,225.0,210.0,229.0,322.0,191.0,229.0,21.2,26.0,40.6,24.6,17.6,21.8,20.6,26.6
Aprey (52250),/management/ville/aprey/ville-52014,10.0,15.0,5.0,21.0,26.0,26.0,33.0,43.0,33.0,43.0,26.3,16.7,30.0,26.0,21.3,20.8,22.5,34.7
Boulancourt (77760),/management/ville/boulancourt/ville-77046,0.0,26.0,10.0,57.0,67.0,51.0,71.0,84.0,45.0,79.0,17.7,32.9,40.4,19.6,14.9,17.9,27.0,29.3
Celles-en-Bassigny (52360),/management/ville/celles-en-bassigny/ville-52089,0.0,5.0,0.0,16.0,10.0,10.0,26.0,16.0,9.0,11.0,30.0,54.8,43.3,7.4,10.0,19.4,16.7,19.4
Arrouède (32140),/management/ville/arrouede/ville-32010,0.0,0.0,0.0,5.0,26.0,10.0,32.0,27.0,14.0,15.0,31.0,43.5,31.0,27.3,16.7,13.0,21.4,10.9
Courcelles-lès-Gisors (60240),/management/ville/courcelles-les-gisors/ville-60169,0.0,50.0,50.0,130.0,85.0,65.0,174.0,187.0,121.0,126.0,26.3,31.1,37.8,23.3,16.5,23.5,19.4,22.2
Baladou (46600),/management/ville/baladou/ville-46016,36.0,25.0,10.0,10.0,40.0,40.0,94.0,105.0,59.0,63.0,27.0,32.1,41.7,23.0,16.6,20.1,14.7,23.9
Brie (16590),/management/ville/brie/ville-16061,20.0,111.0,146.0,574.0,974.0,447.0,568.0,1172.0,659.0,730.0,16.2,20.4,44.3,27.4,20.4,21.8,19.0,28.3
Corbières-en-Provence (04220),/management/ville/corbieres-en-provence/ville-04063,0.0,29.0,103.0,235.0,108.0,83.0,160.0,239.0,165.0,276.0,18.6,19.5,32.2,24.3,17.1,21.9,32.2,33.5
Beaupont (01270),/management/ville/beaupont/ville-01029,20.0,0.0,25.0,60.0,89.0,109.0,194.0,166.0,89.0,72.0,30.5,44.3,39.4,22.3,17.1,17.4,13.0,14.6
Chambon-Sainte-Croix (23220),/management/ville/chambon-sainte-croix/ville-23044,0.0,0.0,0.0,5.0,5.0,10.0,33.0,17.0,7.0,8.0,51.6,51.4,29.0,20.5,9.7,11.4,9.7,14.3
Aisey-sur-Seine (21400),/management/ville/aisey-sur-seine/ville-21006,0.0,0.0,10.0,16.0,26.0,16.0,52.0,46.0,21.0,26.0,38.2,34.3,31.6,27.8,13.2,14.9,17.1,17.9
Bovel (35330),/management/ville/bovel/ville-35035,15.0,20.0,51.0,71.0,40.0,81.0,88.0,103.0,88.0,114.0,19.3,25.1,27.7,23.2,26.2,18.3,26.7,31.9
Crépey (54170),/management/ville/crepey/ville-54143,0.0,15.0,5.0,54.0,99.0,54.0,63.0,80.0,54.0,84.0,16.7,27.8,35.5,20.4,23.2,16.0,24.6,34.7
Buneville (62130),/management/ville/buneville/ville-62187,0.0,0.0,20.0,29.0,20.0,29.0,29.0,33.0,28.0,42.0,20.3,24.3,37.5,15.0,15.6,27.1,26.6,35.7
Chanville (57580),/management/ville/chanville/ville-57127,14.0,10.0,9.0,0.0,29.0,15.0,26.0,34.0,11.0,20.0,22.7,34.7,40.9,27.4,15.9,8.2,20.5,22.4
Amilly (45200),/management/ville/amilly/ville-45004,12.0,260.0,558.0,1242.0,1529.0,1302.0,3598.0,2726.0,1278.0,1989.0,33.2,41.2,35.2,20.8,12.7,13.9,18.9,22.3
Châtel-Censoir (89660),/management/ville/chatel-censoir/ville-89091,5.0,25.0,10.0,65.0,80.0,80.0,249.0,133.0,80.0,60.0,39.0,55.2,36.9,15.8,14.1,16.4,10.0,12.8
Bassens (33530),/management/ville/bassens/ville-33032,0.0,150.0,217.0,825.0,1154.0,946.0,1609.0,1665.0,908.0,1098.0,27.5,33.1,35.9,25.2,16.1,18.1,20.4,21.1
Arrout (09800),/management/ville/arrout/ville-09018,0.0,0.0,0.0,21.0,5.0,0.0,22.0,15.0,8.0,19.0,22.6,48.4,41.9,3.8,6.5,19.4,29.0,29.0
Belval-en-Argonne (51330),/management/ville/belval-en-argonne/ville-51047,0.0,0.0,5.0,0.0,5.0,5.0,20.0,10.0,6.0,4.0,47.8,52.9,26.1,22.2,13.0,17.6,13.0,5.9
Avaray (41500),/management/ville/avaray/ville-41008,15.0,20.0,60.0,60.0,70.0,80.0,136.0,183.0,88.0,116.0,25.6,26.4,41.2,26.7,12.6,21.1,20.6,23.8
Chenay-le-Châtel (71340),/management/ville/chenay-le-chatel/ville-71123,25.0,15.0,10.0,41.0,36.0,61.0,104.0,91.0,54.0,52.0,29.0,40.4,38.1,20.9,18.7,17.1,14.2,20.5
Cintray (28300),/management/ville/cintray/ville-28100,5.0,5.0,20.0,94.0,64.0,30.0,54.0,126.0,57.0,72.0,9.7,25.3,51.9,26.7,16.9,20.3,21.4,25.3
Betchat (09160),/management/ville/betchat/ville-09054,0.0,14.0,19.0,42.0,28.0,9.0,81.0,50.0,49.0,76.0,25.0,37.9,25.0,15.0,20.2,18.2,29.8,29.5
Colméry (58350),/management/ville/colmery/ville-58081,10.0,10.0,10.0,25.0,44.0,25.0,111.0,86.0,45.0,56.0,33.3,41.7,32.7,22.7,13.8,16.5,20.1,17.3
Cambon (81990),/management/ville/cambon/ville-81052,10.0,60.0,155.0,415.0,280.0,175.0,266.0,441.0,304.0,532.0,14.6,19.8,36.5,21.1,17.7,21.7,31.2,37.5
Curzay-sur-Vonne (86600),/management/ville/curzay-sur-vonne/ville-86091,5.0,10.0,15.0,24.0,95.0,45.0,104.0,99.0,56.0,59.0,31.1,34.4,39.5,20.5,17.4,17.9,12.0,26.5
Cassagnabère-Tournas (31420),/management/ville/cassagnabere-tournas/ville-31109,5.0,10.0,10.0,35.0,65.0,75.0,120.0,89.0,66.0,75.0,34.1,34.4,29.3,21.7,17.1,20.4,19.5,23.1
Apt (84400),/management/ville/apt/ville-84003,72.0,454.0,338.0,833.0,1672.0,1494.0,3364.0,2236.0,1442.0,1739.0,35.4,40.8,30.7,20.3,15.3,17.4,18.7,20.8
Audeville (45300),/management/ville/audeville/ville-45012,5.0,5.0,5.0,35.0,35.0,20.0,34.0,41.0,28.0,27.0,21.9,30.3,43.8,21.0,17.2,25.8,17.2,24.2
Boulange (57655),/management/ville/boulange/ville-57096,5.0,50.0,75.0,290.0,390.0,280.0,438.0,629.0,308.0,386.0,20.4,29.3,40.7,26.9,18.6,16.4,20.3,23.5
Bischholtz (67340),/management/ville/bischholtz/ville-67044,0.0,0.0,5.0,25.0,50.0,85.0,63.0,80.0,34.0,35.0,20.4,39.4,52.8,21.3,13.9,18.3,13.0,20.2
Balagny-sur-Thérain (60250),/management/ville/balagny-sur-therain/ville-60044,0.0,20.0,45.0,267.0,242.0,273.0,419.0,361.0,219.0,228.0,31.0,37.2,35.1,22.6,17.3,18.4,16.5,20.6
Celles-lès-Condé (02330),/management/ville/celles-les-conde/ville-02146,0.0,0.0,9.0,5.0,14.0,9.0,22.0,12.0,13.0,18.0,28.1,35.3,21.9,17.6,25.0,17.6,25.0,29.4
Boissy-sous-Saint-Yon (91790),/management/ville/boissy-sous-saint-yon/ville-91085,0.0,84.0,410.0,683.0,564.0,267.0,612.0,717.0,566.0,851.0,21.1,23.4,30.8,21.6,19.5,21.7,28.6,33.3
Brie (35150),/management/ville/brie/ville-35041,22.0,33.0,44.0,127.0,110.0,116.0,145.0,189.0,136.0,163.0,22.3,23.7,34.1,24.0,22.3,20.7,21.4,30.4
Courcelles-lès-Lens (62970),/management/ville/courcelles-les-lens/ville-62249,0.0,92.0,169.0,684.0,1030.0,1160.0,1719.0,1466.0,955.0,895.0,28.8,38.9,34.9,22.9,18.3,19.5,17.9,17.7
Bovelles (80540),/management/ville/bovelles/ville-80130,5.0,0.0,31.0,67.0,60.0,46.0,55.0,79.0,60.0,121.0,12.9,21.9,28.4,21.1,20.0,18.1,38.7,38.1
Bassens (73000),/management/ville/bassens/ville-73031,5.0,92.0,367.0,681.0,722.0,363.0,828.0,699.0,700.0,1179.0,23.1,25.5,23.0,18.3,21.5,19.6,32.4,36.9
Chambon-sur-Dolore (63980),/management/ville/chambon-sur-dolore/ville-63076,0.0,0.0,0.0,0.0,20.0,25.0,71.0,29.0,23.0,19.0,46.6,53.6,27.4,13.4,16.4,15.9,9.6,17.4
Beaupouyet (24400),/management/ville/beaupouyet/ville-24029,5.0,28.0,5.0,20.0,86.0,45.0,129.0,136.0,62.0,61.0,31.5,34.9,41.1,26.1,13.2,19.0,14.2,17.5
Aisonville-et-Bernoville (02110),/management/ville/aisonville-et-bernoville/ville-02006,10.0,5.0,9.0,34.0,14.0,51.0,83.0,54.0,33.0,30.0,37.4,45.5,32.3,20.6,17.2,15.8,13.1,16.8
Crépol (26350),/management/ville/crepol/ville-26107,10.0,5.0,20.0,56.0,51.0,51.0,135.0,117.0,67.0,90.0,30.4,35.6,35.8,21.0,13.7,19.0,20.1,23.9
Buno-Bonnevaux (91720),/management/ville/buno-bonnevaux/ville-91121,0.0,10.0,45.0,70.0,80.0,40.0,81.0,104.0,57.0,92.0,23.7,24.8,36.1,24.3,15.4,18.8,24.9,30.3
Amirat (06910),/management/ville/amirat/ville-06002,0.0,0.0,10.0,19.0,5.0,5.0,13.0,21.0,12.0,13.0,19.4,24.1,38.7,28.6,25.8,13.8,16.1,27.6
Chatel-Chéhéry (08250),/management/ville/chatel-chehery/ville-08109,0.0,5.0,0.0,11.0,11.0,11.0,49.0,34.0,15.0,22.0,33.3,47.6,36.8,18.8,12.3,11.1,17.5,20.6
Brie (80200),/management/ville/brie/ville-80141,5.0,5.0,15.0,35.0,30.0,45.0,74.0,94.0,41.0,43.0,25.4,33.1,39.7,28.9,18.3,14.5,16.7,17.7
Belval-sous-Châtillon (51480),/management/ville/belval-sous-chatillon/ville-51048,15.0,5.0,19.0,15.0,5.0,24.0,26.0,37.0,21.0,27.0,22.8,24.6,35.1,26.2,22.8,15.8,19.3,29.8
Chaon (41600),/management/ville/chaon/ville-41036,0.0,30.0,20.0,45.0,71.0,76.0,97.0,130.0,53.0,75.0,20.0,34.2,44.7,25.0,18.2,12.0,17.1,24.5
Bétête (23270),/management/ville/betete/ville-23022,5.0,15.0,0.0,30.0,45.0,55.0,105.0,100.0,60.0,43.0,27.0,40.5,39.2,24.6,18.9,20.3,14.9,13.3
Colmesnil-Manneville (76550),/management/ville/colmesnil-manneville/ville-76184,10.0,0.0,14.0,10.0,14.0,10.0,18.0,30.0,12.0,24.0,20.5,25.0,34.1,27.5,20.5,7.5,25.0,32.5
Avaux (08190),/management/ville/avaux/ville-08039,10.0,35.0,0.0,75.0,40.0,95.0,101.0,116.0,68.0,63.0,23.1,34.6,40.2,24.1,23.7,15.6,13.0,22.9
Cambon-et-Salvergues (34330),/management/ville/cambon-et-salvergues/ville-34046,0.0,9.0,0.0,9.0,0.0,0.0,14.0,8.0,10.0,10.0,30.4,30.0,21.7,22.2,21.7,30.0,26.1,20.0
Corbigny (58800),/management/ville/corbigny/ville-58083,0.0,45.0,60.0,120.0,220.0,120.0,555.0,321.0,196.0,182.0,37.2,49.4,34.7,18.9,11.6,18.6,16.5,13.1
Arry (57680),/management/ville/arry/ville-57030,5.0,25.0,59.0,69.0,74.0,49.0,74.0,123.0,55.0,135.0,15.0,23.4,39.5,21.8,13.0,16.0,32.5,37.2
Chêne-Bernard (39120),/management/ville/chene-bernard/ville-39139,0.0,0.0,0.0,0.0,5.0,10.0,15.0,22.0,7.0,10.0,20.0,37.5,53.3,23.1,10.0,16.7,16.7,20.8
Boistrudan (35150),/management/ville/boistrudan/ville-35028,30.0,10.0,20.0,69.0,79.0,143.0,121.0,132.0,87.0,133.0,25.3,26.0,33.1,21.3,19.2,17.2,22.4,34.4
Bischoffsheim (67870),/management/ville/bischoffsheim/ville-67045,5.0,105.0,289.0,555.0,413.0,408.0,522.0,723.0,449.0,795.0,16.4,25.2,33.2,23.6,17.8,18.3,32.6,31.4
Aïssey (25360),/management/ville/aissey/ville-25009,32.0,11.0,5.0,16.0,32.0,11.0,30.0,39.0,37.0,23.0,23.5,23.3,35.3,25.4,29.4,26.7,11.8,25.0
Cintré (35310),/management/ville/cintre/ville-35080,10.0,72.0,193.0,342.0,305.0,169.0,288.0,426.0,260.0,523.0,17.6,20.9,34.4,21.7,16.0,18.7,32.1,37.9
Audierne (29770),/management/ville/audierne/ville-29003,38.0,135.0,109.0,224.0,381.0,306.0,1102.0,837.0,569.0,635.0,25.6,42.9,32.7,20.6,19.9,16.6,21.8,18.8
Celles-sur-Aisne (02370),/management/ville/celles-sur-aisne/ville-02148,0.0,0.0,5.0,25.0,66.0,35.0,73.0,61.0,28.0,31.0,38.9,35.7,40.7,21.0,7.4,23.8,13.0,20.2
Boulaur (32450),/management/ville/boulaur/ville-32061,5.0,5.0,9.0,40.0,14.0,23.0,25.0,32.0,28.0,47.0,18.2,19.5,36.4,16.4,21.8,20.8,23.6,44.2
Cassagnas (48400),/management/ville/cassagnas/ville-48036,0.0,0.0,16.0,10.0,0.0,0.0,35.0,18.0,14.0,29.0,36.7,38.3,20.4,14.6,14.3,12.8,28.6,34.0
Arabaux (09000),/management/ville/arabaux/ville-09013,0.0,0.0,0.0,15.0,15.0,0.0,14.0,15.0,11.0,18.0,11.5,34.4,30.8,21.2,19.2,18.8,38.5,25.0
Belvédère (06450),/management/ville/belvedere/ville-06013,0.0,20.0,20.0,90.0,125.0,20.0,169.0,157.0,90.0,114.0,30.1,33.9,35.9,21.2,18.5,15.4,15.6,28.0
Courcelles-lès-Montbard (21500),/management/ville/courcelles-les-montbard/ville-21204,5.0,5.0,5.0,18.0,9.0,5.0,9.0,31.0,9.0,15.0,11.4,20.0,51.4,33.3,17.1,13.3,20.0,23.3
Boves (80440),/management/ville/boves/ville-80131,15.0,61.0,268.0,531.0,435.0,263.0,637.0,576.0,341.0,718.0,22.0,33.5,31.3,19.0,15.2,14.7,31.5,31.8
Bassercles (40700),/management/ville/bassercles/ville-40027,16.0,16.0,5.0,5.0,22.0,27.0,33.0,36.0,23.0,30.0,25.4,27.6,41.3,18.5,14.3,24.1,19.0,31.0
Arry (80120),/management/ville/arry/ville-80030,0.0,5.0,0.0,19.0,39.0,29.0,48.0,40.0,26.0,23.0,23.2,45.7,36.2,20.5,21.7,17.1,18.8,15.7
Cambon-lès-Lavaur (81470),/management/ville/cambon-les-lavaur/ville-81050,10.0,10.0,35.0,25.0,25.0,50.0,45.0,61.0,40.0,91.0,16.3,21.7,35.8,15.7,13.0,20.9,35.0,42.6
Beaupréau-en-Mauges (49110),/management/ville/beaupreau-en-mauges/ville-49023,444.0,587.0,654.0,2484.0,3010.0,4046.0,5759.0,4921.0,3055.0,3004.0,28.4,40.3,36.4,21.5,19.3,17.2,15.9,19.9
Crépon (14480),/management/ville/crepon/ville-14196,0.0,15.0,15.0,35.0,30.0,15.0,36.0,50.0,19.0,62.0,21.2,22.0,34.1,22.6,10.6,12.2,34.1,40.2
Balaguères (09800),/management/ville/balagueres/ville-09035,10.0,5.0,15.0,20.0,35.0,20.0,53.0,49.0,29.0,40.0,28.2,33.7,36.5,20.0,17.6,16.3,17.6,29.1
Chambon-sur-Lac (63790),/management/ville/chambon-sur-lac/ville-63077,15.0,35.0,10.0,35.0,40.0,60.0,86.0,102.0,76.0,72.0,22.6,28.6,39.9,21.7,20.2,25.0,17.3,25.6
Châtel-de-Joux (39130),/management/ville/chatel-de-joux/ville-39118,0.0,0.0,0.0,5.0,0.0,15.0,11.0,12.0,5.0,12.0,25.0,31.3,37.5,18.8,8.3,18.8,29.2,31.3
Curzon (85540),/management/ville/curzon/ville-85077,0.0,15.0,20.0,40.0,70.0,60.0,145.0,114.0,51.0,52.0,36.5,43.5,33.7,25.2,15.2,13.0,14.6,14.1
Brie-Comte-Robert (77170),/management/ville/brie-comte-robert/ville-77053,15.0,370.0,1330.0,2715.0,2607.0,1771.0,3301.0,3115.0,2503.0,3369.0,26.1,27.6,28.4,22.2,19.9,20.8,25.7,29.0
Béthancourt-en-Valois (60129),/management/ville/bethancourt-en-valois/ville-60066,0.0,16.0,33.0,22.0,27.0,11.0,41.0,41.0,39.0,62.0,17.6,27.2,29.7,15.7,24.2,18.5,28.6,39.1
Courcelles-lès-Montbéliard (25420),/management/ville/courcelles-les-montbeliard/ville-25170,0.0,32.0,101.0,142.0,124.0,101.0,231.0,258.0,145.0,256.0,20.9,30.7,31.2,24.3,16.7,15.9,31.2,26.5
Colmey (54260),/management/ville/colmey/ville-54134,0.0,0.0,0.0,21.0,41.0,73.0,44.0,82.0,46.0,27.0,18.4,26.3,40.8,33.9,27.6,19.2,13.3,13.1
Boisville-la-Saint-Père (28150),/management/ville/boisville-la-saint-pere/ville-28047,30.0,10.0,25.0,75.0,125.0,94.0,182.0,164.0,98.0,66.0,34.0,37.6,39.5,24.1,16.0,22.4,10.5,15.3
Ammerschwihr (68410),/management/ville/ammerschwihr/ville-68005,70.0,25.0,170.0,240.0,195.0,160.0,259.0,410.0,268.0,515.0,14.8,20.5,31.8,23.2,19.8,17.3,33.6,37.2
Chêne-en-Semine (74270),/management/ville/chene-en-semine/ville-74068,0.0,19.0,14.0,108.0,65.0,70.0,73.0,115.0,72.0,88.0,16.1,25.9,40.8,23.3,24.7,16.7,18.4,32.2
Corbon (61400),/management/ville/corbon/ville-61118,25.0,5.0,5.0,35.0,30.0,5.0,20.0,31.0,17.0,30.0,14.6,26.0,39.6,23.5,12.5,22.0,33.3,28.0
Aveize (69610),/management/ville/aveize/ville-69014,65.0,20.0,40.0,115.0,145.0,110.0,414.0,151.0,165.0,135.0,52.1,42.8,18.8,16.9,16.7,21.9,12.4,19.4
Bunus (64120),/management/ville/bunus/ville-64150,5.0,5.0,10.0,24.0,20.0,5.0,25.0,35.0,19.0,22.0,21.2,28.8,38.5,26.7,21.2,15.4,19.2,25.0
Cintrey (70120),/management/ville/cintrey/ville-70153,0.0,5.0,0.0,10.0,10.0,15.0,31.0,28.0,12.0,10.0,39.0,38.1,39.0,26.5,14.6,14.3,7.3,16.7
Aisy-sous-Thil (21390),/management/ville/aisy-sous-thil/ville-21007,5.0,0.0,0.0,20.0,25.0,50.0,45.0,61.0,30.0,25.0,24.1,31.7,36.7,31.7,21.5,15.9,17.7,13.4
Arâches-la-Frasse (74300),/management/ville/araches-la-frasse/ville-74014,5.0,260.0,84.0,334.0,295.0,200.0,258.0,390.0,309.0,488.0,17.2,18.6,31.6,22.0,20.7,22.2,30.5,37.3
Celles-sur-Belle (79370),/management/ville/celles-sur-belle/ville-79061,20.0,75.0,164.0,383.0,582.0,577.0,885.0,895.0,483.0,638.0,26.2,34.6,38.5,22.0,16.9,16.5,18.4,25.4
Bischwihr (68320),/management/ville/bischwihr/ville-68038,5.0,37.0,79.0,174.0,149.0,124.0,143.0,266.0,130.0,234.0,15.4,21.4,39.4,26.4,17.0,16.7,28.3,32.1
Basses (86200),/management/ville/basses/ville-86018,15.0,0.0,5.0,36.0,20.0,61.0,94.0,94.0,36.0,32.0,35.8,38.2,43.9,26.8,10.6,16.8,9.8,14.5
Audignicourt (02300),/management/ville/audignicourt/ville-02034,5.0,0.0,0.0,10.0,24.0,19.0,27.0,19.0,15.0,18.0,34.9,30.6,32.6,15.2,18.6,22.2,14.0,33.3
Courcelles-lès-Semur (21140),/management/ville/courcelles-les-semur/ville-21205,5.0,0.0,0.0,41.0,15.0,56.0,42.0,60.0,39.0,46.0,22.7,21.8,41.2,23.5,16.5,25.3,19.6,29.9
Chaouilley (54330),/management/ville/chaouilley/ville-54117,5.0,0.0,5.0,10.0,25.0,10.0,14.0,24.0,14.0,27.0,5.1,30.0,35.9,22.2,23.1,12.5,35.9,32.5
Boviolles (55500),/management/ville/boviolles/ville-55067,0.0,5.0,5.0,29.0,12.0,10.0,24.0,26.0,13.0,12.0,27.0,35.9,40.5,25.6,18.9,17.9,13.5,17.9
Ars (16130),/management/ville/ars/ville-16018,15.0,26.0,46.0,98.0,62.0,102.0,142.0,206.0,100.0,128.0,20.7,28.7,38.4,28.1,18.7,15.6,22.1,22.7
Belvédère-Campomoro (20110),/management/ville/belvedere-campomoro/ville-2A035,1.0,18.0,8.0,12.0,29.0,14.0,37.0,17.0,27.0,58.0,27.9,25.4,16.2,9.8,16.2,22.5,39.7,43.7
Cusance (25110),/management/ville/cusance/ville-25183,10.0,10.0,0.0,10.0,5.0,5.0,17.0,17.0,10.0,8.0,30.0,39.1,43.3,18.2,16.7,21.7,10.0,21.7
Balaguier-d'Olt (12260),/management/ville/balaguier-d-olt/ville-12018,0.0,5.0,10.0,10.0,35.0,10.0,24.0,33.0,30.0,38.0,17.7,20.6,30.6,21.5,29.0,19.0,22.6,38.1
Beaupuy (31850),/management/ville/beaupuy/ville-31053,0.0,40.0,155.0,195.0,95.0,75.0,218.0,245.0,163.0,400.0,20.1,22.4,27.8,19.3,15.7,16.0,36.4,41.5
Brié-et-Angonnes (38320),/management/ville/brie-et-angonnes/ville-38059,5.0,120.0,330.0,330.0,200.0,105.0,398.0,394.0,289.0,826.0,19.7,22.0,23.5,17.7,13.8,16.5,43.0,43.6
Camboulazet (12160),/management/ville/camboulazet/ville-12045,21.0,5.0,42.0,37.0,53.0,53.0,99.0,68.0,44.0,84.0,35.0,32.9,28.7,16.5,16.8,13.2,19.6,36.8
Châtel-de-Neuvre (03500),/management/ville/chatel-de-neuvre/ville-03065,10.0,25.0,30.0,20.0,71.0,61.0,128.0,126.0,88.0,87.0,23.3,36.8,38.6,20.2,20.9,19.8,17.2,23.1
Celles-sur-Durolle (63250),/management/ville/celles-sur-durolle/ville-63066,35.0,50.0,25.0,94.0,195.0,308.0,567.0,373.0,214.0,192.0,39.2,44.9,33.8,20.8,14.4,17.4,12.6,16.0
Chambon-sur-Voueize (23170),/management/ville/chambon-sur-voueize/ville-23045,10.0,16.0,52.0,73.0,168.0,47.0,294.0,215.0,113.0,150.0,34.6,41.4,37.3,18.6,12.2,17.0,15.9,22.7
Boulay-les-Barres (45140),/management/ville/boulay-les-barres/ville-45046,24.0,25.0,25.0,70.0,115.0,65.0,96.0,432.0,92.0,95.0,8.5,22.6,74.3,30.3,8.1,22.2,9.1,21.4
Brie-sous-Archiac (17520),/management/ville/brie-sous-archiac/ville-17066,25.0,0.0,0.0,15.0,25.0,41.0,78.0,45.0,29.0,46.0,38.9,40.6,29.5,16.2,11.6,17.8,20.0,25.7
Cipières (06620),/management/ville/cipieres/ville-06041,25.0,10.0,15.0,35.0,45.0,25.0,88.0,81.0,49.0,87.0,32.7,24.8,29.3,22.7,14.7,17.6,23.3,33.3
Béthancourt-en-Vaux (02300),/management/ville/bethancourt-en-vaux/ville-02081,0.0,10.0,26.0,52.0,68.0,56.0,111.0,100.0,52.0,74.0,31.4,34.1,34.3,23.4,12.6,18.3,21.7,22.6
Cassagne (31260),/management/ville/cassagne/ville-31110,20.0,10.0,24.0,123.0,93.0,40.0,175.0,144.0,69.0,119.0,29.4,39.2,32.1,22.3,13.1,14.1,25.4,22.0
Chêne-Sec (39230),/management/ville/chene-sec/ville-39140,0.0,0.0,0.0,5.0,0.0,0.0,12.0,12.0,3.0,2.0,42.9,40.0,50.0,27.8,7.1,13.3,0.0,13.3
Colmier-le-Bas (52160),/management/ville/colmier-le-bas/ville-52137,0.0,5.0,0.0,0.0,5.0,0.0,4.0,5.0,4.0,6.0,20.0,22.2,50.0,0.0,10.0,33.3,20.0,44.4
Aveizieux (42330),/management/ville/aveizieux/ville-42010,25.0,54.0,123.0,300.0,148.0,207.0,198.0,319.0,236.0,399.0,13.6,20.9,34.6,20.1,22.3,18.6,29.5,40.0
Bischwiller (67240),/management/ville/bischwiller/ville-67046,12.0,295.0,314.0,965.0,1722.0,2503.0,3878.0,2845.0,1320.0,1409.0,36.6,45.0,35.1,22.7,14.9,13.1,13.3,16.3
Belverne (70400),/management/ville/belverne/ville-70064,0.0,0.0,10.0,10.0,10.0,25.0,35.0,24.0,23.0,25.0,24.1,41.5,33.3,12.8,20.4,22.6,22.2,24.5
Châtel-en-Trièves (38710),/management/ville/chatel-en-trieves/ville-38456,30.0,25.0,10.0,20.0,50.0,35.0,78.0,92.0,63.0,116.0,22.3,22.4,29.7,21.9,18.3,17.8,29.7,36.8
Amné (72540),/management/ville/amne/ville-72004,10.0,10.0,40.0,60.0,70.0,55.0,72.0,120.0,73.0,108.0,18.1,20.5,39.4,23.7,19.1,20.0,23.4,34.6
Corbonod (01420),/management/ville/corbonod/ville-01118,20.0,64.0,20.0,114.0,139.0,203.0,307.0,296.0,149.0,185.0,29.8,35.8,37.0,23.8,15.5,16.3,17.7,21.8
Crépy (02870),/management/ville/crepy/ville-02238,10.0,20.0,86.0,144.0,285.0,224.0,420.0,406.0,261.0,250.0,28.8,33.8,36.5,23.8,18.2,20.7,16.5,20.7
Colmier-le-Haut (52160),/management/ville/colmier-le-haut/ville-52138,4.0,4.0,0.0,4.0,9.0,4.0,16.0,12.0,10.0,9.0,33.3,38.1,33.3,20.0,16.7,23.8,16.7,19.0
Basseux (62123),/management/ville/basseux/ville-62085,0.0,5.0,15.0,5.0,25.0,10.0,26.0,24.0,23.0,38.0,17.9,29.1,26.8,16.7,23.2,18.2,32.1,36.4
Bunzac (16110),/management/ville/bunzac/ville-16067,0.0,10.0,30.0,45.0,85.0,45.0,67.0,124.0,66.0,80.0,18.3,21.6,43.2,27.3,18.9,20.4,19.5,28.1
Boyaval (62134),/management/ville/boyaval/ville-62171,10.0,10.0,5.0,5.0,20.0,25.0,26.0,22.0,25.0,20.0,20.0,35.4,31.1,18.2,28.9,25.0,20.0,22.9
Courcelles-Sapicourt (51140),/management/ville/courcelles-sapicourt/ville-51181,15.0,15.0,41.0,61.0,20.0,31.0,35.0,65.0,42.0,94.0,12.1,16.8,32.8,21.7,19.8,15.1,35.3,44.5
Ars (23480),/management/ville/ars/ville-23007,16.0,5.0,11.0,42.0,21.0,26.0,44.0,82.0,39.0,47.0,13.5,29.4,50.5,24.1,17.1,19.6,18.9,25.5
Balaguier-sur-Rance (12380),/management/ville/balaguier-sur-rance/ville-12019,0.0,5.0,0.0,25.0,5.0,0.0,26.0,10.0,14.0,20.0,35.9,38.7,20.5,7.4,20.5,19.4,23.1,35.5
Chaource (10210),/management/ville/chaource/ville-10080,10.0,35.0,15.0,70.0,165.0,169.0,312.0,264.0,102.0,112.0,30.3,47.6,41.6,23.2,13.1,12.7,15.0,13.4
Cuse-et-Adrisans (25680),/management/ville/cuse-et-adrisans/ville-25184,0.0,20.0,10.0,25.0,35.0,40.0,64.0,60.0,38.0,43.0,29.4,33.0,38.2,20.8,14.7,22.3,17.6,24.3
Belvès-de-Castillon (33350),/management/ville/belves-de-castillon/ville-33045,25.0,5.0,20.0,30.0,40.0,35.0,62.0,72.0,51.0,53.0,23.4,28.9,32.3,26.2,21.8,21.1,22.6,21.9
Chenebier (70400),/management/ville/chenebier/ville-70149,0.0,5.0,45.0,115.0,60.0,60.0,137.0,149.0,93.0,140.0,23.9,28.8,32.8,23.5,15.8,20.0,27.4,26.5
Amnéville (57360),/management/ville/amneville/ville-57019,3.0,206.0,388.0,1197.0,1817.0,1468.0,2434.0,2768.0,1165.0,1539.0,25.3,35.8,40.2,26.1,15.4,14.1,19.1,19.8
Aisy-sur-Armançon (89390),/management/ville/aisy-sur-armancon/ville-89004,5.0,5.0,5.0,24.0,34.0,15.0,91.0,50.0,36.0,26.0,38.5,51.5,32.7,16.5,17.3,18.2,11.5,14.1
Boisyvon (50800),/management/ville/boisyvon/ville-50062,10.0,0.0,5.0,5.0,5.0,20.0,25.0,27.0,16.0,23.0,20.8,36.8,32.1,22.2,24.5,7.9,22.6,28.9
Celles-sur-Ource (10110),/management/ville/celles-sur-ource/ville-10070,80.0,10.0,0.0,30.0,85.0,85.0,118.0,119.0,54.0,86.0,27.8,34.4,36.4,23.7,15.5,13.2,20.3,25.4
Brie-sous-Barbezieux (16300),/management/ville/brie-sous-barbezieux/ville-16062,0.0,10.0,0.0,5.0,25.0,20.0,34.0,34.0,16.0,13.0,27.7,42.0,46.8,22.6,14.9,18.0,10.6,16.0
Chambonas (07140),/management/ville/chambonas/ville-07050,5.0,82.0,29.0,48.0,111.0,63.0,271.0,155.0,113.0,173.0,36.7,39.3,27.9,16.0,18.8,13.4,16.7,30.9
Colognac (30460),/management/ville/colognac/ville-30087,9.0,28.0,9.0,24.0,0.0,9.0,46.0,36.0,32.0,51.0,31.6,25.3,26.6,18.1,16.5,21.8,25.3,35.6
Bassevelle (77750),/management/ville/bassevelle/ville-77024,14.0,5.0,14.0,9.0,51.0,61.0,63.0,83.0,50.0,55.0,21.8,28.8,40.6,23.6,19.5,20.3,18.0,26.3
Belvèze (82150),/management/ville/belveze/ville-82016,0.0,24.0,14.0,5.0,19.0,0.0,58.0,31.0,37.0,41.0,31.8,38.6,25.9,12.3,21.2,22.9,21.2,27.7
Aragnouet (65170),/management/ville/aragnouet/ville-65017,0.0,20.0,10.0,30.0,84.0,10.0,27.0,51.0,53.0,62.0,12.5,15.5,34.4,20.5,27.1,27.8,26.0,38.1
Avelanges (21120),/management/ville/avelanges/ville-21039,5.0,0.0,0.0,9.0,0.0,0.0,4.0,9.0,8.0,9.0,5.9,20.0,35.3,21.4,29.4,26.7,29.4,33.3
Bisel (68580),/management/ville/bisel/ville-68039,5.0,14.0,10.0,25.0,65.0,140.0,121.0,181.0,54.0,53.0,27.7,31.4,47.1,32.6,12.6,13.7,12.6,13.2
Chenecey-Buillon (25440),/management/ville/chenecey-buillon/ville-25149,10.0,15.0,48.0,54.0,54.0,78.0,101.0,117.0,68.0,112.0,17.6,32.7,38.3,20.2,17.1,17.1,26.9,29.3
Camboulit (46100),/management/ville/camboulit/ville-46052,5.0,5.0,15.0,34.0,34.0,29.0,30.0,52.0,45.0,76.0,13.9,16.8,29.7,20.8,22.8,20.8,33.7,41.6
Châtel-Gérard (89310),/management/ville/chatel-gerard/ville-89092,25.0,0.0,0.0,0.0,30.0,10.0,68.0,54.0,27.0,35.0,29.0,45.1,34.4,21.6,17.2,12.1,19.4,18.7
Beaupuy (32600),/management/ville/beaupuy/ville-32038,19.0,10.0,14.0,5.0,29.0,14.0,32.0,28.0,26.0,44.0,18.2,31.3,22.7,20.0,21.2,18.8,37.9,29.7
Audignies (59570),/management/ville/audignies/ville-59031,0.0,15.0,20.0,63.0,59.0,39.0,45.0,73.0,42.0,94.0,14.6,20.6,35.0,21.3,17.9,15.3,32.5,41.2
Celles-sur-Plaine (88110),/management/ville/celles-sur-plaine/ville-88082,5.0,16.0,32.0,64.0,101.0,96.0,236.0,223.0,116.0,105.0,30.7,38.2,38.4,25.4,15.8,18.3,15.2,15.7
Corbreuse (91410),/management/ville/corbreuse/ville-91175,15.0,46.0,177.0,263.0,238.0,132.0,283.0,336.0,240.0,395.0,19.8,25.0,31.9,21.9,17.8,20.2,30.5,32.4
Béthelainville (55100),/management/ville/bethelainville/ville-55047,5.0,20.0,0.0,15.0,39.0,34.0,42.0,46.0,18.0,22.0,26.5,40.0,39.7,26.0,17.6,10.0,16.2,18.3
Buoux (84480),/management/ville/buoux/ville-84023,0.0,5.0,5.0,14.0,10.0,14.0,16.0,13.0,11.0,24.0,29.7,20.7,18.9,21.9,18.9,13.8,32.4,41.4
Boulay-les-Ifs (53370),/management/ville/boulay-les-ifs/ville-53038,6.0,0.0,0.0,22.0,6.0,11.0,32.0,48.0,27.0,27.0,12.1,35.8,56.1,16.9,19.7,19.4,12.1,28.4
Ars-en-Ré (17590),/management/ville/ars-en-re/ville-17019,60.0,101.0,30.0,91.0,156.0,121.0,294.0,290.0,254.0,266.0,25.9,27.2,32.1,22.3,19.1,26.5,23.0,25.2
Bassignac (15240),/management/ville/bassignac/ville-15019,10.0,5.0,19.0,29.0,34.0,29.0,58.0,36.0,43.0,42.0,28.6,37.2,25.3,16.7,23.1,24.4,23.1,23.3
Balaiseaux (39120),/management/ville/balaiseaux/ville-39034,0.0,20.0,15.0,34.0,64.0,25.0,55.0,67.0,50.0,33.0,25.0,28.0,39.4,25.0,24.0,25.0,11.5,22.0
Chénelette (69430),/management/ville/chenelette/ville-69054,10.0,5.0,15.0,49.0,39.0,35.0,70.0,98.0,45.0,48.0,20.7,32.8,47.4,24.3,19.3,14.8,12.6,25.0
Audignon (40500),/management/ville/audignon/ville-40017,10.0,5.0,5.0,35.0,65.0,80.0,88.0,89.0,50.0,64.0,28.8,31.9,35.9,23.1,16.3,18.1,19.0,25.4
Cusey (52190),/management/ville/cusey/ville-52158,15.0,5.0,5.0,25.0,35.0,40.0,34.0,71.0,45.0,55.0,13.0,20.6,40.7,25.7,24.1,19.6,22.2,32.0
Ciral (61320),/management/ville/ciral/ville-61107,9.0,19.0,20.0,30.0,49.0,52.0,154.0,73.0,43.0,35.0,42.3,58.0,33.8,15.4,12.0,15.4,12.0,11.1
Cassagnes (46700),/management/ville/cassagnes/ville-46061,26.0,5.0,0.0,10.0,37.0,5.0,49.0,42.0,29.0,30.0,31.0,33.3,28.2,25.3,19.7,19.8,21.1,19.8
Amoncourt (70170),/management/ville/amoncourt/ville-70015,0.0,10.0,10.0,16.0,73.0,42.0,84.0,89.0,25.0,28.0,33.6,40.4,47.8,25.7,11.5,11.4,7.1,17.5
Chambonchard (23110),/management/ville/chambonchard/ville-23046,10.0,0.0,0.0,14.0,5.0,9.0,18.0,12.0,14.0,16.0,22.6,37.5,25.8,13.3,29.0,18.8,22.6,31.3
Burbach (67260),/management/ville/burbach/ville-67070,0.0,10.0,10.0,29.0,44.0,69.0,62.0,79.0,42.0,36.0,17.0,38.6,48.1,22.9,18.9,20.2,16.0,17.5
Boitron (61500),/management/ville/boitron/ville-61051,5.0,20.0,15.0,25.0,60.0,40.0,60.0,76.0,55.0,45.0,22.3,28.7,39.7,24.3,22.3,24.3,15.7,22.6
Brie-sous-Chalais (16210),/management/ville/brie-sous-chalais/ville-16063,10.0,5.0,0.0,19.0,29.0,10.0,41.0,39.0,32.0,17.0,22.4,39.4,44.8,20.3,20.7,28.2,12.1,14.1
Cologne (32430),/management/ville/cologne/ville-32106,5.0,15.0,41.0,117.0,105.0,145.0,252.0,162.0,116.0,137.0,30.6,43.9,32.2,17.5,16.9,17.8,20.2,20.8
Crépy (62310),/management/ville/crepy/ville-62256,10.0,0.0,0.0,15.0,15.0,30.0,53.0,32.0,15.0,21.0,36.2,50.8,36.2,16.7,12.1,12.7,15.5,19.0
Belvèze-du-Razès (11240),/management/ville/belveze-du-razes/ville-11034,5.0,15.0,30.0,59.0,143.0,56.0,297.0,191.0,111.0,98.0,40.9,44.1,30.0,23.4,14.4,17.0,14.7,13.6
Bisinchi (20235),/management/ville/bisinchi/ville-2B039,2.0,3.0,10.0,10.0,33.0,11.0,43.0,43.0,45.0,46.0,28.7,20.2,27.6,22.1,26.4,24.7,17.2,33.7
Avelesges (80270),/management/ville/avelesges/ville-80046,0.0,0.0,0.0,5.0,5.0,0.0,22.0,13.0,6.0,6.0,40.9,50.0,31.8,23.1,9.1,16.7,18.2,8.3
Aragon (11600),/management/ville/aragon/ville-11011,5.0,30.0,5.0,75.0,76.0,41.0,91.0,79.0,67.0,114.0,27.3,24.7,24.8,20.0,20.0,18.3,27.9,36.6
Beaupuy (47200),/management/ville/beaupuy/ville-47024,5.0,76.0,76.0,177.0,202.0,223.0,347.0,348.0,232.0,324.0,25.9,29.5,32.2,22.9,16.3,20.7,25.6,26.2
Ciran (37240),/management/ville/ciran/ville-37078,20.0,5.0,0.0,55.0,40.0,70.0,100.0,111.0,53.0,47.0,27.3,37.3,42.9,25.1,17.4,16.7,12.4,18.0
Burbure (62151),/management/ville/burbure/ville-62188,0.0,61.0,71.0,209.0,526.0,459.0,720.0,706.0,371.0,369.0,27.5,38.3,40.9,23.3,17.4,16.9,14.2,19.5
Courcelles-sous-Châtenois (88170),/management/ville/courcelles-sous-chatenois/ville-88117,0.0,0.0,0.0,5.0,16.0,21.0,22.0,21.0,9.0,10.0,27.6,42.4,51.7,17.1,17.2,12.1,3.4,27.3
Chaourse (02340),/management/ville/chaourse/ville-02160,0.0,25.0,10.0,35.0,55.0,70.0,192.0,96.0,57.0,43.0,45.5,53.3,30.2,19.2,11.6,17.6,12.7,9.5
Boyelles (62128),/management/ville/boyelles/ville-62172,10.0,0.0,20.0,40.0,55.0,40.0,51.0,87.0,52.0,62.0,12.6,27.1,43.7,24.1,24.4,17.3,19.3,29.3
Cellettes (16230),/management/ville/cellettes/ville-16069,11.0,26.0,0.0,5.0,79.0,74.0,100.0,114.0,69.0,43.0,26.1,35.2,42.9,25.4,21.1,21.8,9.9,16.4
Corcelle-Mieslot (25640),/management/ville/corcelle-mieslot/ville-25163,0.0,0.0,5.0,5.0,15.0,10.0,25.0,24.0,10.0,20.0,30.0,33.3,40.0,19.5,10.0,15.4,20.0,30.8
Colomars (06670),/management/ville/colomars/ville-06046,0.0,166.0,308.0,468.0,448.0,259.0,723.0,591.0,454.0,808.0,25.9,30.1,27.2,18.7,17.7,17.5,29.2,33.4
Avelin (59710),/management/ville/avelin/ville-59034,40.0,114.0,355.0,406.0,321.0,149.0,394.0,392.0,332.0,816.0,17.6,23.0,22.9,17.6,17.4,17.0,42.0,42.3
Aiti (20244),/management/ville/aiti/ville-2B003,0.0,0.0,2.0,3.0,1.0,0.0,13.0,3.0,7.0,7.0,50.0,35.7,6.3,16.7,18.8,28.6,25.0,21.4
Ars-Laquenexy (57530),/management/ville/ars-laquenexy/ville-57031,0.0,5.0,125.0,150.0,85.0,60.0,154.0,163.0,127.0,267.0,24.1,19.1,21.9,22.9,16.8,19.1,37.3,37.8
Cussac (15430),/management/ville/cussac/ville-15059,20.0,0.0,5.0,5.0,30.0,10.0,52.0,30.0,16.0,12.0,40.0,56.9,31.7,19.3,18.3,9.8,10.0,11.8
Chénérailles (23130),/management/ville/chenerailles/ville-23061,0.0,10.0,5.0,80.0,125.0,70.0,224.0,194.0,89.0,103.0,32.7,40.3,38.4,23.5,14.1,15.1,14.8,18.5
Balan (01360),/management/ville/balan/ville-01027,0.0,53.0,168.0,286.0,1109.0,419.0,468.0,631.0,665.0,446.0,23.5,17.4,32.9,23.8,28.7,32.3,14.9,29.1
Bassignac-le-Bas (19430),/management/ville/bassignac-le-bas/ville-19017,16.0,0.0,0.0,0.0,5.0,5.0,44.0,13.0,11.0,9.0,48.7,66.7,28.2,5.9,10.3,17.9,12.8,10.3
Audigny (02120),/management/ville/audigny/ville-02035,10.0,10.0,5.0,20.0,35.0,35.0,54.0,63.0,28.0,33.0,24.4,35.9,46.5,23.2,14.0,17.4,15.1,21.7
Cassagnes (66720),/management/ville/cassagnes/ville-66042,20.0,10.0,0.0,20.0,30.0,30.0,52.0,60.0,53.0,42.0,15.8,34.0,41.6,19.4,21.8,29.2,20.8,19.8
Courcelles-sous-Moyencourt (80290),/management/ville/courcelles-sous-moyencourt/ville-80218,0.0,0.0,0.0,24.0,29.0,10.0,34.0,25.0,18.0,29.0,28.1,36.7,29.8,16.7,17.5,18.4,24.6,28.6
Cellettes (41120),/management/ville/cellettes/ville-41031,0.0,108.0,201.0,353.0,358.0,282.0,504.0,549.0,346.0,576.0,21.6,29.3,33.2,21.6,16.7,18.3,28.5,29.8
Chamborand (23240),/management/ville/chamborand/ville-23047,10.0,10.0,15.0,15.0,66.0,31.0,54.0,56.0,41.0,33.0,18.8,39.2,47.1,17.8,20.0,23.7,14.1,20.6
Cambounès (81260),/management/ville/cambounes/ville-81053,25.0,5.0,10.0,5.0,60.0,25.0,107.0,89.0,42.0,48.0,27.5,47.2,38.7,21.4,16.2,13.2,17.6,16.0
Bislée (55300),/management/ville/bislee/ville-55054,0.0,0.0,5.0,5.0,0.0,0.0,20.0,13.0,8.0,9.0,30.4,48.1,34.8,17.9,17.4,14.8,17.4,18.5
Corcelles-en-Beaujolais (69220),/management/ville/corcelles-en-beaujolais/ville-69065,20.0,49.0,74.0,153.0,118.0,143.0,168.0,226.0,111.0,171.0,22.7,26.9,40.5,24.8,14.2,18.5,22.7,27.7
Brie-sous-Matha (17160),/management/ville/brie-sous-matha/ville-17067,20.0,15.0,0.0,0.0,25.0,55.0,63.0,36.0,25.0,20.0,38.7,49.3,33.3,16.7,14.7,20.3,13.3,14.5
Boitron (77750),/management/ville/boitron/ville-77043,5.0,20.0,30.0,50.0,75.0,30.0,65.0,99.0,44.0,60.0,25.9,22.5,38.8,29.6,15.8,17.1,19.4,25.6
Aveluy (80300),/management/ville/aveluy/ville-80047,5.0,0.0,15.0,45.0,85.0,90.0,141.0,120.0,57.0,75.0,28.1,43.7,43.4,17.6,12.2,16.8,16.3,21.8
Audincourt (25400),/management/ville/audincourt/ville-25031,3.0,265.0,406.0,1071.0,1423.0,2366.0,4137.0,2874.0,1396.0,1602.0,36.1,46.4,34.0,21.3,14.7,13.3,15.2,16.8
Aramits (64570),/management/ville/aramits/ville-64029,41.0,41.0,10.0,61.0,88.0,46.0,183.0,174.0,82.0,112.0,25.5,39.9,40.5,21.6,15.4,14.3,18.5,22.2
Crépy-en-Valois (60800),/management/ville/crepy-en-valois/ville-60176,17.0,280.0,834.0,1844.0,2232.0,1772.0,3923.0,2711.0,1790.0,2601.0,30.8,39.7,30.0,19.3,15.9,16.6,23.4,23.8
Burcin (38690),/management/ville/burcin/ville-38063,0.0,10.0,5.0,43.0,48.0,68.0,87.0,90.0,49.0,85.0,20.9,35.3,38.6,18.1,17.1,14.4,23.4,31.4
Beaupuy (82600),/management/ville/beaupuy/ville-82014,10.0,5.0,10.0,30.0,25.0,15.0,43.0,38.0,50.0,64.0,22.1,22.0,16.8,22.0,29.5,22.0,31.6,34.0
Chambord (27250),/management/ville/chambord/ville-27139,9.0,5.0,5.0,9.0,14.0,23.0,42.0,38.0,17.0,27.0,31.3,36.7,35.9,21.7,17.2,10.0,15.6,28.3
Bissert (67260),/management/ville/bissert/ville-67047,5.0,0.0,5.0,15.0,15.0,50.0,42.0,37.0,24.0,14.0,32.2,39.7,33.9,27.9,16.9,24.1,16.9,6.9
Brie-sous-Mortagne (17120),/management/ville/brie-sous-mortagne/ville-17068,0.0,5.0,5.0,5.0,40.0,30.0,81.0,74.0,24.0,19.0,33.7,47.6,44.2,26.0,13.7,10.5,8.4,10.5
Circourt (88270),/management/ville/circourt/ville-88103,0.0,10.0,0.0,0.0,15.0,10.0,19.0,25.0,11.0,12.0,20.6,36.4,47.1,25.0,14.7,18.2,17.6,18.2
Amondans (25330),/management/ville/amondans/ville-25017,15.0,0.0,5.0,15.0,5.0,15.0,17.0,24.0,13.0,14.0,25.6,24.1,35.9,27.8,25.6,10.3,12.8,31.0
Colombe (38690),/management/ville/colombe/ville-38118,5.0,73.0,127.0,230.0,176.0,181.0,244.0,322.0,258.0,332.0,20.1,22.1,31.3,24.1,21.6,23.1,27.0,30.4
Belvézet (30580),/management/ville/belvezet/ville-30035,5.0,16.0,0.0,31.0,68.0,15.0,64.0,36.0,40.0,67.0,30.8,31.7,24.0,13.1,10.6,27.7,34.6,29.7
Créquy (62310),/management/ville/crequy/ville-62257,15.0,15.0,15.0,55.0,51.0,61.0,146.0,86.0,50.0,80.0,31.2,48.9,30.1,17.1,15.0,12.2,23.7,20.7
Boulay-Moselle (57220),/management/ville/boulay-moselle/ville-57097,0.0,96.0,176.0,669.0,790.0,745.0,1248.0,1166.0,750.0,912.0,25.5,35.2,32.5,23.6,18.4,18.4,23.6,21.3
Ars-les-Favets (63700),/management/ville/ars-les-favets/ville-63011,5.0,5.0,5.0,5.0,39.0,49.0,56.0,56.0,35.0,30.0,26.1,37.9,38.0,23.4,21.7,17.2,14.1,19.5
Cussac (87150),/management/ville/cussac/ville-87054,30.0,40.0,19.0,80.0,166.0,125.0,521.0,231.0,129.0,123.0,45.5,57.4,28.3,17.5,12.6,13.1,13.5,11.2
Aiton (73220),/management/ville/aiton/ville-73007,10.0,30.0,69.0,149.0,178.0,159.0,494.0,419.0,169.0,253.0,41.9,27.7,35.0,23.1,9.3,19.0,13.8,29.0
Chenereilles (42560),/management/ville/chenereilles/ville-42060,15.0,0.0,10.0,100.0,75.0,60.0,61.0,115.0,83.0,119.0,11.1,21.3,36.8,23.1,23.7,20.2,28.4,34.6
Bassignac-le-Haut (19220),/management/ville/bassignac-le-haut/ville-19018,5.0,14.0,5.0,5.0,15.0,10.0,68.0,37.0,24.0,26.0,38.2,49.4,27.6,18.6,19.7,11.4,14.5,19.0
Béthemont-la-Forêt (95840),/management/ville/bethemont-la-foret/ville-95061,5.0,15.0,66.0,107.0,25.0,25.0,37.0,57.0,53.0,152.0,11.9,12.4,23.8,15.4,17.5,17.6,46.9,54.9
Cassagnes-Bégonhès (12120),/management/ville/cassagnes-begonhes/ville-12057,75.0,30.0,15.0,90.0,100.0,75.0,248.0,200.0,128.0,144.0,28.7,39.4,34.3,20.8,19.6,16.1,17.3,22.5
Courcelles-sous-Thoix (80160),/management/ville/courcelles-sous-thoix/ville-80219,0.0,0.0,5.0,15.0,0.0,5.0,20.0,9.0,4.0,18.0,36.4,40.7,31.8,7.7,4.5,11.1,27.3,40.7
Burcy (77760),/management/ville/burcy/ville-77056,0.0,5.0,5.0,5.0,38.0,54.0,39.0,35.0,23.0,29.0,30.6,30.2,27.4,25.7,19.4,17.5,22.6,23.8
Chapaize (71460),/management/ville/chapaize/ville-71087,0.0,5.0,26.0,31.0,10.0,5.0,34.0,28.0,38.0,34.0,20.6,30.8,26.5,15.5,32.4,24.6,20.6,30.8
Cambounet-sur-le-Sor (81580),/management/ville/cambounet-sur-le-sor/ville-81054,5.0,36.0,36.0,112.0,122.0,147.0,166.0,197.0,145.0,165.0,24.4,24.9,34.9,23.3,20.1,23.1,20.6,28.6
Cellier-du-Luc (07590),/management/ville/cellier-du-luc/ville-07047,5.0,0.0,0.0,5.0,10.0,0.0,27.0,15.0,9.0,13.0,36.7,44.4,33.3,15.8,16.7,11.1,13.3,27.8
Boyer (42460),/management/ville/boyer/ville-42025,20.0,25.0,0.0,25.0,30.0,25.0,32.0,47.0,24.0,33.0,17.1,30.3,40.0,24.4,24.3,10.6,18.6,30.3
Châtel-Guyon (63140),/management/ville/chatel-guyon/ville-63103,0.0,194.0,574.0,813.0,787.0,513.0,1130.0,1176.0,836.0,1586.0,20.1,27.3,30.0,19.9,17.3,18.0,32.6,34.4
Boivre-la-Vallée (86470),/management/ville/boivre-la-vallee/ville-86123,81.0,81.0,152.0,363.0,412.0,423.0,584.0,696.0,422.0,559.0,23.1,28.6,36.7,23.2,19.2,18.1,21.0,28.5
Colombé-la-Fosse (10200),/management/ville/colombe-la-fosse/ville-10102,10.0,0.0,5.0,20.0,10.0,40.0,50.0,44.0,33.0,21.0,30.0,37.2,40.0,21.6,18.6,25.6,11.4,16.7
Aramon (30390),/management/ville/aramon/ville-30012,30.0,85.0,275.0,605.0,525.0,385.0,785.0,866.0,608.0,937.0,21.0,27.8,31.6,22.2,18.4,19.6,29.0,29.6
Ars-sur-Formans (01480),/management/ville/ars-sur-formans/ville-01021,5.0,58.0,130.0,149.0,169.0,149.0,187.0,259.0,199.0,332.0,15.3,22.5,33.0,20.8,19.7,21.0,31.9,35.8
Balan (08200),/management/ville/balan/ville-08043,5.0,50.0,60.0,179.0,184.0,214.0,368.0,366.0,232.0,281.0,28.5,30.3,33.9,23.7,18.1,19.2,19.5,25.4
Aix (19200),/management/ville/aix/ville-19002,40.0,25.0,5.0,40.0,49.0,59.0,49.0,109.0,40.0,95.0,11.8,22.1,46.4,24.2,12.4,15.0,29.4,35.7
Beauquesne (80600),/management/ville/beauquesne/ville-80070,5.0,5.0,36.0,165.0,171.0,216.0,268.0,272.0,175.0,231.0,23.0,33.3,36.5,20.8,19.0,18.2,21.4,27.1
Circourt-sur-Mouzon (88300),/management/ville/circourt-sur-mouzon/ville-88104,5.0,0.0,10.0,20.0,35.0,25.0,50.0,45.0,29.0,26.0,31.5,35.1,34.2,24.7,17.8,20.8,16.4,18.2
Bissey-la-Côte (21520),/management/ville/bissey-la-cote/ville-21077,0.0,0.0,10.0,10.0,5.0,25.0,31.0,27.0,16.0,19.0,29.8,37.0,34.0,22.0,19.1,15.2,17.0,23.9
Cellieu (42320),/management/ville/cellieu/ville-42032,40.0,65.0,150.0,210.0,180.0,150.0,202.0,361.0,248.0,423.0,13.2,19.5,33.3,23.7,21.5,18.7,32.0,36.6
Cambrai (59400),/management/ville/cambrai/ville-59122,25.0,736.0,1463.0,3272.0,4575.0,4163.0,8627.0,6148.0,4055.0,5385.0,30.5,39.9,29.4,20.9,17.4,16.2,22.8,21.8
Briec (29510),/management/ville/briec/ville-29020,40.0,140.0,175.0,745.0,675.0,941.0,1109.0,1164.0,748.0,1052.0,23.0,31.3,34.4,21.7,19.5,17.2,23.1,28.5
Cresancey (70100),/management/ville/cresancey/ville-70185,20.0,5.0,10.0,10.0,20.0,35.0,50.0,48.0,23.0,20.0,29.6,41.4,35.2,27.4,19.7,12.9,15.5,12.9
Chenereilles (43190),/management/ville/chenereilles/ville-43069,20.0,0.0,10.0,15.0,40.0,45.0,66.0,78.0,42.0,51.0,25.0,31.2,38.3,24.4,18.0,17.4,18.8,24.8
Avenay (14210),/management/ville/avenay/ville-14034,15.0,25.0,45.0,104.0,60.0,45.0,58.0,101.0,66.0,133.0,15.2,17.1,37.1,19.4,19.7,17.1,28.1,45.9
Châtel-Montagne (03250),/management/ville/chatel-montagne/ville-03066,5.0,19.0,9.0,5.0,39.0,19.0,134.0,60.0,65.0,54.0,38.5,46.8,21.8,16.9,22.4,19.0,17.3,17.7
Ars-sur-Moselle (57130),/management/ville/ars-sur-moselle/ville-57032,5.0,109.0,292.0,474.0,830.0,601.0,1139.0,1093.0,571.0,802.0,26.9,36.1,34.8,23.6,16.1,15.6,22.2,22.2
Beaurain (59730),/management/ville/beaurain/ville-59060,5.0,20.0,10.0,40.0,30.0,10.0,44.0,47.0,24.0,40.0,22.2,35.1,39.5,19.7,13.6,17.6,24.7,27.0
Béthencourt (59540),/management/ville/bethencourt/ville-59075,5.0,5.0,35.0,100.0,75.0,115.0,180.0,164.0,92.0,97.0,30.9,36.8,36.7,22.8,17.1,17.4,15.3,21.3
Audincthun (62560),/management/ville/audincthun/ville-62053,10.0,30.0,15.0,69.0,79.0,114.0,173.0,141.0,82.0,79.0,28.2,43.9,40.6,19.0,17.1,17.6,14.1,19.3
Chambord (41250),/management/ville/chambord/ville-41034,0.0,16.0,5.0,22.0,21.0,11.0,25.0,17.0,28.0,16.0,35.1,23.5,27.0,20.5,24.3,39.2,13.5,21.6
Courcelles-sur-Aire (55260),/management/ville/courcelles-sur-aire/ville-55128,0.0,0.0,0.0,0.0,10.0,10.0,9.0,11.0,6.0,9.0,16.7,35.3,33.3,25.0,22.2,11.8,27.8,23.5
Cussac-Fort-Médoc (33460),/management/ville/cussac-fort-medoc/ville-33146,10.0,52.0,29.0,257.0,296.0,391.0,435.0,541.0,256.0,260.0,27.7,30.5,40.3,28.2,16.5,17.8,15.4,19.3
Boulazac Isle Manoire (24330),/management/ville/boulazac-isle-manoire/ville-24053,37.0,343.0,375.0,1528.0,1689.0,1000.0,2257.0,2375.0,1457.0,1826.0,26.6,30.3,34.6,24.2,17.5,19.3,21.3,24.7
Burdignes (42220),/management/ville/burdignes/ville-42028,24.0,44.0,5.0,29.0,29.0,39.0,76.0,63.0,58.0,77.0,29.1,26.5,30.5,16.0,21.3,20.5,19.1,37.9
Briel-sur-Barse (10140),/management/ville/briel-sur-barse/ville-10062,0.0,0.0,15.0,35.0,25.0,50.0,56.0,53.0,29.0,22.0,27.5,42.5,43.8,22.2,15.0,21.3,13.8,13.8
Boyer (71700),/management/ville/boyer/ville-71052,5.0,39.0,34.0,74.0,59.0,83.0,148.0,156.0,103.0,146.0,24.1,29.1,35.2,21.1,19.2,18.2,21.5,30.8
Corcelles-Ferrières (25410),/management/ville/corcelles-ferrieres/ville-25162,0.0,0.0,0.0,35.0,30.0,30.0,28.0,46.0,21.0,46.0,14.5,25.0,43.5,20.8,14.5,15.3,27.5,37.5
Amont-et-Effreney (70310),/management/ville/amont-et-effreney/ville-70016,0.0,20.0,10.0,20.0,5.0,5.0,67.0,34.0,19.0,23.0,43.2,52.5,28.4,16.4,17.3,8.2,11.1,21.3
Avenay-Val-d'Or (51160),/management/ville/avenay-val-d-or/ville-51028,55.0,35.0,20.0,130.0,93.0,165.0,238.0,206.0,127.0,164.0,28.3,35.9,36.0,20.8,14.7,19.4,20.9,23.5
Aranc (01110),/management/ville/aranc/ville-01012,5.0,15.0,5.0,25.0,40.0,40.0,76.0,68.0,38.0,64.0,26.9,34.6,32.8,20.6,19.3,11.8,21.0,30.7
Cassagnoles (30350),/management/ville/cassagnoles/ville-30071,0.0,5.0,25.0,75.0,65.0,30.0,62.0,72.0,58.0,96.0,19.6,23.4,26.6,23.0,18.9,21.4,35.0,31.7
Aix-en-Ergny (62650),/management/ville/aix-en-ergny/ville-62017,10.0,0.0,5.0,10.0,10.0,50.0,55.0,32.0,22.0,18.0,40.9,45.9,28.8,19.7,21.2,13.1,9.1,19.7
Colombé-le-Sec (10200),/management/ville/colombe-le-sec/ville-10103,15.0,5.0,5.0,19.0,10.0,19.0,52.0,34.0,23.0,14.0,32.8,50.0,36.1,18.2,26.2,12.9,4.9,17.7
Beaurains (62217),/management/ville/beaurains/ville-62099,15.0,82.0,243.0,712.0,945.0,602.0,1231.0,1160.0,740.0,1039.0,26.7,31.9,30.7,23.5,18.5,17.1,24.1,25.5
Bolandoz (25330),/management/ville/bolandoz/ville-25070,5.0,5.0,5.0,78.0,36.0,67.0,63.0,98.0,59.0,60.0,17.6,26.9,35.3,29.5,26.5,15.9,20.6,22.1
Chamboret (87140),/management/ville/chamboret/ville-87033,25.0,20.0,15.0,85.0,95.0,120.0,157.0,197.0,131.0,109.0,19.7,32.9,40.3,25.0,23.1,21.1,16.9,19.7
Celon (36200),/management/ville/celon/ville-36033,0.0,20.0,10.0,31.0,46.0,72.0,93.0,111.0,59.0,37.0,28.1,34.0,44.4,27.6,16.3,23.1,11.1,13.6
Ciré-d'Aunis (17290),/management/ville/cire-d-aunis/ville-17107,39.0,49.0,49.0,83.0,250.0,186.0,210.0,348.0,203.0,195.0,22.1,21.8,40.4,29.4,20.4,22.0,17.0,23.7
Bissey-la-Pierre (21330),/management/ville/bissey-la-pierre/ville-21078,5.0,10.0,0.0,5.0,0.0,15.0,10.0,23.0,5.0,16.0,14.8,22.2,55.6,24.2,11.1,7.4,18.5,40.7
Chapareillan (38530),/management/ville/chapareillan/ville-38075,31.0,92.0,326.0,378.0,290.0,265.0,436.0,517.0,353.0,786.0,18.5,23.0,31.1,18.8,15.2,18.5,35.3,39.7
Chenevelles (86450),/management/ville/chenevelles/ville-86072,5.0,20.0,10.0,72.0,56.0,36.0,115.0,107.0,60.0,52.0,29.2,39.5,39.1,23.4,19.3,16.3,12.4,18.6
Cambremer (14340),/management/ville/cambremer/ville-14126,20.0,95.0,104.0,123.0,145.0,120.0,298.0,261.0,184.0,252.0,25.9,33.7,33.1,19.4,18.1,19.1,22.9,27.7
Crésantignes (10320),/management/ville/cresantignes/ville-10116,10.0,10.0,15.0,35.0,55.0,30.0,63.0,80.0,33.0,57.0,23.0,30.8,41.6,24.1,15.0,13.3,20.4,28.3
Amorots-Succos (64120),/management/ville/amorots-succos/ville-64019,15.0,5.0,0.0,26.0,41.0,21.0,46.0,55.0,34.0,38.0,27.9,26.1,43.0,21.7,12.8,26.1,16.3,27.3
Arancou (64270),/management/ville/arancou/ville-64031,16.0,5.0,0.0,16.0,22.0,22.0,28.0,34.0,29.0,22.0,22.8,26.8,31.6,27.1,28.1,23.2,17.5,21.4
Arsac (33460),/management/ville/arsac/ville-33012,10.0,161.0,313.0,508.0,411.0,235.0,519.0,709.0,471.0,848.0,16.4,24.2,33.0,22.1,17.7,19.3,32.9,33.6
Brielles (35370),/management/ville/brielles/ville-35042,10.0,26.0,26.0,57.0,83.0,125.0,134.0,180.0,91.0,92.0,23.2,30.7,44.0,26.2,16.2,20.6,16.6,20.6
Béthencourt-sur-Mer (80130),/management/ville/bethencourt-sur-mer/ville-80096,5.0,10.0,15.0,85.0,110.0,215.0,330.0,215.0,116.0,92.0,38.7,48.7,34.1,21.7,14.7,16.1,12.5,11.9
Cussac-sur-Loire (43370),/management/ville/cussac-sur-loire/ville-43084,10.0,87.0,77.0,189.0,205.0,179.0,280.0,397.0,293.0,315.0,21.2,22.2,38.2,24.2,20.5,25.0,20.1,28.8
Bolazec (29640),/management/ville/bolazec/ville-29012,10.0,5.0,0.0,10.0,10.0,50.0,78.0,41.0,28.0,27.0,40.0,50.6,32.6,13.2,15.8,16.5,11.6,20.3
Balanod (39160),/management/ville/balanod/ville-39035,0.0,10.0,0.0,20.0,50.0,86.0,75.0,98.0,43.0,41.0,27.8,30.2,41.3,29.6,16.7,17.1,14.3,17.8
Boulbon (13150),/management/ville/boulbon/ville-13017,34.0,84.0,59.0,133.0,207.0,158.0,304.0,324.0,216.0,304.0,24.3,28.6,33.6,22.4,17.7,19.7,24.3,28.6
Courcelles-sur-Blaise (52110),/management/ville/courcelles-sur-blaise/ville-52149,0.0,5.0,5.0,0.0,5.0,25.0,29.0,28.0,12.0,6.0,40.0,37.8,40.0,31.0,10.0,21.6,10.0,5.4
Chapdes-Beaufort (63230),/management/ville/chapdes-beaufort/ville-63085,10.0,25.0,49.0,103.0,137.0,167.0,186.0,304.0,160.0,158.0,20.7,25.4,46.1,26.9,18.3,21.4,14.9,24.4
Belvianes-et-Cavirac (11500),/management/ville/belvianes-et-cavirac/ville-11035,5.0,21.0,0.0,10.0,42.0,10.0,98.0,73.0,36.0,23.0,42.9,42.7,34.8,25.8,13.4,18.8,8.9,10.3
Corcelles-les-Arts (21190),/management/ville/corcelles-les-arts/ville-21190,5.0,35.0,30.0,50.0,59.0,54.0,80.0,109.0,55.0,105.0,22.7,23.0,39.0,22.5,14.5,16.9,23.8,36.0
Châtel-Moron (71510),/management/ville/chatel-moron/ville-71115,0.0,5.0,0.0,21.0,26.0,0.0,8.0,22.0,20.0,14.0,10.0,16.1,36.7,30.3,36.7,25.8,16.7,25.8
Crespian (30260),/management/ville/crespian/ville-30098,19.0,24.0,29.0,62.0,53.0,19.0,53.0,77.0,53.0,105.0,18.8,18.0,27.5,24.2,18.1,18.7,35.5,37.3
Bassigney (70800),/management/ville/bassigney/ville-70052,0.0,16.0,5.0,16.0,11.0,16.0,42.0,30.0,19.0,14.0,35.0,45.8,38.3,16.7,20.0,16.7,6.7,20.8
Brienne (71290),/management/ville/brienne/ville-71061,0.0,10.0,0.0,40.0,70.0,90.0,120.0,102.0,65.0,54.0,30.5,39.7,37.1,21.7,21.0,17.2,11.4,20.1
Avène (34260),/management/ville/avene/ville-34019,5.0,15.0,5.0,20.0,40.0,25.0,99.0,53.0,56.0,50.0,37.5,39.3,24.3,17.1,22.8,20.5,15.4,23.8
Aix-en-Issart (62170),/management/ville/aix-en-issart/ville-62018,20.0,20.0,20.0,20.0,15.0,40.0,50.0,39.0,47.0,48.0,20.9,32.7,27.9,17.0,25.6,25.5,25.6,26.5
Arsac-en-Velay (43700),/management/ville/arsac-en-velay/ville-43010,20.0,40.0,80.0,175.0,165.0,120.0,174.0,270.0,177.0,246.0,19.0,21.1,37.1,23.9,21.8,19.0,22.1,34.5
Beaurains-lès-Noyon (60400),/management/ville/beaurains-les-noyon/ville-60055,5.0,15.0,0.0,45.0,50.0,35.0,67.0,82.0,52.0,47.0,30.1,24.0,38.2,27.8,14.6,27.2,17.1,20.8
Audinghen (62179),/management/ville/audinghen/ville-62054,25.0,25.0,15.0,41.0,96.0,101.0,132.0,122.0,91.0,91.0,25.3,35.3,34.8,21.5,18.1,23.7,21.7,20.0
Chamborigaud (30530),/management/ville/chamborigaud/ville-30080,0.0,54.0,20.0,39.0,113.0,64.0,265.0,168.0,118.0,171.0,38.7,34.6,26.9,19.8,12.9,19.8,21.6,25.8
Cirès (31110),/management/ville/cires/ville-31146,0.0,0.0,0.0,0.0,0.0,0.0,2.0,3.0,1.0,6.0,0.0,33.3,50.0,0.0,0.0,16.7,50.0,50.0
Cambrin (62149),/management/ville/cambrin/ville-62200,0.0,43.0,43.0,154.0,224.0,117.0,254.0,232.0,165.0,198.0,22.7,36.3,34.5,20.7,19.1,19.7,23.7,23.0
Bissey-sous-Cruchaud (71390),/management/ville/bissey-sous-cruchaud/ville-71034,5.0,5.0,10.0,40.0,100.0,25.0,53.0,71.0,54.0,89.0,23.1,16.8,27.7,24.5,19.2,21.2,30.0,36.5
Cussangy (10210),/management/ville/cussangy/ville-10120,10.0,10.0,0.0,36.0,36.0,15.0,62.0,53.0,21.0,26.0,36.0,41.6,44.2,19.2,8.1,18.2,11.6,20.8
Chapdeuil (24320),/management/ville/chapdeuil/ville-24105,0.0,15.0,10.0,15.0,15.0,20.0,30.0,41.0,20.0,22.0,17.5,36.4,38.6,26.9,24.6,10.9,19.3,20.0
Belvis (11340),/management/ville/belvis/ville-11036,10.0,5.0,10.0,5.0,5.0,5.0,50.0,38.0,24.0,27.0,36.1,35.8,31.9,20.3,18.1,17.9,13.9,25.4
Amou (40330),/management/ville/amou/ville-40002,25.0,35.0,35.0,155.0,170.0,180.0,392.0,413.0,208.0,229.0,24.8,37.4,40.5,24.2,18.3,15.4,16.4,20.2
Colombe-lès-Vesoul (70000),/management/ville/colombe-les-vesoul/ville-70162,6.0,10.0,23.0,124.0,28.0,49.0,102.0,96.0,74.0,85.0,28.5,28.3,32.0,22.2,19.8,21.4,19.8,27.8
Cassagnoles (34210),/management/ville/cassagnoles/ville-34054,0.0,5.0,0.0,5.0,5.0,15.0,27.0,30.0,20.0,8.0,27.9,35.7,44.2,27.5,16.3,31.0,11.6,7.1
Arandas (01230),/management/ville/arandas/ville-01013,5.0,5.0,10.0,21.0,21.0,31.0,31.0,43.0,20.0,17.0,25.0,30.2,53.6,24.1,12.5,22.6,8.9,22.6
Boyeux-Saint-Jérôme (01640),/management/ville/boyeux-saint-jerome/ville-01056,5.0,5.0,31.0,46.0,46.0,46.0,68.0,76.0,47.0,70.0,26.3,25.6,35.0,21.9,16.8,20.0,21.9,32.0
Béthencourt-sur-Somme (80190),/management/ville/bethencourt-sur-somme/ville-80097,0.0,6.0,0.0,5.0,16.0,26.0,31.0,29.0,17.0,19.0,38.0,26.1,32.0,26.0,16.0,19.6,14.0,26.1
Balansun (64300),/management/ville/balansun/ville-64088,0.0,5.0,15.0,60.0,40.0,15.0,52.0,65.0,48.0,52.0,19.6,28.2,33.6,24.4,26.2,18.2,20.6,27.3
Chambornay-lès-Bellevaux (70190),/management/ville/chambornay-les-bellevaux/ville-70118,0.0,5.0,0.0,25.0,20.0,35.0,34.0,59.0,19.0,30.0,17.6,29.3,51.5,27.2,16.2,10.7,14.7,26.7
Boulc (26410),/management/ville/boulc/ville-26055,15.0,5.0,5.0,20.0,5.0,5.0,16.0,17.0,19.0,40.0,21.6,12.2,23.5,14.3,15.7,26.8,39.2,48.8
Courcelles-sur-Nied (57530),/management/ville/courcelles-sur-nied/ville-57156,0.0,30.0,127.0,198.0,162.0,25.0,155.0,248.0,163.0,331.0,13.9,20.3,31.1,23.0,18.9,17.5,36.1,37.6
Chenevières (54122),/management/ville/chenevieres/ville-54125,10.0,15.0,20.0,51.0,56.0,76.0,79.0,154.0,79.0,60.0,17.0,25.4,47.9,31.1,20.7,21.5,14.4,17.7
Corcelles-lès-Cîteaux (21910),/management/ville/corcelles-les-citeaux/ville-21191,5.0,25.0,60.0,99.0,115.0,101.0,113.0,190.0,125.0,164.0,17.7,20.4,36.5,26.5,18.7,23.9,27.1,28.2
Celoux (15500),/management/ville/celoux/ville-15032,21.0,0.0,0.0,5.0,0.0,0.0,19.0,15.0,17.0,9.0,28.1,40.7,21.9,24.1,37.5,18.5,12.5,14.8
Burdignin (74420),/management/ville/burdignin/ville-74050,10.0,20.0,39.0,116.0,69.0,102.0,99.0,139.0,81.0,143.0,18.8,24.1,39.7,19.7,17.5,17.5,23.9,38.2
Cussay (37240),/management/ville/cussay/ville-37094,15.0,40.0,5.0,75.0,90.0,75.0,124.0,175.0,87.0,62.0,21.7,33.8,46.9,27.6,20.4,18.5,11.1,16.7
Bassillac et Auberoche (24330),/management/ville/bassillac-et-auberoche/ville-24026,26.0,146.0,203.0,553.0,784.0,470.0,884.0,1161.0,635.0,760.0,22.5,28.9,40.5,25.1,17.9,19.0,19.2,25.0
Crespières (78121),/management/ville/crespieres/ville-78189,10.0,85.0,296.0,225.0,85.0,30.0,172.0,159.0,175.0,612.0,13.9,16.8,15.2,14.0,13.0,18.2,58.0,51.7
Châtel-Saint-Germain (57160),/management/ville/chatel-saint-germain/ville-57134,0.0,50.0,151.0,294.0,226.0,158.0,280.0,375.0,264.0,484.0,16.3,23.4,31.2,22.0,17.3,20.2,35.2,33.8
Brienne-la-Vieille (10500),/management/ville/brienne-la-vieille/ville-10063,10.0,0.0,15.0,46.0,36.0,41.0,132.0,115.0,52.0,50.0,33.5,41.7,40.3,23.2,13.6,16.6,12.5,16.6
Cambron (80132),/management/ville/cambron/ville-80163,0.0,15.0,15.0,106.0,101.0,86.0,190.0,173.0,94.0,114.0,29.5,37.2,34.2,23.3,18.1,14.6,18.1,22.3
Beaurainville (62990),/management/ville/beaurainville/ville-62100,5.0,50.0,20.0,160.0,345.0,300.0,598.0,490.0,233.0,236.0,31.5,44.6,38.3,23.0,14.9,15.0,15.3,15.0
Audon (40400),/management/ville/audon/ville-40018,15.0,0.0,16.0,31.0,46.0,45.0,87.0,86.0,52.0,67.0,26.4,33.3,38.2,20.7,16.7,19.0,18.8,26.5
Aix-en-Pévèle (59310),/management/ville/aix-en-pevele/ville-59004,15.0,63.0,151.0,151.0,170.0,83.0,151.0,183.0,159.0,336.0,14.1,22.1,26.0,18.2,20.6,18.0,39.3,41.7
Cassaigne (32100),/management/ville/cassaigne/ville-32075,10.0,15.0,15.0,15.0,25.0,30.0,66.0,37.0,43.0,28.0,33.7,42.4,25.3,19.0,22.9,26.1,18.1,14.1
Boynes (45300),/management/ville/boynes/ville-45050,10.0,36.0,15.0,118.0,174.0,221.0,392.0,327.0,128.0,115.0,37.3,44.0,40.5,24.8,11.1,15.4,11.1,12.7
Arsague (40330),/management/ville/arsague/ville-40011,10.0,16.0,16.0,26.0,62.0,62.0,75.0,99.0,60.0,52.0,20.1,32.2,37.5,27.7,25.7,16.1,16.7,19.6
Bétheniville (51490),/management/ville/betheniville/ville-51054,5.0,25.0,40.0,205.0,165.0,210.0,229.0,265.0,156.0,184.0,24.5,30.4,39.0,23.3,16.8,20.8,19.6,24.8
Avensac (32120),/management/ville/avensac/ville-32021,5.0,5.0,16.0,5.0,11.0,5.0,16.0,23.0,8.0,13.0,29.0,27.6,48.4,24.2,9.7,13.8,12.9,31.0
Belvoir (25430),/management/ville/belvoir/ville-25053,21.0,5.0,0.0,5.0,16.0,11.0,28.0,27.0,12.0,12.0,30.8,42.1,41.0,24.4,17.9,10.5,10.3,18.4
Colombelles (14460),/management/ville/colombelles/ville-14167,0.0,60.0,255.0,605.0,1135.0,1015.0,1751.0,1641.0,664.0,860.0,30.6,39.8,39.1,24.9,13.1,13.8,17.1,17.8
Bolbec (76210),/management/ville/bolbec/ville-76114,11.0,166.0,208.0,967.0,1533.0,1888.0,3580.0,2682.0,1133.0,1043.0,36.0,48.0,37.6,23.6,13.4,13.5,13.0,11.8
Arandon-Passins (38510),/management/ville/arandon-passins/ville-38297,20.0,40.0,110.0,186.0,216.0,261.0,390.0,435.0,211.0,253.0,26.7,33.9,41.8,23.9,15.1,17.5,16.3,22.8
Ampilly-le-Sec (21400),/management/ville/ampilly-le-sec/ville-21012,5.0,20.0,26.0,31.0,15.0,46.0,86.0,95.0,46.0,47.0,26.3,36.2,45.1,23.3,15.0,18.4,13.5,20.6
Bissezeele (59380),/management/ville/bissezeele/ville-59083,0.0,10.0,25.0,30.0,55.0,30.0,37.0,40.0,29.0,63.0,15.1,28.9,33.7,13.4,19.8,14.5,31.4,43.4
Chapeau (03340),/management/ville/chapeau/ville-03054,0.0,10.0,10.0,30.0,25.0,20.0,70.0,47.0,27.0,35.0,34.1,43.7,29.7,21.5,14.3,16.1,22.0,17.2
Cires-lès-Mello (60660),/management/ville/cires-les-mello/ville-60155,5.0,30.0,194.0,451.0,616.0,548.0,1205.0,772.0,481.0,538.0,39.8,40.6,30.0,20.7,14.6,17.5,15.6,20.3
Courcelles-sur-Seine (27940),/management/ville/courcelles-sur-seine/ville-27180,0.0,36.0,97.0,244.0,249.0,396.0,450.0,510.0,256.0,248.0,25.8,35.7,41.9,25.4,16.6,18.4,15.8,18.1
Boule-d'Amont (66130),/management/ville/boule-d-amont/ville-66022,0.0,5.0,0.0,10.0,15.0,0.0,10.0,11.0,9.0,19.0,21.4,19.0,28.6,15.8,14.3,23.8,35.7,42.9
Corcelles-les-Monts (21160),/management/ville/corcelles-les-monts/ville-21192,0.0,19.0,85.0,88.0,43.0,35.0,93.0,110.0,110.0,212.0,16.2,19.3,24.8,17.7,20.7,21.2,38.3,42.5
Celsoy (52600),/management/ville/celsoy/ville-52090,0.0,5.0,15.0,26.0,10.0,5.0,31.0,35.0,11.0,6.0,37.0,36.1,43.5,33.3,10.9,16.7,8.7,5.6
Chenevrey-et-Morogne (70150),/management/ville/chenevrey-et-morogne/ville-70150,15.0,5.0,24.0,29.0,34.0,39.0,44.0,51.0,37.0,74.0,20.0,22.2,32.2,16.7,14.8,22.2,33.0,40.0
Chambornay-lès-Pin (70150),/management/ville/chambornay-les-pin/ville-70119,15.0,10.0,15.0,59.0,29.0,39.0,61.0,89.0,59.0,64.0,18.7,26.0,38.8,24.8,23.7,19.1,18.7,28.2
Bassillon-Vauzé (64350),/management/ville/bassillon-vauze/ville-64098,11.0,5.0,0.0,11.0,11.0,0.0,11.0,21.0,11.0,11.0,18.5,20.8,55.6,25.0,14.8,25.0,11.1,29.2
Balanzac (17600),/management/ville/balanzac/ville-17030,25.0,35.0,15.0,70.0,85.0,45.0,116.0,134.0,82.0,79.0,22.5,33.8,41.7,23.3,17.6,22.2,18.1,20.3
Cusset (03300),/management/ville/cusset/ville-03095,39.0,319.0,441.0,1222.0,1799.0,1351.0,3596.0,2932.0,1442.0,1965.0,31.2,40.2,35.9,22.2,14.6,14.4,18.3,20.9
Crespin (12800),/management/ville/crespin/ville-12085,34.0,5.0,10.0,25.0,34.0,29.0,82.0,70.0,43.0,48.0,29.4,37.6,36.1,20.8,15.1,20.8,19.3,20.8
Châtel-sur-Moselle (88330),/management/ville/chatel-sur-moselle/ville-88094,5.0,66.0,61.0,157.0,217.0,222.0,459.0,353.0,225.0,281.0,29.9,39.2,33.0,20.9,14.8,19.0,22.3,20.3
Bure (55290),/management/ville/bure/ville-55087,5.0,0.0,0.0,15.0,5.0,20.0,36.0,15.0,12.0,7.0,44.7,59.4,28.9,13.3,15.8,18.8,10.5,9.4
Cambronne-lès-Clermont (60290),/management/ville/cambronne-les-clermont/ville-60120,5.0,19.0,82.0,163.0,149.0,72.0,178.0,213.0,172.0,237.0,19.0,25.4,32.3,21.4,21.0,21.9,27.8,31.4
Brienne-le-Château (10500),/management/ville/brienne-le-chateau/ville-10064,16.0,52.0,76.0,216.0,396.0,389.0,1023.0,684.0,282.0,364.0,37.0,49.5,35.8,20.5,12.9,11.2,14.4,16.4
Audouville-la-Hubert (50480),/management/ville/audouville-la-hubert/ville-50021,0.0,0.0,0.0,10.0,10.0,5.0,15.0,19.0,22.0,11.0,20.0,25.8,28.6,27.3,40.0,22.6,11.4,22.6
Beaurecueil (13100),/management/ville/beaurecueil/ville-13012,0.0,5.0,64.0,59.0,74.0,25.0,97.0,44.0,93.0,239.0,22.0,19.2,10.7,9.9,15.6,22.9,51.7,49.4
Arsans (70100),/management/ville/arsans/ville-70030,0.0,0.0,0.0,0.0,0.0,10.0,14.0,13.0,4.0,5.0,33.3,44.4,50.0,20.0,11.1,11.1,5.6,22.2
Cassaignes (11190),/management/ville/cassaignes/ville-11073,0.0,0.0,0.0,13.0,4.0,0.0,6.0,15.0,12.0,16.0,8.7,16.0,39.1,23.1,30.4,20.0,21.7,40.0
Colombes (92700),/management/ville/colombes/ville-92025,6.0,2047.0,12519.0,10674.0,11504.0,5664.0,15319.0,9678.0,9199.0,24091.0,24.4,28.0,18.5,15.1,15.5,16.0,41.6,41.1
Ampilly-les-Bordes (21450),/management/ville/ampilly-les-bordes/ville-21011,10.0,0.0,0.0,5.0,31.0,21.0,25.0,19.0,16.0,11.0,22.9,50.0,34.3,16.7,31.4,11.8,11.4,20.6
Bissy-la-Mâconnaise (71260),/management/ville/bissy-la-maconnaise/ville-71035,10.0,10.0,10.0,34.0,10.0,64.0,45.0,45.0,33.0,35.0,25.9,31.3,32.1,23.0,24.7,16.3,17.3,27.5
Chapeiry (74540),/management/ville/chapeiry/ville-74061,10.0,50.0,60.0,125.0,115.0,70.0,131.0,152.0,95.0,195.0,22.4,23.3,32.7,19.9,14.3,19.0,30.6,37.6
Aix-en-Provence (13080),/management/ville/aix-en-provence/ville-13001,176.0,4218.0,18506.0,17203.0,17482.0,7631.0,21094.0,14321.0,15815.0,47677.0,20.3,22.3,15.9,13.8,15.0,16.9,48.9,47.6
Boz (01190),/management/ville/boz/ville-01057,0.0,15.0,10.0,85.0,70.0,55.0,100.0,109.0,72.0,78.0,25.4,29.9,38.7,21.9,18.8,21.5,17.1,26.6
Araujuzon (64190),/management/ville/araujuzon/ville-64032,16.0,5.0,0.0,16.0,21.0,42.0,50.0,50.0,31.0,30.0,27.2,34.1,37.0,23.0,21.0,18.3,14.8,23.2
Cirey (70190),/management/ville/cirey/ville-70154,5.0,19.0,10.0,29.0,54.0,44.0,90.0,90.0,25.0,59.0,28.9,38.7,43.0,21.9,10.9,8.8,17.2,27.0
Belz (56550),/management/ville/belz/ville-56013,35.0,143.0,169.0,274.0,453.0,350.0,961.0,933.0,512.0,632.0,21.7,40.1,37.0,22.8,20.1,14.1,21.3,20.5
Bollène (84500),/management/ville/bollene/ville-84019,37.0,386.0,415.0,1228.0,1540.0,1826.0,4187.0,2848.0,1501.0,1676.0,37.9,43.9,32.0,22.2,13.8,15.5,16.3,16.5
Avensan (33480),/management/ville/avensan/ville-33022,5.0,77.0,126.0,450.0,445.0,358.0,410.0,670.0,425.0,542.0,19.8,20.2,37.0,26.7,20.2,21.3,22.9,29.9
Corcieux (88430),/management/ville/corcieux/ville-88115,15.0,71.0,35.0,110.0,203.0,357.0,564.0,322.0,176.0,164.0,37.3,54.3,34.1,18.0,14.4,14.3,14.2,12.6
Bétheny (51450),/management/ville/betheny/ville-51055,10.0,157.0,426.0,769.0,985.0,632.0,1360.0,1441.0,859.0,1427.0,23.8,29.4,32.7,22.7,16.7,17.1,26.8,29.2
Cussey-les-Forges (21580),/management/ville/cussey-les-forges/ville-21220,5.0,5.0,0.0,26.0,10.0,10.0,35.0,29.0,21.0,20.0,20.4,49.0,42.6,13.3,18.5,20.4,18.5,18.4
Chambors (60240),/management/ville/chambors/ville-60140,0.0,5.0,55.0,15.0,40.0,45.0,52.0,61.0,50.0,71.0,19.5,24.8,35.4,18.9,16.8,25.6,28.3,32.2
Bouleternère (66130),/management/ville/bouleternere/ville-66023,5.0,10.0,40.0,110.0,124.0,110.0,242.0,194.0,116.0,145.0,32.3,36.7,32.6,22.1,16.0,17.1,19.0,22.7
Crespin (59154),/management/ville/crespin/ville-59160,5.0,77.0,67.0,337.0,529.0,750.0,1236.0,924.0,547.0,446.0,30.0,47.5,37.1,21.1,18.5,16.3,14.5,13.8
Chênex (74520),/management/ville/chenex/ville-74069,0.0,40.0,45.0,101.0,126.0,111.0,122.0,140.0,91.0,183.0,18.5,26.7,30.9,20.4,17.7,15.9,32.8,35.9
Courcelles-sur-Vesle (02220),/management/ville/courcelles-sur-vesle/ville-02224,0.0,15.0,10.0,51.0,20.0,86.0,97.0,73.0,29.0,46.0,33.9,46.6,41.7,16.3,11.0,12.7,13.4,23.7
Balaruc-le-Vieux (34540),/management/ville/balaruc-le-vieux/ville-34024,15.0,110.0,95.0,370.0,435.0,205.0,509.0,565.0,372.0,557.0,22.9,27.7,35.7,21.2,17.2,19.8,24.2,31.0
Cambronne-lès-Ribécourt (60170),/management/ville/cambronne-les-ribecourt/ville-60119,0.0,35.0,90.0,290.0,245.0,265.0,457.0,463.0,233.0,237.0,30.0,35.6,38.0,25.9,15.8,17.6,16.1,17.9
Châtelaillon-Plage (17340),/management/ville/chatelaillon-plage/ville-17094,15.0,228.0,329.0,613.0,588.0,369.0,1285.0,1284.0,845.0,1458.0,21.8,30.0,29.9,22.3,17.0,17.6,31.3,28.8
Buré (61170),/management/ville/bure/ville-61066,0.0,5.0,0.0,10.0,20.0,20.0,20.0,29.0,17.0,7.0,21.6,33.3,40.5,31.1,32.4,13.9,5.4,13.9
Amplepuis (69550),/management/ville/amplepuis/ville-69006,46.0,143.0,173.0,428.0,641.0,672.0,1578.0,1071.0,559.0,669.0,35.7,45.1,32.4,21.3,15.2,13.7,16.7,17.8
Beauregard (01480),/management/ville/beauregard/ville-01030,0.0,55.0,45.0,80.0,140.0,124.0,182.0,188.0,126.0,127.0,27.9,30.4,32.6,26.1,19.6,20.8,19.9,20.8
Bolleville (76210),/management/ville/bolleville/ville-76115,25.0,20.0,10.0,46.0,97.0,97.0,104.0,140.0,77.0,99.0,19.9,29.5,41.2,22.9,21.8,15.2,17.1,30.0
Chapelaine (51290),/management/ville/chapelaine/ville-51125,0.0,0.0,0.0,10.0,10.0,14.0,12.0,5.0,10.0,7.0,27.8,47.1,16.7,14.3,27.8,29.4,27.8,11.8
Bémécourt (27160),/management/ville/bemecourt/ville-27054,10.0,14.0,19.0,24.0,96.0,58.0,144.0,145.0,53.0,75.0,34.2,34.8,45.3,23.6,8.9,15.9,11.6,23.3
Cirey-lès-Mareilles (52700),/management/ville/cirey-les-mareilles/ville-52128,0.0,0.0,0.0,5.0,14.0,33.0,18.0,26.0,22.0,28.0,20.8,17.8,33.3,21.3,27.1,17.8,18.8,42.2
Aix-la-Fayette (63980),/management/ville/aix-la-fayette/ville-63002,5.0,10.0,5.0,0.0,10.0,10.0,26.0,33.0,11.0,10.0,26.2,39.5,47.6,28.3,14.3,13.2,11.9,13.2
Araules (43200),/management/ville/araules/ville-43007,10.0,30.0,20.0,35.0,95.0,95.0,143.0,138.0,80.0,86.0,28.5,35.6,39.0,22.0,15.4,20.5,17.1,21.5
Audrehem (62890),/management/ville/audrehem/ville-62055,25.0,25.0,15.0,40.0,76.0,81.0,146.0,101.0,61.0,77.0,34.2,42.9,32.7,18.7,14.9,16.5,18.3,21.4
Brienne-sur-Aisne (08190),/management/ville/brienne-sur-aisne/ville-08084,0.0,5.0,14.0,33.0,37.0,28.0,27.0,46.0,44.0,46.0,12.2,21.3,39.0,20.6,22.0,32.5,26.8,28.8
Bissy-sous-Uxelles (71460),/management/ville/bissy-sous-uxelles/ville-71036,5.0,5.0,10.0,10.0,10.0,0.0,7.0,19.0,10.0,21.0,10.0,14.8,33.3,28.1,20.0,14.8,36.7,37.0
Cassaniouze (15340),/management/ville/cassaniouze/ville-15029,30.0,10.0,30.0,20.0,56.0,61.0,198.0,117.0,63.0,75.0,40.5,47.8,33.1,17.1,13.6,13.9,12.8,20.6
Colombey les Deux Églises (52330),/management/ville/colombey-les-deux-eglises/ville-52140,40.0,15.0,20.0,45.0,136.0,81.0,179.0,163.0,112.0,92.0,29.3,36.2,35.0,24.2,19.8,21.3,16.0,17.4
Arsonval (10200),/management/ville/arsonval/ville-10012,5.0,0.0,0.0,20.0,40.0,65.0,90.0,88.0,40.0,30.0,29.3,42.4,47.4,23.6,12.9,18.9,10.3,13.6
Bozas (07410),/management/ville/bozas/ville-07039,0.0,15.0,5.0,35.0,25.0,15.0,73.0,57.0,25.0,38.0,34.9,41.4,37.7,19.1,9.4,17.2,17.9,21.8
Cély (77930),/management/ville/cely/ville-77065,0.0,25.0,108.0,175.0,95.0,93.0,214.0,199.0,160.0,289.0,23.4,26.0,25.5,20.3,19.6,17.5,31.5,35.5
Bouleurs (77580),/management/ville/bouleurs/ville-77047,25.0,65.0,145.0,190.0,246.0,165.0,249.0,272.0,206.0,299.0,21.9,26.6,32.7,20.4,19.9,20.2,25.4,32.8
Bassing (57260),/management/ville/bassing/ville-57053,0.0,0.0,0.0,20.0,15.0,30.0,25.0,38.0,14.0,12.0,28.6,27.7,45.2,32.2,16.7,14.9,9.5,17.0
Courcelles-sur-Viosne (95650),/management/ville/courcelles-sur-viosne/ville-95181,0.0,5.0,53.0,44.0,20.0,25.0,32.0,49.0,32.0,86.0,12.7,19.6,28.4,19.8,15.7,16.5,43.1,43.3
Cheney (89700),/management/ville/cheney/ville-89098,0.0,5.0,15.0,55.0,30.0,70.0,95.0,59.0,23.0,30.0,39.8,53.2,36.3,18.0,9.7,12.8,14.2,14.9
Béthincourt (55270),/management/ville/bethincourt/ville-55048,0.0,0.0,0.0,5.0,5.0,0.0,9.0,9.0,4.0,5.0,18.2,43.8,36.4,25.0,27.3,6.3,18.2,18.8
Aventignan (65660),/management/ville/aventignan/ville-65051,0.0,0.0,5.0,20.0,39.0,15.0,48.0,45.0,37.0,33.0,28.6,29.1,28.6,25.3,21.4,25.3,21.4,20.3
Crespin (81350),/management/ville/crespin/ville-81072,5.0,0.0,0.0,20.0,10.0,15.0,31.0,33.0,14.0,23.0,25.9,36.2,38.9,22.6,14.8,12.8,20.4,25.5
Balaruc-les-Bains (34540),/management/ville/balaruc-les-bains/ville-34023,20.0,326.0,234.0,578.0,1028.0,457.0,1834.0,1541.0,937.0,1142.0,30.5,36.3,32.5,23.2,16.2,18.0,20.9,20.9
Chambost-Allières (69870),/management/ville/chambost-allieres/ville-69037,46.0,61.0,31.0,76.0,117.0,91.0,163.0,196.0,92.0,127.0,23.4,33.2,43.3,22.6,15.1,17.0,18.2,25.6
Camburat (46100),/management/ville/camburat/ville-46053,0.0,15.0,30.0,49.0,49.0,54.0,77.0,73.0,69.0,99.0,21.4,27.0,28.3,18.7,20.8,23.3,29.6,32.1
Châtelain (53200),/management/ville/chatelain/ville-53063,15.0,15.0,20.0,36.0,36.0,123.0,93.0,102.0,60.0,75.0,27.2,29.0,37.3,22.9,17.8,19.1,17.8,27.8
Cussey-sur-l'Ognon (25870),/management/ville/cussey-sur-l-ognon/ville-25186,0.0,20.0,96.0,132.0,106.0,112.0,133.0,206.0,105.0,236.0,20.4,18.7,32.7,25.1,14.3,16.6,32.7,36.8
Corcondray (25410),/management/ville/corcondray/ville-25164,5.0,0.0,0.0,10.0,20.0,15.0,32.0,42.0,20.0,17.0,24.1,34.0,46.6,25.4,19.0,17.0,10.3,20.8
17.3,20.8,15.4
Bénac (09000),/management/ville/benac/ville-09049,0.0,10.0,0.0,31.0,25.0,15.0,38.0,37.0,24.0,39.0,25.7,29.2,30.0,22.7,14.3,21.5,30.0,26.2
Audressein (09800),/management/ville/audressein/ville-09026,0.0,25.0,0.0,20.0,10.0,0.0,35.0,33.0,17.0,32.0,30.2,30.9,36.5,16.9,17.5,10.9,15.9,40.0
Cassel (59670),/management/ville/cassel/ville-59135,5.0,91.0,147.0,294.0,273.0,243.0,526.0,357.0,298.0,532.0,27.5,33.7,22.9,18.4,19.0,15.9,30.6,31.5
Bissy-sur-Fley (71460),/management/ville/bissy-sur-fley/ville-71037,5.0,5.0,5.0,5.0,10.0,10.0,13.0,13.0,13.0,31.0,20.0,17.1,20.0,17.1,20.0,17.1,40.0,48.6
Bollezeele (59470),/management/ville/bollezeele/ville-59089,15.0,20.0,35.0,131.0,181.0,191.0,428.0,280.0,179.0,195.0,32.8,45.5,33.6,18.2,19.0,14.4,14.6,21.0
Chapelle-d'Huin (25270),/management/ville/chapelle-d-huin/ville-25122,20.0,15.0,10.0,45.0,70.0,110.0,74.0,124.0,70.0,81.0,22.8,19.4,42.3,26.2,18.0,22.5,16.9,30.6
Arsure-Arsurette (39250),/management/ville/arsure-arsurette/ville-39020,15.0,5.0,5.0,5.0,5.0,10.0,27.0,19.0,18.0,12.0,20.9,54.5,34.9,12.1,32.6,12.1,11.6,21.2
Aix-les-Bains (73100),/management/ville/aix-les-bains/ville-73008,29.0,999.0,2227.0,3692.0,3729.0,2550.0,6656.0,5522.0,4028.0,7165.0,24.7,31.7,27.6,19.7,16.8,17.6,30.9,30.5
Cirey-lès-Pontailler (21270),/management/ville/cirey-les-pontailler/ville-21175,0.0,0.0,11.0,43.0,16.0,43.0,35.0,43.0,32.0,35.0,21.1,26.0,35.2,23.4,25.4,19.2,18.3,30.1
Bozel (73350),/management/ville/bozel/ville-73055,0.0,139.0,88.0,248.0,279.0,206.0,348.0,440.0,289.0,413.0,15.7,30.5,39.5,20.0,19.1,19.7,25.6,29.8
Amplier (62760),/management/ville/amplier/ville-62030,0.0,10.0,5.0,30.0,30.0,49.0,76.0,64.0,42.0,38.0,29.4,38.4,34.9,21.8,22.0,17.0,13.8,21.4
Beauregard (46260),/management/ville/beauregard/ville-46020,15.0,15.0,0.0,20.0,45.0,10.0,55.0,46.0,33.0,60.0,28.1,28.9,27.1,20.6,13.5,20.6,31.3,29.9
Colombey-les-Belles (54170),/management/ville/colombey-les-belles/ville-54135,15.0,46.0,35.0,126.0,273.0,177.0,316.0,295.0,216.0,204.0,26.9,34.3,33.7,22.9,22.4,19.5,17.0,22.3
Averan (65380),/management/ville/averan/ville-65052,0.0,0.0,5.0,20.0,5.0,5.0,12.0,21.0,10.0,14.0,26.7,14.8,43.3,28.6,10.0,25.9,20.0,29.6
Araux (64190),/management/ville/araux/ville-64033,5.0,0.0,5.0,16.0,32.0,26.0,25.0,39.0,16.0,22.0,23.1,28.0,46.2,25.9,15.4,14.0,15.4,28.0
Briennon (42720),/management/ville/briennon/ville-42026,20.0,78.0,33.0,165.0,200.0,227.0,420.0,421.0,253.0,205.0,29.1,35.4,40.3,24.4,16.5,22.2,14.1,17.3
Bouleuse (51170),/management/ville/bouleuse/ville-51073,0.0,5.0,20.0,30.0,20.0,10.0,38.0,41.0,28.0,40.0,20.5,31.1,37.0,19.4,16.4,21.6,26.0,28.4
Bassoles-Aulers (02380),/management/ville/bassoles-aulers/ville-02052,0.0,0.0,0.0,21.0,26.0,21.0,27.0,30.0,25.0,23.0,18.2,30.2,36.4,23.4,27.3,22.2,18.2,23.8
Courcelles-sur-Voire (10500),/management/ville/courcelles-sur-voire/ville-10105,10.0,0.0,0.0,5.0,0.0,5.0,2.0,8.0,4.0,6.0,0.0,18.2,44.4,28.6,33.3,9.1,22.2,36.4
Chenicourt (54610),/management/ville/chenicourt/ville-54126,0.0,0.0,20.0,15.0,45.0,40.0,35.0,56.0,34.0,37.0,17.5,25.6,45.0,23.3,22.5,19.5,15.0,30.5
Béthines (86310),/management/ville/bethines/ville-86025,65.0,10.0,10.0,45.0,45.0,25.0,181.0,103.0,59.0,57.0,40.1,49.8,31.6,19.6,14.4,15.0,13.9,14.6
Chambost-Longessaigne (69770),/management/ville/chambost-longessaigne/ville-69038,35.0,40.0,60.0,125.0,95.0,90.0,181.0,189.0,105.0,187.0,23.6,31.2,37.0,19.5,13.7,18.0,25.7,30.9
Cemboing (70500),/management/ville/cemboing/ville-70112,5.0,5.0,0.0,20.0,25.0,30.0,70.0,61.0,12.0,8.0,41.8,51.4,48.1,26.7,3.8,12.5,6.3,4.2
Came (64520),/management/ville/came/ville-64161,34.0,44.0,15.0,98.0,137.0,117.0,198.0,209.0,132.0,163.0,25.9,30.6,35.9,22.6,18.7,18.7,19.5,26.9
Corconne (30260),/management/ville/corconne/ville-30095,20.0,15.0,90.0,69.0,35.0,40.0,98.0,81.0,77.0,163.0,18.3,27.8,22.3,16.4,21.3,15.7,38.1,39.9
Chapelle-des-Bois (25240),/management/ville/chapelle-des-bois/ville-25121,5.0,15.0,15.0,45.0,35.0,10.0,41.0,50.0,33.0,65.0,21.4,21.8,31.1,19.8,18.4,16.1,29.1,41.4
Cussey-sur-Lison (25440),/management/ville/cussey-sur-lison/ville-25185,5.0,0.0,0.0,5.0,15.0,10.0,7.0,8.0,10.0,22.0,13.0,16.7,13.0,18.5,34.8,8.3,39.1,54.2
Burelles (02140),/management/ville/burelles/ville-02136,10.0,10.0,0.0,15.0,15.0,30.0,45.0,17.0,17.0,18.0,44.9,47.9,22.4,13.3,16.3,18.8,16.3,20.8
Audresselles (62164),/management/ville/audresselles/ville-62056,26.0,16.0,16.0,63.0,78.0,63.0,149.0,147.0,81.0,125.0,19.5,39.1,36.5,20.6,19.5,13.0,24.5,25.3
Balâtre (80700),/management/ville/balatre/ville-80053,5.0,0.0,0.0,5.0,0.0,11.0,19.0,18.0,7.0,10.0,35.7,38.5,39.3,24.1,10.7,15.4,14.3,19.2
Bénac (65380),/management/ville/benac/ville-65080,0.0,20.0,25.0,85.0,55.0,65.0,101.0,126.0,72.0,97.0,19.3,31.7,41.1,21.4,19.3,17.1,20.3,28.6
Bollwiller (68540),/management/ville/bollwiller/ville-68043,5.0,51.0,197.0,484.0,640.0,553.0,802.0,1019.0,527.0,624.0,21.1,32.4,39.5,26.1,19.4,16.2,20.1,21.9
Crespinet (81350),/management/ville/crespinet/ville-81073,10.0,5.0,10.0,15.0,20.0,25.0,37.0,45.0,20.0,34.0,30.6,23.4,41.7,23.1,8.3,21.9,19.4,31.3
Aix-Noulette (62160),/management/ville/aix-noulette/ville-62019,10.0,75.0,203.0,568.0,535.0,440.0,827.0,708.0,596.0,741.0,24.4,32.7,30.1,20.3,19.4,21.9,26.0,25.6
Cirey-sur-Blaise (52110),/management/ville/cirey-sur-blaise/ville-52129,0.0,0.0,0.0,10.0,10.0,20.0,34.0,26.0,14.0,10.0,30.0,50.0,45.0,18.2,15.0,18.2,10.0,13.6
Châtelard (23700),/management/ville/chatelard/ville-23055,0.0,0.0,0.0,0.0,5.0,0.0,13.0,7.0,5.0,4.0,43.8,46.2,31.3,18.2,6.3,30.8,18.8,7.7
Bisten-en-Lorraine (57220),/management/ville/bisten-en-lorraine/ville-57087,0.0,10.0,5.0,25.0,49.0,44.0,63.0,64.0,30.0,41.0,23.4,39.0,44.7,20.0,13.8,16.2,18.1,23.8
Arsy (60190),/management/ville/arsy/ville-60024,0.0,25.0,45.0,140.0,70.0,75.0,173.0,184.0,104.0,145.0,26.2,30.8,34.6,23.8,18.3,16.1,20.9,26.9
Cassen (40380),/management/ville/cassen/ville-40068,20.0,10.0,20.0,90.0,90.0,100.0,113.0,146.0,84.0,93.0,23.2,28.8,37.5,26.5,19.6,18.9,19.6,23.1
Bozouls (12340),/management/ville/bozouls/ville-12033,85.0,180.0,135.0,265.0,430.0,390.0,580.0,616.0,386.0,588.0,24.2,29.2,36.2,20.2,17.5,18.1,22.1,31.9
Averdoingt (62127),/management/ville/averdoingt/ville-62061,5.0,10.0,5.0,49.0,30.0,25.0,63.0,57.0,40.0,52.0,28.6,31.1,34.8,18.6,17.9,19.4,18.8,31.1
Amponville (77760),/management/ville/amponville/ville-77003,5.0,20.0,20.0,55.0,65.0,45.0,60.0,66.0,55.0,89.0,22.5,21.9,30.3,19.3,16.2,25.0,31.0,35.2
Colombier (03600),/management/ville/colombier/ville-03081,0.0,10.0,0.0,20.0,60.0,30.0,93.0,91.0,43.0,54.0,29.1,37.1,41.1,22.1,13.5,17.1,16.3,22.1
Chenières (54720),/management/ville/chenieres/ville-54127,5.0,35.0,25.0,110.0,75.0,80.0,90.0,145.0,99.0,132.0,16.3,22.3,33.0,27.1,21.0,21.5,29.6,27.0
Beauregard-Baret (26300),/management/ville/beauregard-baret/ville-26039,29.0,29.0,58.0,102.0,117.0,92.0,137.0,154.0,113.0,186.0,21.1,25.5,29.6,21.5,19.7,18.5,29.6,33.6
Courcemain (51260),/management/ville/courcemain/ville-51182,14.0,5.0,5.0,5.0,14.0,14.0,32.0,25.0,11.0,20.0,31.9,39.0,34.0,19.1,17.0,7.3,17.0,31.7
Arbanats (33640),/management/ville/arbanats/ville-33007,5.0,48.0,53.0,159.0,188.0,121.0,208.0,274.0,164.0,226.0,23.1,24.6,35.5,25.3,18.3,19.3,23.1,28.7
Béthisy-Saint-Martin (60320),/management/ville/bethisy-saint-martin/ville-60067,0.0,38.0,59.0,173.0,130.0,146.0,237.0,254.0,149.0,184.0,24.8,32.6,38.1,22.9,16.5,19.6,20.6,23.9
Bouliac (33270),/management/ville/bouliac/ville-33065,0.0,200.0,400.0,450.0,515.0,155.0,424.0,496.0,540.0,1152.0,15.0,17.5,20.7,17.6,22.0,19.3,42.3,46.0
Bassoncourt (52240),/management/ville/bassoncourt/ville-52038,0.0,0.0,0.0,5.0,0.0,21.0,27.0,17.0,7.0,7.0,44.1,52.0,35.3,17.9,14.7,8.0,5.9,20.0
Camélas (66300),/management/ville/camelas/ville-66033,20.0,30.0,25.0,35.0,30.0,40.0,111.0,74.0,53.0,122.0,29.2,32.9,21.1,18.7,14.6,14.5,35.1,32.9
Chamboulive (19450),/management/ville/chamboulive/ville-19037,66.0,30.0,20.0,111.0,171.0,106.0,350.0,257.0,164.0,190.0,30.9,41.1,32.7,20.4,18.0,16.4,18.4,21.1
Brienon-sur-Armançon (89210),/management/ville/brienon-sur-armancon/ville-89055,20.0,55.0,50.0,210.0,485.0,511.0,1053.0,756.0,287.0,319.0,36.2,50.3,38.5,22.0,11.3,12.4,13.9,12.5
Cempuis (60210),/management/ville/cempuis/ville-60136,0.0,25.0,25.0,81.0,70.0,56.0,81.0,130.0,64.0,79.0,19.0,26.8,42.5,27.1,19.0,17.5,19.5,25.1
Corcoué-sur-Logne (44650),/management/ville/corcoue-sur-logne/ville-44156,92.0,53.0,101.0,294.0,439.0,439.0,505.0,656.0,402.0,475.0,20.9,28.9,37.8,24.7,19.5,20.1,21.8,24.8
Crespy-le-Neuf (10500),/management/ville/crespy-le-neuf/ville-10117,5.0,0.0,0.0,20.0,20.0,35.0,34.0,38.0,18.0,18.0,25.4,38.8,40.7,25.5,16.9,16.3,16.9,16.3
Aix-Villemaur-Pâlis (10160),/management/ville/aix-villemaur-palis/ville-10003,30.0,105.0,156.0,266.0,382.0,417.0,1037.0,847.0,372.0,482.0,29.8,45.2,38.2,21.9,14.1,13.2,18.0,17.2
Benagues (09100),/management/ville/benagues/ville-09050,0.0,20.0,5.0,54.0,88.0,59.0,121.0,98.0,69.0,89.0,34.5,29.1,28.9,22.3,16.8,20.1,19.8,27.9
Chapelle-Guillaume (28330),/management/ville/chapelle-guillaume/ville-28078,15.0,15.0,0.0,20.0,20.0,40.0,47.0,56.0,21.0,29.0,23.8,37.8,48.8,22.8,10.0,17.6,17.5,20.3
Châtelaudren-Plouagat (22170),/management/ville/chatelaudren-plouagat/ville-22206,60.0,147.0,137.0,393.0,569.0,434.0,849.0,883.0,513.0,628.0,25.2,33.2,36.7,23.6,19.4,16.5,18.7,24.5
Bologne (52310),/management/ville/bologne/ville-52058,5.0,45.0,75.0,241.0,256.0,267.0,538.0,515.0,214.0,238.0,29.5,41.6,40.4,24.9,14.5,14.1,15.7,15.9
Art-sur-Meurthe (54510),/management/ville/art-sur-meurthe/ville-54025,22.0,40.0,92.0,214.0,219.0,144.0,161.0,245.0,184.0,348.0,15.6,18.8,33.5,19.6,18.8,20.4,32.1,41.4
Audrieu (14250),/management/ville/audrieu/ville-14026,10.0,30.0,40.0,202.0,115.0,89.0,183.0,183.0,129.0,211.0,23.5,28.1,34.0,19.0,15.2,21.0,27.3,32.4
Bures (54370),/management/ville/bures/ville-54106,5.0,0.0,0.0,5.0,10.0,5.0,7.0,9.0,21.0,8.0,12.5,19.0,20.8,23.5,54.2,38.1,12.5,23.8
Cussy (14400),/management/ville/cussy/ville-14214,0.0,5.0,10.0,35.0,25.0,15.0,37.0,42.0,21.0,28.0,28.6,29.2,34.9,27.8,12.7,20.0,23.8,20.0
Bistroff (57660),/management/ville/bistroff/ville-57088,0.0,5.0,10.0,25.0,40.0,94.0,68.0,89.0,38.0,46.0,17.4,39.7,47.1,23.4,18.2,13.2,17.4,20.7
Cirey-sur-Vezouze (54480),/management/ville/cirey-sur-vezouze/ville-54129,5.0,44.0,45.0,109.0,172.0,222.0,685.0,305.0,160.0,148.0,45.9,58.7,29.6,17.0,13.5,11.3,11.0,11.9
Colombier (21360),/management/ville/colombier/ville-21184,0.0,5.0,10.0,0.0,10.0,10.0,14.0,15.0,8.0,14.0,35.7,17.4,25.0,28.6,17.9,13.0,21.4,34.8
Casseneuil (47440),/management/ville/casseneuil/ville-47049,25.0,70.0,75.0,120.0,335.0,405.0,725.0,536.0,250.0,304.0,39.6,40.2,35.4,22.4,11.5,15.8,13.5,19.6
Beauregard-de-Terrasson (24120),/management/ville/beauregard-de-terrasson/ville-24030,0.0,21.0,5.0,52.0,67.0,130.0,187.0,195.0,86.0,100.0,29.1,36.6,41.0,25.4,12.2,17.9,17.6,17.6
Arbas (31160),/management/ville/arbas/ville-31011,5.0,10.0,10.0,30.0,35.0,10.0,60.0,56.0,32.0,59.0,27.4,30.7,24.5,24.8,20.8,9.9,27.4,29.7
Béthisy-Saint-Pierre (60320),/management/ville/bethisy-saint-pierre/ville-60068,10.0,45.0,100.0,296.0,469.0,568.0,920.0,628.0,367.0,393.0,36.4,43.0,32.0,21.5,15.1,16.7,16.5,17.6
Courcemont (72110),/management/ville/courcemont/ville-72101,20.0,20.0,25.0,61.0,106.0,81.0,113.0,186.0,85.0,97.0,18.5,28.9,48.0,26.2,15.7,19.6,17.7,23.0
Brabant-en-Argonne (55120),/management/ville/brabant-en-argonne/ville-55068,0.0,5.0,5.0,5.0,5.0,10.0,22.0,30.0,14.0,10.0,17.5,41.7,47.5,26.2,22.5,13.9,12.5,13.9
Boulieu-lès-Annonay (07100),/management/ville/boulieu-les-annonay/ville-07041,20.0,70.0,115.0,235.0,295.0,365.0,497.0,523.0,283.0,398.0,27.7,30.6,34.7,24.6,16.2,17.0,21.4,25.3
Chambourcy (78240),/management/ville/chambourcy/ville-78133,5.0,200.0,850.0,665.0,555.0,165.0,609.0,652.0,622.0,2055.0,13.6,17.0,17.9,15.8,13.7,17.6,54.8,49.9
Cénac (33360),/management/ville/cenac/ville-33118,0.0,91.0,192.0,241.0,184.0,156.0,275.0,321.0,301.0,469.0,19.8,20.5,27.2,20.6,21.0,23.1,32.0,36.5
Camelin (02300),/management/ville/camelin/ville-02140,5.0,15.0,10.0,30.0,85.0,55.0,83.0,119.0,65.0,59.0,18.9,32.1,46.3,24.7,20.7,19.1,14.0,22.2
Brières-les-Scellés (91150),/management/ville/brieres-les-scelles/ville-91109,5.0,15.0,108.0,196.0,172.0,98.0,176.0,259.0,187.0,228.0,20.2,21.2,35.8,25.3,19.2,24.6,24.8,28.7
Corcy (02600),/management/ville/corcy/ville-02216,0.0,0.0,20.0,45.0,35.0,30.0,72.0,81.0,47.0,42.0,24.4,35.0,40.7,24.8,17.1,22.2,17.9,17.1
Chatelay (39380),/management/ville/chatelay/ville-39117,0.0,0.0,0.0,20.0,20.0,15.0,18.0,34.0,12.0,12.0,12.5,36.1,40.0,35.3,22.5,8.3,25.0,5.6
Cressanges (03240),/management/ville/cressanges/ville-03092,45.0,20.0,20.0,55.0,95.0,75.0,143.0,179.0,76.0,89.0,23.8,35.3,44.4,26.0,12.9,18.5,19.0,17.6
Artagnan (65500),/management/ville/artagnan/ville-65035,10.0,30.0,30.0,40.0,75.0,60.0,110.0,132.0,67.0,84.0,24.1,31.8,40.5,24.5,16.4,17.7,19.0,23.7
Bassou (89400),/management/ville/bassou/ville-89029,0.0,20.0,45.0,120.0,150.0,150.0,163.0,210.0,122.0,153.0,22.1,28.3,39.9,23.6,18.1,19.6,19.9,27.3
Bitche (57230),/management/ville/bitche/ville-57089,10.0,84.0,140.0,315.0,1279.0,616.0,1633.0,1168.0,722.0,563.0,33.5,47.4,33.2,21.5,20.0,15.0,13.3,14.3
Chapelle-Royale (28290),/management/ville/chapelle-royale/ville-28079,10.0,10.0,10.0,30.0,30.0,35.0,102.0,95.0,26.0,28.0,36.2,45.2,41.7,26.9,12.6,8.1,9.4,12.9
Benais (37140),/management/ville/benais/ville-37024,20.0,40.0,55.0,75.0,170.0,135.0,200.0,236.0,112.0,169.0,20.8,35.2,39.5,23.8,14.8,16.5,24.9,22.2
Aixe-sur-Vienne (87700),/management/ville/aixe-sur-vienne/ville-87001,15.0,163.0,340.0,671.0,746.0,479.0,1561.0,1067.0,747.0,1151.0,30.3,38.1,28.9,18.4,17.1,16.0,23.7,26.9
Audrix (24260),/management/ville/audrix/ville-24015,0.0,10.0,21.0,41.0,57.0,26.0,72.0,74.0,48.0,38.0,27.2,34.5,37.7,24.6,21.9,20.2,13.2,19.3
Cussy-en-Morvan (71550),/management/ville/cussy-en-morvan/ville-71165,21.0,26.0,5.0,26.0,37.0,32.0,102.0,113.0,59.0,77.0,25.4,33.1,40.0,22.7,14.1,19.9,20.5,23.5
Bures (61170),/management/ville/bures/ville-61067,5.0,10.0,0.0,15.0,15.0,30.0,23.0,39.0,21.0,40.0,13.8,24.1,41.5,21.1,12.3,22.4,32.3,32.8
Bolozon (01450),/management/ville/bolozon/ville-01051,0.0,5.0,0.0,10.0,20.0,15.0,19.0,28.0,17.0,13.0,27.5,21.6,32.5,34.1,22.5,21.6,17.5,16.2
Averdon (41330),/management/ville/averdon/ville-41009,5.0,20.0,46.0,96.0,116.0,101.0,119.0,193.0,81.0,137.0,20.5,24.3,41.8,26.6,16.3,14.2,21.3,30.3
Brabant-le-Roi (55800),/management/ville/brabant-le-roi/ville-55069,5.0,0.0,5.0,10.0,35.0,35.0,32.0,75.0,34.0,37.0,13.3,22.7,47.8,30.8,20.0,18.2,18.9,22.7
Casseuil (33190),/management/ville/casseuil/ville-33102,15.0,30.0,5.0,40.0,65.0,30.0,114.0,84.0,52.0,68.0,28.2,42.3,32.2,20.1,18.1,14.9,21.5,21.4
Courcerac (17160),/management/ville/courcerac/ville-17126,5.0,0.0,5.0,20.0,41.0,46.0,63.0,85.0,44.0,34.0,23.6,33.0,45.5,27.3,19.1,19.1,11.8,17.4
Balazuc (07120),/management/ville/balazuc/ville-07023,20.0,25.0,5.0,25.0,64.0,29.0,55.0,88.0,59.0,95.0,13.1,23.8,38.6,20.9,19.3,19.9,29.0,35.1
Arbecey (70120),/management/ville/arbecey/ville-70025,5.0,0.0,10.0,25.0,20.0,41.0,89.0,49.0,27.0,34.0,42.0,48.5,31.0,17.5,14.0,12.4,13.0,20.6
Beauregard-et-Bassac (24140),/management/ville/beauregard-et-bassac/ville-24031,15.0,10.0,5.0,20.0,35.0,50.0,65.0,60.0,33.0,48.0,27.9,35.3,36.5,21.2,12.5,19.6,23.1,23.5
Ampuis (69420),/management/ville/ampuis/ville-69007,105.0,65.0,165.0,405.0,360.0,280.0,465.0,584.0,378.0,635.0,18.1,26.9,33.3,21.9,20.1,16.6,28.5,33.0
Cirfontaines-en-Azois (52370),/management/ville/cirfontaines-en-azois/ville-52130,0.0,15.0,0.0,5.0,15.0,30.0,66.0,45.0,13.0,24.0,48.0,41.7,30.7,24.4,8.0,9.7,13.3,19.4
Bouligneux (01330),/management/ville/bouligneux/ville-01052,15.0,15.0,44.0,49.0,15.0,15.0,61.0,50.0,51.0,85.0,21.5,28.0,27.3,14.5,20.7,20.0,30.6,38.4
Cheniers (51510),/management/ville/cheniers/ville-51146,5.0,0.0,5.0,0.0,35.0,5.0,18.0,25.0,11.0,23.0,21.1,25.6,44.7,19.5,13.2,15.4,21.1,38.5
Cénac-et-Saint-Julien (24250),/management/ville/cenac-et-saint-julien/ville-24091,30.0,50.0,30.0,105.0,165.0,125.0,319.0,280.0,170.0,186.0,32.7,34.1,33.8,23.7,17.3,18.2,16.2,22.4
Châtelblanc (25240),/management/ville/chatelblanc/ville-25131,20.0,5.0,0.0,5.0,10.0,20.0,31.0,28.0,9.0,27.0,28.9,36.2,28.9,24.6,11.1,8.5,31.1,25.5
Colombier (24560),/management/ville/colombier/ville-24126,10.0,15.0,15.0,10.0,39.0,24.0,38.0,67.0,33.0,53.0,20.0,20.7,39.0,26.4,20.0,15.2,21.0,33.7
Camembert (61120),/management/ville/camembert/ville-61071,5.0,25.0,10.0,30.0,10.0,10.0,57.0,47.0,24.0,21.0,41.9,34.7,29.7,28.1,17.6,14.7,10.8,17.3
Cressat (23140),/management/ville/cressat/ville-23068,10.0,0.0,20.0,35.0,105.0,55.0,196.0,121.0,78.0,60.0,41.1,44.7,33.3,20.7,12.3,21.7,13.2,13.2
Chambourg-sur-Indre (37310),/management/ville/chambourg-sur-indre/ville-37049,5.0,47.0,58.0,158.0,158.0,158.0,246.0,342.0,165.0,256.0,21.3,27.6,41.2,24.5,13.9,18.9,23.6,27.2
Bitry (58310),/management/ville/bitry/ville-58033,0.0,15.0,5.0,25.0,25.0,60.0,80.0,93.0,36.0,41.0,27.1,37.2,48.8,23.1,11.6,17.4,12.4,20.7
Cordebugle (14100),/management/ville/cordebugle/ville-14179,5.0,14.0,5.0,14.0,23.0,23.0,26.0,37.0,16.0,27.0,27.6,20.8,36.2,28.1,15.5,14.6,20.7,31.3
Bethmale (09800),/management/ville/bethmale/ville-09055,0.0,0.0,0.0,5.0,0.0,10.0,31.0,20.0,20.0,15.0,30.4,41.0,26.1,20.0,28.3,17.9,15.2,20.5
Brieuil-sur-Chizé (79170),/management/ville/brieuil-sur-chize/ville-79055,5.0,0.0,0.0,0.0,15.0,0.0,57.0,19.0,14.0,21.0,38.0,60.3,28.0,10.0,10.0,14.3,24.0,15.9
Artaise-le-Vivier (08390),/management/ville/artaise-le-vivier/ville-08023,5.0,0.0,0.0,5.0,5.0,5.0,20.0,13.0,8.0,9.0,42.3,38.5,26.9,23.3,19.2,11.5,11.5,23.1
Bassoues (32320),/management/ville/bassoues/ville-32032,5.0,15.0,5.0,10.0,30.0,15.0,115.0,60.0,48.0,56.0,41.9,40.5,25.7,17.1,16.2,18.3,16.2,24.4
Aizac (07530),/management/ville/aizac/ville-07003,0.0,5.0,5.0,26.0,31.0,21.0,42.0,32.0,25.0,36.0,32.9,29.2,27.1,19.1,21.4,15.4,18.6,35.4
Chapelle-Spinasse (19300),/management/ville/chapelle-spinasse/ville-19046,0.0,5.0,10.0,15.0,5.0,15.0,32.0,30.0,15.0,17.0,25.0,42.0,45.5,18.9,18.2,14.0,11.4,24.0
Bénaix (09300),/management/ville/benaix/ville-09051,0.0,10.0,5.0,40.0,25.0,5.0,48.0,31.0,22.0,18.0,43.9,35.8,27.3,22.8,19.7,17.0,9.1,22.6
Bures-en-Bray (76660),/management/ville/bures-en-bray/ville-76148,0.0,0.0,15.0,34.0,30.0,74.0,63.0,77.0,31.0,53.0,21.8,33.9,43.6,22.8,12.7,14.8,21.8,26.1
Arbellara (20110),/management/ville/arbellara/ville-2A018,5.0,3.0,5.0,22.0,24.0,15.0,47.0,20.0,17.0,32.0,41.8,39.7,29.1,7.3,9.1,19.0,20.0,34.9
Beauregard-l'Évêque (63116),/management/ville/beauregard-l-eveque/ville-63034,15.0,56.0,128.0,179.0,168.0,168.0,244.0,296.0,186.0,351.0,19.7,25.4,33.5,21.1,16.4,18.1,30.4,34.6
Cussy-la-Colonne (21360),/management/ville/cussy-la-colonne/ville-21221,0.0,6.0,12.0,6.0,6.0,0.0,7.0,11.0,7.0,12.0,22.7,13.3,27.3,26.3,27.3,6.7,22.7,46.7
Avermes (03000),/management/ville/avermes/ville-03013,5.0,120.0,147.0,478.0,593.0,405.0,1023.0,935.0,499.0,615.0,29.5,36.7,36.5,22.9,16.7,15.9,17.3,22.5
Audruicq (62370),/management/ville/audruicq/ville-62057,25.0,95.0,184.0,598.0,723.0,588.0,1303.0,1042.0,659.0,839.0,26.9,40.0,32.0,21.2,19.1,15.4,22.0,21.8
Balbigny (42510),/management/ville/balbigny/ville-42011,31.0,117.0,82.0,234.0,326.0,393.0,920.0,540.0,391.0,357.0,37.7,45.3,32.9,17.4,14.9,20.2,14.5,17.7
Cirfontaines-en-Ornois (52230),/management/ville/cirfontaines-en-ornois/ville-52131,5.0,0.0,0.0,0.0,0.0,10.0,23.0,21.0,9.0,5.0,32.1,46.7,46.4,24.2,14.3,16.7,7.1,10.0
Ampus (83111),/management/ville/ampus/ville-83003,15.0,48.0,70.0,85.0,156.0,53.0,198.0,206.0,178.0,163.0,26.4,26.6,33.1,23.2,20.8,27.2,19.7,24.2
Cassignas (47340),/management/ville/cassignas/ville-47050,10.0,0.0,0.0,0.0,25.0,10.0,26.0,24.0,23.0,23.0,22.7,30.8,31.8,19.6,27.3,21.2,18.2,28.8
Bassu (51300),/management/ville/bassu/ville-51039,11.0,11.0,11.0,5.0,16.0,5.0,26.0,30.0,23.0,14.0,21.4,33.3,33.3,29.1,26.2,23.5,19.0,11.8
Châteldon (63290),/management/ville/chateldon/ville-63102,0.0,35.0,20.0,120.0,80.0,75.0,196.0,188.0,115.0,118.0,26.5,36.8,36.9,23.1,18.0,19.4,18.6,19.7
Chapelle-Vallon (10700),/management/ville/chapelle-vallon/ville-10082,10.0,5.0,0.0,25.0,30.0,55.0,44.0,74.0,28.0,22.0,25.3,27.2,50.6,31.3,14.9,18.5,9.2,17.3
Chenillé-Champteussé (49220),/management/ville/chenille-champteusse/ville-49067,5.0,10.0,20.0,45.0,30.0,40.0,109.0,76.0,32.0,64.0,30.4,45.2,40.0,16.3,11.2,11.5,18.4,26.1
Cressé (17160),/management/ville/cresse/ville-17135,5.0,10.0,0.0,10.0,30.0,40.0,100.0,56.0,31.0,27.0,35.5,57.9,32.7,18.4,15.9,13.1,15.9,9.3
Colombier (42220),/management/ville/colombier/ville-42067,16.0,10.0,10.0,31.0,73.0,36.0,83.0,58.0,42.0,46.0,37.1,35.4,33.6,17.8,14.7,22.1,14.7,25.7
Brabant-sur-Meuse (55100),/management/ville/brabant-sur-meuse/ville-55070,15.0,10.0,0.0,5.0,10.0,31.0,27.0,28.0,14.0,18.0,30.2,31.0,32.6,27.1,16.3,16.7,20.9,21.4
Cametours (50570),/management/ville/cametours/ville-50093,20.0,10.0,15.0,70.0,20.0,55.0,71.0,112.0,71.0,54.0,21.7,24.5,38.9,30.5,22.9,23.2,16.6,18.5
Courceroy (10400),/management/ville/courceroy/ville-10106,0.0,0.0,5.0,20.0,15.0,15.0,26.0,35.0,17.0,16.0,25.5,29.8,42.6,27.3,21.3,14.9,10.6,23.4
Chambray (27120),/management/ville/chambray/ville-27140,0.0,30.0,45.0,55.0,55.0,55.0,65.0,82.0,61.0,103.0,15.3,26.1,36.7,18.0,15.3,23.6,32.7,33.5
Bouligney (70800),/management/ville/bouligney/ville-70083,5.0,25.0,10.0,5.0,15.0,90.0,138.0,100.0,51.0,32.0,35.6,50.3,38.8,22.4,13.8,18.0,11.9,8.1
Cenans (70230),/management/ville/cenans/ville-70113,0.0,0.0,10.0,20.0,10.0,15.0,37.0,18.0,15.0,23.0,34.7,46.7,20.4,16.7,20.4,11.1,24.5,24.4
Bolquère (66210),/management/ville/bolquere/ville-66020,0.0,51.0,76.0,131.0,106.0,71.0,100.0,146.0,127.0,218.0,16.6,17.5,31.0,18.7,23.4,19.8,29.0,44.2
Aizanville (52120),/management/ville/aizanville/ville-52005,0.0,0.0,0.0,5.0,5.0,0.0,7.0,10.0,2.0,8.0,33.3,16.7,26.7,33.3,13.3,0.0,26.7,33.3
Bitry (60350),/management/ville/bitry/ville-60072,0.0,20.0,5.0,30.0,40.0,65.0,71.0,68.0,38.0,54.0,32.8,28.6,30.3,26.0,14.3,18.8,22.7,24.1
Brieulles-sur-Bar (08240),/management/ville/brieulles-sur-bar/ville-08085,0.0,5.0,10.0,10.0,45.0,35.0,47.0,54.0,32.0,28.0,16.3,42.0,43.8,22.4,21.3,18.5,18.8,16.0
Cussy-le-Châtel (21230),/management/ville/cussy-le-chatel/ville-21222,10.0,0.0,5.0,10.0,10.0,10.0,35.0,31.0,9.0,14.0,37.0,40.5,37.0,26.4,13.0,7.1,13.0,19.0
Artaix (71110),/management/ville/artaix/ville-71012,10.0,5.0,10.0,54.0,25.0,35.0,81.0,93.0,46.0,45.0,27.1,33.6,42.1,24.2,21.8,13.4,9.0,25.4
Bethon (51260),/management/ville/bethon/ville-51056,15.0,10.0,10.0,25.0,20.0,30.0,76.0,55.0,46.0,51.0,32.5,34.8,23.9,22.5,23.1,17.0,20.5,24.1
Bures-sur-Yvette (91440),/management/ville/bures-sur-yvette/ville-91122,0.0,140.0,2148.0,1035.0,585.0,276.0,805.0,754.0,727.0,4049.0,11.0,14.3,12.5,11.5,9.6,13.3,66.8,61.1
Cordelle (42123),/management/ville/cordelle/ville-42070,10.0,50.0,20.0,110.0,100.0,115.0,195.0,213.0,107.0,151.0,26.3,32.4,39.2,22.5,16.1,16.0,18.4,27.2
Beauregard-Vendon (63460),/management/ville/beauregard-vendon/ville-63035,10.0,15.0,66.0,206.0,139.0,145.0,173.0,242.0,173.0,248.0,15.9,25.2,36.6,21.3,20.4,20.9,27.1,32.5
Arbent (01100),/management/ville/arbent/ville-01014,0.0,115.0,90.0,266.0,321.0,587.0,1008.0,637.0,406.0,461.0,37.0,43.0,28.7,21.1,15.0,17.3,19.3,17.5
Avernes (95450),/management/ville/avernes/ville-95040,5.0,35.0,100.0,159.0,110.0,40.0,99.0,133.0,105.0,293.0,14.0,17.2,23.3,18.6,16.3,16.9,46.3,46.8
Audun-le-Roman (54560),/management/ville/audun-le-roman/ville-54029,0.0,15.0,135.0,335.0,425.0,305.0,420.0,590.0,358.0,420.0,19.7,27.0,38.4,25.8,20.2,19.8,21.6,25.2
Balbronn (67310),/management/ville/balbronn/ville-67018,14.0,5.0,56.0,76.0,81.0,67.0,136.0,185.0,78.0,99.0,22.6,32.2,43.7,26.1,16.9,14.6,16.9,23.0
Cirières (79140),/management/ville/cirieres/ville-79091,36.0,5.0,10.0,81.0,112.0,249.0,200.0,258.0,119.0,117.0,26.6,31.2,41.6,28.2,16.9,17.4,15.0,18.9
Bénaménil (54450),/management/ville/benamenil/ville-54061,0.0,10.0,20.0,74.0,104.0,69.0,111.0,142.0,84.0,76.0,20.5,33.0,42.0,24.7,21.5,19.6,16.1,21.1
Amuré (79210),/management/ville/amure/ville-79009,0.0,15.0,15.0,34.0,68.0,64.0,65.0,118.0,47.0,82.0,20.6,20.4,41.3,28.6,17.4,12.7,20.6,31.8
Cressensac-Sarrazac (46600),/management/ville/cressensac-sarrazac/ville-46083,40.0,84.0,40.0,89.0,124.0,94.0,276.0,260.0,157.0,215.0,25.5,35.3,33.7,21.8,19.3,15.5,21.5,25.7
Courchamp (77560),/management/ville/courchamp/ville-77134,0.0,0.0,16.0,10.0,31.0,5.0,27.0,27.0,26.0,30.0,15.1,31.7,24.5,24.2,26.4,21.7,34.0,21.7
Chapelle-Viviers (86300),/management/ville/chapelle-viviers/ville-86059,10.0,29.0,20.0,25.0,88.0,88.0,125.0,134.0,65.0,57.0,31.3,34.6,42.2,25.9,14.6,19.1,12.0,18.1
Aize (36150),/management/ville/aize/ville-36002,0.0,0.0,0.0,5.0,20.0,10.0,42.0,24.0,17.0,12.0,36.5,54.5,30.8,17.8,19.2,15.9,13.5,11.4
Camiac-et-Saint-Denis (33420),/management/ville/camiac-et-saint-denis/ville-33086,10.0,5.0,25.0,50.0,40.0,50.0,60.0,54.0,72.0,75.0,20.0,25.7,24.0,20.3,24.0,30.9,32.0,25.7
Cendras (30480),/management/ville/cendras/ville-30077,5.0,54.0,45.0,129.0,239.0,189.0,592.0,428.0,214.0,222.0,36.5,44.5,34.3,22.7,14.3,14.9,14.8,15.6
Bolsenheim (67150),/management/ville/bolsenheim/ville-67054,5.0,0.0,26.0,93.0,67.0,67.0,77.0,136.0,63.0,97.0,17.2,24.4,44.3,25.4,15.6,18.3,22.9,29.4
Chambray-lès-Tours (37170),/management/ville/chambray-les-tours/ville-37050,9.0,237.0,875.0,1493.0,1683.0,942.0,2034.0,2239.0,1462.0,2624.0,20.3,27.8,30.1,22.4,17.9,17.1,31.6,31.2
Bouligny (55240),/management/ville/bouligny/ville-55063,0.0,59.0,64.0,119.0,367.0,367.0,831.0,735.0,246.0,197.0,32.2,49.0,46.4,24.5,11.9,12.6,9.4,10.1
Colombier (70000),/management/ville/colombier/ville-70163,10.0,5.0,10.0,40.0,55.0,55.0,70.0,124.0,59.0,72.0,14.0,28.7,48.4,25.5,18.5,18.0,19.1,25.1
Bassuet (51300),/management/ville/bassuet/ville-51040,10.0,15.0,0.0,30.0,30.0,55.0,65.0,75.0,26.0,39.0,25.7,37.5,39.6,27.3,14.9,10.6,19.8,18.3
Brach (33480),/management/ville/brach/ville-33070,5.0,50.0,30.0,65.0,120.0,70.0,89.0,136.0,92.0,115.0,20.2,21.0,34.7,26.2,22.5,20.1,22.5,30.6
Châtellenot (21320),/management/ville/chatellenot/ville-21153,5.0,0.0,10.0,25.0,25.0,20.0,25.0,37.0,27.0,23.0,16.1,28.8,38.7,24.1,32.3,15.4,12.9,28.8
Cassis (13260),/management/ville/cassis/ville-13022,15.0,362.0,747.0,819.0,848.0,293.0,1542.0,1005.0,1001.0,2190.0,25.1,28.5,19.8,16.1,15.3,19.3,39.8,36.7
Bitschhoffen (67350),/management/ville/bitschhoffen/ville-67048,5.0,10.0,15.0,94.0,64.0,74.0,87.0,120.0,63.0,86.0,17.6,31.1,42.0,23.7,18.2,17.8,22.2,25.6
Artalens-Souin (65400),/management/ville/artalens-souin/ville-65036,5.0,5.0,11.0,11.0,16.0,11.0,31.0,40.0,14.0,30.0,24.6,29.8,35.1,26.8,15.8,8.8,24.6,28.1
Brieulles-sur-Meuse (55110),/management/ville/brieulles-sur-meuse/ville-55078,15.0,5.0,0.0,5.0,31.0,72.0,107.0,89.0,34.0,35.0,34.3,46.5,37.2,24.8,14.6,10.9,13.9,13.2
Audun-le-Tiche (57390),/management/ville/audun-le-tiche/ville-57038,0.0,99.0,283.0,606.0,1192.0,959.0,2061.0,1394.0,764.0,1025.0,36.1,42.3,30.6,21.1,14.2,14.9,19.1,20.0
Arbéost (65560),/management/ville/arbeost/ville-65018,20.0,0.0,0.0,0.0,9.0,4.0,25.0,20.0,8.0,17.0,43.6,25.8,28.2,25.7,7.7,16.1,20.5,29.0
Ciron (36300),/management/ville/ciron/ville-36053,10.0,30.0,5.0,35.0,76.0,90.0,136.0,178.0,62.0,62.0,25.1,37.2,47.1,28.6,13.0,15.3,14.8,13.5
Cheniménil (88460),/management/ville/chenimenil/ville-88101,15.0,39.0,59.0,176.0,127.0,122.0,313.0,229.0,159.0,213.0,28.7,38.7,32.1,19.1,16.2,18.4,22.9,23.6
Baldenheim (67600),/management/ville/baldenheim/ville-67019,5.0,25.0,84.0,177.0,113.0,212.0,178.0,335.0,144.0,224.0,15.1,25.6,44.9,26.9,16.7,16.0,23.3,27.4
Avernes-Saint-Gourgon (61470),/management/ville/avernes-saint-gourgon/ville-61018,5.0,0.0,0.0,0.0,25.0,5.0,17.0,19.0,4.0,4.0,41.7,35.0,45.8,32.0,4.2,15.0,8.3,10.0
Béthon (72610),/management/ville/bethon/ville-72036,5.0,5.0,10.0,25.0,61.0,55.0,77.0,77.0,49.0,34.0,27.8,38.2,39.7,23.3,21.4,19.1,11.1,18.2
Beaurepaire (38270),/management/ville/beaurepaire/ville-38034,45.0,106.0,139.0,394.0,571.0,738.0,1532.0,1038.0,564.0,524.0,35.7,47.3,34.2,21.7,14.6,16.2,15.6,13.2
Bénarville (76110),/management/ville/benarville/ville-76076,0.0,10.0,20.0,30.0,40.0,64.0,38.0,62.0,35.0,41.0,16.8,26.8,40.0,26.6,23.2,15.9,20.0,26.8
Burey (27190),/management/ville/burey/ville-27120,0.0,10.0,26.0,41.0,67.0,47.0,70.0,95.0,45.0,68.0,23.9,26.2,39.6,25.6,17.2,15.9,19.4,29.0
Cussy-les-Forges (89420),/management/ville/cussy-les-forges/ville-89134,5.0,10.0,5.0,25.0,61.0,36.0,85.0,94.0,39.0,37.0,29.4,37.0,40.3,28.1,16.0,14.8,14.3,14.8
Cordemais (44360),/management/ville/cordemais/ville-44045,31.0,118.0,160.0,508.0,567.0,511.0,593.0,860.0,472.0,581.0,20.7,26.5,39.3,26.8,18.4,19.3,21.6,24.7
Amy (60310),/management/ville/amy/ville-60011,10.0,25.0,0.0,20.0,70.0,70.0,93.0,93.0,44.0,41.0,26.3,42.0,42.1,24.3,15.8,16.7,15.8,14.5
Colombier-en-Brionnais (71800),/management/ville/colombier-en-brionnais/ville-71141,15.0,20.0,15.0,40.0,30.0,30.0,56.0,75.0,48.0,51.0,22.6,26.1,37.4,25.2,24.3,17.4,15.7,28.7
Boulin (65350),/management/ville/boulin/ville-65104,5.0,15.0,25.0,45.0,30.0,40.0,31.0,57.0,50.0,88.0,13.3,14.2,27.5,23.8,17.5,27.4,41.7,35.8
Chapelle-Voland (39140),/management/ville/chapelle-voland/ville-39104,15.0,5.0,20.0,56.0,61.0,61.0,142.0,151.0,83.0,88.0,28.5,33.2,36.6,25.8,18.3,17.0,16.6,21.0
Courchamps (02810),/management/ville/courchamps/ville-02225,0.0,0.0,15.0,5.0,15.0,5.0,22.0,20.0,9.0,15.0,36.1,30.0,33.3,25.0,8.3,20.0,22.2,23.3
Bombon (77720),/management/ville/bombon/ville-77044,0.0,40.0,60.0,130.0,110.0,110.0,121.0,270.0,132.0,198.0,18.7,15.1,39.8,30.5,17.2,19.3,24.3,30.2
Chambrecy (51170),/management/ville/chambrecy/ville-51111,0.0,5.0,10.0,20.0,15.0,44.0,24.0,28.0,17.0,32.0,17.0,31.3,34.0,19.2,20.8,12.5,28.3,35.4
Cresserons (14440),/management/ville/cresserons/ville-14197,5.0,46.0,106.0,182.0,126.0,66.0,166.0,230.0,156.0,304.0,18.5,20.2,30.6,22.4,15.9,20.5,34.9,36.3
Bassurels (48400),/management/ville/bassurels/ville-48020,0.0,5.0,0.0,5.0,5.0,5.0,15.0,13.0,15.0,16.0,27.6,23.3,24.1,23.1,17.2,33.3,31.0,23.3
Aizecourt-le-Bas (80240),/management/ville/aizecourt-le-bas/ville-80014,0.0,0.0,0.0,5.0,5.0,0.0,14.0,16.0,2.0,6.0,25.0,47.1,60.0,21.1,0.0,11.8,15.0,17.6
Châtellerault (86100),/management/ville/chatellerault/ville-86066,47.0,636.0,1383.0,2746.0,3941.0,3748.0,9149.0,6617.0,3696.0,4865.0,32.3,42.1,31.4,21.8,15.1,15.3,21.2,19.0
Brachay (52110),/management/ville/brachay/ville-52066,5.0,0.0,0.0,0.0,9.0,18.0,19.0,16.0,5.0,7.0,26.1,52.0,47.8,17.9,13.0,8.0,13.0,20.0
Cendrecourt (70500),/management/ville/cendrecourt/ville-70114,5.0,0.0,5.0,19.0,24.0,49.0,69.0,52.0,28.0,20.0,36.0,45.1,39.3,19.8,18.0,15.9,6.7,18.3
Camiers (62176),/management/ville/camiers/ville-62201,5.0,68.0,63.0,258.0,395.0,248.0,773.0,566.0,422.0,342.0,32.4,40.7,32.9,21.4,19.0,21.0,15.7,16.8
Casson (44390),/management/ville/casson/ville-44027,20.0,50.0,130.0,365.0,390.0,190.0,202.0,440.0,294.0,500.0,12.8,15.4,33.2,25.5,22.5,18.4,31.5,38.3
Bitschwiller-lès-Thann (68620),/management/ville/bitschwiller-les-thann/ville-68040,5.0,40.0,55.0,209.0,249.0,310.0,486.0,580.0,217.0,255.0,24.9,37.9,45.6,26.0,14.5,13.7,15.1,18.0
Custines (54670),/management/ville/custines/ville-54150,5.0,44.0,176.0,366.0,463.0,351.0,549.0,735.0,353.0,538.0,20.5,29.6,38.6,25.7,17.6,15.0,23.3,26.0
Baldersheim (68390),/management/ville/baldersheim/ville-68015,5.0,70.0,165.0,395.0,305.0,355.0,328.0,716.0,344.0,573.0,12.1,21.2,40.8,28.3,17.4,17.7,29.8,28.7
Burey-en-Vaux (55140),/management/ville/burey-en-vaux/ville-55088,5.0,10.0,5.0,21.0,16.0,31.0,48.0,33.0,14.0,28.0,40.6,37.3,31.3,20.3,14.1,6.8,14.1,32.2
Arbérats-Sillègue (64120),/management/ville/arberats-sillegue/ville-64034,4.0,5.0,48.0,33.0,20.0,10.0,36.0,69.0,33.0,74.0,13.3,20.8,37.1,25.6,13.3,17.9,36.2,33.0
Brieux (61160),/management/ville/brieux/ville-61062,0.0,5.0,0.0,10.0,10.0,19.0,21.0,25.0,6.0,12.0,20.7,41.7,48.3,25.6,6.9,11.1,24.1,16.7
Bethoncourt (25200),/management/ville/bethoncourt/ville-25057,0.0,106.0,136.0,394.0,494.0,861.0,1836.0,1001.0,464.0,633.0,41.7,51.3,30.6,19.1,11.2,12.4,16.5,15.7
Benay (02440),/management/ville/benay/ville-02066,0.0,10.0,5.0,49.0,44.0,20.0,40.0,54.0,35.0,33.0,20.5,29.1,47.4,21.3,16.7,26.7,15.4,24.4
Avéron-Bergelle (32290),/management/ville/averon-bergelle/ville-32022,10.0,0.0,0.0,0.0,24.0,24.0,48.0,32.0,24.0,22.0,33.3,41.5,33.3,18.5,20.6,18.5,12.7,21.5
Artannes-sur-Indre (37260),/management/ville/artannes-sur-indre/ville-37006,15.0,85.0,170.0,391.0,396.0,296.0,430.0,640.0,343.0,532.0,17.8,26.2,40.6,24.0,16.2,18.9,25.3,29.4
Ciry-le-Noble (71420),/management/ville/ciry-le-noble/ville-71132,20.0,46.0,56.0,248.0,268.0,273.0,529.0,713.0,278.0,264.0,22.5,36.5,49.8,27.0,14.0,17.1,13.8,15.8
Beaurepaire (60700),/management/ville/beaurepaire/ville-60056,0.0,0.0,0.0,0.0,16.0,11.0,24.0,11.0,11.0,10.0,48.0,41.4,24.0,14.3,20.0,17.2,8.0,27.6
Chennebrun (27820),/management/ville/chennebrun/ville-27155,0.0,5.0,5.0,19.0,10.0,14.0,30.0,24.0,14.0,8.0,28.9,48.7,39.5,22.0,21.1,17.9,10.5,10.3
Cordes-sur-Ciel (81170),/management/ville/cordes-sur-ciel/ville-81069,22.0,66.0,61.0,55.0,121.0,39.0,265.0,125.0,167.0,226.0,31.9,35.4,20.9,13.7,18.3,23.7,29.0,28.8
Anais (16560),/management/ville/anais/ville-16011,15.0,15.0,35.0,78.0,54.0,79.0,124.0,146.0,85.0,85.0,28.1,28.2,38.8,26.2,15.6,23.1,17.4,21.3
Cresseveuille (14430),/management/ville/cresseveuille/ville-14198,5.0,10.0,5.0,40.0,55.0,40.0,43.0,61.0,41.0,46.0,24.2,20.8,34.7,27.2,21.1,21.9,20.0,28.1
Colombier-Fontaine (25260),/management/ville/colombier-fontaine/ville-25159,5.0,32.0,37.0,148.0,90.0,322.0,352.0,358.0,155.0,186.0,30.1,36.7,40.3,25.3,13.1,16.3,16.4,18.7
Courchamps (49260),/management/ville/courchamps/ville-49113,10.0,14.0,5.0,43.0,58.0,63.0,104.0,124.0,59.0,72.0,26.4,31.5,44.9,23.0,14.0,18.8,14.6,25.4
Chapelon (45270),/management/ville/chapelon/ville-45078,0.0,0.0,20.0,26.0,36.0,26.0,48.0,62.0,32.0,56.0,21.9,26.5,39.6,22.1,17.7,13.7,20.8,35.3
Camiran (33190),/management/ville/camiran/ville-33087,15.0,10.0,5.0,40.0,71.0,71.0,95.0,115.0,51.0,70.0,21.5,35.5,43.6,24.2,14.1,16.9,20.9,21.1
Boullarre (60620),/management/ville/boullarre/ville-60092,0.0,10.0,15.0,15.0,5.0,40.0,50.0,65.0,23.0,26.0,28.8,32.1,50.0,26.3,11.3,16.7,10.0,21.4
Cassuéjouls (12210),/management/ville/cassuejouls/ville-12058,20.0,0.0,0.0,10.0,15.0,15.0,33.0,34.0,22.0,6.0,24.0,46.5,50.0,20.0,22.0,25.6,4.0,9.3
Châtelneuf (39300),/management/ville/chatelneuf/ville-39120,0.0,10.0,0.0,25.0,15.0,15.0,27.0,26.0,18.0,29.0,20.0,34.0,30.0,22.0,14.0,22.0,36.0,22.0
Cendrey (25640),/management/ville/cendrey/ville-25107,15.0,10.0,20.0,65.0,15.0,15.0,41.0,46.0,15.0,47.0,26.7,28.4,30.7,24.5,16.0,4.1,26.7,36.5
Braches (80110),/management/ville/braches/ville-80132,5.0,10.0,25.0,30.0,30.0,25.0,62.0,50.0,28.0,39.0,29.3,40.0,36.6,19.4,14.6,16.8,19.5,23.2
Bivès (32380),/management/ville/bives/ville-32055,5.0,5.0,10.0,24.0,5.0,10.0,24.0,25.0,23.0,27.0,17.6,30.8,39.2,13.6,19.6,26.9,23.5,30.8
Bassussarry (64200),/management/ville/bassussarry/ville-64100,0.0,97.0,343.0,361.0,492.0,257.0,313.0,546.0,446.0,1048.0,10.6,15.8,27.3,19.4,18.7,19.2,43.4,45.6
Aizecourt-le-Haut (80200),/management/ville/aizecourt-le-haut/ville-80015,0.0,5.0,5.0,0.0,5.0,5.0,25.0,12.0,13.0,6.0,39.3,50.0,32.1,14.3,10.7,35.7,17.9,3.6
Artannes-sur-Thouet (49260),/management/ville/artannes-sur-thouet/ville-49011,0.0,5.0,10.0,35.0,70.0,85.0,77.0,118.0,53.0,61.0,22.8,26.9,41.6,29.5,18.1,16.3,17.4,21.9
Averton (53700),/management/ville/averton/ville-53013,14.0,10.0,20.0,54.0,79.0,124.0,188.0,148.0,64.0,51.0,38.9,45.0,38.5,23.6,13.0,15.6,9.6,13.3
Baleix (64460),/management/ville/baleix/ville-64089,0.0,5.0,10.0,10.0,15.0,20.0,29.0,31.0,23.0,25.0,29.3,24.0,36.2,21.3,17.2,26.0,17.2,30.0
Beaurepaire (76280),/management/ville/beaurepaire/ville-76064,5.0,30.0,21.0,30.0,116.0,56.0,105.0,121.0,48.0,76.0,27.4,32.6,39.7,25.5,12.3,15.1,20.7,23.3
Burey-la-Côte (55140),/management/ville/burey-la-cote/ville-55089,0.0,0.0,0.0,0.0,15.0,20.0,15.0,26.0,18.0,10.0,9.1,33.3,42.4,29.3,33.3,19.4,15.2,13.9
Benayes (19510),/management/ville/benayes/ville-19022,26.0,5.0,21.0,10.0,31.0,15.0,70.0,44.0,42.0,55.0,27.0,39.6,24.3,17.0,26.1,12.9,22.5,29.7
Ciry-Salsogne (02220),/management/ville/ciry-salsogne/ville-02195,0.0,30.0,40.0,106.0,126.0,126.0,155.0,218.0,117.0,162.0,21.6,25.7,38.4,25.8,18.6,17.0,21.3,28.5
Cusy (74540),/management/ville/cusy/ville-74097,20.0,90.0,210.0,255.0,170.0,170.0,348.0,263.0,311.0,372.0,27.5,26.3,23.3,18.5,24.0,24.1,25.2,32.4
Cast (29150),/management/ville/cast/ville-29025,31.0,20.0,31.0,179.0,174.0,199.0,258.0,379.0,233.0,295.0,15.4,28.3,39.9,23.8,23.3,17.1,21.4,28.8
Briffons (63820),/management/ville/briffons/ville-63053,30.0,0.0,10.0,25.0,60.0,10.0,91.0,70.0,38.0,28.0,40.2,40.0,36.1,23.6,13.9,20.0,9.8,15.2
Aufferville (77570),/management/ville/aufferville/ville-77011,5.0,25.0,30.0,60.0,80.0,75.0,93.0,108.0,79.0,96.0,24.6,24.4,35.4,21.8,20.0,22.2,20.0,31.7
Cordes-Tolosannes (82700),/management/ville/cordes-tolosannes/ville-82045,5.0,15.0,20.0,55.0,40.0,15.0,66.0,70.0,60.0,59.0,21.3,30.5,37.0,19.8,19.7,27.3,22.0,24.2
Chambrey (57170),/management/ville/chambrey/ville-57126,0.0,10.0,0.0,54.0,44.0,34.0,88.0,63.0,38.0,64.0,31.5,38.5,29.2,19.0,14.6,16.4,24.6,25.4
Chennegy (10190),/management/ville/chennegy/ville-10096,10.0,0.0,20.0,55.0,65.0,55.0,109.0,109.0,51.0,76.0,23.3,39.0,43.6,19.7,14.7,14.8,18.4,25.3
Anais (17540),/management/ville/anais/ville-17007,0.0,10.0,10.0,40.0,40.0,35.0,53.0,71.0,58.0,55.0,22.4,22.6,32.8,25.0,27.2,21.7,17.6,29.6
.9,42.3
Cressia (39270),/management/ville/cressia/ville-39180,20.0,5.0,5.0,20.0,15.0,56.0,47.0,70.0,44.0,44.0,19.1,25.6,41.6,27.2,20.2,22.2,19.1,23.1
4.2
Colombier-le-Cardinal (07430),/management/ville/colombier-le-cardinal/ville-07067,10.0,0.0,5.0,62.0,31.0,62.0,40.0,69.0,46.0,52.0,21.5,17.0,36.4,26.3,28.0,16.0,14.0,37.0
Bommes (33210),/management/ville/bommes/ville-33060,32.0,16.0,37.0,69.0,42.0,48.0,80.0,106.0,69.0,109.0,19.6,24.6,35.3,22.0,17.4,20.7,27.7,32.4
Camjac (12800),/management/ville/camjac/ville-12046,45.0,5.0,5.0,45.0,75.0,50.0,140.0,127.0,91.0,101.0,27.9,33.5,35.2,19.1,19.4,20.3,17.4,27.4
Brachy (76730),/management/ville/brachy/ville-76136,5.0,5.0,10.0,70.0,80.0,170.0,208.0,207.0,83.0,65.0,30.0,43.8,41.4,27.0,16.4,13.1,12.1,11.0
Balesta (31580),/management/ville/balesta/ville-31043,11.0,5.0,11.0,16.0,11.0,0.0,47.0,37.0,22.0,32.0,30.4,37.7,30.4,22.5,11.6,20.3,27.5,18.8
Boullay-les-Troux (91470),/management/ville/boullay-les-troux/ville-91093,0.0,5.0,163.0,89.0,20.0,5.0,54.0,60.0,63.0,276.0,12.1,11.9,11.3,15.4,13.8,14.2,62.8,58.3
Biviers (38330),/management/ville/biviers/ville-38045,5.0,45.0,457.0,245.0,150.0,45.0,176.0,198.0,232.0,1146.0,6.8,13.1,13.3,10.0,11.3,15.1,68.6,62.5
Bassy (74910),/management/ville/bassy/ville-74029,10.0,15.0,20.0,73.0,68.0,44.0,76.0,92.0,56.0,80.0,22.6,27.6,40.3,20.0,14.5,22.8,22.6,30.3
Artas (38440),/management/ville/artas/ville-38015,5.0,90.0,100.0,226.0,236.0,261.0,298.0,414.0,276.0,324.0,20.1,25.4,38.1,23.6,22.4,19.8,19.4,30.0
Avesnelles (59440),/management/ville/avesnelles/ville-59035,5.0,25.0,25.0,200.0,438.0,278.0,765.0,509.0,292.0,328.0,33.8,45.9,33.8,19.8,15.9,15.1,16.5,18.0
Aizelles (02820),/management/ville/aizelles/ville-02007,10.0,5.0,5.0,25.0,15.0,20.0,31.0,26.0,12.0,31.0,24.5,38.8,24.5,22.8,13.2,10.2,37.7,24.5
Beaurepaire (85500),/management/ville/beaurepaire/ville-85017,34.0,69.0,69.0,276.0,301.0,438.0,380.0,534.0,320.0,386.0,18.7,28.1,41.4,23.6,19.3,20.3,20.6,27.0
Chapet (78130),/management/ville/chapet/ville-78140,0.0,75.0,231.0,221.0,132.0,60.0,143.0,188.0,168.0,423.0,15.8,15.2,22.9,18.0,17.4,19.0,43.9,48.0
Châtelneuf (42940),/management/ville/chatelneuf/ville-42054,15.0,29.0,15.0,49.0,54.0,44.0,46.0,81.0,48.0,53.0,17.4,23.4,43.8,25.0,20.7,21.5,18.2,29.0
Bendejun (06390),/management/ville/bendejun/ville-06014,0.0,45.0,30.0,130.0,176.0,85.0,214.0,223.0,154.0,148.0,28.5,29.5,35.5,25.1,17.2,24.2,18.9,20.9
Béthonvilliers (28330),/management/ville/bethonvilliers/ville-28038,15.0,10.0,5.0,5.0,0.0,15.0,23.0,26.0,10.0,31.0,26.8,24.5,31.7,22.4,14.6,8.2,26.8,40.8
Cordesse (71540),/management/ville/cordesse/ville-71144,10.0,5.0,0.0,10.0,15.0,45.0,36.0,62.0,29.0,21.0,20.3,29.0,46.8,31.3,19.0,20.3,13.9,14.5
Colombier-le-Jeune (07270),/management/ville/colombier-le-jeune/ville-07068,25.0,10.0,20.0,70.0,70.0,65.0,160.0,128.0,74.0,80.0,31.3,41.4,36.2,20.5,17.9,15.5,14.7,21.4
Chennevières-lès-Louvres (95380),/management/ville/chennevieres-les-louvres/ville-95154,0.0,10.0,30.0,45.0,55.0,45.0,55.0,57.0,39.0,48.0,21.9,33.0,36.5,20.8,20.8,18.4,20.8,27.2
Bommiers (36120),/management/ville/bommiers/ville-36019,20.0,15.0,10.0,30.0,35.0,50.0,64.0,80.0,47.0,32.0,24.5,32.1,46.4,25.7,17.3,25.0,11.8,17.0
Courchaton (70110),/management/ville/courchaton/ville-70180,10.0,25.0,20.0,25.0,30.0,85.0,121.0,115.0,58.0,51.0,26.1,44.4,40.3,23.3,19.3,14.2,14.2,15.4
Castagnac (31310),/management/ville/castagnac/ville-31111,5.0,25.0,5.0,20.0,65.0,40.0,72.0,54.0,43.0,51.0,31.7,34.0,28.3,19.6,20.8,18.0,19.2,28.0
Cutry (02600),/management/ville/cutry/ville-02254,0.0,5.0,15.0,29.0,20.0,24.0,14.0,27.0,24.0,24.0,17.8,12.8,44.4,21.1,17.8,36.2,20.0,34.0
Chambroncourt (52700),/management/ville/chambroncourt/ville-52097,5.0,0.0,0.0,5.0,10.0,10.0,17.0,14.0,3.0,8.0,37.5,44.4,37.5,23.8,4.2,11.1,20.8,16.7
Anan (31230),/management/ville/anan/ville-31008,5.0,10.0,10.0,35.0,40.0,25.0,67.0,49.0,39.0,39.0,31.3,38.4,34.4,17.2,17.7,22.2,16.7,23.2
Arbigny-sous-Varennes (52500),/management/ville/arbigny-sous-varennes/ville-52015,11.0,5.0,0.0,5.0,11.0,16.0,33.0,21.0,11.0,14.0,21.1,61.5,44.7,11.4,5.3,20.5,28.9,7.7
Cressin-Rochefort (01350),/management/ville/cressin-rochefort/ville-01133,0.0,20.0,25.0,25.0,51.0,51.0,84.0,104.0,58.0,61.0,19.9,35.6,42.9,23.0,20.5,16.8,16.7,22.8
Cisai-Saint-Aubin (61230),/management/ville/cisai-saint-aubin/ville-61108,10.0,0.0,5.0,10.0,10.0,10.0,44.0,35.0,20.0,27.0,31.3,36.7,35.8,18.6,13.4,20.0,19.4,25.0
Auffreville-Brasseuil (78930),/management/ville/auffreville-brasseuil/ville-78031,0.0,35.0,65.0,121.0,75.0,40.0,106.0,134.0,101.0,147.0,18.4,25.0,33.9,21.9,17.1,24.2,30.6,29.6
Camlez (22450),/management/ville/camlez/ville-22028,71.0,36.0,51.0,97.0,107.0,137.0,157.0,209.0,118.0,158.0,19.3,29.7,38.0,24.7,18.7,18.0,23.9,25.3
Boulleret (18240),/management/ville/boulleret/ville-18032,15.0,36.0,62.0,140.0,186.0,181.0,425.0,409.0,150.0,185.0,28.0,43.4,44.2,23.9,12.3,13.2,15.5,16.1
Artassenx (40090),/management/ville/artassenx/ville-40012,0.0,10.0,5.0,30.0,30.0,25.0,55.0,69.0,34.0,31.0,28.6,29.6,41.8,27.4,19.8,16.3,9.9,22.4
Avesnes (62650),/management/ville/avesnes/ville-62062,10.0,0.0,0.0,5.0,10.0,5.0,13.0,6.0,9.0,9.0,22.2,47.4,16.7,15.0,38.9,10.5,22.2,26.3
Burgalays (31440),/management/ville/burgalays/ville-31092,5.0,15.0,5.0,0.0,34.0,0.0,36.0,31.0,14.0,23.0,26.7,41.0,37.8,21.4,17.8,9.8,17.8,24.6
Beaurepaire-en-Bresse (71580),/management/ville/beaurepaire-en-bresse/ville-71027,0.0,5.0,5.0,99.0,94.0,127.0,148.0,161.0,99.0,101.0,26.5,31.8,37.5,24.3,19.8,19.2,16.2,23.1
Bracieux (41250),/management/ville/bracieux/ville-41025,0.0,40.0,40.0,165.0,170.0,155.0,368.0,341.0,178.0,171.0,24.7,42.9,40.9,23.5,16.0,17.5,18.5,14.3
Brignac (34800),/management/ville/brignac/ville-34041,9.0,43.0,66.0,100.0,152.0,81.0,121.0,162.0,121.0,166.0,21.5,21.3,33.5,23.3,20.0,22.3,25.1,32.8
Biville-la-Baignarde (76890),/management/ville/biville-la-baignarde/ville-76096,0.0,5.0,5.0,70.0,90.0,120.0,145.0,138.0,82.0,107.0,26.9,34.6,37.0,20.7,16.4,18.4,19.7,25.6
Bastanès (64190),/management/ville/bastanes/ville-64099,15.0,0.0,0.0,10.0,10.0,30.0,27.0,24.0,14.0,17.0,29.7,35.6,24.3,26.8,27.0,8.9,18.9,22.2
Baleyssagues (47120),/management/ville/baleyssagues/ville-47020,5.0,10.0,0.0,10.0,20.0,5.0,38.0,36.0,22.0,39.0,21.9,33.8,31.3,20.8,18.8,14.1,28.1,29.6
Bendorf (68480),/management/ville/bendorf/ville-68025,5.0,10.0,20.0,24.0,34.0,54.0,43.0,62.0,25.0,34.0,16.7,35.4,46.4,25.0,15.5,15.9,21.4,20.7
Cenne-Monestiés (11170),/management/ville/cenne-monesties/ville-11089,0.0,0.0,40.0,55.0,20.0,35.0,72.0,70.0,59.0,100.0,19.4,28.0,31.9,16.0,19.4,19.7,29.2,36.9
Aizenay (85190),/management/ville/aizenay/ville-85003,111.0,283.0,394.0,1092.0,1320.0,1336.0,1861.0,2014.0,1164.0,1598.0,23.7,32.1,37.2,22.5,17.1,17.9,22.0,26.0
Châtelperron (03220),/management/ville/chatelperron/ville-03067,5.0,0.0,5.0,15.0,25.0,20.0,44.0,28.0,15.0,29.0,33.9,40.7,30.4,17.7,12.5,13.6,23.2,27.1
Chapois (39300),/management/ville/chapois/ville-39105,5.0,5.0,5.0,15.0,25.0,35.0,48.0,54.0,32.0,33.0,27.4,30.1,38.1,24.2,21.4,16.9,13.1,26.5
Cordey (14700),/management/ville/cordey/ville-14180,5.0,5.0,0.0,25.0,15.0,30.0,35.0,37.0,18.0,24.0,27.1,34.5,33.9,25.8,20.3,10.9,18.6,23.6
Chambry (02000),/management/ville/chambry/ville-02157,5.0,5.0,15.0,162.0,121.0,91.0,215.0,202.0,116.0,110.0,31.6,35.0,37.4,24.2,16.6,19.6,14.4,19.6
Arbin (73800),/management/ville/arbin/ville-73018,0.0,20.0,15.0,122.0,91.0,91.0,127.0,182.0,129.0,180.0,16.7,24.3,35.7,23.0,19.7,22.0,27.9,30.4
Cissac-Médoc (33250),/management/ville/cissac-medoc/ville-33125,10.0,76.0,51.0,157.0,295.0,335.0,531.0,521.0,252.0,221.0,31.5,38.3,37.6,26.9,15.8,17.3,15.1,13.8
Auflance (08370),/management/ville/auflance/ville-08029,0.0,0.0,5.0,0.0,10.0,15.0,28.0,18.0,12.0,15.0,29.7,47.2,32.4,16.7,16.2,16.7,21.6,19.4
Castagnède (31260),/management/ville/castagnede/ville-31112,10.0,0.0,0.0,10.0,30.0,15.0,48.0,33.0,29.0,29.0,33.3,36.8,26.4,20.3,22.2,19.1,18.1,23.5
Ance Féas (64570),/management/ville/ance-feas/ville-64225,13.0,19.0,41.0,87.0,69.0,43.0,118.0,151.0,101.0,120.0,20.4,27.9,39.2,21.7,20.8,20.4,19.6,29.6
Cressonsacq (60190),/management/ville/cressonsacq/ville-60177,0.0,5.0,10.0,60.0,106.0,35.0,50.0,124.0,57.0,87.0,18.9,12.5,43.3,30.2,15.2,21.1,22.6,32.2
Chennevières-sur-Marne (94430),/management/ville/chennevieres-sur-marne/ville-94019,0.0,537.0,1433.0,2408.0,2751.0,1624.0,3997.0,2429.0,2328.0,3935.0,31.1,31.9,22.1,16.8,17.7,19.0,29.1,32.7
Cutry (54720),/management/ville/cutry/ville-54151,0.0,10.0,40.0,119.0,178.0,129.0,164.0,218.0,154.0,232.0,17.9,24.7,33.6,23.0,18.4,21.4,30.1,30.4
Bethonvilliers (90150),/management/ville/bethonvilliers/ville-90013,0.0,10.0,35.0,10.0,45.0,50.0,52.0,50.0,25.0,44.0,31.0,29.8,31.0,24.2,14.9,14.3,23.0,28.6
Courchelettes (59552),/management/ville/courchelettes/ville-59156,0.0,30.0,101.0,339.0,369.0,289.0,672.0,654.0,317.0,480.0,24.3,38.0,36.2,23.2,16.5,13.5,23.0,22.3
Bompas (09400),/management/ville/bompas/ville-09058,0.0,10.0,15.0,36.0,15.0,10.0,56.0,57.0,26.0,32.0,30.8,34.8,46.2,21.4,12.8,16.3,10.3,26.1
Colombier-le-Vieux (07410),/management/ville/colombier-le-vieux/ville-07069,35.0,25.0,10.0,70.0,65.0,90.0,164.0,138.0,89.0,106.0,29.3,36.5,36.0,19.5,18.6,17.3,16.1,26.3
Bastelica (20119),/management/ville/bastelica/ville-2A031,23.0,26.0,27.0,41.0,71.0,43.0,172.0,67.0,125.0,102.0,41.1,33.5,19.6,12.5,22.4,30.3,16.8,26.3
Avesnes-Chaussoy (80140),/management/ville/avesnes-chaussoy/ville-80048,0.0,5.0,5.0,10.0,5.0,0.0,12.0,11.0,6.0,12.0,27.3,31.6,31.8,20.0,13.6,15.8,27.3,31.6
Biville-la-Rivière (76730),/management/ville/biville-la-riviere/ville-76097,5.0,15.0,0.0,10.0,10.0,20.0,30.0,23.0,17.0,9.0,33.3,43.2,33.3,23.9,22.2,20.5,11.1,11.4
Boulleville (27210),/management/ville/boulleville/ville-27100,5.0,35.0,35.0,111.0,186.0,211.0,218.0,278.0,129.0,158.0,27.5,28.3,40.2,27.2,15.3,17.5,17.0,23.4
Beaurepaire-sur-Sambre (59550),/management/ville/beaurepaire-sur-sambre/ville-59061,20.0,0.0,21.0,35.0,0.0,31.0,75.0,42.0,36.0,39.0,32.0,46.8,32.0,12.8,16.5,20.2,19.6,21.3
Brignac (56430),/management/ville/brignac/ville-56025,15.0,0.0,5.0,20.0,5.0,5.0,53.0,49.0,20.0,18.0,31.6,45.5,50.0,19.0,6.6,22.7,11.8,13.6
Camoël (56130),/management/ville/camoel/ville-56030,25.0,60.0,15.0,75.0,140.0,150.0,186.0,299.0,147.0,152.0,17.0,30.9,45.7,27.1,18.3,19.3,19.0,19.8
Bénéjacq (64800),/management/ville/benejacq/ville-64109,5.0,50.0,80.0,293.0,289.0,209.0,271.0,518.0,255.0,401.0,14.7,22.4,42.9,26.5,17.2,18.0,25.3,30.1
Burgaronne (64390),/management/ville/burgaronne/ville-64151,5.0,5.0,0.0,10.0,20.0,15.0,12.0,18.0,18.0,24.0,11.1,22.2,25.0,25.7,22.2,27.8,41.7,25.0
Artemare (01510),/management/ville/artemare/ville-01022,0.0,50.0,30.0,115.0,150.0,180.0,307.0,360.0,136.0,149.0,27.0,37.0,47.3,25.8,12.1,16.3,13.6,17.5
Cenon (33150),/management/ville/cenon/ville-33119,0.0,647.0,991.0,2522.0,3457.0,2994.0,6365.0,4037.0,3170.0,4041.0,35.0,37.1,25.1,20.4,17.9,18.1,22.0,23.7
Bracon (39110),/management/ville/bracon/ville-39072,0.0,5.0,5.0,25.0,45.0,35.0,73.0,71.0,42.0,44.0,29.1,34.4,36.4,23.2,23.6,13.1,10.9,26.2
Balgau (68740),/management/ville/balgau/ville-68016,10.0,0.0,80.0,105.0,135.0,225.0,160.0,236.0,128.0,189.0,19.0,26.2,38.2,25.1,18.2,17.7,24.7,28.5
Aizier (27500),/management/ville/aizier/ville-27006,0.0,16.0,5.0,26.0,10.0,16.0,20.0,27.0,18.0,31.0,12.2,28.3,36.7,19.1,18.4,17.4,32.7,34.8
Châtelraould-Saint-Louvent (51300),/management/ville/chatelraould-saint-louvent/ville-51134,5.0,0.0,10.0,24.0,29.0,24.0,62.0,71.0,24.0,23.0,33.0,35.2,44.0,29.0,11.0,16.5,12.1,14.3
Cissé (86170),/management/ville/cisse/ville-86076,0.0,84.0,212.0,374.0,502.0,172.0,334.0,524.0,348.0,746.0,17.2,17.0,31.4,21.9,15.8,19.9,35.7,40.7
Cordon (74700),/management/ville/cordon/ville-74089,24.0,74.0,55.0,138.0,98.0,127.0,201.0,205.0,119.0,223.0,23.4,30.4,36.3,17.8,15.8,16.0,24.5,35.3
Arblade-le-Bas (32720),/management/ville/arblade-le-bas/ville-32004,0.0,5.0,10.0,31.0,5.0,15.0,32.0,28.0,17.0,27.0,32.1,28.9,26.8,23.5,19.6,13.3,21.4,31.1
Chaponnay (69970),/management/ville/chaponnay/ville-69270,10.0,150.0,475.0,735.0,450.0,235.0,651.0,713.0,516.0,1176.0,18.1,24.3,27.2,19.1,17.2,16.6,37.6,39.3
Chambry (77910),/management/ville/chambry/ville-77077,5.0,39.0,35.0,187.0,168.0,59.0,177.0,213.0,129.0,174.0,24.9,26.1,37.4,23.3,16.5,20.7,21.2,29.0
Anceaumeville (76710),/management/ville/anceaumeville/ville-76007,10.0,45.0,30.0,54.0,69.0,95.0,144.0,157.0,80.0,101.0,29.5,30.2,37.3,25.4,14.5,18.6,18.7,23.6
Chenois (57580),/management/ville/chenois/ville-57138,0.0,0.0,9.0,9.0,0.0,14.0,11.0,19.0,8.0,14.0,18.5,20.8,44.4,26.9,14.8,20.8,22.2,29.2
Bompas (66430),/management/ville/bompas/ville-66021,10.0,182.0,325.0,832.0,980.0,650.0,1775.0,1529.0,952.0,1270.0,29.4,34.5,32.6,22.2,16.7,17.7,21.4,24.3
Cuts (60400),/management/ville/cuts/ville-60189,0.0,60.0,55.0,120.0,105.0,90.0,249.0,205.0,130.0,130.0,31.2,38.2,35.3,21.8,17.9,18.4,15.6,20.6
Auga (64450),/management/ville/auga/ville-64077,5.0,0.0,5.0,15.0,26.0,10.0,39.0,27.0,16.0,27.0,37.0,37.0,29.6,17.5,16.7,13.0,16.7,31.5
Cressy-Omencourt (80190),/management/ville/cressy-omencourt/ville-80224,0.0,5.0,10.0,5.0,15.0,15.0,20.0,27.0,18.0,21.0,20.0,26.1,35.0,26.0,22.5,19.6,22.5,26.1
Béthune (62400),/management/ville/bethune/ville-62119,3.0,510.0,1295.0,2683.0,3449.0,2590.0,6023.0,4397.0,3119.0,4707.0,28.7,36.6,28.0,20.1,17.0,17.2,26.3,25.4
Courchevel (73120),/management/ville/courchevel/ville-73227,5.0,203.0,89.0,480.0,426.0,104.0,376.0,399.0,376.0,622.0,19.8,22.7,27.4,18.2,21.3,21.1,31.6,38.7
Castagnède (64270),/management/ville/castagnede/ville-64170,0.0,0.0,15.0,15.0,45.0,20.0,55.0,50.0,35.0,32.0,27.3,36.1,33.0,24.4,19.3,21.7,20.5,16.9
Bastelicaccia (20129),/management/ville/bastelicaccia/ville-2A032,17.0,179.0,230.0,543.0,623.0,366.0,858.0,684.0,750.0,763.0,28.3,27.9,26.4,20.0,23.3,25.7,22.0,27.8
Brignac-la-Plaine (19310),/management/ville/brignac-la-plaine/ville-19030,26.0,25.0,41.0,106.0,126.0,195.0,218.0,238.0,140.0,134.0,29.0,30.7,36.8,26.3,18.4,19.9,15.9,20.8
Artemps (02480),/management/ville/artemps/ville-02025,0.0,25.0,5.0,45.0,35.0,60.0,78.0,85.0,39.0,65.0,27.7,30.7,36.9,24.2,13.8,15.3,21.5,27.0
Bouloc (31620),/management/ville/bouloc/ville-31079,5.0,187.0,496.0,678.0,580.0,354.0,602.0,778.0,577.0,1219.0,16.5,21.3,29.6,19.6,16.5,19.7,37.3,39.4
Colombier-Saugnieu (69124),/management/ville/colombier-saugnieu/ville-69299,15.0,138.0,173.0,378.0,376.0,310.0,536.0,575.0,324.0,441.0,27.7,29.5,35.8,23.6,15.6,19.1,20.9,26.4
Bizanet (11200),/management/ville/bizanet/ville-11040,39.0,63.0,68.0,292.0,195.0,136.0,308.0,327.0,242.0,326.0,24.2,26.9,32.1,21.6,21.9,18.6,21.8,32.1
Beaurevoir (02110),/management/ville/beaurevoir/ville-02057,15.0,25.0,25.0,111.0,201.0,221.0,524.0,285.0,113.0,152.0,43.2,53.7,32.2,19.6,9.6,11.2,15.0,13.5
Benerville-sur-Mer (14910),/management/ville/benerville-sur-mer/ville-14059,10.0,10.0,52.0,26.0,52.0,21.0,84.0,62.0,73.0,163.0,18.9,23.9,14.6,17.3,23.2,16.5,43.3,42.2
Aizy-Jouy (02370),/management/ville/aizy-jouy/ville-02008,0.0,0.0,25.0,40.0,60.0,40.0,57.0,47.0,35.0,54.0,26.8,32.3,30.9,17.7,18.6,17.7,23.7,32.3
Bomy (62960),/management/ville/bomy/ville-62153,20.0,30.0,44.0,44.0,59.0,109.0,150.0,141.0,75.0,99.0,31.8,32.9,33.1,24.6,16.9,15.4,18.2,24.1
Cressy-sur-Somme (71760),/management/ville/cressy-sur-somme/ville-71152,31.0,5.0,5.0,20.0,15.0,26.0,42.0,56.0,31.0,30.0,14.3,41.1,42.9,24.4,22.6,15.1,20.2,16.4
Cenon-sur-Vienne (86530),/management/ville/cenon-sur-vienne/ville-86046,5.0,50.0,94.0,201.0,228.0,308.0,486.0,446.0,241.0,273.0,28.0,38.7,39.2,22.2,15.0,18.1,17.8,19.9
Burgille (25170),/management/ville/burgille/ville-25101,20.0,20.0,35.0,40.0,70.0,65.0,85.0,127.0,55.0,103.0,17.2,29.2,42.7,22.3,17.7,11.8,22.4,33.7
Balham (08190),/management/ville/balham/ville-08044,9.0,5.0,18.0,14.0,9.0,18.0,25.0,34.0,17.0,19.0,22.7,29.4,50.0,22.6,15.9,19.6,11.4,27.5
Châtelus (03120),/management/ville/chatelus/ville-03068,5.0,10.0,16.0,21.0,10.0,5.0,38.0,32.0,20.0,9.0,37.0,42.2,38.9,24.4,14.8,24.4,9.3,8.9
Cisternes-la-Forêt (63740),/management/ville/cisternes-la-foret/ville-63110,30.0,20.0,10.0,51.0,51.0,56.0,111.0,100.0,71.0,68.0,25.6,38.4,36.9,19.9,22.2,18.0,15.3,23.3
Cordonnet (70190),/management/ville/cordonnet/ville-70174,0.0,10.0,5.0,30.0,10.0,20.0,18.0,23.0,26.0,38.0,21.3,14.0,29.8,18.0,21.3,28.1,27.7,42.1
Chaponost (69630),/management/ville/chaponost/ville-69043,15.0,349.0,1135.0,1184.0,762.0,393.0,1066.0,1206.0,935.0,2912.0,14.9,19.7,22.4,17.1,14.1,16.4,48.6,46.6
Colombières (14710),/management/ville/colombieres/ville-14168,0.0,0.0,0.0,10.0,20.0,35.0,62.0,52.0,31.0,23.0,34.4,39.7,38.9,21.8,15.6,21.8,11.1,16.7
Bénesse-lès-Dax (40180),/management/ville/benesse-les-dax/ville-40035,10.0,5.0,20.0,74.0,55.0,50.0,97.0,148.0,74.0,85.0,16.8,30.8,41.8,27.3,20.4,16.6,20.9,21.3
Ancelle (05260),/management/ville/ancelle/ville-05004,35.0,35.0,25.0,143.0,128.0,44.0,132.0,204.0,149.0,235.0,17.2,19.5,34.7,21.4,21.4,20.1,26.7,38.7
Camon (09500),/management/ville/camon/ville-09074,0.0,10.0,5.0,19.0,15.0,10.0,27.0,26.0,22.0,38.0,21.1,27.1,28.1,18.0,24.6,15.3,26.3,39.0
Augan (56800),/management/ville/augan/ville-56006,56.0,36.0,36.0,122.0,224.0,224.0,337.0,390.0,202.0,235.0,24.1,33.7,41.9,23.4,17.2,17.7,16.8,23.5
Avesnes-en-Bray (76220),/management/ville/avesnes-en-bray/ville-76048,0.0,10.0,47.0,26.0,21.0,52.0,73.0,68.0,46.0,44.0,26.9,35.7,36.1,22.4,20.2,19.6,16.8,21.4
Chenoise-Cucharmoy (77160),/management/ville/chenoise-cucharmoy/ville-77109,15.0,46.0,15.0,218.0,201.0,214.0,437.0,360.0,202.0,180.0,36.8,37.3,35.5,23.9,15.1,19.3,12.6,18.0
Bracquetuit (76850),/management/ville/bracquetuit/ville-76138,5.0,35.0,20.0,40.0,25.0,25.0,61.0,74.0,41.0,59.0,23.4,28.8,37.9,23.3,15.3,19.8,23.4,27.0
Bétignicourt (10500),/management/ville/betignicourt/ville-10044,5.0,0.0,0.0,0.0,0.0,5.0,6.0,14.0,6.0,1.0,7.1,38.5,64.3,31.3,28.6,15.4,0.0,7.7
Courcité (53700),/management/ville/courcite/ville-53083,70.0,10.0,5.0,90.0,125.0,171.0,312.0,216.0,79.0,77.0,40.4,50.9,37.2,22.2,13.4,9.8,9.0,13.6
Castagniers (06670),/management/ville/castagniers/ville-06034,0.0,98.0,93.0,219.0,205.0,127.0,270.0,379.0,215.0,331.0,23.8,21.5,35.6,26.0,16.2,19.6,24.3,30.7
Bastennes (40360),/management/ville/bastennes/ville-40028,10.0,0.0,5.0,10.0,40.0,50.0,66.0,77.0,28.0,31.0,34.0,31.0,41.0,28.9,14.0,14.0,11.0,20.0
Cutting (57260),/management/ville/cutting/ville-57161,0.0,0.0,0.0,10.0,26.0,31.0,30.0,35.0,19.0,16.0,28.3,30.8,43.5,25.9,15.2,23.1,13.0,19.2
Artenay (45410),/management/ville/artenay/ville-45008,21.0,36.0,67.0,184.0,258.0,326.0,580.0,429.0,223.0,197.0,36.1,44.7,35.8,22.9,13.9,17.4,14.2,13.4
Brignais (69530),/management/ville/brignais/ville-69027,10.0,320.0,1111.0,1597.0,1158.0,855.0,2195.0,1836.0,1367.0,2819.0,22.2,30.7,26.0,18.7,16.4,16.9,35.4,33.3
Bizanos (64320),/management/ville/bizanos/ville-64132,10.0,116.0,498.0,483.0,618.0,327.0,784.0,894.0,554.0,1386.0,19.2,23.8,27.6,21.0,14.1,16.3,39.1,37.7
Arblade-le-Haut (32110),/management/ville/arblade-le-haut/ville-32005,5.0,5.0,9.0,24.0,38.0,28.0,75.0,70.0,28.0,65.0,28.3,35.3,32.5,22.8,11.7,11.8,27.5,26.9
Beaurières (26310),/management/ville/beaurieres/ville-26040,0.0,5.0,0.0,11.0,27.0,11.0,20.0,20.0,11.0,11.0,37.8,21.7,43.2,16.7,8.1,34.8,10.8,30.4
Bouloc-en-Quercy (82110),/management/ville/bouloc-en-quercy/ville-82021,15.0,10.0,5.0,34.0,19.0,15.0,49.0,50.0,18.0,38.0,27.8,35.5,34.2,25.6,12.7,11.8,25.3,22.4
Chambœuf (21220),/management/ville/chamboeuf/ville-21132,0.0,19.0,24.0,72.0,29.0,38.0,30.0,66.0,52.0,116.0,10.4,11.7,27.4,22.5,17.8,21.9,44.4,43.8
Bon Repos sur Blavet (22570),/management/ville/bon-repos-sur-blavet/ville-22107,61.0,59.0,23.0,95.0,113.0,116.0,387.0,264.0,181.0,232.0,33.1,39.3,29.8,19.1,18.4,15.9,18.7,24.9
Ajac (11300),/management/ville/ajac/ville-11003,15.0,5.0,5.0,29.0,34.0,10.0,56.0,42.0,22.0,32.0,38.7,33.3,30.7,23.5,12.0,16.7,18.7,24.4
Crest (26400),/management/ville/crest/ville-26108,44.0,339.0,451.0,945.0,945.0,810.0,1951.0,1476.0,1051.0,2000.0,26.1,33.4,26.6,18.7,18.0,14.8,29.4,32.1
Camon (80450),/management/ville/camon/ville-80164,15.0,74.0,307.0,576.0,509.0,405.0,1022.0,855.0,525.0,913.0,25.6,35.7,32.2,19.1,15.3,16.4,26.9,28.2
Beton-Bazoches (77320),/management/ville/beton-bazoches/ville-77032,0.0,19.0,49.0,102.0,117.0,136.0,219.0,215.0,115.0,85.0,31.6,37.5,42.2,24.5,15.6,20.6,10.6,16.2
Coren (15100),/management/ville/coren/ville-15055,25.0,25.0,5.0,44.0,54.0,29.0,84.0,102.0,74.0,65.0,25.6,26.5,41.7,22.7,16.1,29.7,16.7,23.2
Censeau (39250),/management/ville/censeau/ville-39083,14.0,5.0,0.0,29.0,39.0,55.0,84.0,66.0,48.0,39.0,33.1,37.5,33.1,21.9,20.2,20.5,13.7,19.6
Châtelus (38680),/management/ville/chatelus/ville-38092,5.0,5.0,0.0,9.0,14.0,5.0,26.0,15.0,10.0,16.0,41.7,36.7,27.8,16.1,16.7,13.3,13.9,33.3
Cistrières (43160),/management/ville/cistrieres/ville-43073,0.0,5.0,5.0,5.0,10.0,20.0,55.0,33.0,17.0,16.0,33.3,57.9,41.3,12.5,14.3,14.0,11.1,15.8
Chappes (03390),/management/ville/chappes/ville-03058,23.0,0.0,9.0,28.0,23.0,32.0,43.0,52.0,25.0,45.0,21.6,32.0,36.4,23.5,13.6,17.3,28.4,25.3
Bénesse-Maremne (40230),/management/ville/benesse-maremne/ville-40036,16.0,191.0,114.0,417.0,461.0,355.0,590.0,699.0,423.0,568.0,24.7,27.1,35.7,24.3,17.2,19.9,22.4,27.3
Ancemont (55320),/management/ville/ancemont/ville-55009,5.0,10.0,31.0,57.0,47.0,83.0,110.0,158.0,71.0,86.0,22.3,29.8,47.4,24.7,14.4,19.2,15.8,24.5
Boulogne-Billancourt (92100),/management/ville/boulogne-billancourt/ville-92012,17.0,3865.0,31089.0,15095.0,11046.0,3293.0,12916.0,7076.0,11258.0,54872.0,14.2,15.7,8.4,8.6,11.6,14.3,65.7,62.0
Ajaccio (20000),/management/ville/ajaccio/ville-2A004,114.0,2189.0,3503.0,7639.0,11838.0,6138.0,16702.0,10869.0,12121.0,13717.0,30.3,32.1,22.6,19.4,21.9,23.4,25.2,26.1
Beaurieux (02160),/management/ville/beaurieux/ville-02058,10.0,15.0,15.0,93.0,133.0,152.0,193.0,176.0,92.0,104.0,31.2,37.0,36.6,23.7,15.9,16.6,16.3,20.4
Courcival (72110),/management/ville/courcival/ville-72102,5.0,5.0,5.0,0.0,25.0,30.0,16.0,28.0,20.0,12.0,24.4,17.1,36.6,34.2,24.4,28.6,14.6,17.1
Bradiancourt (76680),/management/ville/bradiancourt/ville-76139,0.0,0.0,10.0,25.0,20.0,49.0,37.0,45.0,37.0,25.0,28.0,23.6,37.3,26.1,22.7,29.2,12.0,22.2
Colombières-sur-Orb (34390),/management/ville/colombieres-sur-orb/ville-34080,0.0,40.0,20.0,60.0,40.0,35.0,89.0,107.0,79.0,129.0,21.2,23.0,32.6,20.6,19.2,20.2,26.9,36.2
Crest-Voland (73590),/management/ville/crest-voland/ville-73094,16.0,16.0,0.0,74.0,42.0,32.0,80.0,96.0,46.0,70.0,28.6,26.3,37.9,25.0,16.4,15.1,17.1,30.3
Camopi (97330),/management/ville/camopi/ville-97356,0.0,0.0,10.0,59.0,84.0,119.0,771.0,67.0,25.0,38.0,82.3,88.6,10.5,4.5,3.1,2.4,4.0,4.4
Bastia (20200),/management/ville/bastia/ville-2B033,62.0,1576.0,2207.0,4049.0,6940.0,3719.0,12190.0,5867.0,7007.0,8867.0,34.9,36.8,20.5,15.8,19.0,22.0,25.6,26.5
Betoncourt-lès-Brotte (70300),/management/ville/betoncourt-les-brotte/ville-70067,0.0,5.0,15.0,15.0,10.0,30.0,21.0,24.0,18.0,21.0,23.3,26.8,37.2,20.0,20.9,22.0,18.6,31.7
Arbois (39600),/management/ville/arbois/ville-39013,20.0,130.0,100.0,343.0,305.0,473.0,981.0,684.0,428.0,628.0,31.9,39.6,29.2,20.2,16.8,14.8,22.1,24.0
Corenc (38700),/management/ville/corenc/ville-38126,0.0,129.0,836.0,403.0,184.0,100.0,319.0,262.0,324.0,1901.0,7.4,15.0,9.7,9.4,9.4,13.4,73.5,62.7
Châtelus (42140),/management/ville/chatelus/ville-42055,0.0,16.0,0.0,21.0,26.0,16.0,20.0,27.0,19.0,23.0,12.8,33.3,36.2,21.3,29.8,11.9,21.3,31.0
Brignancourt (95640),/management/ville/brignancourt/ville-95110,0.0,0.0,29.0,29.0,19.0,5.0,20.0,29.0,31.0,68.0,17.7,8.8,17.7,20.9,19.0,22.1,45.6,48.5
Bon-Encontre (47240),/management/ville/bon-encontre/ville-47032,15.0,216.0,367.0,764.0,890.0,523.0,1212.0,1320.0,892.0,1313.0,23.2,27.6,32.4,23.1,17.5,20.0,26.9,28.4
Ajain (23380),/management/ville/ajain/ville-23002,20.0,25.0,20.0,95.0,201.0,81.0,346.0,252.0,150.0,160.0,37.2,39.0,30.9,23.1,16.3,16.6,15.6,19.4
Chambœuf (42330),/management/ville/chamboeuf/ville-42043,15.0,68.0,166.0,307.0,161.0,137.0,198.0,311.0,207.0,480.0,15.5,17.6,32.2,19.6,16.5,18.1,35.8,44.3
Castaignos-Souslens (40700),/management/ville/castaignos-souslens/ville-40069,0.0,30.0,10.0,34.0,65.0,39.0,63.0,118.0,65.0,58.0,14.9,26.3,45.9,29.1,20.9,21.8,18.2,19.9
Cuttoli-Corticchiato (20167),/management/ville/cuttoli-corticchiato/ville-2A103,16.0,86.0,111.0,242.0,292.0,173.0,428.0,417.0,342.0,342.0,29.4,26.7,34.0,22.3,18.0,26.3,18.6,25.8
Avesnes-en-Saosnois (72260),/management/ville/avesnes-en-saosnois/ville-72018,0.0,0.0,0.0,20.0,15.0,30.0,21.0,26.0,17.0,13.0,22.9,31.0,42.9,26.2,17.1,26.2,17.1,16.7
Auge (08380),/management/ville/auge/ville-08030,0.0,0.0,0.0,5.0,10.0,10.0,24.0,11.0,8.0,8.0,55.6,37.5,11.1,27.6,18.5,12.5,14.8,16.7
Burgnac (87800),/management/ville/burgnac/ville-87025,15.0,20.0,75.0,124.0,104.0,94.0,112.0,174.0,121.0,192.0,17.2,20.3,36.2,21.8,20.0,20.6,26.6,37.0
Chenon (16460),/management/ville/chenon/ville-16095,0.0,0.0,0.0,5.0,10.0,15.0,43.0,29.0,19.0,27.0,27.1,46.7,32.2,16.4,16.9,15.0,23.7,21.7
Citerne (80490),/management/ville/citerne/ville-80196,20.0,5.0,5.0,25.0,19.0,48.0,91.0,50.0,31.0,23.0,36.9,57.0,33.0,16.8,16.5,15.1,13.6,10.8
Censerey (21430),/management/ville/censerey/ville-21124,10.0,20.0,0.0,10.0,15.0,10.0,55.0,42.0,26.0,17.0,30.3,50.0,31.6,23.7,26.3,9.4,11.8,12.5
Basville (23260),/management/ville/basville/ville-23017,15.0,5.0,0.0,5.0,10.0,5.0,52.0,48.0,18.0,22.0,33.3,41.5,40.0,24.3,12.0,13.8,14.7,16.9
Chappes (08220),/management/ville/chappes/ville-08102,5.0,5.0,0.0,0.0,15.0,10.0,25.0,21.0,14.0,13.0,19.4,46.3,45.2,15.4,19.4,19.5,16.1,19.5
Bize (52500),/management/ville/bize/ville-52051,0.0,0.0,5.0,0.0,5.0,15.0,39.0,17.0,15.0,2.0,57.5,48.5,22.5,23.5,20.0,21.2,0.0,6.1
Benest (16350),/management/ville/benest/ville-16038,5.0,10.0,10.0,15.0,31.0,26.0,101.0,86.0,37.0,49.0,33.3,40.4,37.7,22.8,11.6,15.4,17.4,19.1
Ancenis-Saint-Géréon (44150),/management/ville/ancenis-saint-gereon/ville-44003,25.0,295.0,744.0,1141.0,1286.0,1180.0,2342.0,2171.0,1192.0,2128.0,24.7,34.5,32.5,21.7,15.6,14.9,27.3,27.1
Boulogne-la-Grasse (60490),/management/ville/boulogne-la-grasse/ville-60093,10.0,0.0,20.0,36.0,61.0,87.0,109.0,106.0,59.0,65.0,32.2,32.0,38.0,23.4,14.0,20.7,15.8,23.1
Balignac (82120),/management/ville/balignac/ville-82009,5.0,0.0,0.0,0.0,14.0,5.0,10.0,11.0,7.0,7.0,22.2,33.3,55.6,13.3,11.1,27.8,11.1,27.8
Beaurieux (59740),/management/ville/beaurieux/ville-59062,0.0,10.0,10.0,15.0,30.0,25.0,25.0,36.0,21.0,34.0,13.8,29.3,37.9,23.0,17.2,19.0,31.0,27.6
Castandet (40270),/management/ville/castandet/ville-40070,5.0,15.0,5.0,60.0,45.0,45.0,66.0,99.0,66.0,68.0,16.1,27.2,40.9,25.1,23.4,21.0,19.7,25.3
Brignemont (31480),/management/ville/brignemont/ville-31090,20.0,15.0,20.0,35.0,40.0,35.0,99.0,80.0,61.0,47.0,32.9,35.8,35.5,21.5,14.5,29.1,17.1,15.7
Colombiers (17460),/management/ville/colombiers/ville-17115,10.0,0.0,5.0,55.0,24.0,54.0,67.0,80.0,43.0,50.0,22.5,32.8,39.2,24.4,21.7,14.3,16.7,25.2
Courcôme (16240),/management/ville/courcome/ville-16110,11.0,16.0,26.0,46.0,103.0,104.0,186.0,205.0,124.0,110.0,24.4,34.6,40.8,24.3,18.7,21.1,16.1,19.0

Arbon (31160),/management/ville/arbon/ville-31012,0.0,0.0,15.0,10.0,0.0,0.0,34.0,22.0,12.0,14.0,42.1,39.5,31.6,21.7,13.2,16.3,13.2,20.9
Betoncourt-Saint-Pancras (70210),/management/ville/betoncourt-saint-pancras/ville-70069,0.0,0.0,0.0,0.0,5.0,10.0,14.0,18.0,1.0,8.0,25.0,42.9,50.0,27.6,5.0,0.0,20.0,19.0
Corent (63730),/management/ville/corent/ville-63120,5.0,33.0,85.0,114.0,76.0,95.0,81.0,132.0,117.0,210.0,13.2,16.8,30.5,18.8,22.1,21.3,34.2,43.7
Châtelus-le-Marcheix (23430),/management/ville/chatelus-le-marcheix/ville-23056,27.0,0.0,11.0,33.0,27.0,11.0,89.0,94.0,52.0,57.0,24.3,36.7,42.4,21.2,18.8,16.3,14.6,24.5
Arthaz-Pont-Notre-Dame (74380),/management/ville/arthaz-pont-notre-dame/ville-74021,26.0,69.0,73.0,247.0,237.0,152.0,284.0,391.0,180.0,278.0,23.5,26.5,40.8,25.7,14.4,17.3,21.4,27.7
Chamelet (69620),/management/ville/chamelet/ville-69039,20.0,5.0,34.0,132.0,118.0,98.0,87.0,163.0,93.0,140.0,13.6,22.3,38.6,25.9,22.0,16.6,25.8,32.0
Avesnes-en-Val (76630),/management/ville/avesnes-en-val/ville-76049,5.0,10.0,5.0,30.0,25.0,50.0,78.0,83.0,32.0,20.0,24.8,49.0,53.2,21.9,15.6,14.4,6.4,12.5
Camors (56330),/management/ville/camors/ville-56031,10.0,178.0,109.0,326.0,351.0,415.0,550.0,733.0,394.0,542.0,18.9,30.6,41.8,22.7,18.6,17.0,20.7,28.0
Boulogne-sur-Gesse (31350),/management/ville/boulogne-sur-gesse/ville-31080,15.0,98.0,45.0,80.0,316.0,113.0,473.0,310.0,327.0,228.0,30.9,39.1,30.9,18.7,21.5,26.9,16.8,17.2
Bénestroff (57670),/management/ville/benestroff/ville-57060,0.0,10.0,15.0,51.0,46.0,116.0,133.0,130.0,72.0,67.0,30.8,35.7,35.8,26.0,18.4,17.1,14.9,18.1
Bona (58330),/management/ville/bona/ville-58035,0.0,5.0,20.0,25.0,50.0,20.0,78.0,69.0,53.0,44.0,28.2,35.4,29.9,25.6,21.4,22.0,20.5,15.7
Ajat (24210),/management/ville/ajat/ville-24004,10.0,26.0,21.0,31.0,31.0,46.0,72.0,85.0,42.0,58.0,28.9,27.1,35.2,26.9,15.6,17.8,20.3,24.8
Auge (23170),/management/ville/auge/ville-23009,10.0,0.0,0.0,5.0,15.0,10.0,38.0,29.0,12.0,6.0,35.4,57.1,39.6,22.0,18.8,8.6,6.3,8.6
Crestet (84110),/management/ville/crestet/ville-84040,30.0,30.0,15.0,55.0,35.0,30.0,87.0,103.0,55.0,77.0,28.8,25.2,35.0,26.9,12.9,21.4,23.3,24.5
Burgy (71260),/management/ville/burgy/ville-71066,20.0,0.0,0.0,15.0,0.0,5.0,26.0,16.0,12.0,29.0,24.4,38.1,26.8,11.9,17.1,11.9,31.7,38.1
Brignoles (83170),/management/ville/brignoles/ville-83023,59.0,593.0,655.0,1583.0,2613.0,1953.0,4479.0,3219.0,2376.0,2529.0,33.0,37.9,30.1,21.1,17.8,19.8,19.2,20.9
Betoncourt-sur-Mance (70500),/management/ville/betoncourt-sur-mance/ville-70070,0.0,0.0,0.0,0.0,0.0,0.0,17.0,3.0,4.0,5.0,46.7,71.4,13.3,7.1,20.0,7.1,20.0,14.3
Bragayrac (31470),/management/ville/bragayrac/ville-31087,5.0,15.0,15.0,44.0,49.0,35.0,52.0,74.0,35.0,72.0,23.7,21.6,34.7,25.0,15.3,14.7,26.3,35.3
Ancerville (55170),/management/ville/ancerville/ville-55010,15.0,110.0,130.0,294.0,464.0,355.0,650.0,739.0,319.0,414.0,25.6,35.5,41.4,24.8,16.4,13.7,16.5,22.3
Bize (65150),/management/ville/bize/ville-65093,35.0,0.0,0.0,15.0,15.0,20.0,72.0,41.0,26.0,37.0,40.9,42.0,29.0,15.9,15.1,14.8,15.1,27.2
Bathelémont (54370),/management/ville/bathelemont/ville-54050,5.0,0.0,0.0,10.0,5.0,10.0,11.0,17.0,7.0,16.0,18.5,25.0,40.7,22.2,14.8,12.5,25.9,37.5
Balignicourt (10330),/management/ville/balignicourt/ville-10027,20.0,0.0,5.0,0.0,0.0,5.0,23.0,5.0,12.0,9.0,34.8,57.7,17.4,4.3,34.8,15.4,13.0,23.1
Cuvat (74350),/management/ville/cuvat/ville-74098,0.0,56.0,262.0,225.0,126.0,56.0,82.0,164.0,155.0,507.0,9.5,8.6,20.5,15.9,16.6,17.8,53.4,58.1
Beauronne (24400),/management/ville/beauronne/ville-24032,0.0,5.0,0.0,56.0,36.0,46.0,107.0,100.0,40.0,41.0,36.0,37.5,36.8,28.3,12.5,15.1,14.7,13.8
Chenonceaux (37150),/management/ville/chenonceaux/ville-37070,0.0,15.0,10.0,30.0,30.0,60.0,62.0,100.0,42.0,63.0,15.7,30.8,49.3,23.3,15.7,15.8,19.4,27.8
Bonac-Irazein (09800),/management/ville/bonac-irazein/ville-09059,5.0,0.0,10.0,20.0,5.0,10.0,21.0,20.0,26.0,35.0,18.6,22.7,23.7,15.4,25.4,25.0,32.2,38.6
Corfélix (51210),/management/ville/corfelix/ville-51170,10.0,0.0,5.0,10.0,10.0,15.0,12.0,38.0,17.0,15.0,13.6,15.8,54.5,35.0,11.4,31.6,20.5,15.8
Chappes (10260),/management/ville/chappes/ville-10083,5.0,25.0,15.0,55.0,30.0,20.0,79.0,66.0,43.0,58.0,26.3,37.5,35.6,19.5,11.9,22.7,26.3,21.1
Castanet (12240),/management/ville/castanet/ville-12059,51.0,10.0,15.0,56.0,41.0,46.0,96.0,142.0,72.0,93.0,19.6,28.0,46.6,22.9,15.2,21.0,18.6,27.5
Ajoncourt (57590),/management/ville/ajoncourt/ville-57009,5.0,0.0,0.0,20.0,25.0,5.0,18.0,22.0,23.0,14.0,25.0,22.2,34.4,26.2,28.1,31.1,12.5,22.2
Châtelus-Malvaleix (23270),/management/ville/chatelus-malvaleix/ville-23057,41.0,10.0,0.0,41.0,102.0,31.0,180.0,133.0,80.0,78.0,32.4,43.5,34.2,21.6,16.4,17.5,16.9,16.3
Arthel (58700),/management/ville/arthel/ville-58013,0.0,0.0,10.0,5.0,0.0,20.0,18.0,15.0,12.0,25.0,25.0,26.3,18.8,22.5,15.6,18.4,40.6,31.6
Colombiers (18200),/management/ville/colombiers/ville-18069,5.0,15.0,40.0,25.0,65.0,55.0,93.0,106.0,65.0,67.0,26.1,30.4,40.0,23.8,17.0,22.0,17.0,23.2
Citers (70300),/management/ville/citers/ville-70155,0.0,40.0,16.0,102.0,92.0,109.0,161.0,181.0,122.0,103.0,24.8,32.1,38.3,24.6,20.7,22.4,16.2,20.2
Avesnes-le-Comte (62810),/management/ville/avesnes-le-comte/ville-62063,16.0,42.0,63.0,174.0,284.0,390.0,463.0,502.0,235.0,258.0,25.9,37.4,41.8,24.6,16.1,16.2,16.2,19.1
Camou-Cihigue (64470),/management/ville/camou-cihigue/ville-64162,29.0,0.0,0.0,5.0,5.0,5.0,19.0,26.0,14.0,18.0,25.6,22.9,37.2,28.9,14.0,22.9,23.3,22.9
Chamery (51500),/management/ville/chamery/ville-51112,59.0,25.0,15.0,59.0,25.0,20.0,50.0,70.0,70.0,113.0,14.0,19.7,28.7,18.0,24.2,22.4,33.1,40.8
Cuve (70800),/management/ville/cuve/ville-70194,0.0,5.0,0.0,10.0,20.0,20.0,43.0,38.0,16.0,12.0,41.1,37.7,39.3,26.7,12.5,17.0,7.1,15.1
Boulogne-sur-Helpe (59440),/management/ville/boulogne-sur-helpe/ville-59093,5.0,10.0,20.0,45.0,70.0,30.0,79.0,75.0,47.0,43.0,27.6,37.2,37.4,23.6,16.3,22.3,18.7,16.5
Crestot (27110),/management/ville/crestot/ville-27185,0.0,10.0,5.0,80.0,65.0,100.0,95.0,108.0,72.0,83.0,27.0,26.1,37.1,22.8,19.1,21.1,16.9,29.4
Burie (17770),/management/ville/burie/ville-17072,20.0,59.0,44.0,99.0,173.0,207.0,333.0,341.0,148.0,171.0,27.9,38.5,41.6,24.7,14.4,15.4,16.1,18.3
Arbonne (64210),/management/ville/arbonne/ville-64035,16.0,76.0,128.0,260.0,309.0,228.0,285.0,420.0,317.0,610.0,14.7,19.8,32.9,19.9,18.1,20.6,34.3,39.9
Bénesville (76560),/management/ville/benesville/ville-76077,0.0,10.0,10.0,25.0,35.0,15.0,35.0,39.0,31.0,33.0,26.4,24.2,26.4,28.6,20.8,24.2,26.4,21.2
Censy (89310),/management/ville/censy/ville-89064,5.0,0.0,5.0,15.0,0.0,0.0,12.0,16.0,8.0,5.0,32.0,25.0,44.0,27.8,20.0,18.8,4.0,25.0
Augé (79400),/management/ville/auge/ville-79020,26.0,10.0,31.0,144.0,128.0,128.0,167.0,207.0,138.0,185.0,21.6,26.2,38.4,20.5,21.0,18.6,19.0,34.3
Bétous (32110),/management/ville/betous/ville-32049,0.0,0.0,5.0,0.0,20.0,20.0,23.0,14.0,13.0,17.0,32.3,36.1,25.8,18.2,12.9,25.0,29.0,22.2
Brignon (30190),/management/ville/brignon/ville-30053,10.0,20.0,35.0,95.0,125.0,85.0,144.0,183.0,97.0,137.0,24.4,26.9,40.7,23.8,13.8,20.6,21.1,27.6
Ancerville (57580),/management/ville/ancerville/ville-57020,0.0,10.0,10.0,30.0,65.0,50.0,60.0,89.0,39.0,35.0,22.4,31.8,46.6,28.7,16.4,18.7,14.7,16.8
Colombiers (34440),/management/ville/colombiers/ville-34081,11.0,126.0,74.0,276.0,361.0,243.0,617.0,516.0,329.0,451.0,29.9,34.3,31.1,22.0,16.2,18.2,22.7,24.3
Chappes (63720),/management/ville/chappes/ville-63089,10.0,41.0,122.0,173.0,290.0,220.0,289.0,366.0,206.0,317.0,20.3,28.6,40.0,21.8,15.8,19.1,23.8,29.7
Bathernay (26260),/management/ville/bathernay/ville-26028,5.0,20.0,35.0,15.0,45.0,15.0,40.0,58.0,27.0,48.0,18.5,28.4,42.4,21.3,17.4,13.6,21.7,34.6
Beausemblant (26240),/management/ville/beausemblant/ville-26041,15.0,30.0,86.0,198.0,212.0,126.0,316.0,335.0,153.0,231.0,27.4,33.6,38.1,24.1,14.2,15.3,20.3,24.2
Courçon (17170),/management/ville/courcon/ville-17127,15.0,25.0,100.0,160.0,325.0,255.0,371.0,395.0,236.0,282.0,25.4,32.1,36.2,23.9,19.3,17.6,19.1,24.5
Bâlines (27130),/management/ville/balines/ville-27036,10.0,30.0,15.0,45.0,121.0,45.0,120.0,135.0,73.0,75.0,26.2,33.3,45.1,22.4,14.9,21.3,13.8,22.7
Chenou (77570),/management/ville/chenou/ville-77110,10.0,10.0,0.0,20.0,41.0,41.0,77.0,87.0,37.0,42.0,30.2,34.2,42.1,26.3,13.5,16.2,14.3,19.7
Bonas (32410),/management/ville/bonas/ville-32059,15.0,15.0,0.0,0.0,5.0,5.0,41.0,20.0,21.0,26.0,39.2,37.3,17.6,19.3,15.7,22.0,27.5,22.0
Castanet (81150),/management/ville/castanet/ville-81061,21.0,0.0,15.0,21.0,31.0,10.0,37.0,37.0,30.0,56.0,22.0,25.6,26.8,18.8,19.5,16.7,31.7,38.5
Arthémonay (26260),/management/ville/arthemonay/ville-26014,10.0,25.0,15.0,69.0,54.0,123.0,74.0,132.0,71.0,145.0,17.9,16.7,35.8,25.2,13.2,20.6,33.0,35.9
Corgengoux (21250),/management/ville/corgengoux/ville-21193,10.0,21.0,26.0,67.0,41.0,46.0,47.0,107.0,61.0,70.0,13.8,19.9,45.5,28.7,15.2,27.7,25.5,23.4
Bize-Minervois (11120),/management/ville/bize-minervois/ville-11041,16.0,95.0,52.0,89.0,119.0,63.0,324.0,206.0,178.0,214.0,31.7,38.3,25.7,19.3,19.4,19.1,23.1,23.2
Châtenay (01320),/management/ville/chatenay/ville-01090,5.0,25.0,15.0,29.0,49.0,45.0,66.0,81.0,49.0,56.0,23.2,29.4,35.2,26.1,20.0,19.0,21.6,23.0
Citey (70700),/management/ville/citey/ville-70156,5.0,19.0,0.0,10.0,10.0,10.0,23.0,24.0,13.0,17.0,31.6,25.6,36.8,24.4,15.8,20.5,15.8,28.2
Ajoux (07000),/management/ville/ajoux/ville-07004,0.0,9.0,8.0,18.0,0.0,9.0,9.0,14.0,15.0,24.0,22.6,9.4,22.6,23.3,19.4,28.1,35.5,40.6
Campagna-de-Sault (11140),/management/ville/campagna-de-sault/ville-11062,0.0,0.0,0.0,0.0,0.0,0.0,5.0,7.0,2.0,3.0,23.1,50.0,46.2,25.0,7.7,25.0,23.1,0.0
Avesnes-le-Sec (59296),/management/ville/avesnes-le-sec/ville-59038,20.0,31.0,76.0,224.0,214.0,188.0,272.0,308.0,214.0,255.0,18.4,33.0,36.4,22.0,21.9,19.0,23.3,25.2
Brageac (15700),/management/ville/brageac/ville-15024,5.0,5.0,0.0,10.0,14.0,14.0,13.0,29.0,6.0,12.0,20.6,25.0,52.9,30.6,8.8,10.7,17.6,25.0
Chamesey (25380),/management/ville/chamesey/ville-25113,10.0,5.0,0.0,10.0,15.0,15.0,27.0,26.0,18.0,21.0,27.7,31.1,36.2,21.4,12.8,26.7,23.4,22.2
Augea (39190),/management/ville/augea/ville-39025,0.0,5.0,5.0,20.0,56.0,61.0,64.0,86.0,40.0,42.0,29.3,26.9,41.5,28.7,14.6,19.4,14.6,21.3
Betplan (32730),/management/ville/betplan/ville-32050,0.0,5.0,0.0,10.0,10.0,15.0,31.0,23.0,13.0,21.0,34.1,34.9,34.1,18.2,13.6,16.3,18.2,30.2
Arbonne-la-Forêt (77630),/management/ville/arbonne-la-foret/ville-77006,0.0,41.0,102.0,148.0,153.0,71.0,160.0,222.0,152.0,227.0,17.1,24.4,31.1,25.1,22.5,17.6,29.3,30.3
Boulogne-sur-Mer (62200),/management/ville/boulogne-sur-mer/ville-62160,6.0,755.0,1492.0,3493.0,5794.0,5552.0,12493.0,7268.0,4726.0,5801.0,36.9,44.9,27.3,19.9,16.4,15.0,19.4,18.9
Buriville (54450),/management/ville/buriville/ville-54107,0.0,10.0,0.0,15.0,10.0,10.0,12.0,10.0,12.0,14.0,25.0,25.0,21.4,20.0,28.6,20.0,25.0,35.0
Cuvergnon (60620),/management/ville/cuvergnon/ville-60190,5.0,5.0,5.0,34.0,48.0,35.0,68.0,59.0,40.0,49.0,33.6,29.2,32.7,21.9,14.5,22.6,19.1,26.4
Beausite (55250),/management/ville/beausite/ville-55040,15.0,0.0,5.0,20.0,20.0,25.0,64.0,72.0,29.0,39.0,27.4,35.7,42.5,24.1,15.1,13.3,15.1,23.5
Brigueil-le-Chantre (86290),/management/ville/brigueil-le-chantre/ville-86037,20.0,5.0,5.0,25.0,60.0,60.0,199.0,133.0,68.0,55.0,35.0,51.7,40.1,18.8,13.4,16.4,11.5,12.6
Centrès (12120),/management/ville/centres/ville-12065,64.0,5.0,10.0,24.0,39.0,25.0,163.0,107.0,56.0,66.0,34.8,48.9,38.6,15.2,12.6,16.1,14.0,19.9
Benet (85490),/management/ville/benet/ville-85020,66.0,126.0,227.0,358.0,627.0,419.0,804.0,956.0,495.0,778.0,22.5,30.1,38.6,23.2,15.8,16.8,23.1,28.0
Bragelogne-Beauvoir (10340),/management/ville/bragelogne-beauvoir/ville-10058,50.0,10.0,0.0,20.0,25.0,35.0,70.0,71.0,36.0,22.0,19.0,51.5,49.0,20.2,24.0,12.1,8.0,14.1
Bonboillon (70150),/management/ville/bonboillon/ville-70075,10.0,0.0,5.0,35.0,30.0,5.0,30.0,47.0,28.0,26.0,23.9,21.9,34.3,31.2,25.4,17.2,16.4,23.4
Citou (11160),/management/ville/citou/ville-11092,0.0,5.0,5.0,10.0,15.0,5.0,26.0,23.0,14.0,16.0,28.9,36.6,36.8,22.0,13.2,22.0,21.1,19.5
Balinghem (62610),/management/ville/balinghem/ville-62078,0.0,25.0,65.0,145.0,185.0,175.0,229.0,246.0,167.0,182.0,22.4,33.4,37.6,21.7,19.0,21.5,21.0,23.3
Bizeneuille (03170),/management/ville/bizeneuille/ville-03031,25.0,10.0,5.0,5.0,50.0,30.0,67.0,67.0,47.0,46.0,27.3,31.4,37.2,21.6,18.2,23.8,17.4,23.8
Corgnac-sur-l'Isle (24800),/management/ville/corgnac-sur-l-isle/ville-24134,0.0,10.0,10.0,55.0,100.0,70.0,245.0,204.0,113.0,128.0,32.6,38.4,34.0,23.1,16.3,16.5,17.2,19.9
Colombiers (61250),/management/ville/colombiers/ville-61111,5.0,0.0,25.0,30.0,40.0,30.0,70.0,90.0,46.0,61.0,24.1,28.5,37.2,26.7,16.8,17.7,21.9,23.8
Avesnes-les-Aubert (59129),/management/ville/avesnes-les-aubert/ville-59037,0.0,70.0,130.0,275.0,499.0,649.0,982.0,857.0,441.0,433.0,30.0,42.0,39.5,22.5,15.2,17.3,15.3,16.7
Bouloire (72440),/management/ville/bouloire/ville-72042,5.0,75.0,40.0,115.0,235.0,315.0,634.0,532.0,210.0,200.0,32.8,47.0,41.2,23.8,13.5,13.2,12.6,12.8
Chenôve (21300),/management/ville/chenove/ville-21166,9.0,232.0,459.0,1301.0,2039.0,1819.0,4285.0,2339.0,1503.0,1905.0,38.8,45.9,28.3,18.5,14.5,15.3,18.4,19.5
Créteil (94000),/management/ville/creteil/ville-94028,1.0,1856.0,8116.0,11839.0,15063.0,5993.0,17004.0,10306.0,11432.0,21588.0,27.5,28.8,18.6,16.3,18.8,19.1,35.1,36.4
Castanet (82160),/management/ville/castanet/ville-82029,36.0,5.0,15.0,15.0,15.0,10.0,81.0,49.0,29.0,54.0,31.8,44.8,33.6,12.3,15.0,11.4,19.6,31.4
Burlats (81100),/management/ville/burlats/ville-81042,0.0,110.0,75.0,391.0,335.0,205.0,434.0,458.0,279.0,433.0,27.9,26.2,32.7,23.5,14.3,20.5,25.1,28.9
Arthenac (17520),/management/ville/arthenac/ville-17020,30.0,0.0,10.0,35.0,40.0,50.0,66.0,89.0,53.0,45.0,17.9,34.1,46.3,24.3,19.5,22.0,16.3,18.9
Betpouey (65120),/management/ville/betpouey/ville-65089,5.0,5.0,10.0,10.0,10.0,0.0,26.0,18.0,19.0,11.0,27.0,43.2,35.1,16.1,21.6,29.7,16.2,13.5
Courcoué (37120),/management/ville/courcoue/ville-37087,32.0,5.0,11.0,11.0,21.0,26.0,67.0,55.0,31.0,36.0,28.0,42.7,33.3,22.4,19.4,13.5,19.4,18.8
Châtenay (28700),/management/ville/chatenay/ville-28092,5.0,0.0,31.0,36.0,36.0,47.0,44.0,63.0,44.0,29.0,31.5,17.0,39.1,30.3,19.6,29.5,9.8,22.7
Campagnac (12560),/management/ville/campagnac/ville-12047,35.0,10.0,25.0,40.0,45.0,40.0,120.0,106.0,62.0,72.0,29.5,37.5,35.3,21.3,17.9,16.7,17.4,23.2
Auger-Saint-Vincent (60800),/management/ville/auger-saint-vincent/ville-60027,10.0,20.0,59.0,73.0,73.0,39.0,102.0,103.0,55.0,122.0,22.5,31.3,33.0,19.0,15.0,13.2,29.5,35.2
Batilly (54980),/management/ville/batilly/ville-54051,0.0,35.0,50.0,195.0,135.0,175.0,202.0,341.0,176.0,221.0,16.3,26.4,43.7,26.4,19.1,18.4,20.9,26.0
Chamesol (25190),/management/ville/chamesol/ville-25114,30.0,20.0,0.0,40.0,35.0,46.0,80.0,99.0,58.0,50.0,22.3,34.1,39.2,27.9,16.9,23.2,21.6,13.0
Arboras (34150),/management/ville/arboras/ville-34011,5.0,5.0,11.0,16.0,11.0,11.0,14.0,13.0,22.0,44.0,8.9,20.8,22.2,7.9,20.0,27.1,48.9,45.8
Baliracq-Maumusson (64330),/management/ville/baliracq-maumusson/ville-64090,19.0,5.0,10.0,15.0,15.0,5.0,21.0,36.0,17.0,25.0,16.3,26.4,44.9,24.1,18.4,17.0,20.4,30.2
Beausoleil (06240),/management/ville/beausoleil/ville-06012,0.0,313.0,662.0,1311.0,3022.0,1788.0,4328.0,1911.0,1746.0,2373.0,42.3,41.4,22.0,15.6,17.1,16.6,18.6,26.6
Chaptelat (87270),/management/ville/chaptelat/ville-87038,10.0,45.0,116.0,379.0,257.0,247.0,321.0,432.0,300.0,465.0,19.4,22.9,34.8,21.7,19.4,19.9,26.3,35.0
Ancerviller (54450),/management/ville/ancerviller/ville-54014,5.0,15.0,10.0,15.0,20.0,45.0,54.0,68.0,33.0,34.0,20.6,36.7,43.3,25.5,16.5,18.9,19.6,16.7
Brigueuil (16420),/management/ville/brigueuil/ville-16064,20.0,35.0,15.0,95.0,160.0,165.0,282.0,289.0,145.0,140.0,28.2,37.3,43.4,23.4,15.4,18.3,13.0,19.4
Centuri (20238),/management/ville/centuri/ville-2B086,3.0,10.0,4.0,9.0,29.0,23.0,84.0,32.0,46.0,25.0,42.1,47.8,24.2,11.7,23.2,26.1,10.5,16.3
Bragny-sur-Saône (71350),/management/ville/bragny-sur-saone/ville-71054,19.0,10.0,38.0,58.0,91.0,91.0,127.0,167.0,78.0,113.0,18.8,33.8,44.1,23.0,15.5,16.3,21.6,25.0
Citry (77730),/management/ville/citry/ville-77117,10.0,50.0,35.0,90.0,165.0,110.0,183.0,180.0,117.0,126.0,29.7,30.7,37.6,21.3,19.1,19.5,13.5,28.1
Cuverville (14840),/management/ville/cuverville/ville-14215,0.0,25.0,89.0,285.0,295.0,275.0,343.0,509.0,255.0,364.0,23.6,23.0,37.1,28.5,15.9,18.6,23.4,26.0
Beneuvre (21290),/management/ville/beneuvre/ville-21063,5.0,5.0,5.0,10.0,16.0,5.0,26.0,29.0,14.0,13.0,18.4,45.2,50.0,20.8,23.7,9.5,7.9,21.4
Biziat (01290),/management/ville/biziat/ville-01046,24.0,10.0,24.0,132.0,137.0,152.0,148.0,213.0,118.0,133.0,22.1,26.2,39.3,27.5,18.5,20.3,20.1,23.3
Alaigne (11240),/management/ville/alaigne/ville-11004,15.0,10.0,0.0,40.0,24.0,64.0,132.0,60.0,44.0,39.0,48.0,47.7,23.6,19.8,14.2,18.0,14.2,14.1
Corgoloin (21700),/management/ville/corgoloin/ville-21194,5.0,45.0,35.0,125.0,149.0,184.0,217.0,243.0,97.0,127.0,26.4,37.1,43.7,24.5,13.2,15.1,16.7,20.3
Colombiers (86490),/management/ville/colombiers/ville-86081,0.0,70.0,94.0,146.0,190.0,166.0,359.0,325.0,173.0,237.0,32.0,33.7,34.9,22.4,15.7,15.7,17.4,26.2
Courcoury (17100),/management/ville/courcoury/ville-17128,19.0,20.0,44.0,59.0,77.0,78.0,146.0,164.0,118.0,112.0,25.4,28.9,34.1,25.0,22.5,21.3,18.1,23.6
Burlioncourt (57170),/management/ville/burlioncourt/ville-57120,0.0,0.0,0.0,12.0,35.0,46.0,51.0,35.0,20.0,19.0,38.7,43.5,35.5,20.0,14.5,16.1,11.3,19.4
Betpouy (65230),/management/ville/betpouy/ville-65090,0.0,0.0,10.0,10.0,5.0,10.0,14.0,22.0,11.0,14.0,21.9,24.1,40.6,27.3,18.8,17.2,18.8,27.6
Campagnac (81140),/management/ville/campagnac/ville-81056,0.0,10.0,5.0,10.0,35.0,10.0,28.0,28.0,17.0,35.0,21.8,30.2,30.9,19.6,16.4,15.1,30.9,34.0
Batilly-en-Gâtinais (45340),/management/ville/batilly-en-gatinais/ville-45022,5.0,20.0,10.0,51.0,66.0,56.0,103.0,102.0,69.0,55.0,26.0,37.3,36.1,24.3,23.1,18.6,14.8,18.0
Arthès (81160),/management/ville/arthes/ville-81018,5.0,60.0,105.0,420.0,410.0,180.0,465.0,628.0,372.0,461.0,21.4,26.7,40.0,24.5,17.6,20.9,21.0,26.7
Avesnes-lès-Bapaume (62450),/management/ville/avesnes-les-bapaume/ville-62064,0.0,0.0,5.0,10.0,14.0,14.0,42.0,42.0,23.0,14.0,33.3,35.5,36.7,29.0,16.7,21.0,13.3,11.3
Augerans (39380),/management/ville/augerans/ville-39026,0.0,5.0,10.0,5.0,20.0,34.0,30.0,43.0,20.0,41.0,16.9,29.7,43.7,18.2,14.1,15.6,25.4,35.9
Chenôves (71390),/management/ville/chenoves/ville-71124,25.0,0.0,5.0,45.0,35.0,20.0,31.0,46.0,26.0,66.0,14.5,21.8,38.6,16.5,12.0,18.4,34.9,43.7
Arbori (20160),/management/ville/arbori/ville-2A019,2.0,3.0,0.0,1.0,10.0,3.0,30.0,6.0,11.0,5.0,48.0,66.7,20.0,4.2,28.0,14.8,4.0,14.8
Boulon (14220),/management/ville/boulon/ville-14090,0.0,15.0,39.0,94.0,85.0,65.0,123.0,152.0,73.0,137.0,24.2,26.6,35.6,24.5,13.6,16.5,26.7,29.8
Castanet-le-Haut (34610),/management/ville/castanet-le-haut/ville-34055,10.0,5.0,0.0,19.0,34.0,14.0,47.0,54.0,27.0,30.0,31.0,29.2,42.9,21.8,17.9,15.3,8.3,31.9
Chamesson (21400),/management/ville/chamesson/ville-21134,6.0,6.0,6.0,17.0,46.0,58.0,79.0,94.0,31.0,30.0,29.9,38.0,44.1,28.4,15.7,11.1,10.2,15.7
Châtenay (38980),/management/ville/chatenay/ville-38093,5.0,15.0,10.0,45.0,50.0,55.0,84.0,110.0,53.0,74.0,27.9,24.4,40.6,25.4,13.9,19.2,17.6,28.8
Crêts en Belledonne (38570),/management/ville/crets-en-belledonne/ville-38439,41.0,77.0,266.0,502.0,436.0,359.0,540.0,621.0,455.0,778.0,20.2,24.9,30.8,20.9,17.8,20.2,31.2,33.8
Beaussais-sur-Mer (22650),/management/ville/beaussais-sur-mer/ville-22209,63.0,150.0,144.0,309.0,474.0,321.0,778.0,831.0,491.0,645.0,22.6,33.5,36.8,22.8,18.4,17.4,22.2,24.7
Civaux (86320),/management/ville/civaux/ville-86077,5.0,20.0,50.0,135.0,195.0,130.0,232.0,268.0,172.0,171.0,21.2,33.4,37.8,24.6,21.0,20.0,20.0,20.5
Bizonnes (38690),/management/ville/bizonnes/ville-38046,21.0,51.0,20.0,123.0,143.0,102.0,177.0,194.0,118.0,159.0,24.4,30.6,36.4,22.2,17.8,18.3,21.4,27.8
Bénévent-l'Abbaye (23210),/management/ville/benevent-l-abbaye/ville-23021,15.0,31.0,46.0,46.0,123.0,77.0,277.0,179.0,87.0,111.0,37.2,46.9,32.6,20.8,13.6,13.0,16.6,17.2
Briis-sous-Forges (91640),/management/ville/briis-sous-forges/ville-91111,10.0,67.0,569.0,535.0,432.0,174.0,509.0,506.0,406.0,1094.0,19.8,20.7,22.8,17.3,16.1,16.2,41.4,45.6
Colombiers-du-Plessis (53120),/management/ville/colombiers-du-plessis/ville-53071,5.0,0.0,10.0,62.0,46.0,96.0,110.0,121.0,52.0,69.0,29.3,33.1,40.9,24.4,14.9,15.1,14.9,24.4
Ancey (21410),/management/ville/ancey/ville-21013,0.0,41.0,41.0,61.0,41.0,46.0,44.0,60.0,60.0,135.0,15.6,13.2,26.0,14.5,22.1,18.1,36.4,54.9
Chaptuzat (63260),/management/ville/chaptuzat/ville-63090,15.0,30.0,15.0,60.0,75.0,40.0,89.0,109.0,67.0,91.0,20.1,29.2,36.6,23.8,19.5,18.2,23.8,27.1
Cenves (69840),/management/ville/cenves/ville-69035,20.0,10.0,41.0,49.0,31.0,51.0,65.0,85.0,53.0,98.0,17.8,25.5,36.3,19.2,17.2,18.6,28.7,36.6
Bonchamp-lès-Laval (53960),/management/ville/bonchamp-les-laval/ville-53034,30.0,145.0,477.0,720.0,624.0,625.0,1119.0,1271.0,758.0,1173.0,21.1,30.3,35.0,23.0,16.1,18.9,27.8,26.5
Alaincourt (02240),/management/ville/alaincourt/ville-02009,0.0,5.0,10.0,96.0,61.0,76.0,102.0,119.0,80.0,79.0,25.6,28.4,36.2,24.0,24.6,16.9,13.6,28.4
Cuverville (27700),/management/ville/cuverville/ville-27194,0.0,0.0,0.0,15.0,30.0,60.0,63.0,67.0,30.0,17.0,34.1,37.2,45.1,26.8,16.5,17.4,4.4,15.1
Braillans (25640),/management/ville/braillans/ville-25086,0.0,5.0,19.0,53.0,14.0,24.0,21.0,43.0,14.0,59.0,7.4,22.9,38.2,22.4,5.9,15.7,48.5,37.1
Baliros (64510),/management/ville/baliros/ville-64091,20.0,20.0,31.0,76.0,56.0,41.0,79.0,97.0,68.0,101.0,19.1,26.6,31.2,23.5,20.8,19.1,28.9,29.5
Batilly-en-Puisaye (45420),/management/ville/batilly-en-puisaye/ville-45023,10.0,15.0,15.0,0.0,10.0,15.0,23.0,36.0,13.0,10.0,31.0,23.7,40.5,34.6,21.4,10.5,7.1,18.4
Courcuire (70150),/management/ville/courcuire/ville-70181,0.0,0.0,5.0,10.0,19.0,19.0,24.0,32.0,16.0,22.0,22.9,29.2,39.6,25.0,14.6,18.8,22.9,25.0
Boulot (70190),/management/ville/boulot/ville-70084,0.0,30.0,20.0,112.0,117.0,40.0,105.0,167.0,84.0,122.0,21.6,22.3,39.8,26.3,19.1,16.4,19.5,31.5
Arthez-d'Armagnac (40190),/management/ville/arthez-d-armagnac/ville-40013,10.0,0.0,5.0,15.0,10.0,10.0,23.0,29.0,17.0,15.0,23.9,31.6,45.7,21.6,17.4,23.7,13.0,23.7
Avesnes-sur-Helpe (59440),/management/ville/avesnes-sur-helpe/ville-59036,10.0,74.0,91.0,284.0,591.0,565.0,1604.0,904.0,389.0,434.0,40.0,54.8,33.7,19.6,13.1,10.5,13.2,12.9
Burnand (71460),/management/ville/burnand/ville-71067,5.0,5.0,0.0,10.0,36.0,5.0,29.0,26.0,19.0,30.0,22.4,32.7,36.7,16.0,12.2,23.6,28.6,29.1
Arbot (52160),/management/ville/arbot/ville-52016,10.0,0.0,5.0,5.0,0.0,5.0,22.0,14.0,11.0,11.0,33.3,42.3,33.3,13.0,16.7,23.1,16.7,23.1
Chens-sur-Léman (74140),/management/ville/chens-sur-leman/ville-74070,10.0,115.0,296.0,468.0,463.0,177.0,272.0,429.0,359.0,823.0,12.4,16.3,27.2,18.5,20.1,18.2,40.3,46.9
Chameyrat (19330),/management/ville/chameyrat/ville-19038,10.0,10.0,101.0,192.0,253.0,136.0,300.0,408.0,252.0,299.0,18.2,28.6,40.3,24.6,18.8,21.1,22.7,24.6
Bétracq (64350),/management/ville/betracq/ville-64118,0.0,0.0,0.0,0.0,0.0,5.0,17.0,12.0,10.0,6.0,30.8,47.4,38.5,13.3,15.4,31.6,15.4,10.5
Châtenay (71800),/management/ville/chatenay/ville-71116,15.0,0.0,0.0,15.0,15.0,25.0,51.0,36.0,22.0,23.0,34.3,44.4,32.9,18.8,21.4,11.1,11.4,23.8
Augères (23210),/management/ville/augeres/ville-23010,0.0,0.0,5.0,5.0,15.0,20.0,43.0,33.0,14.0,13.0,34.0,48.2,42.6,21.0,14.9,12.5,8.5,16.1
Campagnac-lès-Quercy (24550),/management/ville/campagnac-les-quercy/ville-24075,28.0,19.0,9.0,23.0,33.0,33.0,79.0,58.0,40.0,66.0,35.3,29.8,22.7,23.5,14.3,18.5,27.7,26.6
Corignac (17130),/management/ville/corignac/ville-17118,0.0,20.0,0.0,30.0,80.0,75.0,86.0,103.0,46.0,42.0,30.3,31.9,39.4,29.7,15.5,17.8,14.8,15.6
Castanet-Tolosan (31320),/management/ville/castanet-tolosan/ville-31113,5.0,251.0,2130.0,2072.0,1486.0,749.0,1568.0,1660.0,1500.0,4726.0,12.9,19.8,19.3,16.2,14.9,16.7,52.9,47.4
Beaussais-Vitré (79370),/management/ville/beaussais-vitre/ville-79030,0.0,65.0,40.0,90.0,125.0,185.0,194.0,206.0,121.0,197.0,26.9,27.1,35.0,21.9,13.3,20.4,24.7,30.2
Bizou (61290),/management/ville/bizou/ville-61046,0.0,10.0,0.0,20.0,0.0,15.0,32.0,38.0,21.0,19.0,24.1,34.6,37.9,27.6,19.0,19.2,19.0,15.4
Brillac (16500),/management/ville/brillac/ville-16065,21.0,16.0,0.0,21.0,64.0,107.0,211.0,153.0,87.0,67.0,33.7,47.0,38.2,21.4,13.4,19.6,14.6,11.5
Boncourt (02350),/management/ville/boncourt/ville-02097,5.0,5.0,10.0,30.0,30.0,50.0,72.0,58.0,37.0,28.0,30.3,43.8,40.4,18.6,20.2,17.7,9.1,19.8
Beney-en-Woëvre (55210),/management/ville/beney-en-woevre/ville-55046,0.0,0.0,5.0,5.0,35.0,20.0,26.0,33.0,19.0,20.0,23.1,30.4,40.4,25.0,17.3,21.7,19.2,21.7
Anchamps (08500),/management/ville/anchamps/ville-08011,0.0,0.0,5.0,10.0,45.0,30.0,59.0,63.0,11.0,28.0,29.9,42.9,51.9,23.0,5.2,8.3,13.0,21.4
Alaincourt (70210),/management/ville/alaincourt/ville-70010,5.0,0.0,5.0,0.0,16.0,42.0,40.0,23.0,14.0,14.0,43.5,45.5,34.8,15.2,17.4,11.4,4.3,27.3
Civens (42110),/management/ville/civens/ville-42065,25.0,50.0,50.0,141.0,176.0,191.0,224.0,332.0,180.0,278.0,20.4,23.8,37.2,25.5,18.6,17.1,23.8,30.7
Brailly-Cornehotte (80150),/management/ville/brailly-cornehotte/ville-80133,0.0,5.0,5.0,20.0,20.0,15.0,77.0,58.0,28.0,27.0,30.9,50.5,39.2,19.8,16.5,12.9,13.4,15.1
Colombiers-sur-Seulles (14480),/management/ville/colombiers-sur-seulles/ville-14169,10.0,0.0,0.0,30.0,35.0,30.0,27.0,29.0,25.0,40.0,18.6,25.8,32.2,16.4,23.7,17.7,25.4,40.3
Charancieu (38490),/management/ville/charancieu/ville-38080,5.0,24.0,59.0,132.0,73.0,162.0,141.0,171.0,93.0,149.0,21.6,29.2,39.2,21.5,16.5,17.0,22.7,31.0
Cépet (31620),/management/ville/cepet/ville-31136,0.0,48.0,95.0,291.0,247.0,152.0,386.0,312.0,223.0,393.0,26.3,32.4,29.8,17.7,16.7,17.2,27.2,32.5
Cuverville (76280),/management/ville/cuverville/ville-76206,0.0,5.0,10.0,80.0,50.0,35.0,50.0,64.0,43.0,85.0,22.0,19.1,29.9,22.2,15.0,20.9,33.1,37.4
Balizac (33730),/management/ville/balizac/ville-33026,5.0,10.0,35.0,50.0,65.0,55.0,73.0,139.0,65.0,88.0,18.8,21.3,43.5,28.3,17.3,18.4,20.4,28.2
Betschdorf (67660),/management/ville/betschdorf/ville-67339,5.0,79.0,183.0,395.0,524.0,855.0,878.0,1182.0,532.0,617.0,22.5,31.9,43.6,27.0,15.3,17.8,18.5,19.9
Bats (40320),/management/ville/bats/ville-40029,15.0,5.0,5.0,25.0,25.0,60.0,48.0,75.0,46.0,44.0,18.3,26.6,40.4,27.5,23.1,20.2,18.3,22.9
Corlay (22320),/management/ville/corlay/ville-22047,35.0,15.0,35.0,100.0,105.0,80.0,315.0,195.0,121.0,119.0,37.1,46.3,32.6,19.6,15.0,17.1,15.3,16.4
Boult (70190),/management/ville/boult/ville-70085,0.0,14.0,31.0,105.0,86.0,91.0,102.0,119.0,79.0,118.0,20.9,27.4,38.3,20.0,15.4,21.9,25.4,31.2
Creuse (80480),/management/ville/creuse/ville-80225,0.0,0.0,20.0,44.0,15.0,5.0,21.0,30.0,24.0,66.0,8.2,21.7,31.5,11.6,23.3,11.6,37.0,55.1
Burnevillers (25470),/management/ville/burnevillers/ville-25102,15.0,0.0,0.0,5.0,0.0,0.0,12.0,7.0,10.0,2.0,38.9,38.5,16.7,28.6,38.9,23.1,5.6,7.7
Courcy (14170),/management/ville/courcy/ville-14190,0.0,5.0,0.0,16.0,16.0,22.0,40.0,33.0,24.0,14.0,33.3,37.7,31.6,25.9,24.6,18.9,10.5,15.1
Chamigny (77260),/management/ville/chamigny/ville-77078,5.0,46.0,94.0,136.0,187.0,98.0,275.0,284.0,182.0,275.0,25.7,28.3,32.4,22.8,16.1,19.6,25.7,28.3
Campagnan (34230),/management/ville/campagnan/ville-34047,10.0,43.0,53.0,67.0,81.0,76.0,112.0,135.0,103.0,142.0,18.6,26.8,34.4,20.5,21.1,21.1,25.9,31.7
Châtenay-en-France (95190),/management/ville/chatenay-en-france/ville-95144,0.0,0.0,5.0,19.0,9.0,0.0,9.0,6.0,5.0,30.0,20.0,16.0,20.0,4.5,4.0,16.0,56.0,64.0
Arbouans (25400),/management/ville/arbouans/ville-25020,0.0,14.0,44.0,103.0,112.0,122.0,248.0,257.0,100.0,124.0,24.2,43.9,43.0,23.7,16.0,11.4,16.8,17.2
Avessac (44460),/management/ville/avessac/ville-44007,86.0,121.0,101.0,162.0,308.0,303.0,546.0,632.0,310.0,342.0,25.1,34.4,40.4,25.9,16.3,17.5,18.2,19.2
Arthez-d'Asson (64800),/management/ville/arthez-d-asson/ville-64058,0.0,37.0,21.0,58.0,84.0,47.0,91.0,177.0,58.0,93.0,21.0,22.7,47.1,30.4,12.4,15.0,19.5,25.1
Augerolles (63930),/management/ville/augerolles/ville-63016,25.0,55.0,15.0,105.0,90.0,115.0,274.0,218.0,108.0,114.0,32.6,44.2,39.0,20.5,15.6,14.6,12.8,19.2
Civrac-de-Blaye (33920),/management/ville/civrac-de-blaye/ville-33126,45.0,20.0,45.0,65.0,85.0,140.0,195.0,219.0,104.0,98.0,30.1,33.3,40.2,27.8,13.6,20.3,16.1,15.7
Beaussault (76870),/management/ville/beaussault/ville-76065,25.0,10.0,10.0,35.0,60.0,40.0,100.0,94.0,49.0,52.0,28.6,39.2,40.8,21.4,17.7,15.5,12.9,22.3
Brain (21350),/management/ville/brain/ville-21100,0.0,5.0,5.0,0.0,0.0,16.0,7.0,11.0,6.0,4.0,21.4,30.8,42.9,25.0,35.7,7.7,0.0,30.8
Bizous (65150),/management/ville/bizous/ville-65094,0.0,10.0,10.0,5.0,16.0,0.0,20.0,25.0,17.0,30.0,21.7,20.5,37.0,19.0,13.0,22.7,28.3,38.6
Cuverville-sur-Yères (76260),/management/ville/cuverville-sur-yeres/ville-76207,20.0,5.0,5.0,29.0,5.0,17.0,51.0,42.0,26.0,27.0,36.8,31.9,35.5,20.5,17.1,19.4,10.5,27.8
Chamilly (71510),/management/ville/chamilly/ville-71078,10.0,5.0,0.0,25.0,5.0,10.0,31.0,24.0,25.0,31.0,29.1,25.9,30.9,14.6,21.8,24.1,18.2,37.0
Charantonnay (38790),/management/ville/charantonnay/ville-38081,10.0,68.0,133.0,275.0,268.0,167.0,336.0,441.0,251.0,327.0,21.7,27.9,39.8,23.8,17.8,19.3,20.7,27.6
Colombiès (12240),/management/ville/colombies/ville-12068,90.0,55.0,45.0,40.0,75.0,60.0,252.0,213.0,121.0,143.0,27.6,41.7,38.2,19.4,16.5,16.7,17.6,21.7
Alaincourt-la-Côte (57590),/management/ville/alaincourt-la-cote/ville-57010,5.0,9.0,5.0,18.0,23.0,18.0,30.0,30.0,18.0,25.0,27.8,31.9,38.9,17.8,13.0,21.3,20.4,29.8
Boult-aux-Bois (08240),/management/ville/boult-aux-bois/ville-08075,0.0,15.0,0.0,15.0,15.0,20.0,31.0,38.0,15.0,28.0,21.1,34.6,38.6,23.8,19.3,7.7,21.1,28.8
Benfeld (67230),/management/ville/benfeld/ville-67028,0.0,80.0,344.0,687.0,852.0,911.0,1108.0,1311.0,750.0,1088.0,20.5,30.9,36.4,23.9,17.6,17.7,25.5,25.6
Avessé (72350),/management/ville/avesse/ville-72019,5.0,10.0,15.0,15.0,55.0,80.0,70.0,104.0,38.0,41.0,22.9,32.8,45.8,29.7,15.3,14.8,16.0,16.4
Anché (37500),/management/ville/anche/ville-37004,10.0,10.0,15.0,45.0,74.0,40.0,104.0,118.0,43.0,53.0,28.3,37.5,47.8,24.0,10.1,16.9,13.8,19.4
Bettainvillers (54640),/management/ville/bettainvillers/ville-54066,10.0,5.0,14.0,38.0,77.0,57.0,59.0,95.0,39.0,58.0,16.5,30.6,44.1,25.9,18.9,12.1,20.5,26.6
Brain-sur-Allonnes (49650),/management/ville/brain-sur-allonnes/ville-49041,60.0,54.0,46.0,130.0,272.0,366.0,671.0,404.0,181.0,223.0,41.5,49.1,32.0,20.7,12.3,12.2,14.2,15.8
Chenu (72500),/management/ville/chenu/ville-72077,20.0,0.0,5.0,40.0,40.0,60.0,120.0,111.0,53.0,44.0,31.6,42.0,39.8,24.9,15.2,17.2,13.5,13.4
Burnhaupt-le-Bas (68520),/management/ville/burnhaupt-le-bas/ville-68059,0.0,44.0,133.0,263.0,277.0,257.0,307.0,421.0,247.0,386.0,18.8,26.1,37.6,22.9,18.7,17.7,24.9,31.7
Campagne (24260),/management/ville/campagne/ville-24076,15.0,20.0,15.0,30.0,49.0,15.0,100.0,88.0,52.0,69.0,24.8,39.4,35.6,20.7,17.4,16.3,22.1,22.5
Boncourt (27120),/management/ville/boncourt/ville-27081,0.0,5.0,5.0,56.0,25.0,30.0,30.0,44.0,29.0,39.0,21.1,21.7,39.4,22.1,18.3,23.2,21.1,33.3
Corlier (01110),/management/ville/corlier/ville-01121,0.0,0.0,5.0,10.0,24.0,29.0,15.0,35.0,18.0,19.0,18.4,15.8,42.9,31.1,22.4,18.4,16.3,28.9
Courcy (50200),/management/ville/courcy/ville-50145,0.0,25.0,46.0,71.0,66.0,107.0,127.0,140.0,82.0,89.0,22.4,36.0,37.3,24.1,19.7,18.0,20.6,19.9
Creutzwald (57150),/management/ville/creutzwald/ville-57160,4.0,243.0,319.0,977.0,1442.0,2366.0,4150.0,3370.0,1484.0,1508.0,31.2,47.1,38.6,23.0,15.3,13.0,14.9,13.8
Casteide-Cami (64170),/management/ville/casteide-cami/ville-64171,20.0,10.0,24.0,39.0,15.0,5.0,20.0,55.0,29.0,59.0,9.5,15.2,42.9,23.2,16.7,20.3,31.0,40.5
Cépie (11300),/management/ville/cepie/ville-11090,10.0,26.0,10.0,63.0,110.0,58.0,140.0,131.0,127.0,111.0,28.0,27.1,27.6,23.9,26.0,23.9,18.5,25.1
Civrac-en-Médoc (33340),/management/ville/civrac-en-medoc/ville-33128,35.0,15.0,20.0,66.0,56.0,76.0,165.0,171.0,70.0,97.0,27.2,38.1,39.8,24.3,16.7,11.3,16.3,22.2
Boult-sur-Suippe (51110),/management/ville/boult-sur-suippe/ville-51074,15.0,30.0,100.0,255.0,265.0,150.0,327.0,337.0,197.0,335.0,25.5,29.2,33.8,21.2,16.5,16.4,24.2,31.9
Chatenay-Mâcheron (52200),/management/ville/chatenay-macheron/ville-52115,0.0,0.0,0.0,11.0,11.0,16.0,27.0,32.0,16.0,16.0,21.3,37.0,48.9,20.8,19.1,17.4,10.6,23.9
Ballainvilliers (91160),/management/ville/ballainvilliers/ville-91044,0.0,140.0,640.0,755.0,545.0,345.0,609.0,618.0,601.0,1278.0,16.2,22.7,22.9,17.6,19.0,19.7,41.9,40.5
Bengy-sur-Craon (18520),/management/ville/bengy-sur-craon/ville-18027,0.0,15.0,10.0,66.0,111.0,111.0,128.0,152.0,95.0,104.0,23.0,30.5,39.1,23.3,20.4,19.5,17.4,25.6
Brainans (39800),/management/ville/brainans/ville-39073,0.0,15.0,5.0,10.0,10.0,39.0,28.0,47.0,26.0,34.0,18.3,23.1,39.4,27.5,15.5,23.1,26.8,24.6
Blacé (69460),/management/ville/blace/ville-69023,39.0,107.0,107.0,189.0,179.0,141.0,266.0,337.0,199.0,338.0,20.6,25.9,36.2,22.5,16.0,18.6,27.1,31.9
Arthez-de-Béarn (64370),/management/ville/arthez-de-bearn/ville-64057,25.0,31.0,56.0,300.0,208.0,183.0,323.0,461.0,257.0,323.0,21.4,25.9,40.6,25.3,18.4,19.1,19.6,27.6
Cuves (50670),/management/ville/cuves/ville-50158,10.0,0.0,0.0,40.0,30.0,50.0,98.0,66.0,36.0,36.0,36.4,47.0,33.1,20.2,18.6,12.0,11.9,18.8
Arboucave (40320),/management/ville/arboucave/ville-40005,25.0,0.0,10.0,20.0,30.0,15.0,43.0,51.0,24.0,35.0,26.4,29.6,31.9,28.6,18.1,13.6,23.6,22.2
4.3,19.9,16.9,25.9,28.1
Alairac (11290),/management/ville/alairac/ville-11005,15.0,35.0,50.0,195.0,180.0,155.0,196.0,245.0,220.0,271.0,20.0,22.0,31.2,22.2,22.9,24.3,25.9,32.1
Campagne (34160),/management/ville/campagne/ville-34048,5.0,5.0,10.0,61.0,46.0,35.0,61.0,64.0,43.0,57.0,28.6,25.5,36.6,21.5,14.3,23.6,20.5,30.0
Charavines (38850),/management/ville/charavines/ville-38082,15.0,85.0,115.0,195.0,310.0,250.0,305.0,413.0,257.0,433.0,20.1,23.3,34.3,23.1,17.9,18.6,27.7,33.8
Boulzicourt (08410),/management/ville/boulzicourt/ville-08076,5.0,25.0,25.0,130.0,105.0,100.0,205.0,256.0,130.0,141.0,23.9,31.9,43.6,24.9,15.3,20.3,17.2,21.4
Augers-en-Brie (77560),/management/ville/augers-en-brie/ville-77012,0.0,10.0,20.0,31.0,41.0,15.0,58.0,60.0,56.0,51.0,28.7,22.9,30.4,24.8,20.0,30.3,20.9,23.9
Creuzier-le-Neuf (03300),/management/ville/creuzier-le-neuf/ville-03093,15.0,56.0,21.0,132.0,183.0,181.0,246.0,285.0,145.0,187.0,25.9,31.1,38.6,25.1,16.2,17.4,19.3,24.0
Arbouet-Sussaute (64120),/management/ville/arbouet-sussaute/ville-64036,10.0,15.0,15.0,41.0,25.0,30.0,56.0,75.0,37.0,56.0,21.3,28.7,41.7,23.8,15.7,16.5,21.3,28.7
Beauteville (31290),/management/ville/beauteville/ville-31054,0.0,5.0,49.0,15.0,10.0,10.0,27.0,29.0,26.0,43.0,17.9,25.4,26.9,19.6,17.9,23.7,37.3,32.2
Bénifontaine (62410),/management/ville/benifontaine/ville-62107,0.0,20.0,10.0,85.0,50.0,25.0,53.0,74.0,44.0,87.0,12.7,28.0,37.3,20.5,13.5,20.5,36.5,31.1
Anché (86700),/management/ville/anche/ville-86003,0.0,0.0,30.0,36.0,41.0,46.0,49.0,73.0,49.0,76.0,19.0,20.0,27.3,27.8,22.3,16.8,31.4,31.2
Cheny (89400),/management/ville/cheny/ville-89099,5.0,30.0,50.0,305.0,320.0,430.0,719.0,669.0,246.0,235.0,35.3,41.5,41.0,26.0,14.0,12.4,9.7,15.3
Casteide-Candau (64370),/management/ville/casteide-candau/ville-64172,0.0,19.0,14.0,52.0,24.0,24.0,42.0,63.0,32.0,45.0,21.5,24.7,44.1,22.9,18.3,16.9,16.1,33.7
Aveux (65370),/management/ville/aveux/ville-65053,0.0,0.0,0.0,0.0,15.0,5.0,14.0,12.0,5.0,9.0,31.6,38.1,42.1,18.2,10.5,14.3,15.8,28.6
Boncourt (28260),/management/ville/boncourt/ville-28050,0.0,15.0,0.0,34.0,64.0,10.0,48.0,54.0,39.0,67.0,26.7,19.2,25.7,23.7,21.9,16.3,25.7,38.5
Braine (02220),/management/ville/braine/ville-02110,0.0,50.0,91.0,156.0,318.0,323.0,656.0,500.0,269.0,267.0,30.1,45.7,37.1,22.0,15.1,16.6,17.7,14.2
Boumourt (64370),/management/ville/boumourt/ville-64144,0.0,5.0,10.0,34.0,24.0,5.0,33.0,28.0,19.0,30.0,30.4,29.8,32.1,19.3,14.3,19.3,23.2,31.6
Chamole (39800),/management/ville/chamole/ville-39094,0.0,0.0,0.0,40.0,25.0,15.0,34.0,33.0,18.0,40.0,24.1,29.9,31.0,21.1,12.1,16.4,32.8,31.3
Civrac-sur-Dordogne (33350),/management/ville/civrac-sur-dordogne/ville-33127,0.0,15.0,24.0,15.0,29.0,15.0,65.0,49.0,25.0,29.0,34.1,42.0,36.4,19.1,19.3,11.1,10.2,25.9
Ballaison (74140),/management/ville/ballaison/ville-74025,40.0,70.0,101.0,191.0,176.0,131.0,179.0,328.0,195.0,350.0,17.2,16.9,35.8,24.7,18.4,18.8,28.6,37.6
19.8,18.0,33.0
Châtenay-Malabry (92290),/management/ville/chatenay-malabry/ville-92019,0.0,586.0,5067.0,4380.0,4092.0,1696.0,4812.0,3539.0,3391.0,10512.0,20.5,22.6,17.7,14.6,14.0,16.3,47.8,46.8
Brillecourt (10240),/management/ville/brillecourt/ville-10065,0.0,0.0,0.0,5.0,5.0,11.0,41.0,23.0,6.0,6.0,47.5,62.9,40.0,15.4,10.0,5.7,2.5,14.3
Bettancourt-la-Ferrée (52100),/management/ville/bettancourt-la-ferree/ville-52045,0.0,20.0,60.0,200.0,200.0,100.0,414.0,451.0,262.0,296.0,24.3,33.5,37.0,24.7,18.8,18.1,19.9,21.6
Arbourse (58350),/management/ville/arbourse/ville-58009,0.0,0.0,10.0,20.0,15.0,5.0,35.0,29.0,12.0,28.0,30.6,36.4,36.7,18.6,10.2,12.7,22.4,30.9
Blacourt (60650),/management/ville/blacourt/ville-60073,5.0,16.0,22.0,71.0,60.0,110.0,110.0,166.0,74.0,100.0,23.2,25.9,44.6,25.8,14.2,19.0,18.0,26.9
Courcy-aux-Loges (45300),/management/ville/courcy-aux-loges/ville-45111,10.0,5.0,25.0,54.0,44.0,59.0,54.0,111.0,59.0,86.0,13.9,21.8,45.5,23.4,18.8,19.7,21.8,34.0
Arthezé (72270),/management/ville/artheze/ville-72009,15.0,15.0,25.0,25.0,50.0,70.0,75.0,86.0,50.0,48.0,24.3,34.1,45.6,20.5,14.7,24.4,15.4,22.0
Buros (64160),/management/ville/buros/ville-64152,10.0,70.0,280.0,265.0,185.0,100.0,182.0,336.0,213.0,619.0,13.7,13.3,27.0,21.5,15.0,16.5,44.3,47.4
Alan (31420),/management/ville/alan/ville-31005,0.0,5.0,11.0,32.0,21.0,48.0,70.0,71.0,34.0,68.0,26.8,30.6,35.0,22.0,13.0,14.9,25.2,30.6
Brains (44830),/management/ville/brains/ville-44024,15.0,98.0,182.0,462.0,373.0,265.0,292.0,659.0,370.0,621.0,12.2,17.8,38.4,26.9,18.8,19.4,30.7,33.2
Campagne (40090),/management/ville/campagne/ville-40061,10.0,15.0,82.0,133.0,138.0,87.0,177.0,232.0,160.0,200.0,19.7,26.2,38.4,22.3,18.7,22.9,23.2,28.8
Charbogne (08130),/management/ville/charbogne/ville-08103,20.0,5.0,0.0,15.0,50.0,40.0,62.0,56.0,21.0,28.0,29.3,44.7,42.7,21.9,13.4,11.8,14.6,18.8
Cepoy (45120),/management/ville/cepoy/ville-45061,5.0,100.0,65.0,275.0,355.0,245.0,610.0,617.0,263.0,333.0,31.8,35.0,38.8,25.7,13.6,15.1,15.7,20.6
Civray (18290),/management/ville/civray/ville-18066,41.0,31.0,15.0,93.0,196.0,119.0,213.0,230.0,130.0,164.0,24.8,33.0,39.5,22.4,14.4,20.9,21.3,23.4
Casteide-Doat (64460),/management/ville/casteide-doat/ville-64173,5.0,14.0,0.0,24.0,28.0,9.0,20.0,37.0,28.0,30.0,15.0,20.4,41.7,21.6,23.3,25.9,20.0,33.3
Beautheil-Saints (77120),/management/ville/beautheil-saints/ville-77433,31.0,62.0,175.0,329.0,201.0,206.0,338.0,434.0,336.0,417.0,22.7,21.6,34.2,22.7,20.5,23.6,22.6,32.4
Brillevast (50330),/management/ville/brillevast/ville-50086,30.0,10.0,0.0,40.0,65.0,30.0,84.0,86.0,38.0,43.0,28.1,39.0,39.8,24.8,16.4,13.8,15.6,18.7
Châtenay-sur-Seine (77126),/management/ville/chatenay-sur-seine/ville-77101,0.0,71.0,75.0,130.0,155.0,120.0,211.0,249.0,134.0,155.0,28.0,28.4,39.0,25.5,16.4,19.4,16.7,24.7
Arboussols (66320),/management/ville/arboussols/ville-66007,0.0,0.0,5.0,25.0,10.0,10.0,25.0,15.0,15.0,37.0,32.6,22.9,16.3,17.4,11.6,20.8,39.5,39.6
Colombotte (70240),/management/ville/colombotte/ville-70164,15.0,0.0,0.0,0.0,20.0,15.0,16.0,25.0,10.0,9.0,20.6,34.6,44.1,29.4,23.5,7.7,11.8,19.2
Anchenoncourt-et-Chazel (70210),/management/ville/anchenoncourt-et-chazel/ville-70017,10.0,5.0,0.0,29.0,15.0,29.0,58.0,47.0,36.0,41.0,29.9,32.9,30.9,19.1,24.7,15.3,14.4,31.8
Creuzier-le-Vieux (03300),/management/ville/creuzier-le-vieux/ville-03094,0.0,115.0,195.0,413.0,483.0,320.0,719.0,702.0,456.0,693.0,25.5,30.3,32.4,21.5,17.4,18.0,24.6,29.2
Boncourt (54800),/management/ville/boncourt/ville-54082,5.0,10.0,0.0,21.0,21.0,26.0,38.0,51.0,27.0,28.0,19.5,33.8,45.5,22.4,23.4,13.2,11.7,27.9
Cormainville (28140),/management/ville/cormainville/ville-28108,5.0,5.0,5.0,26.0,31.0,26.0,60.0,49.0,30.0,34.0,30.6,37.8,35.3,20.7,16.5,18.9,17.6,22.2
Chamonix-Mont-Blanc (74400),/management/ville/chamonix-mont-blanc/ville-74056,0.0,596.0,525.0,1307.0,1472.0,591.0,1412.0,1584.0,1411.0,2409.0,18.5,22.9,28.3,18.9,20.4,21.0,32.8,37.8
Bouniagues (24560),/management/ville/bouniagues/ville-24054,5.0,40.0,55.0,65.0,65.0,84.0,133.0,124.0,79.0,101.0,27.7,33.2,34.5,21.5,15.9,20.5,21.8,24.5
Batsère (65130),/management/ville/batsere/ville-65071,0.0,0.0,6.0,11.0,11.0,6.0,11.0,3.0,13.0,8.0,30.0,37.5,10.0,9.1,35.0,37.5,25.0,18.8
Ballan-Miré (37510),/management/ville/ballan-mire/ville-37018,5.0,220.0,632.0,1090.0,1020.0,587.0,1412.0,1597.0,1040.0,1980.0,19.6,26.8,30.6,21.7,17.0,17.5,32.8,32.9
Augicourt (70500),/management/ville/augicourt/ville-70035,15.0,10.0,0.0,5.0,15.0,15.0,51.0,41.0,17.0,18.0,35.4,45.2,40.0,21.7,13.8,12.9,10.8,17.7
Chepniers (17210),/management/ville/chepniers/ville-17099,25.0,20.0,15.0,15.0,65.0,60.0,196.0,198.0,69.0,61.0,32.8,41.6,44.8,26.9,11.6,14.6,10.8,12.4
Bettancourt-la-Longue (51330),/management/ville/bettancourt-la-longue/ville-51057,0.0,0.0,0.0,10.0,5.0,5.0,24.0,21.0,11.0,15.0,27.0,41.2,35.1,21.6,16.2,14.7,21.6,20.6
Blacqueville (76190),/management/ville/blacqueville/ville-76099,10.0,20.0,39.0,83.0,103.0,64.0,78.0,141.0,96.0,162.0,11.8,20.9,35.9,22.8,19.8,20.5,32.5,35.1
Burosse-Mendousse (64330),/management/ville/burosse-mendousse/ville-64153,0.0,5.0,0.0,5.0,5.0,10.0,17.0,22.0,5.0,12.0,28.6,32.1,42.9,27.8,10.7,7.1,17.9,25.0
Céran (32500),/management/ville/ceran/ville-32101,5.0,0.0,5.0,39.0,29.0,34.0,36.0,43.0,37.0,42.0,23.4,22.4,29.9,24.7,22.1,24.7,24.7,28.2
Chamouillac (17130),/management/ville/chamouillac/ville-17081,10.0,15.0,15.0,30.0,56.0,25.0,114.0,94.0,38.0,28.0,35.7,46.5,45.0,23.2,10.1,17.4,9.3,11.1
Courdemanche (27320),/management/ville/courdemanche/ville-27181,5.0,25.0,25.0,90.0,50.0,110.0,118.0,150.0,74.0,85.0,24.3,31.0,42.5,25.4,15.9,18.8,17.3,22.5
Avezac-Prat-Lahitte (65130),/management/ville/avezac-prat-lahitte/ville-65054,25.0,5.0,20.0,105.0,60.0,45.0,128.0,158.0,90.0,108.0,23.9,28.9,39.9,24.0,18.5,18.7,17.6,26.8
Arthies (95420),/management/ville/arthies/ville-95024,5.0,5.0,15.0,54.0,30.0,25.0,46.0,41.0,52.0,57.0,22.9,23.5,26.0,18.4,22.9,30.4,28.1,30.4
Campagne (60640),/management/ville/campagne/ville-60121,16.0,0.0,0.0,16.0,16.0,21.0,48.0,40.0,20.0,19.0,39.0,35.8,37.3,25.0,11.9,19.4,11.9,17.9
Colomby (50700),/management/ville/colomby/ville-50138,5.0,15.0,19.0,68.0,82.0,82.0,104.0,137.0,63.0,85.0,24.0,29.7,40.7,25.5,17.6,14.6,17.6,26.5
Bouquehault (62340),/management/ville/bouquehault/ville-62161,10.0,10.0,16.0,73.0,140.0,145.0,201.0,144.0,91.0,88.0,34.7,41.9,32.8,20.8,18.5,16.5,14.0,19.6
Ballancourt-sur-Essonne (91610),/management/ville/ballancourt-sur-essonne/ville-91045,0.0,110.0,561.0,1236.0,1200.0,767.0,1765.0,1432.0,969.0,1310.0,30.1,34.2,30.1,21.5,17.4,18.0,22.4,25.3
Brains-sur-Gée (72550),/management/ville/brains-sur-gee/ville-72045,10.0,10.0,35.0,104.0,104.0,99.0,104.0,159.0,105.0,159.0,18.7,20.9,36.3,22.7,20.1,19.7,24.9,35.8
Boncourt-le-Bois (21700),/management/ville/boncourt-le-bois/ville-21088,0.0,5.0,35.0,51.0,41.0,15.0,41.0,67.0,31.0,65.0,15.5,23.6,43.3,21.7,15.5,15.1,25.8,37.7
Béning-lès-Saint-Avold (57800),/management/ville/bening-les-saint-avold/ville-57061,0.0,10.0,69.0,142.0,223.0,152.0,263.0,324.0,180.0,136.0,24.7,33.2,40.0,28.2,21.3,18.8,14.0,16.1
Brillon (59178),/management/ville/brillon/ville-59109,0.0,21.0,83.0,84.0,78.0,65.0,151.0,119.0,73.0,184.0,22.7,34.4,27.0,17.7,13.7,14.1,36.7,33.0
Crevans-et-la-Chapelle-lès-Granges (70400),/management/ville/crevans-et-la-chapelle-les-granges/ville-70187,10.0,0.0,15.0,15.0,35.0,40.0,58.0,74.0,31.0,29.0,33.3,26.9,42.4,29.4,15.2,17.2,9.1,21.5
Charbonnat (71320),/management/ville/charbonnat/ville-71098,10.0,0.0,15.0,15.0,30.0,45.0,50.0,77.0,33.0,32.0,22.3,30.7,50.5,25.5,14.6,20.5,12.6,21.6
Cuvier (39250),/management/ville/cuvier/ville-39187,15.0,10.0,20.0,31.0,20.0,36.0,46.0,61.0,37.0,38.0,21.4,29.4,38.8,25.0,24.5,15.3,15.3,27.1
Chepoix (60120),/management/ville/chepoix/ville-60146,0.0,9.0,19.0,19.0,70.0,56.0,91.0,98.0,35.0,53.0,30.6,35.0,44.0,24.2,10.4,14.7,14.9,23.1
Alando (20212),/management/ville/alando/ville-2B005,1.0,2.0,1.0,4.0,5.0,1.0,6.0,5.0,6.0,5.0,44.4,16.7,22.2,20.0,22.2,33.3,11.1,33.3
Arboys en Bugey (01300),/management/ville/arboys-en-bugey/ville-01015,5.0,10.0,79.0,84.0,64.0,74.0,111.0,162.0,91.0,145.0,19.6,23.6,35.2,25.8,18.4,17.8,26.8,30.1
Casteil (66820),/management/ville/casteil/ville-66043,0.0,5.0,0.0,26.0,19.0,15.0,26.0,33.0,27.0,26.0,20.3,26.4,30.5,25.9,28.8,18.9,20.3,26.4
Civray (86400),/management/ville/civray/ville-86078,20.0,79.0,49.0,144.0,275.0,279.0,994.0,621.0,261.0,331.0,37.6,50.8,34.2,20.8,12.9,11.0,15.3,14.8
Bettange (57220),/management/ville/bettange/ville-57070,0.0,10.0,0.0,20.0,30.0,40.0,35.0,44.0,47.0,36.0,11.4,30.6,32.9,24.1,29.1,29.4,26.6,17.6
Blacy (51300),/management/ville/blacy/ville-51065,10.0,5.0,55.0,86.0,70.0,91.0,202.0,157.0,73.0,90.0,34.1,43.4,38.4,20.6,13.3,14.3,14.1,20.0
Ancienville (02600),/management/ville/ancienville/ville-02015,0.0,0.0,0.0,5.0,25.0,20.0,11.0,25.0,5.0,19.0,16.1,20.7,45.2,29.7,6.5,10.3,32.3,31.0
Boncourt-sur-Meuse (55200),/management/ville/boncourt-sur-meuse/ville-55058,15.0,25.0,15.0,35.0,35.0,20.0,74.0,72.0,39.0,59.0,23.9,36.2,39.3,19.1,18.8,13.4,17.9,29.9
Chatenay-Vaudin (52360),/management/ville/chatenay-vaudin/ville-52116,10.0,0.0,0.0,5.0,0.0,5.0,14.0,13.0,10.0,3.0,36.8,36.4,36.8,27.3,21.1,27.3,5.3,9.1
Brains-sur-les-Marches (53350),/management/ville/brains-sur-les-marches/ville-53041,0.0,10.0,0.0,41.0,36.0,46.0,65.0,60.0,40.0,30.0,28.3,40.0,35.4,24.3,22.2,17.9,14.1,15.8
Crevant (36140),/management/ville/crevant/ville-36060,50.0,30.0,25.0,20.0,96.0,74.0,274.0,178.0,82.0,64.0,41.0,50.8,35.8,21.4,15.0,12.1,8.2,13.1
Cheppes-la-Prairie (51240),/management/ville/cheppes-la-prairie/ville-51148,10.0,0.0,5.0,10.0,15.0,30.0,41.0,42.0,26.0,29.0,27.0,32.8,36.5,23.1,16.2,21.9,20.3,21.9
Burret (09000),/management/ville/burret/ville-09068,0.0,5.0,0.0,5.0,0.0,0.0,3.0,9.0,7.0,15.0,14.3,0.0,33.3,16.7,19.0,23.1,33.3,61.5
Avezan (32380),/management/ville/avezan/ville-32023,15.0,15.0,5.0,5.0,10.0,5.0,18.0,18.0,11.0,27.0,22.2,26.3,30.6,17.5,16.7,13.2,30.6,42.1
Cérans-Foulletourte (72330),/management/ville/cerans-foulletourte/ville-72051,30.0,60.0,125.0,344.0,479.0,504.0,662.0,855.0,407.0,477.0,23.7,31.3,42.3,25.9,17.1,16.9,16.9,22.8
Chamouille (02860),/management/ville/chamouille/ville-02158,0.0,10.0,25.0,40.0,60.0,50.0,65.0,56.0,37.0,43.0,26.8,37.5,38.1,17.6,22.7,14.4,12.4,29.8
Bouquelon (27500),/management/ville/bouquelon/ville-27101,5.0,14.0,10.0,57.0,67.0,91.0,69.0,117.0,65.0,88.0,20.3,19.9,40.7,26.6,15.8,23.0,23.2,29.2
Courdemanche (72150),/management/ville/courdemanche/ville-72103,34.0,38.0,20.0,53.0,87.0,86.0,179.0,150.0,71.0,91.0,32.9,40.5,36.9,22.0,12.5,16.5,17.6,19.4
Arbrissel (35130),/management/ville/arbrissel/ville-35005,0.0,5.0,5.0,25.0,55.0,55.0,52.0,81.0,33.0,36.0,23.6,28.3,44.5,28.8,18.2,14.1,13.6,22.8
Ancier (70100),/management/ville/ancier/ville-70018,10.0,10.0,15.0,39.0,54.0,69.0,112.0,138.0,63.0,55.0,27.7,33.0,41.0,28.8,17.6,17.0,13.8,16.5
Castel-Sarrazin (40330),/management/ville/castel-sarrazin/ville-40074,35.0,35.0,5.0,60.0,79.0,75.0,108.0,125.0,67.0,82.0,26.0,30.5,38.1,25.2,16.6,18.5,19.3,23.5
Cormatin (71460),/management/ville/cormatin/ville-71145,0.0,15.0,10.0,35.0,44.0,74.0,135.0,131.0,71.0,113.0,21.3,37.7,36.0,21.2,17.1,14.6,25.6,24.7
Ballans (17160),/management/ville/ballans/ville-17031,20.0,5.0,0.0,20.0,15.0,25.0,46.0,48.0,25.0,35.0,26.0,33.8,39.0,22.2,14.3,18.2,20.8,24.7
Battenans-les-Mines (25640),/management/ville/battenans-les-mines/ville-25045,0.0,0.0,0.0,0.0,6.0,6.0,19.0,17.0,6.0,5.0,25.0,57.7,50.0,23.3,10.0,11.5,15.0,3.8
Bénivay-Ollon (26170),/management/ville/benivay-ollon/ville-26048,0.0,0.0,0.0,0.0,4.0,4.0,17.0,13.0,9.0,13.0,26.1,37.9,34.8,17.2,17.4,17.2,21.7,27.6
Cuvillers (59268),/management/ville/cuvillers/ville-59167,10.0,0.0,10.0,44.0,39.0,15.0,33.0,35.0,37.0,41.0,17.6,26.7,24.3,24.0,27.0,24.0,31.1,25.3
Charbonnier-les-Mines (63340),/management/ville/charbonnier-les-mines/ville-63091,0.0,15.0,39.0,64.0,114.0,148.0,241.0,259.0,115.0,88.0,30.4,37.8,42.5,27.3,18.0,14.7,9.0,15.5
Brillon-en-Barrois (55000),/management/ville/brillon-en-barrois/ville-55079,9.0,15.0,52.0,99.0,73.0,46.0,128.0,135.0,90.0,131.0,24.1,28.8,33.2,21.7,19.1,18.1,23.7,30.5
Augignac (24300),/management/ville/augignac/ville-24016,5.0,40.0,25.0,30.0,115.0,135.0,301.0,211.0,80.0,87.0,38.2,50.0,36.9,22.4,12.6,11.0,12.3,13.3
Beautiran (33640),/management/ville/beautiran/ville-33037,0.0,127.0,181.0,304.0,279.0,211.0,333.0,465.0,304.0,492.0,19.4,22.2,31.8,24.6,20.2,18.1,28.6,32.9
Cheppy (55270),/management/ville/cheppy/ville-55113,10.0,0.0,5.0,15.0,10.0,20.0,37.0,28.0,23.0,18.0,29.4,40.0,37.3,17.6,19.6,23.6,13.7,20.0
Alata (20167),/management/ville/alata/ville-2A006,11.0,135.0,202.0,484.0,484.0,244.0,607.0,603.0,540.0,706.0,25.5,24.0,27.3,22.2,20.9,22.9,26.2,31.1
Bondaroy (45300),/management/ville/bondaroy/ville-45038,5.0,15.0,0.0,45.0,55.0,40.0,109.0,86.0,44.0,56.0,29.7,43.8,35.1,21.4,15.5,14.4,19.6,18.5
Civray-de-Touraine (37150),/management/ville/civray-de-touraine/ville-37079,10.0,60.0,129.0,219.0,285.0,245.0,332.0,443.0,237.0,322.0,22.7,27.1,38.1,25.7,17.2,18.3,22.0,26.4
Arthon (36330),/management/ville/arthon/ville-36009,20.0,36.0,76.0,178.0,239.0,140.0,244.0,247.0,184.0,191.0,24.9,31.3,33.6,22.9,21.7,20.9,19.8,24.4
Blacy (89440),/management/ville/blacy/ville-89043,15.0,10.0,5.0,20.0,5.0,25.0,17.0,24.0,17.0,24.0,23.1,18.6,25.6,26.9,30.8,11.6,20.5,37.2
Colomby-Anguerny (14610),/management/ville/colomby-anguerny/ville-14014,5.0,59.0,182.0,118.0,79.0,44.0,108.0,182.0,153.0,349.0,14.4,12.8,23.3,22.0,18.2,20.7,44.1,44.1
Campagne-d'Armagnac (32800),/management/ville/campagne-d-armagnac/ville-32073,10.0,10.0,15.0,15.0,26.0,15.0,69.0,48.0,27.0,33.0,38.3,39.8,29.8,22.6,16.0,13.3,16.0,21.7
Chatenet (17210),/management/ville/chatenet/ville-17095,5.0,5.0,5.0,11.0,16.0,21.0,55.0,71.0,27.0,31.0,19.6,40.9,50.5,22.7,15.5,14.8,14.4,19.3
Brainville (50200),/management/ville/brainville/ville-50072,10.0,5.0,0.0,36.0,21.0,51.0,39.0,46.0,30.0,41.0,20.8,29.5,39.0,19.8,20.8,16.7,19.5,33.3
Avèze (30120),/management/ville/aveze/ville-30026,0.0,20.0,25.0,100.0,145.0,160.0,259.0,260.0,130.0,189.0,30.5,31.3,35.3,24.6,13.0,18.0,21.2,23.9
Beautor (02800),/management/ville/beautor/ville-02059,10.0,30.0,45.0,180.0,381.0,422.0,838.0,699.0,277.0,183.0,38.5,45.2,39.1,26.6,14.2,13.6,8.2,10.0
Bettant (01500),/management/ville/bettant/ville-01041,0.0,20.0,40.0,146.0,106.0,136.0,131.0,177.0,113.0,142.0,19.0,27.3,37.0,25.2,18.7,21.1,25.3,24.9
Cerbère (66290),/management/ville/cerbere/ville-66048,5.0,45.0,25.0,75.0,235.0,110.0,412.0,353.0,182.0,195.0,35.1,37.0,32.1,26.1,16.3,15.6,16.5,17.6
Charbonnières (28330),/management/ville/charbonnieres/ville-28080,15.0,5.0,10.0,25.0,20.0,25.0,71.0,61.0,26.0,37.0,32.6,39.4,33.7,24.8,15.8,11.1,17.9,20.2
Bouquemaison (80600),/management/ville/bouquemaison/ville-80122,0.0,15.0,35.0,35.0,55.0,55.0,114.0,129.0,61.0,66.0,25.9,36.2,41.5,24.7,17.1,15.8,15.5,20.3
Crevant-Laveine (63350),/management/ville/crevant-laveine/ville-63128,5.0,50.0,40.0,90.0,120.0,120.0,206.0,222.0,116.0,179.0,26.0,31.0,37.2,22.8,14.8,17.3,22.1,27.4
Courdemanges (51300),/management/ville/courdemanges/ville-51184,0.0,10.0,40.0,25.0,50.0,45.0,108.0,112.0,44.0,65.0,30.3,35.4,35.8,27.5,12.1,14.6,21.8,17.7
Arbus (64230),/management/ville/arbus/ville-64037,30.0,20.0,84.0,138.0,207.0,113.0,143.0,258.0,163.0,306.0,13.7,19.1,35.3,22.8,19.0,18.5,32.0,38.3
Battenans-Varin (25380),/management/ville/battenans-varin/ville-25046,10.0,5.0,5.0,5.0,10.0,5.0,20.0,14.0,9.0,11.0,23.1,50.0,23.1,23.5,26.9,7.1,26.9,14.3
Ancinnes (72610),/management/ville/ancinnes/ville-72005,31.0,15.0,36.0,77.0,133.0,133.0,214.0,208.0,111.0,156.0,25.1,36.8,39.1,20.7,15.5,16.4,20.3,24.9
Augirein (09800),/management/ville/augirein/ville-09027,20.0,0.0,0.0,0.0,0.0,0.0,10.0,10.0,23.0,17.0,14.7,19.2,20.6,14.3,44.1,30.8,20.6,38.5
Brimeux (62170),/management/ville/brimeux/ville-62177,10.0,20.0,15.0,170.0,90.0,100.0,186.0,170.0,107.0,147.0,26.6,34.4,32.8,21.8,17.4,17.7,23.3,24.9
Corme-Écluse (17600),/management/ville/corme-ecluse/ville-17119,15.0,25.0,35.0,155.0,205.0,165.0,226.0,294.0,166.0,151.0,26.1,28.0,40.6,27.1,19.0,20.7,14.3,21.9
Brainville (54800),/management/ville/brainville/ville-54093,20.0,5.0,5.0,20.0,20.0,15.0,39.0,36.0,9.0,34.0,37.7,28.1,32.8,23.5,6.6,8.8,23.0,35.1
Cuvilly (60490),/management/ville/cuvilly/ville-60191,0.0,25.0,15.0,40.0,79.0,149.0,141.0,156.0,72.0,79.0,27.4,34.9,43.7,24.1,14.9,17.2,14.0,21.6
Castelbajac (65330),/management/ville/castelbajac/ville-65128,0.0,5.0,0.0,5.0,29.0,10.0,36.0,30.0,22.0,17.0,29.6,37.7,31.5,23.2,24.1,18.9,14.8,18.9
Bursard (61500),/management/ville/bursard/ville-61068,5.0,0.0,5.0,25.0,30.0,61.0,29.0,54.0,31.0,36.0,12.7,27.1,45.6,24.3,21.5,20.0,20.3,27.1
Chamouilley (52410),/management/ville/chamouilley/ville-52099,5.0,10.0,10.0,70.0,120.0,145.0,234.0,237.0,89.0,62.0,35.7,39.3,46.6,27.1,10.2,18.0,7.5,12.2
Bondeval (25230),/management/ville/bondeval/ville-25071,0.0,15.0,20.0,70.0,65.0,60.0,79.0,119.0,78.0,102.0,18.3,23.5,37.2,25.8,15.2,26.2,29.3,24.6
Alba-la-Romaine (07400),/management/ville/alba-la-romaine/ville-07005,45.0,30.0,70.0,185.0,185.0,125.0,274.0,273.0,207.0,312.0,24.2,27.1,29.3,21.5,20.2,18.7,26.3,31.9
Cheptainville (91630),/management/ville/cheptainville/ville-91156,0.0,64.0,147.0,426.0,230.0,166.0,233.0,327.0,255.0,571.0,17.3,16.5,27.8,19.4,17.8,18.9,37.2,45.1
Courdimanche (95800),/management/ville/courdimanche/ville-95183,0.0,116.0,984.0,1110.0,989.0,389.0,756.0,787.0,838.0,2044.0,16.7,17.4,19.4,16.7,18.8,19.1,45.1,47.2
Arbusigny (74930),/management/ville/arbusigny/ville-74015,31.0,57.0,52.0,194.0,175.0,175.0,138.0,213.0,165.0,255.0,18.2,17.5,33.9,21.3,20.4,22.4,27.4,39.1
Ancizan (65440),/management/ville/ancizan/ville-65006,10.0,20.0,10.0,15.0,55.0,45.0,65.0,55.0,49.0,49.0,33.0,26.6,29.4,22.5,17.4,27.5,20.2,24.8
Beautot (76890),/management/ville/beautot/ville-76066,14.0,0.0,0.0,10.0,19.0,24.0,24.0,30.0,18.0,25.0,26.5,21.7,32.7,25.5,20.4,17.4,20.4,32.6
Campagne-lès-Boulonnais (62650),/management/ville/campagne-les-boulonnais/ville-62202,9.0,5.0,9.0,33.0,94.0,80.0,119.0,121.0,85.0,86.0,25.4,32.8,34.7,23.2,20.2,21.2,19.7,22.2
Colomiers (31770),/management/ville/colomiers/ville-31149,7.0,830.0,4428.0,5297.0,5093.0,3863.0,6325.0,5751.0,4840.0,10882.0,19.6,25.8,23.4,18.1,17.0,17.8,40.0,38.3
Bennecourt (78270),/management/ville/bennecourt/ville-78057,5.0,44.0,113.0,290.0,270.0,162.0,368.0,411.0,250.0,328.0,24.8,29.5,35.0,23.8,18.6,18.2,21.6,26.8
Charbonnières (71260),/management/ville/charbonnieres/ville-71099,0.0,15.0,25.0,30.0,40.0,15.0,62.0,71.0,49.0,87.0,20.1,26.2,32.4,20.5,14.4,22.3,33.1,31.5
Arthonnay (89740),/management/ville/arthonnay/ville-89019,5.0,0.0,5.0,16.0,16.0,16.0,32.0,47.0,28.0,25.0,21.2,28.4,47.0,24.2,16.7,25.4,15.2,22.4
Bettborn (57930),/management/ville/bettborn/ville-57071,5.0,0.0,16.0,41.0,52.0,72.0,80.0,120.0,61.0,53.0,19.5,30.9,44.3,28.4,21.5,17.6,14.8,18.8
Avèze (63690),/management/ville/aveze/ville-63024,35.0,15.0,5.0,15.0,10.0,15.0,62.0,51.0,20.0,24.0,39.3,39.7,38.1,23.2,11.9,13.7,10.7,20.5
Battenheim (68390),/management/ville/battenheim/ville-68022,5.0,55.0,125.0,210.0,195.0,180.0,204.0,451.0,190.0,341.0,13.1,21.3,41.9,28.8,16.6,15.4,28.4,29.1
Civray-sur-Esves (37160),/management/ville/civray-sur-esves/ville-37080,5.0,0.0,25.0,15.0,15.0,35.0,37.0,62.0,21.0,33.0,19.5,28.6,44.2,30.5,13.0,14.3,23.4,19.5
Cerbois (18120),/management/ville/cerbois/ville-18044,5.0,25.0,20.0,55.0,50.0,55.0,102.0,92.0,53.0,63.0,33.3,32.7,34.0,22.5,18.5,15.6,14.2,27.2
Augisey (39270),/management/ville/augisey/ville-39027,11.0,11.0,5.0,43.0,38.0,16.0,39.0,53.0,29.0,38.0,19.5,30.3,37.8,25.6,20.7,15.8,22.0,25.0
Crévéchamps (54290),/management/ville/crevechamps/ville-54144,0.0,15.0,35.0,65.0,50.0,50.0,47.0,110.0,57.0,69.0,13.1,19.9,47.4,28.1,19.0,21.2,20.4,28.1
Châteney (70240),/management/ville/chateney/ville-70140,5.0,0.0,0.0,9.0,14.0,9.0,14.0,14.0,7.0,7.0,38.1,26.1,38.1,26.1,9.5,26.1,14.3,21.7
Bouquemont (55300),/management/ville/bouquemont/ville-55064,0.0,0.0,0.0,0.0,10.0,5.0,31.0,22.0,11.0,16.0,33.3,43.9,33.3,20.0,15.4,12.2,17.9,22.0
Ballay (08400),/management/ville/ballay/ville-08045,5.0,10.0,10.0,46.0,36.0,71.0,68.0,77.0,30.0,36.0,30.5,34.9,45.7,25.2,11.4,16.0,12.4,20.8
Benney (54740),/management/ville/benney/ville-54062,10.0,15.0,30.0,145.0,60.0,45.0,91.0,144.0,86.0,142.0,14.8,24.8,40.1,20.6,20.7,16.4,24.5,37.2
Campagne-lès-Guines (62340),/management/ville/campagne-les-guines/ville-62203,5.0,20.0,40.0,65.0,60.0,50.0,83.0,86.0,69.0,85.0,17.9,32.9,34.6,19.2,23.7,19.2,23.7,28.7
Bondigoux (31340),/management/ville/bondigoux/ville-31073,0.0,5.0,31.0,76.0,91.0,50.0,99.0,105.0,67.0,107.0,24.2,28.2,34.3,19.8,18.2,17.1,23.2,34.3
Brainville-sur-Meuse (52150),/management/ville/brainville-sur-meuse/ville-52067,5.0,5.0,0.0,11.0,5.0,16.0,23.0,20.0,13.0,13.0,30.3,38.9,36.4,23.1,18.2,16.7,15.2,19.4
Burthecourt-aux-Chênes (54210),/management/ville/burthecourt-aux-chenes/ville-54108,0.0,0.0,5.0,10.0,10.0,5.0,17.0,19.0,15.0,29.0,23.7,19.0,34.2,15.4,15.8,21.4,26.3,45.2
Chepy (51240),/management/ville/chepy/ville-51149,5.0,0.0,45.0,50.0,60.0,25.0,75.0,111.0,53.0,81.0,20.9,25.6,45.1,23.8,15.0,17.9,19.0,31.0
Chamousset (73390),/management/ville/chamousset/ville-73068,5.0,20.0,30.0,100.0,90.0,65.0,145.0,98.0,100.0,68.0,31.5,38.9,28.5,19.2,30.5,18.5,9.5,23.2
Charbonnières-les-Bains (69260),/management/ville/charbonnieres-les-bains/ville-69044,0.0,210.0,848.0,554.0,291.0,160.0,611.0,409.0,568.0,1953.0,14.7,19.5,12.8,11.3,13.7,18.1,58.8,52.0
Châtenois (39700),/management/ville/chatenois/ville-39121,5.0,10.0,10.0,54.0,69.0,59.0,58.0,93.0,37.0,82.0,26.8,15.6,39.4,25.5,12.7,15.6,21.1,39.8
Courdimanche-sur-Essonne (91720),/management/ville/courdimanche-sur-essonne/ville-91184,0.0,10.0,15.0,39.0,24.0,20.0,48.0,47.0,44.0,55.0,20.2,29.3,29.8,19.8,21.2,25.0,28.8,27.2
Bondoufle (91070),/management/ville/bondoufle/ville-91086,0.0,226.0,942.0,1438.0,1300.0,640.0,1366.0,1634.0,1300.0,2197.0,19.4,22.6,28.2,22.1,18.7,21.2,33.8,33.9
Castelbiague (31160),/management/ville/castelbiague/ville-31114,0.0,20.0,10.0,15.0,15.0,31.0,55.0,51.0,35.0,44.0,28.0,32.6,35.5,19.6,17.2,19.6,19.4,28.3
Arc-en-Barrois (52210),/management/ville/arc-en-barrois/ville-52017,0.0,21.0,16.0,83.0,129.0,98.0,244.0,187.0,99.0,86.0,26.1,50.4,41.5,20.4,16.5,15.7,15.8,12.2
Ancône (26200),/management/ville/ancone/ville-26008,0.0,20.0,54.0,154.0,220.0,199.0,301.0,268.0,182.0,194.0,29.9,33.7,32.1,23.4,19.7,18.9,18.3,22.6
Blaesheim (67113),/management/ville/blaesheim/ville-67049,20.0,35.0,96.0,157.0,152.0,142.0,160.0,332.0,187.0,352.0,12.8,18.1,38.5,24.8,16.0,20.0,32.7,35.6
Beauvain (61600),/management/ville/beauvain/ville-61035,19.0,5.0,5.0,34.0,53.0,53.0,71.0,53.0,40.0,37.0,35.1,36.4,33.3,19.5,15.3,25.0,16.2,20.5
Arthun (42130),/management/ville/arthun/ville-42009,21.0,16.0,21.0,47.0,78.0,83.0,108.0,157.0,74.0,79.0,23.2,28.5,41.2,28.8,19.0,16.4,16.6,21.3
Avezé (72400),/management/ville/aveze/ville-72020,0.0,29.0,34.0,103.0,102.0,123.0,190.0,154.0,77.0,127.0,28.9,40.8,35.2,19.6,12.9,15.3,23.0,23.3
Chépy (80210),/management/ville/chepy/ville-80190,10.0,20.0,46.0,107.0,148.0,241.0,419.0,278.0,107.0,151.0,40.0,47.6,35.2,20.7,10.3,12.1,14.5,17.3
Chamoux (89660),/management/ville/chamoux/ville-89071,0.0,15.0,0.0,5.0,0.0,15.0,30.0,22.0,15.0,15.0,21.4,52.5,35.7,16.7,23.8,12.5,19.0,17.5
Bettegney-Saint-Brice (88450),/management/ville/bettegney-saint-brice/ville-88055,10.0,10.0,0.0,20.0,20.0,20.0,35.0,47.0,14.0,14.0,25.9,36.4,55.6,27.0,9.3,16.4,9.3,16.4
Civrieux (01390),/management/ville/civrieux/ville-01105,11.0,53.0,186.0,241.0,209.0,186.0,255.0,311.0,221.0,376.0,19.0,25.0,30.0,21.8,21.3,16.5,29.7,35.3
Augnat (63340),/management/ville/augnat/ville-63017,5.0,10.0,5.0,15.0,5.0,21.0,33.0,34.0,22.0,31.0,33.9,21.7,32.2,23.8,15.3,20.0,18.6,33.3
Charbonnières-les-Varennes (63410),/management/ville/charbonnieres-les-varennes/ville-63092,10.0,51.0,112.0,238.0,213.0,227.0,258.0,365.0,241.0,350.0,15.8,26.7,38.1,21.2,21.2,18.4,24.8,32.9
Couret (31160),/management/ville/couret/ville-31155,5.0,10.0,5.0,10.0,26.0,15.0,41.0,46.0,32.0,71.0,18.0,24.8,29.2,19.0,16.9,15.8,36.0,39.6
Ancourt (76370),/management/ville/ancourt/ville-76008,10.0,49.0,20.0,66.0,106.0,57.0,166.0,179.0,88.0,101.0,28.7,33.6,38.3,25.7,16.1,16.8,16.9,20.8
Artigat (09130),/management/ville/artigat/ville-09019,20.0,35.0,10.0,84.0,70.0,36.0,121.0,121.0,84.0,116.0,23.6,31.5,34.1,20.3,17.5,20.7,24.9,27.7
Corme-Royal (17600),/management/ville/corme-royal/ville-17120,40.0,80.0,75.0,185.0,240.0,210.0,403.0,435.0,238.0,286.0,24.3,34.4,39.1,23.7,16.6,18.2,19.9,22.0
Balledent (87290),/management/ville/balledent/ville-87007,5.0,10.0,10.0,20.0,25.0,20.0,62.0,54.0,30.0,22.0,31.4,42.7,45.3,18.8,15.1,20.7,8.1,18.3
Bennwihr (68126),/management/ville/bennwihr/ville-68026,45.0,55.0,100.0,175.0,150.0,130.0,259.0,279.0,162.0,300.0,21.8,29.6,30.8,22.8,18.0,14.5,29.4,30.6
Crèvecœur-en-Brie (77610),/management/ville/crevecoeur-en-brie/ville-77144,0.0,5.0,30.0,65.0,40.0,36.0,67.0,66.0,60.0,80.0,24.1,26.0,29.8,19.5,19.1,24.4,27.0,31.3
Beauvais (60000),/management/ville/beauvais/ville-60057,17.0,874.0,3100.0,5689.0,7401.0,6454.0,14754.0,9591.0,5646.0,9384.0,34.0,40.4,28.1,19.9,14.1,14.5,23.8,23.8
Campagne-lès-Hesdin (62870),/management/ville/campagne-les-hesdin/ville-62204,20.0,15.0,20.0,160.0,205.0,290.0,592.0,366.0,190.0,250.0,39.4,45.1,31.5,19.5,15.1,12.2,14.0,21.5
Burtoncourt (57220),/management/ville/burtoncourt/ville-57121,0.0,0.0,10.0,35.0,25.0,20.0,29.0,44.0,20.0,49.0,19.4,21.1,37.5,22.1,12.5,15.5,30.6,39.4
Chamoux-sur-Gelon (73390),/management/ville/chamoux-sur-gelon/ville-73069,5.0,39.0,44.0,94.0,118.0,153.0,164.0,219.0,134.0,156.0,22.1,26.6,40.7,24.2,15.9,24.0,21.2,25.1
Avignon (84000),/management/ville/avignon/ville-84007,111.0,2188.0,5452.0,8500.0,12070.0,9307.0,22817.0,13434.0,10287.0,18176.0,33.6,36.7,24.0,17.8,15.1,16.5,27.3,28.8
Chérac (17610),/management/ville/cherac/ville-17100,20.0,34.0,74.0,69.0,138.0,147.0,238.0,272.0,137.0,189.0,24.7,32.0,37.4,25.4,15.5,17.3,22.4,22.6
Brimont (51220),/management/ville/brimont/ville-51088,5.0,15.0,40.0,65.0,55.0,15.0,65.0,89.0,53.0,114.0,17.1,23.3,33.5,20.8,17.1,16.0,32.3,38.7
Charbonnières-les-Vieilles (63410),/management/ville/charbonnieres-les-vieilles/ville-63093,25.0,45.0,60.0,145.0,135.0,150.0,240.0,234.0,141.0,187.0,25.6,34.4,35.6,21.5,17.9,17.3,20.9,25.6
Battexey (88130),/management/ville/battexey/ville-88038,0.0,0.0,0.0,0.0,5.0,10.0,4.0,10.0,5.0,8.0,6.7,25.0,46.7,25.0,13.3,25.0,33.3,25.0
Arc-et-Senans (25610),/management/ville/arc-et-senans/ville-25021,40.0,45.0,86.0,101.0,217.0,227.0,336.0,419.0,241.0,241.0,23.0,31.0,38.1,26.6,22.2,17.0,16.8,22.0
Cuvry (57420),/management/ville/cuvry/ville-57162,5.0,34.0,64.0,123.0,93.0,59.0,163.0,166.0,100.0,209.0,20.8,29.4,29.2,21.5,17.0,14.6,33.0,32.6
Cercié (69220),/management/ville/cercie/ville-69036,15.0,51.0,40.0,111.0,142.0,152.0,234.0,242.0,120.0,174.0,26.9,33.8,40.1,21.7,13.7,17.4,19.3,25.9
Bouquet (30580),/management/ville/bouquet/ville-30048,15.0,0.0,5.0,10.0,25.0,15.0,30.0,32.0,27.0,55.0,16.2,25.7,25.7,18.1,21.6,15.7,36.5,40.0
Beauvais-sur-Matha (17490),/management/ville/beauvais-sur-matha/ville-17037,19.0,15.0,5.0,43.0,83.0,80.0,238.0,139.0,77.0,47.0,39.4,54.3,36.0,19.4,15.3,15.5,9.3,9.8
Alban (81250),/management/ville/alban/ville-81003,25.0,40.0,5.0,120.0,70.0,130.0,257.0,212.0,121.0,157.0,29.3,39.2,37.0,19.6,15.2,17.1,18.5,23.4
Bury (60250),/management/ville/bury/ville-60116,0.0,80.0,120.0,411.0,421.0,426.0,742.0,677.0,365.0,405.0,28.2,39.4,38.3,22.2,17.1,16.2,16.4,20.4
Braisnes-sur-Aronde (60113),/management/ville/braisnes-sur-aronde/ville-60099,0.0,25.0,15.0,20.0,30.0,10.0,25.0,35.0,32.0,37.0,22.1,16.4,29.4,24.2,26.5,23.0,22.1,36.1
Civrieux-d'Azergues (69380),/management/ville/civrieux-d-azergues/ville-69059,0.0,65.0,140.0,231.0,221.0,115.0,216.0,253.0,169.0,434.0,18.7,21.5,26.5,20.0,14.2,17.1,40.6,40.7
Augnax (32120),/management/ville/augnax/ville-32014,0.0,5.0,20.0,15.0,10.0,5.0,18.0,27.0,18.0,22.0,23.8,18.2,33.3,31.8,9.5,31.8,33.3,18.2
Bettelainville (57640),/management/ville/bettelainville/ville-57072,5.0,10.0,25.0,91.0,60.0,101.0,99.0,155.0,88.0,130.0,19.3,22.3,38.2,25.4,18.9,18.0,23.5,31.8
Chérancé (53400),/management/ville/cherance/ville-53068,15.0,15.0,5.0,5.0,25.0,20.0,44.0,37.0,26.0,15.0,32.8,39.7,35.9,23.7,20.3,22.4,10.9,13.8
Châtenois (67730),/management/ville/chatenois/ville-67073,30.0,94.0,308.0,635.0,451.0,551.0,751.0,848.0,484.0,1007.0,20.7,27.7,31.1,22.0,16.5,14.9,31.7,33.4
Brin-sur-Seille (54280),/management/ville/brin-sur-seille/ville-54100,5.0,20.0,46.0,102.0,123.0,56.0,122.0,156.0,119.0,175.0,20.9,21.6,31.7,23.1,19.1,22.3,28.4,32.9
Ancourteville-sur-Héricourt (76560),/management/ville/ancourteville-sur-hericourt/ville-76009,0.0,15.0,20.0,45.0,35.0,50.0,59.0,63.0,45.0,57.0,23.7,29.0,30.7,22.7,26.3,14.0,19.3,31.8
Balleroy-sur-Drôme (14490),/management/ville/balleroy-sur-drome/ville-14035,5.0,55.0,50.0,105.0,225.0,185.0,354.0,292.0,169.0,181.0,33.0,37.8,34.0,23.5,15.8,18.0,17.1,19.1
Arc-lès-Gray (70100),/management/ville/arc-les-gray/ville-70026,5.0,35.0,105.0,260.0,245.0,330.0,811.0,625.0,281.0,278.0,35.1,45.4,37.8,22.9,15.1,13.2,12.0,15.6
Bénodet (29950),/management/ville/benodet/ville-29006,0.0,160.0,290.0,315.0,340.0,155.0,664.0,635.0,522.0,1100.0,17.8,27.1,23.9,19.2,19.2,16.7,39.1,36.4
Burzet (07450),/management/ville/burzet/ville-07045,5.0,19.0,5.0,51.0,31.0,21.0,185.0,57.0,49.0,59.0,51.2,54.5,16.3,15.8,15.1,12.9,17.4,16.3
Campagne-lès-Wardrecques (62120),/management/ville/campagne-les-wardrecques/ville-62205,5.0,15.0,35.0,181.0,185.0,160.0,221.0,277.0,157.0,242.0,18.7,30.8,39.6,21.0,17.8,17.0,23.8,30.2
Artignosc-sur-Verdon (83630),/management/ville/artignosc-sur-verdon/ville-83005,20.0,30.0,10.0,25.0,20.0,10.0,83.0,65.0,71.0,53.0,29.7,31.3,29.7,20.5,21.7,30.6,18.8,20.1
Courgains (72260),/management/ville/courgains/ville-72104,30.0,15.0,5.0,65.0,90.0,55.0,154.0,152.0,68.0,44.0,32.5,41.0,45.1,25.3,14.6,17.9,7.8,13.2
Bondues (59910),/management/ville/bondues/ville-59090,10.0,480.0,1525.0,1145.0,620.0,285.0,1190.0,1049.0,1027.0,3802.0,15.2,18.3,13.8,15.7,13.3,15.6,57.7,50.3
Blagnac (31700),/management/ville/blagnac/ville-31069,28.0,525.0,3698.0,3687.0,3049.0,1778.0,3445.0,3267.0,2891.0,8117.0,16.8,21.8,20.5,16.8,14.8,17.7,47.9,43.9
Chamoy (10130),/management/ville/chamoy/ville-10074,15.0,15.0,10.0,45.0,65.0,94.0,118.0,131.0,67.0,68.0,25.1,36.8,42.7,23.7,15.1,20.0,17.1,18.4
Colomieu (01300),/management/ville/colomieu/ville-01110,0.0,15.0,0.0,30.0,5.0,15.0,40.0,21.0,19.0,27.0,24.1,50.9,35.2,4.2,22.2,13.2,18.5,32.1
Avignon-lès-Saint-Claude (39200),/management/ville/avignon-les-saint-claude/ville-39032,0.0,10.0,26.0,51.0,20.0,31.0,62.0,59.0,56.0,97.0,20.0,24.6,28.9,16.1,16.3,24.6,34.8,36.2
Bettembos (80290),/management/ville/bettembos/ville-80098,0.0,0.0,0.0,10.0,5.0,19.0,32.0,21.0,8.0,14.0,41.0,44.7,33.3,22.0,5.1,15.8,20.5,15.8
Ancretiéville-Saint-Victor (76760),/management/ville/ancretieville-saint-victor/ville-76010,16.0,10.0,10.0,68.0,47.0,78.0,64.0,96.0,59.0,59.0,20.6,25.5,39.0,26.3,26.2,16.1,14.2,28.5
Castelculier (47240),/management/ville/castelculier/ville-47051,15.0,59.0,99.0,356.0,291.0,168.0,450.0,564.0,312.0,458.0,22.0,28.1,36.8,24.6,18.0,17.0,23.2,27.9
Battigny (54115),/management/ville/battigny/ville-54052,0.0,0.0,5.0,37.0,33.0,19.0,16.0,29.0,16.0,24.0,20.0,15.9,37.5,27.5,22.5,15.9,20.0,36.4
Cuxac-Cabardès (11390),/management/ville/cuxac-cabardes/ville-11115,20.0,15.0,20.0,80.0,125.0,80.0,261.0,178.0,125.0,137.0,33.9,40.2,30.9,20.1,17.0,18.6,18.2,20.8
Bouquetot (27310),/management/ville/bouquetot/ville-27102,10.0,36.0,93.0,99.0,114.0,166.0,179.0,267.0,146.0,211.0,19.2,25.9,41.0,23.6,16.1,20.5,23.7,29.0
Beauvais-sur-Tescou (81630),/management/ville/beauvais-sur-tescou/ville-81024,10.0,10.0,25.0,35.0,40.0,30.0,63.0,70.0,40.0,70.0,24.2,27.9,35.6,20.4,14.4,18.9,25.8,32.4
Crèvecœur-le-Grand (60360),/management/ville/crevecoeur-le-grand/ville-60178,0.0,60.0,89.0,248.0,533.0,507.0,1284.0,674.0,300.0,393.0,44.7,51.8,29.5,19.8,11.1,11.5,14.7,14.9
Cormeilles (27260),/management/ville/cormeilles/ville-27170,0.0,75.0,35.0,95.0,135.0,165.0,369.0,277.0,129.0,128.0,33.3,47.0,38.9,22.2,12.8,15.5,15.0,13.5
Braize (03360),/management/ville/braize/ville-03037,26.0,10.0,16.0,26.0,21.0,21.0,59.0,69.0,36.0,34.0,30.8,28.1,39.4,27.5,14.4,22.9,15.4,19.8
Albaret-le-Comtal (48310),/management/ville/albaret-le-comtal/ville-48001,35.0,0.0,5.0,10.0,30.0,20.0,58.0,41.0,26.0,19.0,38.2,42.6,31.6,23.0,19.7,16.2,10.5,16.2
Civry-en-Montagne (21320),/management/ville/civry-en-montagne/ville-21176,11.0,0.0,11.0,16.0,5.0,16.0,18.0,22.0,29.0,21.0,23.9,17.8,28.3,24.3,26.1,37.8,21.7,24.4
Augne (87120),/management/ville/augne/ville-87004,0.0,25.0,5.0,20.0,5.0,5.0,24.0,12.0,26.0,26.0,32.6,22.2,11.6,18.4,27.9,31.1,27.9,31.1
Chérancé (72170),/management/ville/cherance/ville-72078,10.0,0.0,15.0,31.0,41.0,87.0,87.0,111.0,50.0,38.0,25.6,34.6,50.4,26.7,13.5,20.9,10.5,15.7
Châtenois (70240),/management/ville/chatenois/ville-70141,0.0,10.0,10.0,20.0,15.0,10.0,22.0,33.0,12.0,26.0,20.0,27.1,42.2,24.6,15.6,10.4,22.2,33.3
Charbuy (89113),/management/ville/charbuy/ville-89083,10.0,72.0,143.0,249.0,286.0,112.0,316.0,380.0,243.0,436.0,20.2,25.6,34.0,21.1,15.9,19.5,29.9,33.4
Brinay (18120),/management/ville/brinay/ville-18036,5.0,0.0,31.0,36.0,66.0,61.0,102.0,144.0,64.0,105.0,23.0,26.0,40.0,26.9,11.5,19.1,25.5,25.1
Ballersdorf (68210),/management/ville/ballersdorf/ville-68017,10.0,25.0,30.0,104.0,89.0,169.0,168.0,236.0,107.0,123.0,19.2,34.1,43.7,27.0,16.4,17.4,20.7,18.0
Cercier (74350),/management/ville/cercier/ville-74051,29.0,39.0,44.0,97.0,73.0,82.0,92.0,136.0,79.0,170.0,17.4,21.2,33.6,22.1,14.6,19.0,34.4,36.8
Arc-sous-Cicon (25520),/management/ville/arc-sous-cicon/ville-25025,35.0,20.0,20.0,76.0,86.0,121.0,113.0,150.0,90.0,122.0,18.1,29.3,37.1,23.8,22.4,15.3,22.4,28.9
Burzy (71460),/management/ville/burzy/ville-71068,5.0,0.0,5.0,5.0,5.0,5.0,16.0,16.0,4.0,21.0,20.8,33.3,50.0,11.8,4.2,9.1,25.0,45.5
Artigue (31110),/management/ville/artigue/ville-31019,10.0,5.0,0.0,0.0,0.0,0.0,7.0,4.0,4.0,6.0,41.7,22.2,25.0,11.1,25.0,11.1,8.3,55.6
Blagny (08110),/management/ville/blagny/ville-08067,9.0,25.0,25.0,85.0,109.0,244.0,431.0,273.0,126.0,81.0,38.9,55.5,35.7,21.4,17.8,10.1,7.6,9.9
Colondannes (23800),/management/ville/colondannes/ville-23065,10.0,5.0,14.0,25.0,25.0,30.0,91.0,82.0,30.0,24.0,33.0,46.6,46.8,23.1,13.8,12.7,6.4,14.4
Benoisey (21500),/management/ville/benoisey/ville-21064,5.0,5.0,0.0,0.0,15.0,10.0,23.0,21.0,20.0,16.0,23.3,35.1,37.2,15.6,23.3,27.0,16.3,24.3
Campagne-sur-Arize (09350),/management/ville/campagne-sur-arize/ville-09075,15.0,5.0,0.0,33.0,40.0,20.0,81.0,53.0,37.0,51.0,31.2,41.6,32.1,16.2,15.6,17.7,21.1,24.8
Cercottes (45520),/management/ville/cercottes/ville-45062,10.0,10.0,117.0,200.0,214.0,161.0,157.0,283.0,212.0,290.0,16.3,17.0,33.8,25.2,23.3,21.7,26.6,35.0
Champ-d'Oiseau (21500),/management/ville/champ-d-oiseau/ville-21137,0.0,0.0,0.0,10.0,15.0,24.0,11.0,18.0,19.0,15.0,12.1,23.3,36.4,21.4,33.3,26.7,18.2,30.0
Civry-la-Forêt (78910),/management/ville/civry-la-foret/ville-78163,15.0,25.0,40.0,50.0,10.0,20.0,38.0,68.0,52.0,91.0,12.0,18.5,36.0,19.5,18.4,23.4,33.6,39.5
Brinay (58110),/management/ville/brinay/ville-58040,10.0,5.0,5.0,15.0,10.0,10.0,42.0,26.0,23.0,21.0,37.3,38.7,23.5,21.5,23.5,17.7,15.7,21.0
Beauval (80630),/management/ville/beauval/ville-80071,30.0,35.0,10.0,159.0,295.0,289.0,614.0,488.0,210.0,226.0,34.2,45.3,37.2,23.4,14.2,13.2,14.4,14.9
Avignonet (38650),/management/ville/avignonet/ville-38023,10.0,5.0,30.0,45.0,5.0,10.0,19.0,34.0,18.0,82.0,15.8,9.2,25.0,18.3,11.8,11.8,47.4,59.2
Charcenne (70700),/management/ville/charcenne/ville-70130,0.0,10.0,25.0,39.0,29.0,75.0,87.0,71.0,37.0,66.0,29.5,37.4,30.2,21.4,17.3,10.6,23.0,27.6
Cuxac-d'Aude (11590),/management/ville/cuxac-d-aude/ville-11116,45.0,149.0,119.0,377.0,436.0,414.0,1113.0,987.0,503.0,533.0,29.8,40.5,37.4,24.0,14.9,17.0,17.9,16.3
Balléville (88170),/management/ville/balleville/ville-88031,0.0,0.0,0.0,19.0,19.0,33.0,28.0,31.0,12.0,8.0,35.1,34.9,51.4,26.1,8.1,20.9,5.4,16.3
Ancretteville-sur-Mer (76540),/management/ville/ancretteville-sur-mer/ville-76011,0.0,10.0,0.0,10.0,34.0,44.0,44.0,42.0,20.0,28.0,30.1,33.9,35.6,24.2,12.3,19.4,21.9,21.0
Bouqueval (95720),/management/ville/bouqueval/ville-95094,0.0,23.0,14.0,49.0,44.0,34.0,88.0,64.0,33.0,41.0,42.1,36.1,29.9,24.6,14.0,15.1,14.0,21.0
Bralleville (54740),/management/ville/bralleville/ville-54094,0.0,5.0,19.0,15.0,19.0,19.0,33.0,52.0,23.0,26.0,19.7,29.7,43.7,27.8,16.9,18.8,19.7,20.3
Arc-sous-Montenot (25270),/management/ville/arc-sous-montenot/ville-25026,14.0,10.0,0.0,14.0,24.0,24.0,44.0,38.0,33.0,34.0,26.7,32.9,26.7,22.8,26.7,16.4,20.0,26.0
Crèvecœur-le-Petit (60420),/management/ville/crevecoeur-le-petit/ville-60179,5.0,0.0,0.0,28.0,9.0,32.0,38.0,22.0,22.0,12.0,32.7,48.9,28.6,17.8,28.6,17.8,10.2,15.6
Courgeac (16190),/management/ville/courgeac/ville-16111,11.0,17.0,17.0,6.0,6.0,11.0,44.0,58.0,22.0,38.0,23.8,31.3,42.5,24.2,17.5,10.0,16.3,30.0
Châtenois (88170),/management/ville/chatenois/ville-88095,5.0,55.0,40.0,125.0,265.0,285.0,550.0,391.0,172.0,192.0,38.3,45.9,36.1,22.2,10.6,15.6,15.0,14.4
Bettencourt-Rivière (80270),/management/ville/bettencourt-riviere/ville-80099,5.0,5.0,15.0,20.0,20.0,30.0,45.0,47.0,34.0,52.0,24.2,26.4,30.8,21.1,19.8,18.4,25.3,33.3
Cercoux (17270),/management/ville/cercoux/ville-17077,5.0,25.0,50.0,75.0,169.0,189.0,370.0,328.0,122.0,106.0,36.0,43.8,41.8,25.5,11.8,14.5,10.4,12.4
Augny (57685),/management/ville/augny/ville-57039,10.0,59.0,153.0,340.0,179.0,123.0,365.0,373.0,259.0,396.0,24.8,27.5,28.7,23.0,20.8,16.5,25.7,31.0
Bus (62124),/management/ville/bus/ville-62189,0.0,0.0,0.0,23.0,14.0,19.0,33.0,23.0,9.0,22.0,28.6,47.7,31.0,18.0,16.7,6.8,23.8,25.0
Castelferrus (82100),/management/ville/castelferrus/ville-82030,5.0,5.0,25.0,35.0,55.0,85.0,123.0,106.0,49.0,65.0,33.7,38.0,37.8,22.2,12.8,15.8,15.7,22.2
Bondy (93140),/management/ville/bondy/ville-93010,0.0,1273.0,2353.0,5184.0,8810.0,6007.0,15153.0,6552.0,6441.0,7527.0,42.7,42.3,20.2,17.1,17.2,18.8,19.9,22.2
Artigueloutan (64420),/management/ville/artigueloutan/ville-64059,5.0,21.0,96.0,144.0,133.0,90.0,108.0,217.0,150.0,293.0,12.7,15.4,29.4,25.2,19.7,19.5,38.2,38.0
Chéraute (64130),/management/ville/cheraute/ville-64188,35.0,55.0,15.0,120.0,145.0,125.0,305.0,263.0,133.0,155.0,29.4,41.6,39.0,21.5,14.6,16.4,17.0,19.2
Cormeilles (60120),/management/ville/cormeilles/ville-60163,0.0,5.0,21.0,32.0,86.0,64.0,80.0,129.0,53.0,54.0,27.5,23.4,41.3,32.3,18.1,15.6,13.1,20.8
Battrans (70100),/management/ville/battrans/ville-70054,0.0,15.0,0.0,24.0,44.0,15.0,39.0,63.0,32.0,34.0,17.2,29.6,50.6,23.8,13.8,24.7,18.4,22.2
Blagny-sur-Vingeanne (21310),/management/ville/blagny-sur-vingeanne/ville-21079,5.0,5.0,0.0,10.0,20.0,25.0,30.0,36.0,14.0,18.0,26.9,34.8,42.3,26.9,11.5,17.4,19.2,17.4
Benoîtville (50340),/management/ville/benoitville/ville-50045,0.0,30.0,35.0,81.0,70.0,65.0,115.0,133.0,90.0,104.0,19.0,33.6,36.7,22.7,19.9,20.6,24.3,22.4
Cuy (60310),/management/ville/cuy/ville-60192,10.0,10.0,0.0,0.0,20.0,49.0,56.0,51.0,27.0,19.0,29.5,44.2,43.6,22.5,15.4,19.5,11.5,13.0
Courgenard (72320),/management/ville/courgenard/ville-72105,0.0,20.0,15.0,30.0,40.0,100.0,104.0,145.0,58.0,71.0,25.1,30.1,43.1,27.7,17.4,13.1,14.4,23.5
Cizancourt (80200),/management/ville/cizancourt/ville-80197,0.0,0.0,0.0,0.0,0.0,0.0,19.0,6.0,0.0,2.0,71.4,69.2,21.4,18.8,0.0,0.0,7.1,7.7
Albaret-Sainte-Marie (48200),/management/ville/albaret-sainte-marie/ville-48002,10.0,30.0,20.0,35.0,101.0,76.0,110.0,141.0,73.0,103.0,26.3,25.1,39.2,25.0,15.2,19.0,19.4,28.9
Avignonet-Lauragais (31290),/management/ville/avignonet-lauragais/ville-31037,24.0,43.0,113.0,246.0,231.0,151.0,226.0,264.0,219.0,370.0,17.4,24.2,28.8,20.4,19.9,20.7,34.0,34.8
Brinckheim (68870),/management/ville/brinckheim/ville-68054,0.0,0.0,67.0,29.0,48.0,52.0,60.0,88.0,40.0,96.0,14.0,27.7,40.4,20.5,14.7,13.5,30.9,36.5
Beauval-en-Caux (76890),/management/ville/beauval-en-caux/ville-76063,10.0,25.0,20.0,55.0,40.0,60.0,98.0,85.0,62.0,112.0,26.3,28.5,32.2,16.4,17.0,17.7,24.6,37.6
Champ-Dolent (27190),/management/ville/champ-dolent/ville-27141,5.0,5.0,11.0,22.0,0.0,0.0,11.0,13.0,10.0,19.0,21.4,16.7,32.1,18.2,10.7,25.0,35.7,41.7
Charchigné (53250),/management/ville/charchigne/ville-53061,21.0,5.0,5.0,27.0,42.0,74.0,123.0,106.0,85.0,44.0,30.9,38.0,35.4,24.3,23.6,23.5,10.1,14.0
Artiguelouve (64230),/management/ville/artiguelouve/ville-64060,0.0,35.0,150.0,264.0,160.0,110.0,186.0,319.0,220.0,433.0,15.3,16.7,31.7,23.2,16.4,21.6,36.5,38.0
Châtenois-les-Forges (90700),/management/ville/chatenois-les-forges/ville-90022,0.0,60.0,209.0,423.0,348.0,230.0,578.0,731.0,290.0,518.0,23.7,30.6,38.8,26.2,13.7,13.7,23.9,25.0
Bram (11150),/management/ville/bram/ville-11049,10.0,70.0,105.0,335.0,430.0,270.0,903.0,657.0,397.0,457.0,31.3,42.4,35.4,19.8,16.3,16.6,17.0,20.5
Bouranton (10270),/management/ville/bouranton/ville-10053,5.0,30.0,20.0,69.0,99.0,25.0,102.0,143.0,80.0,97.0,20.9,27.1,38.8,26.3,20.9,17.3,19.4,26.2
Arc-sur-Tille (21560),/management/ville/arc-sur-tille/ville-21021,25.0,61.0,268.0,429.0,304.0,142.0,373.0,490.0,332.0,696.0,17.6,21.8,30.3,21.0,16.4,18.6,35.7,37.9
Crèvecœur-sur-l'Escaut (59258),/management/ville/crevecoeur-sur-l-escaut/ville-59161,5.0,5.0,25.0,75.0,90.0,105.0,148.0,131.0,96.0,143.0,25.2,31.9,29.1,20.7,19.4,17.7,26.4,28.8
Anctoville-sur-Boscq (50400),/management/ville/anctoville-sur-boscq/ville-50008,5.0,30.0,15.0,58.0,69.0,75.0,82.0,136.0,56.0,63.0,21.9,26.4,46.6,29.6,12.9,20.8,18.5,19.5
Campagne-sur-Aude (11260),/management/ville/campagne-sur-aude/ville-11063,5.0,28.0,9.0,24.0,93.0,72.0,201.0,129.0,80.0,74.0,36.1,46.8,32.6,20.1,15.9,17.2,15.5,15.2
Ballon (17290),/management/ville/ballon/ville-17032,20.0,15.0,25.0,111.0,86.0,101.0,149.0,201.0,106.0,120.0,25.3,26.7,37.4,28.4,18.7,17.9,18.7,22.8
Bettencourt-Saint-Ouen (80610),/management/ville/bettencourt-saint-ouen/ville-80100,0.0,30.0,20.0,40.0,135.0,75.0,127.0,139.0,62.0,88.0,32.2,28.9,38.5,25.8,11.7,18.0,17.6,24.6
Bongheat (63160),/management/ville/bongheat/ville-63044,20.0,20.0,20.0,76.0,66.0,30.0,63.0,94.0,53.0,86.0,18.1,24.1,35.6,24.8,20.8,14.5,25.5,33.1
Cercy-la-Tour (58340),/management/ville/cercy-la-tour/ville-58046,5.0,40.0,35.0,84.0,262.0,229.0,683.0,435.0,205.0,162.0,40.3,50.8,37.8,20.8,10.6,16.5,11.3,10.7
Castelfranc (46140),/management/ville/castelfranc/ville-46062,0.0,5.0,15.0,35.0,80.0,65.0,97.0,102.0,57.0,70.0,24.5,34.3,43.7,20.6,13.9,20.6,17.9,24.6
Colonfay (02120),/management/ville/colonfay/ville-02206,0.0,5.0,0.0,10.0,10.0,10.0,23.0,22.0,3.0,9.0,37.9,42.3,44.8,25.0,3.4,7.7,13.8,19.2
Cherbonnières (17470),/management/ville/cherbonnieres/ville-17101,5.0,21.0,10.0,15.0,56.0,36.0,80.0,106.0,42.0,43.0,22.2,35.9,51.6,25.6,12.7,17.9,13.5,17.9
Beauvallon (26800),/management/ville/beauvallon/ville-26042,0.0,10.0,99.0,204.0,174.0,114.0,345.0,341.0,205.0,346.0,26.1,29.5,35.3,19.8,17.0,16.2,21.6,33.6
Batz-sur-Mer (44740),/management/ville/batz-sur-mer/ville-44010,53.0,135.0,107.0,267.0,392.0,297.0,744.0,759.0,389.0,533.0,23.0,37.3,38.7,22.8,16.4,15.6,21.9,22.1
Benon (17170),/management/ville/benon/ville-17041,15.0,44.0,98.0,226.0,241.0,177.0,238.0,336.0,224.0,268.0,21.5,23.1,37.7,24.9,19.6,22.4,21.2,28.8
Bus-la-Mésière (80700),/management/ville/bus-la-mesiere/ville-80152,5.0,11.0,5.0,16.0,21.0,16.0,40.0,31.0,16.0,33.0,27.8,37.9,33.3,18.8,11.1,15.2,27.8,27.3
Cormeilles-en-Parisis (95240),/management/ville/cormeilles-en-parisis/ville-95176,2.0,635.0,3286.0,3824.0,2942.0,1439.0,3705.0,3343.0,2963.0,6618.0,20.7,23.7,22.3,18.1,17.4,18.2,39.6,40.0
Brametot (76740),/management/ville/brametot/ville-76140,0.0,10.0,10.0,20.0,5.0,36.0,43.0,60.0,18.0,23.0,26.7,31.9,46.7,29.2,16.0,8.7,10.7,21.7
Cuy (89140),/management/ville/cuy/ville-89136,5.0,35.0,50.0,95.0,100.0,149.0,172.0,221.0,95.0,116.0,26.9,30.0,43.8,26.6,13.1,18.2,16.2,22.1
Avillers (54490),/management/ville/avillers/ville-54033,0.0,0.0,10.0,15.0,15.0,15.0,21.0,27.0,16.0,17.0,17.5,34.1,42.5,23.8,17.5,22.0,22.5,19.5
Artiguemy (65130),/management/ville/artiguemy/ville-65037,5.0,0.0,0.0,0.0,10.0,10.0,27.0,25.0,13.0,11.0,35.1,35.9,35.1,27.3,16.2,17.9,13.5,15.4
Albas (11360),/management/ville/albas/ville-11006,0.0,5.0,5.0,10.0,0.0,0.0,27.0,9.0,15.0,17.0,38.2,41.2,14.7,12.1,29.4,14.7,17.6,32.4
Cizay-la-Madeleine (49700),/management/ville/cizay-la-madeleine/ville-49100,25.0,0.0,10.0,64.0,40.0,83.0,115.0,97.0,69.0,75.0,28.6,36.0,33.5,21.3,17.0,21.7,20.9,21.1
Champ-Haut (61240),/management/ville/champ-haut/ville-61088,0.0,5.0,0.0,5.0,0.0,5.0,15.0,14.0,2.0,9.0,25.0,50.0,55.0,14.3,0.0,10.0,20.0,25.0
Courgenay (89190),/management/ville/courgenay/ville-89122,15.0,10.0,34.0,49.0,54.0,54.0,161.0,142.0,55.0,56.0,33.2,44.0,40.8,24.0,16.8,10.1,9.2,17.4
Charchilla (39260),/management/ville/charchilla/ville-39106,0.0,15.0,5.0,30.0,30.0,30.0,47.0,56.0,40.0,70.0,23.6,20.6,31.1,21.5,16.0,21.5,29.2,36.4
Auguaise (61270),/management/ville/auguaise/ville-61012,5.0,5.0,0.0,15.0,35.0,25.0,36.0,71.0,20.0,24.0,16.7,31.5,60.3,29.3,6.4,20.5,16.7,15.1
Blaignac (33190),/management/ville/blaignac/ville-33054,0.0,0.0,15.0,30.0,45.0,35.0,63.0,75.0,31.0,48.0,28.3,30.0,40.6,25.2,12.3,16.4,18.9,25.5
Creveney (70240),/management/ville/creveney/ville-70188,0.0,10.0,0.0,0.0,5.0,10.0,23.0,9.0,7.0,4.0,50.0,57.9,33.3,5.9,16.7,15.8,0.0,21.1
Arcachon (33120),/management/ville/arcachon/ville-33009,7.0,379.0,495.0,773.0,1009.0,503.0,2691.0,1918.0,1839.0,3281.0,21.9,31.9,22.7,17.9,18.4,19.2,37.0,31.3
Châtenoy (45260),/management/ville/chatenoy/ville-45084,5.0,31.0,26.0,71.0,56.0,25.0,122.0,108.0,54.0,86.0,30.7,35.4,36.5,20.3,13.8,15.5,19.0,27.6
Bénonces (01470),/management/ville/benonces/ville-01037,10.0,5.0,10.0,40.0,30.0,30.0,62.0,74.0,36.0,51.0,20.6,40.2,38.3,22.0,17.7,13.4,23.4,22.0
Cherbourg-en-Cotentin (50100),/management/ville/cherbourg-en-cotentin/ville-50129,41.0,1240.0,4806.0,10119.0,11407.0,8176.0,17075.0,17883.0,10175.0,14735.0,21.9,34.5,35.1,23.1,17.5,16.5,25.5,23.9
Campagnolles (14500),/management/ville/campagnolles/ville-14127,15.0,5.0,0.0,42.0,78.0,114.0,104.0,149.0,54.0,51.0,26.8,31.4,43.7,31.1,17.5,12.6,12.0,16.6
Avillers (88500),/management/ville/avillers/ville-88023,5.0,5.0,5.0,15.0,5.0,10.0,12.0,29.0,9.0,11.0,12.5,27.6,59.4,29.4,12.5,17.2,15.6,20.7
Ballon-Saint Mars (72290),/management/ville/ballon-saint-mars/ville-72023,10.0,64.0,49.0,201.0,368.0,309.0,587.0,526.0,236.0,289.0,29.5,41.4,40.5,22.4,14.5,14.3,15.4,19.6
Bettendorf (68560),/management/ville/bettendorf/ville-68033,0.0,5.0,10.0,65.0,65.0,130.0,87.0,142.0,60.0,78.0,18.8,28.7,47.8,26.5,14.0,18.8,19.4,23.2
Castelgaillard (31230),/management/ville/castelgaillard/ville-31115,0.0,5.0,0.0,0.0,0.0,5.0,25.0,8.0,11.0,8.0,46.4,52.0,17.9,13.6,17.9,24.0,17.9,12.0
Blaignan-Prignac (33340),/management/ville/blaignan-prignac/ville-33055,30.0,15.0,10.0,30.0,81.0,95.0,120.0,109.0,62.0,68.0,35.8,30.9,34.1,24.4,17.0,17.7,13.1,24.9
Champ-Laurent (73390),/management/ville/champ-laurent/ville-73072,5.0,0.0,5.0,5.0,0.0,11.0,11.0,6.0,7.0,11.0,33.3,27.8,33.3,7.1,13.3,27.8,20.0,38.9
Cormeilles-en-Vexin (95830),/management/ville/cormeilles-en-vexin/ville-95177,10.0,21.0,117.0,225.0,184.0,92.0,222.0,248.0,156.0,288.0,26.5,22.2,28.3,23.7,18.0,16.2,27.2,35.6
Batzendorf (67500),/management/ville/batzendorf/ville-67023,5.0,56.0,46.0,144.0,143.0,148.0,163.0,296.0,114.0,173.0,18.8,24.9,46.8,28.3,13.2,17.4,21.2,25.1
Ancy (69490),/management/ville/ancy/ville-69008,38.0,5.0,43.0,106.0,38.0,58.0,111.0,115.0,69.0,142.0,22.9,28.0,33.5,18.1,15.4,16.6,28.2,37.0
Bramevaque (65370),/management/ville/bramevaque/ville-65109,0.0,0.0,0.0,6.0,0.0,6.0,8.0,12.0,8.0,6.0,15.4,30.0,61.5,16.7,23.1,25.0,0.0,30.0
Bus-lès-Artois (80560),/management/ville/bus-les-artois/ville-80153,5.0,0.0,5.0,0.0,5.0,46.0,29.0,31.0,24.0,19.0,20.8,36.0,35.8,22.6,28.3,18.0,15.1,22.0
Cuy-Saint-Fiacre (76220),/management/ville/cuy-saint-fiacre/ville-76208,0.0,25.0,30.0,55.0,105.0,155.0,163.0,162.0,75.0,86.0,32.1,35.0,38.7,25.2,14.0,16.9,15.2,20.2
Bouray-sur-Juine (91850),/management/ville/bouray-sur-juine/ville-91095,0.0,40.0,247.0,354.0,321.0,211.0,438.0,354.0,278.0,516.0,25.7,29.4,26.7,18.1,17.2,17.9,30.4,34.6
Bonifacio (20169),/management/ville/bonifacio/ville-2A041,36.0,245.0,94.0,200.0,505.0,252.0,847.0,550.0,552.0,448.0,36.1,34.5,27.5,19.7,22.0,24.1,14.4,22.8
Cerdon (01450),/management/ville/cerdon/ville-01068,20.0,20.0,40.0,91.0,76.0,156.0,170.0,176.0,114.0,123.0,18.7,38.2,42.1,20.1,17.6,21.4,21.6,20.7
Augy (02220),/management/ville/augy/ville-02036,0.0,10.0,0.0,0.0,10.0,20.0,27.0,16.0,12.0,9.0,31.0,51.4,34.5,18.2,13.8,22.9,20.7,8.6
Arçais (79210),/management/ville/arcais/ville-79010,5.0,20.0,50.0,30.0,70.0,70.0,199.0,126.0,80.0,101.0,36.4,42.9,29.6,19.2,16.6,14.7,17.4,22.2
Cize (01250),/management/ville/cize/ville-01106,0.0,0.0,5.0,29.0,25.0,15.0,37.0,42.0,20.0,24.0,25.0,34.8,41.1,25.0,19.6,13.0,14.3,23.2
Courgent (78790),/management/ville/courgent/ville-78185,0.0,25.0,51.0,31.0,31.0,15.0,64.0,72.0,50.0,114.0,20.1,23.0,25.3,22.2,13.6,19.6,40.9,34.5
Colonne (39800),/management/ville/colonne/ville-39159,5.0,5.0,26.0,26.0,15.0,21.0,50.0,61.0,28.0,59.0,17.9,32.4,42.1,19.3,13.7,13.7,26.3,33.3
Beauvallon (69700),/management/ville/beauvallon/ville-69179,30.0,166.0,381.0,657.0,502.0,272.0,510.0,749.0,572.0,1037.0,16.2,19.4,28.6,22.5,21.4,18.6,33.8,38.4
Crévic (54110),/management/ville/crevic/ville-54145,0.0,19.0,29.0,112.0,141.0,122.0,141.0,222.0,137.0,157.0,17.0,26.2,38.8,26.4,21.5,20.1,22.7,25.0
Artigues (09460),/management/ville/artigues/ville-09020,0.0,5.0,0.0,0.0,5.0,0.0,13.0,12.0,10.0,15.0,29.2,23.1,20.8,25.0,20.8,19.2,29.2,30.8
Charcier (39130),/management/ville/charcier/ville-39107,0.0,5.0,5.0,9.0,23.0,27.0,18.0,36.0,24.0,20.0,13.0,23.9,42.6,30.4,20.4,30.4,24.1,15.2
Châtenoy (77167),/management/ville/chatenoy/ville-77102,0.0,5.0,5.0,16.0,21.0,31.0,39.0,40.0,15.0,35.0,35.4,25.4,40.0,20.3,9.2,12.7,15.4,39.7
Bénouville (14970),/management/ville/benouville/ville-14060,0.0,94.0,198.0,276.0,233.0,145.0,318.0,435.0,233.0,530.0,18.8,23.1,33.5,22.3,14.6,16.2,33.2,36.7
Chérence (95510),/management/ville/cherence/ville-95157,0.0,6.0,18.0,6.0,12.0,24.0,27.0,33.0,25.0,42.0,15.9,26.6,33.3,20.0,14.3,25.0,36.5,29.7
Ballons (26560),/management/ville/ballons/ville-26022,0.0,15.0,0.0,5.0,5.0,5.0,23.0,19.0,9.0,18.0,33.3,33.3,38.9,15.6,8.3,18.2,19.4,33.3
Buschwiller (68220),/management/ville/buschwiller/ville-68061,5.0,30.0,79.0,153.0,124.0,79.0,162.0,271.0,130.0,222.0,14.4,26.5,38.8,26.4,18.4,14.7,28.5,28.2
Cerdon (45620),/management/ville/cerdon/ville-45063,5.0,46.0,15.0,77.0,82.0,128.0,332.0,227.0,96.0,118.0,38.2,47.6,36.3,21.0,10.6,14.2,14.9,15.4
Bettes (65130),/management/ville/bettes/ville-65091,10.0,0.0,0.0,0.0,0.0,5.0,16.0,15.0,9.0,5.0,33.3,38.1,41.7,23.8,16.7,23.8,8.3,14.3
Avillers-Sainte-Croix (55210),/management/ville/avillers-sainte-croix/ville-55021,5.0,0.0,0.0,0.0,5.0,10.0,9.0,17.0,7.0,12.0,5.6,29.6,66.7,18.5,11.1,18.5,16.7,33.3
Castelginest (31780),/management/ville/castelginest/ville-31116,0.0,352.0,893.0,1353.0,1548.0,931.0,1633.0,1864.0,1441.0,2614.0,19.3,23.7,28.4,21.0,18.7,19.4,33.6,35.5
Blain (44130),/management/ville/blain/ville-44015,90.0,276.0,408.0,1119.0,1366.0,1289.0,1953.0,2107.0,1211.0,1749.0,24.3,31.2,36.2,22.5,17.9,16.7,21.7,28.0
Cize (39300),/management/ville/cize/ville-39153,0.0,25.0,20.0,69.0,94.0,119.0,211.0,196.0,103.0,121.0,30.8,35.9,35.9,24.2,14.1,18.8,19.2,19.4
Bran (17210),/management/ville/bran/ville-17061,10.0,5.0,5.0,15.0,10.0,10.0,44.0,25.0,20.0,17.0,35.1,49.0,31.6,15.2,17.5,20.4,15.8,16.3
Ancy-Dornot (57130),/management/ville/ancy-dornot/ville-57021,4.0,49.0,183.0,248.0,205.0,106.0,254.0,319.0,246.0,384.0,16.2,25.9,30.2,22.4,20.3,20.6,33.3,30.6
Bourbach-le-Bas (68290),/management/ville/bourbach-le-bas/ville-68045,0.0,25.0,34.0,69.0,59.0,64.0,107.0,158.0,62.0,119.0,17.6,29.7,40.5,25.9,15.7,12.7,26.2,27.1
Baubigny (21340),/management/ville/baubigny/ville-21050,10.0,0.0,10.0,20.0,35.0,34.0,38.0,51.0,19.0,60.0,12.6,32.5,37.9,20.2,11.5,11.3,37.9,33.8
Champ-le-Duc (88600),/management/ville/champ-le-duc/ville-88086,5.0,10.0,14.0,54.0,68.0,44.0,146.0,142.0,52.0,76.0,24.4,45.4,39.7,24.5,12.9,12.1,23.0,14.0
Bonlier (60510),/management/ville/bonlier/ville-60081,0.0,5.0,16.0,44.0,55.0,66.0,103.0,100.0,62.0,68.0,28.0,33.7,39.3,21.0,15.5,21.5,17.3,23.9
Ballore (71220),/management/ville/ballore/ville-71017,15.0,0.0,0.0,10.0,10.0,0.0,10.0,24.0,16.0,15.0,21.9,8.3,37.5,32.5,25.0,25.0,15.6,30.6
Campan (65710),/management/ville/campan/ville-65123,35.0,60.0,25.0,192.0,186.0,106.0,266.0,331.0,226.0,297.0,19.3,28.3,37.6,21.4,19.4,20.9,23.7,29.3
Cuzac (46270),/management/ville/cuzac/ville-46085,0.0,5.0,10.0,40.0,35.0,30.0,73.0,54.0,29.0,32.0,34.1,43.3,38.5,19.0,14.3,16.5,13.2,20.6
Augy (89290),/management/ville/augy/ville-89023,0.0,40.0,50.0,125.0,154.0,110.0,225.0,292.0,116.0,177.0,24.0,31.4,41.9,26.6,12.5,16.0,21.5,22.1
Cormelles-le-Royal (14123),/management/ville/cormelles-le-royal/ville-14181,5.0,85.0,239.0,521.0,717.0,428.0,1171.0,1095.0,552.0,838.0,27.4,36.1,35.0,22.9,16.0,14.3,21.6,24.1
Colonzelle (26230),/management/ville/colonzelle/ville-26099,10.0,20.0,5.0,45.0,90.0,95.0,90.0,144.0,75.0,113.0,20.6,22.0,38.2,27.7,14.2,21.1,27.0,26.6
Courgeon (61400),/management/ville/courgeon/ville-61129,15.0,30.0,10.0,20.0,55.0,60.0,77.0,95.0,39.0,58.0,26.7,30.6,41.5,25.7,13.3,15.7,18.5,24.6
Bringolo (22170),/management/ville/bringolo/ville-22019,15.0,20.0,5.0,60.0,70.0,80.0,82.0,81.0,65.0,102.0,22.9,26.9,31.2,17.6,21.2,18.1,24.7,37.5
Arcambal (46090),/management/ville/arcambal/ville-46007,5.0,30.0,65.0,139.0,152.0,108.0,224.0,185.0,152.0,215.0,23.2,34.1,30.5,18.2,19.9,19.2,26.4,28.7
Bettignies (59600),/management/ville/bettignies/ville-59076,0.0,5.0,10.0,38.0,84.0,34.0,68.0,61.0,65.0,35.0,25.5,33.6,34.5,21.8,28.2,27.7,11.8,18.5
Chard (23700),/management/ville/chard/ville-23053,26.0,0.0,5.0,15.0,15.0,31.0,47.0,53.0,37.0,31.0,25.9,31.3,43.5,20.8,17.6,26.5,12.9,22.9
Crevin (35320),/management/ville/crevin/ville-35090,5.0,125.0,150.0,365.0,375.0,385.0,346.0,553.0,345.0,531.0,18.3,20.7,37.1,24.1,18.2,20.7,26.3,33.5
Châtenoy-en-Bresse (71380),/management/ville/chatenoy-en-bresse/ville-71117,0.0,40.0,41.0,175.0,181.0,119.0,195.0,259.0,148.0,207.0,18.0,30.3,42.4,21.4,15.8,20.8,23.9,27.3
Artigues (11140),/management/ville/artigues/ville-11017,0.0,0.0,5.0,0.0,19.0,5.0,28.0,18.0,8.0,13.0,31.4,52.9,34.3,18.9,11.4,11.8,22.9,14.7
Chérencé-le-Héron (50800),/management/ville/cherence-le-heron/ville-50130,9.0,5.0,0.0,57.0,38.0,76.0,97.0,117.0,48.0,50.0,25.5,36.5,45.9,25.0,17.8,13.5,10.8,21.2
Albas (46140),/management/ville/albas/ville-46001,10.0,25.0,25.0,40.0,50.0,35.0,127.0,95.0,95.0,129.0,24.9,32.1,27.6,16.3,19.1,23.5,28.4,29.4
Busigny (59137),/management/ville/busigny/ville-59118,10.0,60.0,60.0,145.0,289.0,444.0,716.0,563.0,237.0,241.0,36.5,44.6,37.6,23.7,13.8,13.2,12.1,15.2
Ballots (53350),/management/ville/ballots/ville-53018,69.0,10.0,54.0,163.0,89.0,183.0,322.0,260.0,154.0,166.0,31.1,40.4,33.0,22.7,17.9,16.1,17.9,18.8
Daignac (33420),/management/ville/daignac/ville-33147,5.0,20.0,35.0,35.0,50.0,81.0,84.0,128.0,65.0,83.0,21.9,24.7,40.4,27.6,16.4,20.1,21.3,24.7
Casteljaloux (47700),/management/ville/casteljaloux/ville-47052,15.0,117.0,150.0,301.0,496.0,419.0,1576.0,1123.0,593.0,586.0,35.1,45.1,35.2,22.1,14.2,16.1,15.4,14.9
Ancy-le-Franc (89160),/management/ville/ancy-le-franc/ville-89005,0.0,20.0,15.0,35.0,144.0,98.0,417.0,201.0,87.0,64.0,42.2,62.9,35.1,17.8,14.2,9.4,8.6,8.1
Bonlieu (39130),/management/ville/bonlieu/ville-39063,15.0,0.0,0.0,5.0,30.0,35.0,44.0,72.0,37.0,33.0,20.0,27.1,42.2,30.9,18.9,20.8,18.9,16.7
Blaincourt-lès-Précy (60460),/management/ville/blaincourt-les-precy/ville-60074,0.0,34.0,80.0,212.0,168.0,109.0,205.0,250.0,162.0,259.0,21.9,24.7,32.0,23.1,20.9,16.3,25.2,33.8
Branceilles (19500),/management/ville/branceilles/ville-19029,25.0,5.0,5.0,20.0,60.0,35.0,54.0,58.0,37.0,72.0,18.9,30.0,31.5,19.2,21.6,11.8,27.9,37.3
Baubigny (50270),/management/ville/baubigny/ville-50033,15.0,5.0,15.0,15.0,15.0,20.0,46.0,30.0,21.0,23.0,32.3,44.8,30.6,19.3,14.5,20.7,22.6,15.5
Cizely (58270),/management/ville/cizely/ville-58078,0.0,0.0,0.0,5.0,5.0,10.0,25.0,15.0,7.0,1.0,56.5,48.0,30.4,28.6,8.7,20.0,4.3,0.0
Avilley (25680),/management/ville/avilley/ville-25038,5.0,20.0,10.0,10.0,5.0,15.0,35.0,52.0,18.0,29.0,22.2,29.0,49.2,27.3,7.9,18.8,20.6,21.7
Beauvène (07190),/management/ville/beauvene/ville-07030,0.0,10.0,0.0,28.0,19.0,10.0,84.0,38.0,16.0,35.0,47.0,50.0,27.7,15.6,9.6,10.0,15.7,23.3
Campana (20229),/management/ville/campana/ville-2B052,1.0,0.0,1.0,1.0,1.0,1.0,9.0,0.0,5.0,3.0,55.6,55.6,0.0,0.0,22.2,33.3,22.2,11.1
Châtenoy-le-Royal (71880),/management/ville/chatenoy-le-royal/ville-71118,20.0,131.0,343.0,615.0,831.0,580.0,1343.0,1449.0,778.0,1131.0,21.6,34.3,37.1,23.5,16.3,16.8,25.0,23.3
Cuzance (46600),/management/ville/cuzance/ville-46086,42.0,10.0,26.0,68.0,78.0,63.0,133.0,139.0,96.0,88.0,24.9,33.6,38.9,22.2,18.3,23.6,17.9,21.0
Champ-sur-Barse (10140),/management/ville/champ-sur-barse/ville-10078,5.0,5.0,0.0,5.0,5.0,0.0,8.0,7.0,5.0,3.0,18.2,50.0,36.4,21.4,36.4,8.3,9.1,16.7
Colpo (56390),/management/ville/colpo/ville-56042,35.0,65.0,50.0,270.0,240.0,335.0,486.0,520.0,265.0,364.0,23.0,36.0,41.0,21.9,15.2,17.2,20.8,23.7
Courgeoût (61560),/management/ville/courgeout/ville-61130,15.0,24.0,5.0,68.0,68.0,64.0,80.0,144.0,57.0,67.0,17.7,28.9,45.9,29.9,18.2,13.9,18.2,20.5
Cère (40090),/management/ville/cere/ville-40081,5.0,10.0,25.0,25.0,84.0,40.0,57.0,111.0,64.0,84.0,14.0,22.1,39.0,27.6,22.0,18.2,25.0,28.6
Betting (57800),/management/ville/betting/ville-57073,5.0,25.0,39.0,158.0,153.0,81.0,173.0,224.0,130.0,158.0,21.1,29.1,34.8,27.5,19.3,18.6,24.7,21.4
Castella (47340),/management/ville/castella/ville-47053,5.0,5.0,15.0,44.0,49.0,34.0,70.0,84.0,52.0,61.0,22.8,29.8,41.9,21.3,15.4,23.7,19.9,26.0
Bénouville (76790),/management/ville/benouville/ville-76079,0.0,5.0,10.0,15.0,10.0,20.0,27.0,33.0,25.0,38.0,16.4,27.4,41.0,14.0,19.7,21.0,23.0,38.7
Cormenon (41170),/management/ville/cormenon/ville-41060,0.0,5.0,0.0,45.0,96.0,156.0,304.0,169.0,66.0,34.0,48.0,57.8,35.8,21.2,10.0,12.9,6.1,5.8
Ancy-le-Libre (89160),/management/ville/ancy-le-libre/ville-89006,0.0,0.0,10.0,25.0,15.0,30.0,54.0,46.0,18.0,26.0,26.7,49.3,42.7,18.7,13.3,11.6,17.3,18.8
Beauvernois (71270),/management/ville/beauvernois/ville-71028,0.0,0.0,0.0,0.0,17.0,34.0,29.0,27.0,21.0,14.0,32.7,32.6,36.7,22.0,20.4,25.6,10.2,20.9
Brinon-sur-Beuvron (58420),/management/ville/brinon-sur-beuvron/ville-58041,0.0,0.0,5.0,16.0,37.0,26.0,55.0,56.0,27.0,23.0,26.5,41.8,49.4,19.7,10.8,22.8,13.3,16.5
Albé (67220),/management/ville/albe/ville-67003,5.0,15.0,25.0,55.0,65.0,65.0,85.0,131.0,50.0,88.0,17.0,31.4,47.3,23.3,14.3,14.0,21.4,28.5
Busloup (41160),/management/ville/busloup/ville-41028,10.0,15.0,30.0,25.0,46.0,91.0,88.0,99.0,47.0,81.0,25.6,30.3,36.3,24.1,13.1,16.8,25.0,26.5
Daigny (08140),/management/ville/daigny/ville-08136,0.0,10.0,5.0,65.0,50.0,50.0,69.0,77.0,59.0,54.0,25.6,27.7,36.4,23.6,20.2,25.4,17.8,23.8
Chéreng (59152),/management/ville/chereng/ville-59146,15.0,65.0,485.0,425.0,275.0,165.0,371.0,424.0,360.0,1022.0,14.2,19.6,21.7,17.5,15.7,17.3,48.5,45.6
Chardeny (08400),/management/ville/chardeny/ville-08104,0.0,0.0,0.0,0.0,5.0,27.0,13.0,11.0,8.0,7.0,38.1,26.3,28.6,27.8,9.5,31.6,23.8,15.8
Balloy (77118),/management/ville/balloy/ville-77019,0.0,10.0,10.0,35.0,30.0,40.0,73.0,77.0,43.0,51.0,29.8,30.1,42.1,21.5,12.4,22.8,15.7,26.0
Châtignac (16480),/management/ville/chatignac/ville-16091,16.0,16.0,16.0,0.0,21.0,21.0,50.0,34.0,29.0,31.0,30.6,37.8,22.2,23.5,23.6,16.2,23.6,20.3
Cuzieu (01300),/management/ville/cuzieu/ville-01141,0.0,10.0,5.0,55.0,40.0,65.0,92.0,110.0,55.0,71.0,18.7,36.4,45.8,21.4,16.1,17.3,19.4,23.7
Champ-sur-Drac (38560),/management/ville/champ-sur-drac/ville-38071,0.0,94.0,168.0,327.0,402.0,318.0,674.0,714.0,406.0,487.0,25.0,34.0,35.2,24.9,18.4,17.2,21.3,21.4
Cizos (65230),/management/ville/cizos/ville-65148,10.0,5.0,0.0,20.0,20.0,10.0,37.0,26.0,25.0,21.0,34.0,33.9,24.5,23.6,20.8,25.0,20.8,17.9
Branches (89113),/management/ville/branches/ville-89053,5.0,36.0,21.0,57.0,88.0,62.0,91.0,101.0,68.0,83.0,26.9,25.9,33.9,24.7,17.0,22.9,22.2,25.9
Bonlieu-sur-Roubion (26160),/management/ville/bonlieu-sur-roubion/ville-26052,5.0,10.0,25.0,60.0,35.0,80.0,72.0,96.0,65.0,96.0,20.8,23.1,31.2,25.0,20.2,19.2,27.7,30.8
Baud (56150),/management/ville/baud/ville-56010,83.0,257.0,243.0,660.0,704.0,884.0,1468.0,1396.0,815.0,918.0,27.2,36.3,37.1,22.7,18.0,17.5,17.7,22.0
Augy-sur-Aubois (18600),/management/ville/augy-sur-aubois/ville-18017,25.0,5.0,0.0,20.0,25.0,62.0,93.0,72.0,45.0,26.0,29.1,49.6,39.3,21.1,19.7,18.5,12.0,10.1
Blaincourt-sur-Aube (10500),/management/ville/blaincourt-sur-aube/ville-10046,5.0,0.0,5.0,0.0,15.0,10.0,25.0,25.0,18.0,16.0,19.5,39.5,36.6,20.8,31.7,11.6,12.2,25.6
Crévoux (05200),/management/ville/crevoux/ville-05044,0.0,11.0,0.0,0.0,11.0,16.0,20.0,30.0,24.0,30.0,21.8,16.3,30.9,26.0,21.8,24.5,25.5,32.7
Benque (31420),/management/ville/benque/ville-31063,0.0,10.0,5.0,0.0,40.0,15.0,46.0,34.0,14.0,38.0,33.3,36.5,29.0,20.6,7.2,14.3,30.4,27.0
Cormeray (41120),/management/ville/cormeray/ville-41061,20.0,35.0,82.0,222.0,248.0,247.0,262.0,363.0,210.0,268.0,22.7,24.7,38.4,25.6,17.8,20.4,21.1,27.4
Chardogne (55000),/management/ville/chardogne/ville-55101,5.0,0.0,10.0,30.0,51.0,35.0,60.0,74.0,45.0,63.0,19.5,29.5,42.4,19.2,19.5,17.2,18.6,33.6
Céré-la-Ronde (37460),/management/ville/cere-la-ronde/ville-37046,15.0,15.0,5.0,45.0,70.0,55.0,167.0,90.0,48.0,59.0,42.0,49.5,28.2,19.8,13.8,12.6,16.1,16.3
Colroy-la-Roche (67420),/management/ville/colroy-la-roche/ville-67076,5.0,15.0,15.0,46.0,71.0,76.0,128.0,142.0,53.0,60.0,28.5,39.6,43.5,25.5,15.5,11.5,12.5,18.7
Avilly-Saint-Léonard (60300),/management/ville/avilly-saint-leonard/ville-60033,0.0,35.0,199.0,90.0,70.0,15.0,102.0,99.0,109.0,364.0,12.9,17.1,18.3,12.3,14.2,18.0,54.6,53.4
Courgis (89800),/management/ville/courgis/ville-89123,20.0,5.0,15.0,15.0,20.0,40.0,52.0,59.0,38.0,48.0,24.0,28.7,42.0,18.6,14.0,25.5,20.0,28.7
Bettlach (68480),/management/ville/bettlach/ville-68034,10.0,0.0,25.0,35.0,50.0,45.0,52.0,80.0,48.0,61.0,15.3,27.7,40.3,24.2,21.0,18.5,23.4,27.7
Artigues (65100),/management/ville/artigues/ville-65038,0.0,5.0,5.0,0.0,0.0,0.0,4.0,2.0,4.0,3.0,37.5,20.0,25.0,0.0,37.5,20.0,0.0,60.0
Camparan (65170),/management/ville/camparan/ville-65124,0.0,5.0,5.0,10.0,10.0,5.0,8.0,14.0,15.0,10.0,18.2,16.0,36.4,28.6,22.7,40.0,22.7,20.0
Busnes (62350),/management/ville/busnes/ville-62190,15.0,65.0,55.0,120.0,150.0,145.0,281.0,256.0,185.0,249.0,21.2,36.5,32.6,19.1,23.5,14.7,22.7,28.6
Daillancourt (52110),/management/ville/daillancourt/ville-52160,5.0,0.0,10.0,5.0,5.0,0.0,20.0,11.0,11.0,10.0,33.3,44.0,29.6,13.0,22.2,20.0,14.8,24.0
Andainville (80140),/management/ville/andainville/ville-80022,14.0,5.0,5.0,14.0,29.0,33.0,61.0,57.0,30.0,30.0,32.2,36.3,36.8,24.0,20.7,13.2,10.3,23.1
Beauvezer (04370),/management/ville/beauvezer/ville-04025,10.0,20.0,5.0,36.0,40.0,20.0,72.0,92.0,56.0,71.0,21.7,27.9,43.4,20.4,18.2,20.4,16.8,31.3
.3,15.2,17.0,15.9,18.8
Castellane (04120),/management/ville/castellane/ville-04039,53.0,120.0,35.0,101.0,248.0,149.0,425.0,339.0,248.0,227.0,30.2,38.3,34.4,20.6,18.7,21.3,16.7,20.0
Chérêt (02860),/management/ville/cheret/ville-02177,5.0,11.0,5.0,11.0,11.0,11.0,26.0,30.0,22.0,27.0,23.5,25.9,29.4,25.8,21.6,20.7,25.5,25.9
Albefeuille-Lagarde (82290),/management/ville/albefeuille-lagarde/ville-82001,10.0,35.0,15.0,65.0,95.0,55.0,164.0,127.0,74.0,122.0,30.6,36.7,31.0,19.8,16.5,13.9,21.9,28.2
Arcangues (64200),/management/ville/arcangues/ville-64038,25.0,120.0,270.0,315.0,350.0,190.0,489.0,694.0,467.0,810.0,16.3,23.3,34.0,22.4,17.3,20.6,32.5,33.3
Brancourt-en-Laonnois (02320),/management/ville/brancourt-en-laonnois/ville-02111,0.0,25.0,30.0,90.0,80.0,75.0,128.0,153.0,75.0,149.0,25.1,25.6,37.1,22.5,11.2,18.5,26.7,32.3
Blainville-Crevon (76116),/management/ville/blainville-crevon/ville-76100,10.0,25.0,100.0,176.0,161.0,146.0,141.0,261.0,173.0,313.0,12.4,19.2,38.2,20.8,17.1,21.7,32.4,38.5
Creys-Mépieu (38510),/management/ville/creys-mepieu/ville-38139,20.0,41.0,10.0,213.0,193.0,243.0,307.0,372.0,199.0,214.0,26.6,29.7,39.4,26.1,17.4,19.0,16.6,22.7
Champagnac (15350),/management/ville/champagnac/ville-15037,30.0,40.0,25.0,45.0,106.0,191.0,443.0,237.0,109.0,73.0,46.6,55.9,35.1,19.4,10.5,14.4,7.8,9.1
Cuzieu (42330),/management/ville/cuzieu/ville-42081,0.0,74.0,74.0,248.0,168.0,163.0,218.0,384.0,198.0,273.0,17.8,22.8,41.2,26.8,19.7,17.2,21.3,29.6
Clacy-et-Thierret (02000),/management/ville/clacy-et-thierret/ville-02196,0.0,5.0,15.0,45.0,45.0,50.0,73.0,69.0,35.0,63.0,25.0,36.2,33.1,21.9,15.3,13.8,26.6,25.9
Bonloc (64240),/management/ville/bonloc/ville-64134,0.0,5.0,10.0,35.0,65.0,105.0,75.0,71.0,45.0,71.0,29.8,27.5,29.8,23.0,16.0,18.3,24.4,29.8
Aujac (17770),/management/ville/aujac/ville-17023,34.0,0.0,5.0,15.0,68.0,49.0,91.0,89.0,54.0,44.0,30.4,35.7,36.3,25.3,20.7,17.5,12.6,18.9
Chatignonville (91410),/management/ville/chatignonville/ville-91145,0.0,0.0,15.0,5.0,0.0,5.0,5.0,16.0,13.0,13.0,12.0,9.1,40.0,26.1,32.0,22.7,16.0,40.9
Benque-Dessous-et-Dessus (31110),/management/ville/benque-dessous-et-dessus/ville-31064,0.0,0.0,0.0,10.0,0.0,5.0,8.0,5.0,4.0,5.0,28.6,50.0,21.4,22.2,21.4,12.5,28.6,12.5
Baudement (51260),/management/ville/baudement/ville-51041,5.0,0.0,5.0,25.0,0.0,15.0,27.0,23.0,21.0,18.0,32.6,28.3,30.2,22.7,20.9,26.1,16.3,23.9
Balma (31130),/management/ville/balma/ville-31044,8.0,369.0,2417.0,2101.0,1804.0,754.0,2097.0,1703.0,1972.0,5897.0,16.3,19.5,14.8,15.1,14.7,18.8,54.3,47.3
Coltainville (28300),/management/ville/coltainville/ville-28104,5.0,38.0,54.0,138.0,142.0,118.0,195.0,192.0,104.0,148.0,29.7,31.1,37.5,21.6,14.6,18.1,18.3,28.3
Cerelles (37390),/management/ville/cerelles/ville-37047,10.0,15.0,94.0,206.0,159.0,112.0,137.0,263.0,169.0,252.0,12.1,20.9,39.2,23.8,21.6,19.7,27.1,34.4
Chériennes (62140),/management/ville/cheriennes/ville-62222,15.0,15.0,5.0,15.0,10.0,15.0,50.0,31.0,20.0,20.0,35.5,44.3,29.0,21.2,19.4,14.8,16.1,18.0
Campbon (44750),/management/ville/campbon/ville-44025,56.0,87.0,209.0,454.0,505.0,604.0,633.0,907.0,532.0,711.0,19.1,26.3,38.3,24.8,20.2,18.0,22.4,28.6
Cormery (37320),/management/ville/cormery/ville-37083,0.0,50.0,60.0,273.0,273.0,203.0,295.0,341.0,272.0,385.0,20.5,24.7,33.0,21.0,19.2,22.8,27.3,31.9
Andance (07340),/management/ville/andance/ville-07009,25.0,35.0,30.0,85.0,220.0,215.0,411.0,170.0,205.0,101.0,49.7,43.0,19.6,19.8,22.2,24.0,8.5,14.3
Beauville (31460),/management/ville/beauville/ville-31055,0.0,0.0,19.0,29.0,10.0,14.0,22.0,28.0,19.0,41.0,21.2,20.0,32.7,18.0,19.2,16.7,26.9,45.0
Chardonnay (71700),/management/ville/chardonnay/ville-71100,0.0,0.0,25.0,20.0,30.0,15.0,43.0,51.0,26.0,43.0,23.8,29.5,32.1,26.1,15.5,16.7,28.6,24.4
Betton (35830),/management/ville/betton/ville-35024,24.0,250.0,1486.0,1751.0,1314.0,626.0,1637.0,1462.0,1153.0,3789.0,18.6,22.0,21.8,14.8,14.2,14.4,45.4,48.7
Artigues (83560),/management/ville/artigues/ville-83006,16.0,10.0,10.0,21.0,31.0,21.0,53.0,55.0,37.0,38.0,25.5,31.9,35.1,23.7,19.1,22.0,20.2,22.0
Busque (81300),/management/ville/busque/ville-81043,5.0,36.0,36.0,97.0,92.0,86.0,170.0,187.0,107.0,126.0,26.1,31.8,40.3,22.4,13.5,23.2,20.0,22.9
Daillecourt (52240),/management/ville/daillecourt/ville-52161,0.0,5.0,0.0,5.0,15.0,10.0,27.0,24.0,9.0,2.0,39.4,48.3,42.4,28.6,15.2,13.8,3.0,3.4
Courgivaux (51310),/management/ville/courgivaux/ville-51185,10.0,10.0,0.0,21.0,36.0,45.0,99.0,69.0,41.0,27.0,39.7,45.1,33.9,21.8,19.8,14.2,6.6,16.8
Castellar (06500),/management/ville/castellar/ville-06035,5.0,72.0,111.0,96.0,159.0,53.0,146.0,255.0,138.0,250.0,18.9,18.1,38.5,24.3,16.1,18.9,26.4,37.0
Brancourt-le-Grand (02110),/management/ville/brancourt-le-grand/ville-02112,10.0,20.0,10.0,55.0,75.0,85.0,131.0,150.0,56.0,84.0,26.0,35.9,42.2,24.9,15.7,11.1,16.2,23.5
Briod (39570),/management/ville/briod/ville-39079,5.0,10.0,0.0,25.0,25.0,30.0,25.0,48.0,26.0,56.0,13.9,18.2,41.8,20.0,11.4,22.1,32.9,40.3
Baudemont (71800),/management/ville/baudemont/ville-71022,5.0,29.0,24.0,38.0,80.0,94.0,202.0,190.0,77.0,58.0,34.5,42.2,42.4,25.5,13.7,15.7,9.4,13.3
Avion (62210),/management/ville/avion/ville-62065,9.0,285.0,284.0,1453.0,2426.0,2540.0,5286.0,3691.0,2120.0,1561.0,35.3,47.4,35.8,21.8,16.9,16.6,11.9,12.7
Albepierre-Bredons (15300),/management/ville/albepierre-bredons/ville-15025,20.0,10.0,0.0,20.0,20.0,40.0,53.0,68.0,31.0,46.0,18.0,35.7,43.0,22.5,19.0,12.2,20.0,26.5
Châtillon (03210),/management/ville/chatillon/ville-03069,15.0,0.0,10.0,61.0,35.0,30.0,68.0,82.0,38.0,46.0,25.0,32.8,41.4,25.2,17.2,15.5,16.4,23.3
Bonnac (09100),/management/ville/bonnac/ville-09060,0.0,15.0,20.0,65.0,110.0,90.0,175.0,173.0,109.0,101.0,28.4,34.2,36.9,24.1,18.8,20.1,15.9,20.4
Creyssac (24350),/management/ville/creyssac/ville-24144,0.0,0.0,0.0,0.0,25.0,20.0,31.0,28.0,14.0,16.0,29.8,40.5,38.3,22.2,14.9,16.7,17.0,19.0
Benqué-Molère (65130),/management/ville/benque-molere/ville-65081,4.0,16.0,14.0,9.0,5.0,14.0,17.0,12.0,17.0,42.0,11.6,26.7,16.3,11.9,20.9,17.8,51.2,44.4
Champagnac (17500),/management/ville/champagnac/ville-17082,15.0,30.0,10.0,45.0,70.0,55.0,113.0,118.0,78.0,86.0,23.9,32.9,37.8,22.5,17.6,21.7,20.7,22.7
Cuzion (36190),/management/ville/cuzion/ville-36062,10.0,15.0,5.0,20.0,65.0,45.0,135.0,134.0,64.0,49.0,26.8,43.2,38.8,27.2,18.6,15.1,15.8,10.1
Blainville-sur-l'Eau (54360),/management/ville/blainville-sur-l-eau/ville-54076,5.0,88.0,171.0,418.0,665.0,630.0,940.0,986.0,461.0,499.0,27.2,37.5,41.9,24.4,15.5,16.5,15.4,19.1
Balnot-la-Grange (10210),/management/ville/balnot-la-grange/ville-10028,35.0,0.0,5.0,15.0,5.0,10.0,35.0,34.0,21.0,18.0,33.3,31.4,31.6,27.6,21.1,17.6,14.0,19.6
Cladech (24170),/management/ville/cladech/ville-24122,5.0,0.0,0.0,5.0,10.0,15.0,31.0,20.0,13.0,15.0,39.5,39.0,34.2,17.5,13.2,19.5,13.2,24.4
Chareil-Cintrat (03140),/management/ville/chareil-cintrat/ville-03059,20.0,15.0,35.0,30.0,25.0,50.0,74.0,104.0,46.0,52.0,20.1,33.6,44.6,26.6,18.0,15.3,17.3,20.4
Arçay (18340),/management/ville/arcay/ville-18008,0.0,20.0,30.0,80.0,85.0,40.0,71.0,100.0,68.0,104.0,17.8,23.4,35.5,22.3,20.7,18.3,26.0,34.9
Betton-Bettonet (73390),/management/ville/betton-bettonet/ville-73041,0.0,51.0,5.0,30.0,46.0,25.0,48.0,78.0,46.0,57.0,24.0,16.8,41.6,24.8,18.4,21.8,16.0,35.6
Andancette (26140),/management/ville/andancette/ville-26009,5.0,35.0,40.0,125.0,179.0,239.0,349.0,318.0,142.0,167.0,36.0,35.5,35.5,26.3,12.2,16.8,16.3,18.0
Brandérion (56700),/management/ville/branderion/ville-56021,5.0,25.0,60.0,185.0,190.0,155.0,198.0,331.0,176.0,247.0,16.4,25.1,43.0,25.1,16.6,20.3,24.0,27.8
Cherier (42430),/management/ville/cherier/ville-42061,40.0,15.0,10.0,35.0,65.0,45.0,217.0,86.0,73.0,34.0,49.8,56.4,25.1,16.6,18.1,17.4,7.0,9.7
Artigues-près-Bordeaux (33370),/management/ville/artigues-pres-bordeaux/ville-33013,31.0,242.0,629.0,1246.0,1332.0,785.0,1336.0,1794.0,1237.0,1957.0,20.4,21.8,30.1,25.0,19.4,19.7,30.0,31.7
Baudignan (40310),/management/ville/baudignan/ville-40030,11.0,0.0,0.0,15.0,5.0,15.0,17.0,14.0,6.0,13.0,34.5,35.0,34.5,19.0,10.3,15.0,20.7,30.0
Beauville (47470),/management/ville/beauville/ville-47025,25.0,10.0,20.0,80.0,85.0,30.0,131.0,131.0,84.0,107.0,23.2,34.5,33.9,22.5,19.6,17.5,23.2,24.0
Courgoul (63320),/management/ville/courgoul/ville-63122,0.0,0.0,0.0,6.0,6.0,17.0,17.0,16.0,11.0,11.0,32.3,26.9,29.0,25.9,19.4,23.1,19.4,23.1
Campeaux (60220),/management/ville/campeaux/ville-60122,0.0,27.0,32.0,43.0,53.0,107.0,129.0,130.0,59.0,65.0,32.3,35.2,42.3,24.4,10.6,19.7,14.8,19.2
Bussac (24350),/management/ville/bussac/ville-24069,0.0,30.0,5.0,64.0,39.0,25.0,84.0,100.0,56.0,54.0,25.2,31.1,38.1,26.7,20.4,18.2,16.3,20.9
Aujac (30450),/management/ville/aujac/ville-30022,5.0,5.0,0.0,10.0,20.0,15.0,38.0,34.0,38.0,36.0,22.9,28.9,31.4,19.0,18.6,32.9,27.1,22.4
Blainville-sur-Mer (50560),/management/ville/blainville-sur-mer/ville-50058,35.0,50.0,70.0,150.0,160.0,144.0,427.0,355.0,217.0,304.0,27.8,37.4,33.1,21.0,15.0,18.1,24.1,22.7
Coltines (15170),/management/ville/coltines/ville-15053,51.0,15.0,5.0,15.0,127.0,62.0,100.0,123.0,60.0,53.0,24.3,35.0,48.0,23.3,17.3,19.0,10.4,21.5
Cérences (50510),/management/ville/cerences/ville-50109,26.0,46.0,21.0,134.0,268.0,253.0,580.0,463.0,223.0,180.0,34.0,45.8,41.7,21.7,14.7,16.1,9.7,14.9
Albert (80300),/management/ville/albert/ville-80016,8.0,229.0,231.0,830.0,1362.0,1516.0,2986.0,2350.0,1081.0,1132.0,28.4,48.8,40.0,21.3,17.2,12.0,14.5,15.4
Bonnac (15500),/management/ville/bonnac/ville-15022,25.0,0.0,10.0,5.0,25.0,15.0,51.0,46.0,21.0,30.0,32.9,36.4,36.6,22.2,13.4,15.2,17.1,24.2
Cormes (72400),/management/ville/cormes/ville-72093,10.0,25.0,45.0,110.0,110.0,225.0,199.0,259.0,95.0,153.0,25.3,31.3,44.2,25.1,12.4,14.6,18.1,25.4
Champagnac-de-Belair (24530),/management/ville/champagnac-de-belair/ville-24096,5.0,40.0,35.0,66.0,91.0,111.0,215.0,161.0,119.0,100.0,31.1,40.7,35.4,19.8,18.9,20.8,14.6,18.9
Avioth (55600),/management/ville/avioth/ville-55022,15.0,0.0,15.0,10.0,10.0,15.0,25.0,21.0,21.0,42.0,16.0,28.8,30.0,11.3,18.0,20.3,36.0,40.7
Castellare-di-Casinca (20213),/management/ville/castellare-di-casinca/ville-2B077,8.0,27.0,29.0,63.0,88.0,66.0,164.0,105.0,105.0,123.0,33.7,32.2,25.4,17.7,20.2,22.0,20.6,29.0
Creysse (24100),/management/ville/creysse/ville-24145,5.0,70.0,45.0,153.0,294.0,228.0,469.0,465.0,202.0,258.0,32.4,34.8,37.5,25.7,14.3,14.6,15.7,21.1
Dainville (62000),/management/ville/dainville/ville-62263,5.0,160.0,320.0,635.0,520.0,410.0,1331.0,1069.0,727.0,1165.0,25.1,35.8,28.4,20.8,18.2,15.9,28.3,26.2
Briollay (49125),/management/ville/briollay/ville-49048,0.0,91.0,205.0,439.0,377.0,291.0,415.0,559.0,409.0,678.0,18.4,21.8,31.8,22.1,19.0,20.7,30.7,35.0
Charencey (21690),/management/ville/charencey/ville-21144,8.0,0.0,4.0,4.0,0.0,0.0,6.0,9.0,6.0,5.0,8.3,35.7,41.7,25.0,33.3,14.3,16.7,21.4
Cuzorn (47500),/management/ville/cuzorn/ville-47077,5.0,40.0,15.0,90.0,89.0,75.0,225.0,222.0,129.0,102.0,29.8,36.3,38.6,25.1,18.1,20.2,13.5,16.7
Balnot-sur-Laignes (10110),/management/ville/balnot-sur-laignes/ville-10029,44.0,5.0,0.0,10.0,15.0,29.0,29.0,43.0,24.0,20.0,23.2,27.4,46.4,27.3,17.9,22.6,12.5,21.0
Benquet (40280),/management/ville/benquet/ville-40037,0.0,53.0,88.0,246.0,262.0,121.0,281.0,329.0,268.0,391.0,20.6,23.5,29.4,22.3,21.2,21.1,28.8,32.8
Claira (66530),/management/ville/claira/ville-66050,25.0,191.0,157.0,481.0,609.0,339.0,823.0,872.0,556.0,787.0,25.6,28.4,33.9,23.0,17.7,18.8,22.9,28.5
Bettoncourt (88500),/management/ville/bettoncourt/ville-88056,0.0,5.0,5.0,10.0,14.0,19.0,17.0,26.0,18.0,9.0,10.8,38.2,43.2,27.0,32.4,20.6,13.5,11.8
Baudinard-sur-Verdon (83630),/management/ville/baudinard-sur-verdon/ville-83014,0.0,15.0,5.0,5.0,40.0,15.0,34.0,53.0,52.0,45.0,17.2,19.8,33.3,26.5,23.7,33.0,25.8,23.1
Courjeonnet (51270),/management/ville/courjeonnet/ville-51186,5.0,0.0,0.0,0.0,5.0,10.0,15.0,10.0,10.0,7.0,20.0,50.0,40.0,9.5,35.0,13.6,5.0,27.3
Aujan-Mournède (32300),/management/ville/aujan-mournede/ville-32015,0.0,0.0,0.0,15.0,10.0,5.0,36.0,19.0,9.0,14.0,45.9,46.3,32.4,16.3,10.8,12.2,10.8,24.4
Céreste (04280),/management/ville/cereste/ville-04045,30.0,40.0,20.0,65.0,130.0,110.0,315.0,225.0,154.0,236.0,30.8,36.5,29.4,19.0,16.8,16.3,23.0,27.5
Brandeville (55150),/management/ville/brandeville/ville-55071,0.0,0.0,0.0,5.0,26.0,36.0,50.0,38.0,18.0,22.0,39.1,40.0,39.1,19.7,9.4,18.5,12.5,21.5
Blainville-sur-Orne (14550),/management/ville/blainville-sur-orne/ville-14076,0.0,113.0,270.0,703.0,959.0,713.0,1184.0,1250.0,749.0,980.0,25.2,31.2,36.0,23.6,16.9,18.9,22.0,24.9
Beauvilliers (28150),/management/ville/beauvilliers/ville-28032,15.0,10.0,25.0,20.0,45.0,91.0,54.0,77.0,49.0,57.0,18.6,27.4,40.7,23.1,21.2,20.5,19.5,28.2
Albertacce (20224),/management/ville/albertacce/ville-2B007,16.0,13.0,1.0,12.0,19.0,6.0,78.0,36.0,30.0,30.0,55.2,32.1,16.7,23.8,16.7,17.9,11.5,24.4
Andé (27430),/management/ville/ande/ville-27015,5.0,15.0,98.0,152.0,117.0,171.0,214.0,243.0,181.0,257.0,19.8,27.8,31.6,22.1,21.6,19.0,27.0,30.2
Artins (41800),/management/ville/artins/ville-41004,10.0,15.0,5.0,10.0,39.0,39.0,86.0,65.0,21.0,37.0,35.4,47.3,39.4,20.3,9.1,10.9,16.2,19.1
Campénéac (56800),/management/ville/campeneac/ville-56032,10.0,56.0,82.0,210.0,271.0,271.0,352.0,487.0,259.0,327.0,19.9,29.5,42.1,24.2,18.6,17.7,19.4,26.5
Bussac-Forêt (17210),/management/ville/bussac-foret/ville-17074,5.0,34.0,24.0,64.0,200.0,147.0,275.0,271.0,123.0,101.0,34.1,37.2,39.5,27.3,14.9,17.0,11.5,14.7
Châtillon (69380),/management/ville/chatillon/ville-69050,10.0,88.0,274.0,289.0,258.0,103.0,295.0,379.0,249.0,664.0,17.1,20.0,27.1,19.7,16.0,15.4,39.8,43.8
Bonnac-la-Côte (87270),/management/ville/bonnac-la-cote/ville-87020,0.0,67.0,102.0,295.0,250.0,163.0,271.0,376.0,225.0,328.0,20.1,25.1,38.5,23.1,17.3,20.2,24.1,30.7
Avirey-Lingey (10340),/management/ville/avirey-lingey/ville-10022,21.0,0.0,16.0,5.0,26.0,37.0,49.0,56.0,31.0,27.0,29.9,30.2,37.7,27.4,19.5,19.8,13.0,19.8
Arçay (86200),/management/ville/arcay/ville-86008,5.0,14.0,5.0,20.0,43.0,63.0,120.0,102.0,42.0,34.0,37.0,44.1,38.3,25.6,13.6,14.7,11.1,11.8
Cormicy (51220),/management/ville/cormicy/ville-51171,10.0,49.0,128.0,168.0,158.0,178.0,240.0,268.0,212.0,308.0,22.8,24.1,31.4,21.1,18.2,23.3,27.7,32.1
Dainville-Bertheléville (55130),/management/ville/dainville-bertheleville/ville-55142,0.0,0.0,0.0,0.0,20.0,10.0,33.0,37.0,17.0,13.0,32.6,34.5,34.8,31.8,15.2,18.2,17.4,9.1
Brion (01460),/management/ville/brion/ville-01063,0.0,20.0,15.0,50.0,50.0,90.0,126.0,112.0,69.0,84.0,27.4,37.1,37.1,20.5,13.2,22.2,22.3,20.6
Courlac (16210),/management/ville/courlac/ville-16112,0.0,10.0,0.0,0.0,0.0,0.0,20.0,12.0,5.0,12.0,40.7,43.5,33.3,14.3,0.0,21.7,25.9,21.7
Charencey (61190),/management/ville/charencey/ville-61429,15.0,20.0,15.0,49.0,116.0,133.0,246.0,175.0,88.0,80.0,38.6,45.0,34.6,22.8,13.8,16.2,13.1,14.1
Creysse (46600),/management/ville/creysse/ville-46084,19.0,24.0,5.0,33.0,33.0,38.0,72.0,58.0,52.0,69.0,24.6,32.8,32.5,15.0,18.3,23.2,24.6,30.4
Cuzy (71320),/management/ville/cuzy/ville-71166,10.0,0.0,0.0,15.0,10.0,10.0,18.0,22.0,32.0,18.0,17.0,23.3,31.9,20.0,36.2,34.9,14.9,25.6
Chérigné (79170),/management/ville/cherigne/ville-79085,6.0,11.0,6.0,23.0,28.0,17.0,52.0,33.0,30.0,22.0,33.8,43.8,25.4,21.7,26.8,15.6,14.1,17.2
Balogna (20160),/management/ville/balogna/ville-2A028,2.0,3.0,0.0,6.0,22.0,18.0,47.0,29.0,22.0,16.0,42.4,39.6,28.8,21.3,16.7,22.9,12.1,16.7
Castellare-di-Mercurio (20212),/management/ville/castellare-di-mercurio/ville-2B078,0.0,3.0,2.0,0.0,5.0,5.0,7.0,6.0,9.0,4.0,25.0,28.6,41.7,11.1,25.0,42.9,8.3,21.4
Bettrechies (59570),/management/ville/bettrechies/ville-59077,0.0,10.0,10.0,30.0,35.0,20.0,54.0,40.0,29.0,52.0,28.1,33.7,25.8,19.3,15.7,17.4,30.3,29.1
Bentayou-Sérée (64460),/management/ville/bentayou-seree/ville-64111,5.0,0.0,0.0,10.0,30.0,10.0,20.0,25.0,16.0,21.0,23.1,25.6,33.3,25.0,23.1,16.3,20.5,30.2
Coly-Saint-Amand (24120),/management/ville/coly-saint-amand/ville-24364,30.0,35.0,11.0,74.0,64.0,94.0,154.0,121.0,78.0,111.0,30.5,36.1,31.4,19.8,17.0,16.2,21.1,27.0
Clairac (47320),/management/ville/clairac/ville-47065,46.0,112.0,61.0,279.0,249.0,426.0,842.0,500.0,284.0,357.0,39.9,44.9,30.6,19.1,14.0,14.6,15.5,20.3
Champagnac-la-Noaille (19320),/management/ville/champagnac-la-noaille/ville-19039,0.0,5.0,10.0,10.0,42.0,26.0,60.0,69.0,36.0,38.0,25.0,34.0,39.0,25.6,20.0,15.5,16.0,21.4
Céret (66400),/management/ville/ceret/ville-66049,25.0,265.0,320.0,703.0,1000.0,515.0,1916.0,1559.0,1166.0,1576.0,26.2,34.6,30.9,20.2,17.2,20.0,25.7,25.1
Aujargues (30250),/management/ville/aujargues/ville-30023,0.0,50.0,40.0,110.0,115.0,59.0,188.0,174.0,105.0,199.0,28.9,27.8,31.1,20.2,16.1,15.5,23.9,35.4
Baudoncourt (70300),/management/ville/baudoncourt/ville-70055,0.0,30.0,5.0,20.0,50.0,136.0,143.0,158.0,55.0,34.0,30.3,42.9,48.7,27.4,14.9,13.3,6.2,11.2
Artix (09120),/management/ville/artix/ville-09021,16.0,11.0,5.0,0.0,26.0,21.0,29.0,26.0,22.0,26.0,26.9,27.8,26.9,24.1,19.2,24.1,26.9,24.1
Blairville (62173),/management/ville/blairville/ville-62135,10.0,5.0,10.0,25.0,45.0,50.0,59.0,75.0,42.0,56.0,20.2,30.1,41.3,23.8,13.8,22.0,24.8,23.6
Bussac-sur-Charente (17100),/management/ville/bussac-sur-charente/ville-17073,5.0,65.0,15.0,176.0,176.0,125.0,263.0,358.0,178.0,206.0,23.0,29.3,41.7,27.0,16.1,19.1,19.3,21.7
Campestre-et-Luc (30770),/management/ville/campestre-et-luc/ville-30064,10.0,10.0,5.0,5.0,10.0,0.0,29.0,16.0,16.0,29.0,27.7,36.4,25.5,12.5,17.0,20.5,29.8,31.8
Chérisay (72610),/management/ville/cherisay/ville-72079,4.0,10.0,19.0,63.0,38.0,48.0,54.0,66.0,42.0,57.0,25.6,23.7,37.2,22.3,14.0,24.7,23.1,29.9
Beauvilliers (89630),/management/ville/beauvilliers/ville-89032,11.0,0.0,0.0,11.0,16.0,16.0,17.0,28.0,8.0,13.0,12.9,38.2,54.8,27.5,6.5,14.7,25.8,14.7
Cys-la-Commune (02220),/management/ville/cys-la-commune/ville-02255,5.0,0.0,5.0,10.0,14.0,29.0,35.0,28.0,17.0,20.0,35.3,35.4,29.4,24.0,13.7,20.8,21.6,18.8
Châtillon (92320),/management/ville/chatillon/ville-92020,1.0,874.0,8068.0,5470.0,4273.0,1328.0,4708.0,3548.0,3954.0,13537.0,16.3,20.0,15.0,13.1,15.1,15.6,53.5,51.7
Arceau (21310),/management/ville/arceau/ville-21016,5.0,28.0,99.0,122.0,80.0,75.0,83.0,140.0,118.0,270.0,11.8,15.3,28.9,17.6,17.4,21.1,41.8,46.8
Combaillaux (34980),/management/ville/combaillaux/ville-34082,5.0,40.0,192.0,177.0,144.0,49.0,143.0,175.0,155.0,566.0,13.5,14.0,19.7,14.2,13.2,16.8,53.6,55.4
Creysseilles (07000),/management/ville/creysseilles/ville-07074,16.0,5.0,5.0,5.0,31.0,5.0,32.0,26.0,25.0,28.0,32.1,27.3,32.1,16.0,19.6,23.6,16.1,34.5
Brion (36110),/management/ville/brion/ville-36026,14.0,9.0,19.0,19.0,94.0,104.0,109.0,141.0,77.0,63.0,24.6,30.5,43.5,26.7,19.4,20.5,12.6,20.0
Aviron (27930),/management/ville/aviron/ville-27031,5.0,54.0,118.0,158.0,133.0,108.0,178.0,227.0,145.0,287.0,19.2,23.2,31.5,22.5,13.7,21.0,35.6,32.9
Albertville (73200),/management/ville/albertville/ville-73011,16.0,496.0,806.0,1869.0,2646.0,2566.0,5005.0,4114.0,2196.0,3136.0,29.8,38.8,32.8,22.3,16.3,14.2,21.0,22.3
Charency (39250),/management/ville/charency/ville-39108,0.0,5.0,0.0,10.0,5.0,10.0,13.0,4.0,11.0,14.0,30.4,31.6,13.0,5.9,34.8,15.8,21.7,47.4
Andechy (80700),/management/ville/andechy/ville-80023,10.0,20.0,10.0,25.0,15.0,36.0,78.0,47.0,28.0,38.0,37.4,46.2,33.3,15.6,12.1,16.5,17.2,22.0
Aujeurres (52190),/management/ville/aujeurres/ville-52027,0.0,0.0,0.0,10.0,5.0,20.0,24.0,20.0,12.0,6.0,31.3,46.7,31.3,27.0,28.1,10.0,9.4,10.0
Courlandon (51170),/management/ville/courlandon/ville-51187,0.0,0.0,10.0,40.0,45.0,35.0,43.0,52.0,32.0,66.0,21.9,22.7,28.1,23.6,16.7,16.5,33.3,35.1
Castellet-en-Luberon (84400),/management/ville/castellet-en-luberon/ville-84033,5.0,15.0,5.0,10.0,10.0,10.0,21.0,31.0,20.0,32.0,24.4,16.9,37.8,23.3,15.6,22.0,22.2,37.3
Cormolain (14240),/management/ville/cormolain/ville-14182,5.0,10.0,5.0,20.0,25.0,91.0,118.0,80.0,40.0,54.0,36.7,44.1,34.7,18.8,12.2,15.4,16.3,21.0
Bonnal (25680),/management/ville/bonnal/ville-25072,0.0,0.0,6.0,0.0,6.0,6.0,5.0,7.0,6.0,9.0,0.0,35.7,46.2,8.3,15.4,21.4,38.5,35.7
Daix (21121),/management/ville/daix/ville-21223,0.0,63.0,214.0,189.0,105.0,63.0,225.0,173.0,193.0,493.0,18.1,23.3,20.1,13.0,16.8,18.7,45.0,45.9
Bény (01370),/management/ville/beny/ville-01038,5.0,30.0,45.0,95.0,105.0,115.0,139.0,178.0,105.0,132.0,23.2,26.9,39.9,24.0,16.2,21.6,20.7,26.9
Brandivy (56390),/management/ville/brandivy/ville-56022,15.0,45.0,15.0,140.0,215.0,190.0,227.0,281.0,186.0,218.0,21.8,28.0,37.6,23.2,20.1,20.7,20.5,27.3
Champagnac-la-Prune (19320),/management/ville/champagnac-la-prune/ville-19040,0.0,5.0,10.0,25.0,15.0,10.0,48.0,43.0,21.0,26.0,23.8,44.0,41.3,21.5,12.7,17.3,22.2,16.0
Balot (21330),/management/ville/balot/ville-21044,4.0,0.0,0.0,0.0,21.0,8.0,23.0,23.0,12.0,11.0,34.2,32.3,34.2,27.0,21.1,12.9,10.5,22.6
Clairavaux (23500),/management/ville/clairavaux/ville-23063,10.0,5.0,5.0,0.0,5.0,10.0,44.0,32.0,25.0,30.0,27.7,38.5,27.7,20.9,20.0,18.5,24.6,21.5
Cerfontaine (59680),/management/ville/cerfontaine/ville-59142,5.0,44.0,24.0,83.0,88.0,117.0,88.0,141.0,129.0,139.0,15.7,19.9,32.2,24.8,26.4,25.4,25.6,30.1
Baudonvilliers (55170),/management/ville/baudonvilliers/ville-55031,0.0,10.0,14.0,34.0,48.0,30.0,91.0,115.0,53.0,59.0,23.5,34.5,44.1,24.5,17.1,16.9,15.3,21.6
Dieulouard (54380),/management/ville/dieulouard/ville-54157,0.0,70.0,155.0,575.0,710.0,715.0,1132.0,1191.0,594.0,661.0,25.8,37.2,39.3,24.7,17.2,16.0,17.7,19.2
Cysoing (59830),/management/ville/cysoing/ville-59168,10.0,240.0,611.0,691.0,621.0,294.0,939.0,675.0,533.0,1375.0,22.8,30.1,21.9,16.5,15.2,15.1,40.1,38.1
Blaise-sous-Arzillières (51300),/management/ville/blaise-sous-arzillieres/ville-51066,0.0,5.0,0.0,25.0,35.0,60.0,112.0,108.0,32.0,28.0,38.0,41.7,48.1,26.1,8.5,13.9,5.4,13.9
Albestroff (57670),/management/ville/albestroff/ville-57011,0.0,10.0,25.0,100.0,70.0,100.0,192.0,162.0,76.0,91.0,33.2,41.2,34.6,23.9,14.8,14.3,17.3,17.6
Chérisey (57420),/management/ville/cherisey/ville-57139,5.0,5.0,25.0,60.0,44.0,30.0,42.0,61.0,39.0,77.0,13.6,24.8,32.7,21.6,19.1,16.5,34.5,35.8
Artix (64170),/management/ville/artix/ville-64061,5.0,75.0,110.0,405.0,510.0,390.0,729.0,924.0,426.0,487.0,23.7,32.6,39.7,27.9,17.7,15.6,18.8,19.1
Creyssensac-et-Pissot (24380),/management/ville/creyssensac-et-pissot/ville-24146,10.0,5.0,10.0,54.0,40.0,49.0,29.0,61.0,49.0,59.0,12.7,16.2,36.3,25.8,22.5,27.3,28.4,31.3
Andel (22400),/management/ville/andel/ville-22002,21.0,25.0,50.0,149.0,161.0,146.0,195.0,241.0,144.0,204.0,21.3,28.4,36.5,22.9,20.6,16.4,21.6,30.4
Châtillon-Coligny (45230),/management/ville/chatillon-coligny/ville-45085,15.0,74.0,64.0,132.0,260.0,276.0,622.0,435.0,181.0,295.0,34.3,46.1,36.6,19.3,11.8,11.8,17.3,21.0
Charency-Vezin (54260),/management/ville/charency-vezin/ville-54118,0.0,11.0,16.0,58.0,101.0,106.0,147.0,164.0,82.0,72.0,29.6,33.5,42.9,25.9,15.0,20.2,12.4,18.5
Bettviller (57410),/management/ville/bettviller/ville-57074,0.0,0.0,55.0,105.0,110.0,135.0,235.0,183.0,81.0,144.0,27.8,45.5,33.4,20.1,17.8,7.4,20.9,23.8
Courlans (39570),/management/ville/courlans/ville-39170,0.0,40.0,66.0,81.0,91.0,136.0,210.0,241.0,122.0,126.0,29.7,30.4,36.7,28.6,15.9,18.8,17.7,18.3
Bény-sur-Mer (14440),/management/ville/beny-sur-mer/ville-14062,20.0,10.0,50.0,30.0,75.0,45.0,60.0,73.0,63.0,109.0,19.8,19.6,24.1,23.4,19.1,22.4,37.0,34.3
Combas (30250),/management/ville/combas/ville-30088,5.0,25.0,50.0,75.0,65.0,95.0,118.0,130.0,80.0,138.0,24.1,26.4,34.1,21.9,13.6,20.3,28.2,30.9
Dieupentale (82170),/management/ville/dieupentale/ville-82048,10.0,31.0,122.0,245.0,255.0,174.0,213.0,356.0,212.0,331.0,17.6,20.9,39.4,23.7,16.8,21.3,26.2,33.3
Bussang (88540),/management/ville/bussang/ville-88081,5.0,42.0,26.0,125.0,167.0,177.0,524.0,395.0,149.0,150.0,35.0,50.2,41.8,21.5,12.9,11.8,10.3,13.9
Castellet-lès-Sausses (04320),/management/ville/castellet-les-sausses/ville-04042,5.0,0.0,0.0,14.0,24.0,29.0,39.0,41.0,19.0,16.0,36.1,30.9,41.0,27.1,11.5,21.8,11.5,18.2
Cormont (62630),/management/ville/cormont/ville-62241,10.0,5.0,16.0,52.0,21.0,31.0,56.0,63.0,40.0,72.0,19.8,28.3,36.9,18.5,15.3,19.2,27.9,34.2
4.4
Arcenant (21700),/management/ville/arcenant/ville-21017,0.0,10.0,35.0,81.0,66.0,66.0,67.0,101.0,86.0,126.0,16.8,18.0,32.6,20.6,26.6,18.6,23.9,42.3
Dalem (57550),/management/ville/dalem/ville-57165,0.0,5.0,37.0,47.0,89.0,112.0,99.0,184.0,90.0,118.0,15.9,24.2,43.1,28.4,17.6,19.0,23.4,24.6
Bonnard (89400),/management/ville/bonnard/ville-89050,0.0,10.0,10.0,100.0,185.0,165.0,178.0,271.0,123.0,112.0,21.8,30.2,47.4,27.8,18.8,17.2,12.1,20.6
Champagnac-la-Rivière (87150),/management/ville/champagnac-la-riviere/ville-87034,25.0,5.0,10.0,45.0,95.0,50.0,146.0,163.0,76.0,91.0,26.3,34.6,45.1,23.5,12.1,19.3,16.5,21.3
Balschwiller (68210),/management/ville/balschwiller/ville-68018,16.0,10.0,67.0,114.0,114.0,104.0,129.0,213.0,98.0,172.0,16.8,25.3,38.2,27.5,15.1,16.9,29.9,26.3
Cœur de Causse (46240),/management/ville/coeur-de-causse/ville-46138,47.0,50.0,30.0,108.0,129.0,85.0,253.0,227.0,128.0,164.0,31.8,33.4,34.9,22.9,16.5,16.6,16.8,25.2
Clairefontaine-en-Yvelines (78120),/management/ville/clairefontaine-en-yvelines/ville-78164,0.0,50.0,125.0,115.0,95.0,25.0,97.0,100.0,115.0,321.0,13.7,16.8,17.1,15.4,16.7,19.5,52.5,49.1
Cergy (95000),/management/ville/cergy/ville-95127,21.0,969.0,5717.0,8095.0,10294.0,5229.0,10126.0,6711.0,7708.0,14720.0,24.9,26.6,18.5,16.6,18.5,20.6,38.1,36.9
Aujols (46090),/management/ville/aujols/ville-46010,0.0,0.0,21.0,46.0,31.0,26.0,56.0,62.0,62.0,92.0,23.1,18.1,26.1,20.9,19.4,26.1,31.3,36.2
Douville-sur-Andelle (27380),/management/ville/douville-sur-andelle/ville-27205,5.0,0.0,25.0,25.0,80.0,85.0,110.0,106.0,44.0,46.0,34.6,37.4,39.6,25.7,13.2,15.6,12.6,17.7
Andelain (02800),/management/ville/andelain/ville-02016,0.0,5.0,11.0,16.0,59.0,38.0,43.0,61.0,27.0,31.0,30.6,22.1,38.8,31.5,12.9,20.8,17.6,20.8
Albi (81000),/management/ville/albi/ville-81004,52.0,1278.0,2987.0,5568.0,6348.0,3237.0,10859.0,7703.0,6148.0,11384.0,26.1,33.3,25.5,17.9,16.6,17.3,31.8,31.3
Baudre (50000),/management/ville/baudre/ville-50034,5.0,20.0,30.0,121.0,55.0,45.0,71.0,103.0,73.0,152.0,15.4,20.1,28.7,21.5,20.7,16.3,35.1,40.7
Blaison-Saint-Sulpice (49320),/management/ville/blaison-saint-sulpice/ville-49029,12.0,42.0,99.0,188.0,93.0,88.0,223.0,215.0,179.0,291.0,20.9,28.1,28.0,19.4,20.6,18.8,30.5,33.5
Cherisy (28500),/management/ville/cherisy/ville-28098,5.0,85.0,139.0,265.0,214.0,160.0,398.0,427.0,214.0,341.0,25.7,32.1,35.5,23.9,15.5,15.5,23.3,25.9
Artolsheim (67390),/management/ville/artolsheim/ville-67011,5.0,20.0,50.0,104.0,159.0,150.0,183.0,264.0,128.0,146.0,20.6,30.4,43.7,26.4,16.6,19.2,19.0,21.5
Crézançay-sur-Cher (18190),/management/ville/crezancay-sur-cher/ville-18078,0.0,0.0,0.0,0.0,5.0,9.0,25.0,10.0,4.0,5.0,55.6,55.6,22.2,21.9,11.1,7.4,11.1,11.1
Avize (51190),/management/ville/avize/ville-51029,61.0,41.0,81.0,182.0,197.0,278.0,419.0,330.0,221.0,298.0,26.5,38.9,33.2,19.2,17.8,17.1,22.6,24.3
Courlaoux (39570),/management/ville/courlaoux/ville-39171,0.0,39.0,54.0,98.0,180.0,161.0,209.0,287.0,138.0,186.0,25.4,25.6,40.1,27.0,15.0,18.4,19.5,25.8
Égliseneuve-près-Billom (63160),/management/ville/egliseneuve-pres-billom/ville-63146,0.0,55.0,80.0,131.0,70.0,95.0,138.0,175.0,93.0,211.0,22.9,21.6,34.3,21.3,12.7,17.6,30.2,38.5
Bonnat (23220),/management/ville/bonnat/ville-23025,29.0,83.0,35.0,65.0,168.0,100.0,432.0,328.0,177.0,122.0,32.2,48.0,39.6,22.0,17.2,16.2,10.9,12.2
Béon (01350),/management/ville/beon/ville-01039,5.0,5.0,21.0,31.0,42.0,68.0,105.0,127.0,56.0,66.0,28.1,31.2,41.6,26.3,15.7,15.6,14.6,23.1
Dieuze (57260),/management/ville/dieuze/ville-57177,10.0,75.0,120.0,250.0,365.0,365.0,761.0,762.0,357.0,378.0,25.9,40.0,42.1,24.4,15.1,16.4,16.9,16.6
Arcens (07310),/management/ville/arcens/ville-07012,10.0,5.0,10.0,5.0,49.0,88.0,132.0,92.0,34.0,42.0,37.4,50.0,38.8,20.5,11.6,11.7,12.2,15.6
Campet-et-Lamolère (40090),/management/ville/campet-et-lamolere/ville-40062,0.0,13.0,17.0,75.0,75.0,29.0,49.0,99.0,57.0,85.0,15.9,18.6,40.7,26.0,15.9,23.4,27.6,31.0
Castello-di-Rostino (20235),/management/ville/castello-di-rostino/ville-2B079,7.0,21.0,17.0,39.0,74.0,38.0,139.0,90.0,68.0,67.0,38.0,37.9,27.5,21.5,18.1,19.5,16.4,20.5
3.1
Brandonnet (12350),/management/ville/brandonnet/ville-12034,15.0,20.0,20.0,15.0,65.0,50.0,76.0,89.0,42.0,46.0,23.2,36.5,42.4,25.4,15.2,18.3,19.2,17.5
Charens (26310),/management/ville/charens/ville-26076,0.0,5.0,0.0,5.0,5.0,5.0,4.0,6.0,8.0,9.0,15.4,14.3,23.1,20.0,46.2,14.3,15.4,50.0
Cormontreuil (51350),/management/ville/cormontreuil/ville-51172,5.0,150.0,495.0,795.0,678.0,460.0,1429.0,1359.0,784.0,1476.0,25.2,30.9,31.6,21.4,15.2,15.8,27.9,30.3
Bettwiller (67320),/management/ville/bettwiller/ville-67036,0.0,5.0,10.0,35.0,65.0,45.0,64.0,113.0,37.0,34.0,17.3,35.0,56.7,28.0,15.7,14.2,10.2,17.5
Baudrecourt (52110),/management/ville/baudrecourt/ville-52039,0.0,0.0,5.0,5.0,10.0,20.0,40.0,23.0,5.0,9.0,55.3,47.4,36.8,21.4,0.0,13.2,7.9,15.8
,19.5
Champagnac-le-Vieux (43440),/management/ville/champagnac-le-vieux/ville-43052,10.0,25.0,0.0,0.0,15.0,10.0,81.0,54.0,24.0,21.0,37.5,52.2,37.5,21.2,11.4,15.2,13.6,9.8
Albiac (31460),/management/ville/albiac/ville-31006,0.0,5.0,15.0,26.0,20.0,10.0,30.0,39.0,32.0,47.0,15.7,23.7,34.3,19.7,22.9,19.7,27.1,36.8
Cœuvres-et-Valsery (02600),/management/ville/coeuvres-et-valsery/ville-02201,5.0,10.0,15.0,40.0,30.0,70.0,167.0,84.0,49.0,58.0,37.5,52.8,32.6,16.9,11.8,15.0,18.1,15.0
Dalhain (57340),/management/ville/dalhain/ville-57166,5.0,5.0,5.0,10.0,30.0,20.0,30.0,28.0,18.0,6.0,31.0,42.5,45.2,22.5,21.4,22.5,2.4,12.5
Combeaufontaine (70120),/management/ville/combeaufontaine/ville-70165,5.0,10.0,5.0,54.0,64.0,94.0,121.0,131.0,78.0,65.0,27.5,34.0,39.0,25.4,19.5,19.6,14.0,19.1
Andelaroche (03120),/management/ville/andelaroche/ville-03004,15.0,0.0,10.0,15.0,20.0,20.0,79.0,68.0,26.0,23.0,34.0,47.3,44.7,21.6,12.6,14.0,8.7,15.1
Bonnay (25870),/management/ville/bonnay/ville-25073,0.0,29.0,94.0,133.0,118.0,65.0,140.0,152.0,91.0,201.0,23.5,24.5,26.9,22.5,18.0,13.1,31.6,37.2
Aulan (26570),/management/ville/aulan/ville-26018,0.0,0.0,0.0,0.0,5.0,5.0,2.0,4.0,0.0,2.0,0.0,66.7,80.0,0.0,0.0,0.0,20.0,33.3
Escalquens (31750),/management/ville/escalquens/ville-31169,0.0,160.0,975.0,905.0,890.0,375.0,826.0,872.0,784.0,2332.0,14.5,19.6,20.8,16.0,14.3,18.1,50.3,46.7
Chérisy (62128),/management/ville/cherisy/ville-62223,15.0,10.0,10.0,54.0,30.0,40.0,57.0,43.0,36.0,76.0,29.5,24.8,25.7,15.2,15.2,18.3,29.5,42.2
Crézancy (02650),/management/ville/crezancy/ville-02239,0.0,10.0,25.0,84.0,214.0,174.0,224.0,267.0,152.0,177.0,24.6,30.0,38.6,25.3,17.0,19.8,19.8,23.1
Balsièges (48000),/management/ville/balsieges/ville-48016,0.0,5.0,15.0,74.0,98.0,64.0,79.0,101.0,93.0,128.0,19.6,19.7,31.6,19.3,22.0,24.4,26.8,37.8
Blaisy (52330),/management/ville/blaisy/ville-52053,0.0,10.0,0.0,10.0,15.0,0.0,21.0,10.0,13.0,13.0,32.1,41.4,21.4,15.4,21.4,24.1,25.0,20.7
Artonne (63460),/management/ville/artonne/ville-63012,29.0,15.0,34.0,142.0,113.0,69.0,139.0,200.0,113.0,210.0,16.9,25.5,36.4,22.5,16.6,17.5,30.2,33.1
Courlay (79440),/management/ville/courlay/ville-79103,65.0,50.0,15.0,249.0,264.0,557.0,867.0,496.0,289.0,262.0,39.6,50.7,31.3,19.4,16.7,13.7,12.4,14.9
Dalhunden (67770),/management/ville/dalhunden/ville-67082,0.0,33.0,38.0,148.0,191.0,234.0,232.0,315.0,146.0,158.0,24.6,30.0,43.4,27.2,15.8,18.6,16.2,21.0
Betz (60620),/management/ville/betz/ville-60069,10.0,5.0,62.0,172.0,236.0,185.0,216.0,247.0,179.0,175.0,26.6,26.2,36.1,24.4,19.4,24.4,17.9,24.9
Arces (17120),/management/ville/arces/ville-17015,35.0,25.0,15.0,50.0,115.0,115.0,159.0,177.0,120.0,116.0,25.1,30.4,37.3,24.8,17.2,24.6,20.4,20.1
Béon (89410),/management/ville/beon/ville-89037,5.0,15.0,40.0,96.0,45.0,60.0,106.0,130.0,72.0,82.0,26.4,27.9,37.3,26.2,19.7,17.3,16.6,25.4
Diéval (62460),/management/ville/dieval/ville-62269,15.0,25.0,35.0,90.0,105.0,100.0,168.0,178.0,104.0,106.0,24.5,35.5,38.1,23.8,21.5,16.2,15.8,22.1
Camphin-en-Carembault (59133),/management/ville/camphin-en-carembault/ville-59123,10.0,59.0,174.0,268.0,154.0,94.0,245.0,292.0,229.0,425.0,17.5,23.5,28.4,20.4,19.4,19.1,34.7,36.7
Cérilly (21330),/management/ville/cerilly/ville-21125,15.0,15.0,5.0,15.0,5.0,15.0,75.0,49.0,28.0,30.0,44.1,38.9,26.9,24.5,12.9,17.8,16.1,16.7
Albiac (46500),/management/ville/albiac/ville-46002,15.0,0.0,0.0,10.0,5.0,0.0,13.0,16.0,18.0,14.0,16.7,25.8,26.7,25.8,33.3,25.8,23.3,22.6
D'Huison-Longueville (91590),/management/ville/d-huison-longueville/ville-91198,10.0,59.0,141.0,247.0,201.0,114.0,291.0,284.0,221.0,318.0,26.2,26.3,29.5,21.0,19.9,19.7,24.4,32.6
Andelarre (70000),/management/ville/andelarre/ville-70019,0.0,0.0,10.0,20.0,10.0,10.0,28.0,27.0,18.0,33.0,21.8,31.4,30.9,18.9,18.2,15.7,29.1,33.3
Châtillon-en-Diois (26410),/management/ville/chatillon-en-diois/ville-26086,20.0,69.0,35.0,70.0,65.0,30.0,167.0,127.0,106.0,153.0,24.1,36.4,30.7,15.8,20.0,18.2,25.2,30.0
Castelmary (12800),/management/ville/castelmary/ville-12060,10.0,10.0,10.0,0.0,10.0,0.0,39.0,22.0,23.0,19.0,30.8,44.0,26.9,16.0,28.8,16.0,13.5,24.0
Cormoranche-sur-Saône (01290),/management/ville/cormoranche-sur-saone/ville-01123,15.0,45.0,45.0,155.0,115.0,175.0,220.0,258.0,145.0,197.0,25.8,27.9,37.7,23.8,15.5,20.0,21.0,27.2
Aulas (30120),/management/ville/aulas/ville-30024,15.0,31.0,53.0,30.0,61.0,30.0,112.0,90.0,70.0,100.0,28.0,31.9,30.7,18.4,15.9,22.0,25.4,28.6
Artres (59269),/management/ville/artres/ville-59019,5.0,45.0,100.0,130.0,110.0,99.0,176.0,191.0,114.0,269.0,19.5,27.5,30.1,20.2,12.4,18.1,38.0,33.7
Étréaupont (02580),/management/ville/etreaupont/ville-02295,15.0,45.0,15.0,75.0,100.0,135.0,283.0,189.0,103.0,79.0,40.6,46.0,32.1,23.0,17.3,14.2,10.0,14.2
Charensat (63640),/management/ville/charensat/ville-63094,25.0,35.0,25.0,25.0,40.0,65.0,162.0,129.0,70.0,73.0,26.1,47.3,40.1,18.9,20.3,12.4,13.5,19.9
Églisolles (63840),/management/ville/eglisolles/ville-63147,5.0,0.0,10.0,20.0,40.0,5.0,88.0,60.0,42.0,34.0,32.5,46.7,35.0,17.8,19.7,17.8,12.8,17.8
Combefa (81640),/management/ville/combefa/ville-81068,0.0,5.0,10.0,0.0,45.0,10.0,25.0,53.0,17.0,27.0,15.4,26.3,61.5,22.8,6.2,22.8,16.9,28.1
Douvrend (76630),/management/ville/douvrend/ville-76220,0.0,10.0,5.0,60.0,55.0,95.0,128.0,103.0,70.0,77.0,30.9,37.0,35.1,19.0,18.0,19.0,16.0,25.0
Chérizet (71250),/management/ville/cherizet/ville-71125,0.0,0.0,0.0,0.0,0.0,0.0,6.0,4.0,2.0,7.0,41.7,14.3,33.3,0.0,8.3,14.3,16.7,71.4
Baltzenheim (68320),/management/ville/baltzenheim/ville-68019,0.0,10.0,35.0,64.0,88.0,129.0,119.0,168.0,75.0,56.0,24.9,31.8,44.5,30.1,18.7,17.5,12.0,15.2
Baudrecourt (57580),/management/ville/baudrecourt/ville-57054,0.0,15.0,15.0,30.0,15.0,10.0,36.0,49.0,20.0,35.0,15.9,33.8,44.4,23.6,17.5,11.7,22.2,27.3
Crézancy-en-Sancerre (18300),/management/ville/crezancy-en-sancerre/ville-18079,26.0,20.0,5.0,62.0,25.0,35.0,123.0,118.0,73.0,67.0,26.6,37.2,37.5,23.6,20.1,18.6,15.8,19.1
Blaisy-Bas (21540),/management/ville/blaisy-bas/ville-21080,0.0,20.0,46.0,102.0,102.0,56.0,108.0,161.0,92.0,135.0,17.9,25.4,41.9,22.6,15.9,21.4,24.4,30.2
Dabo (57850),/management/ville/dabo/ville-57163,20.0,75.0,60.0,254.0,318.0,442.0,807.0,695.0,272.0,300.0,32.1,45.5,41.7,23.1,11.9,14.2,14.2,14.7
Escames (60380),/management/ville/escames/ville-60217,15.0,0.0,15.0,5.0,45.0,20.0,49.0,50.0,28.0,37.0,23.3,37.2,31.4,25.6,19.8,14.1,25.6,19.2
Brandonvillers (51290),/management/ville/brandonvillers/ville-51080,5.0,5.0,0.0,31.0,16.0,26.0,50.0,40.0,30.0,13.0,37.7,37.5,37.7,23.0,18.8,26.6,5.8,14.1
Clairegoutte (70200),/management/ville/clairegoutte/ville-70157,0.0,0.0,20.0,25.0,69.0,64.0,114.0,98.0,32.0,52.0,33.3,43.1,40.3,23.0,11.1,10.5,15.3,19.6
Dallon (02680),/management/ville/dallon/ville-02257,5.0,0.0,45.0,45.0,45.0,15.0,80.0,91.0,59.0,95.0,25.6,23.7,30.8,23.5,19.2,17.2,24.4,33.7
Cormost (10800),/management/ville/cormost/ville-10104,0.0,10.0,15.0,50.0,35.0,15.0,59.0,66.0,46.0,57.0,21.7,30.1,33.9,22.0,25.2,15.0,19.1,31.0
Béost (64440),/management/ville/beost/ville-64110,5.0,0.0,5.0,40.0,15.0,25.0,31.0,50.0,36.0,58.0,16.7,19.0,36.7,20.2,21.1,20.2,25.6,40.5
Arces-Dilo (89320),/management/ville/arces-dilo/ville-89014,41.0,5.0,20.0,41.0,46.0,72.0,210.0,171.0,56.0,65.0,35.7,47.3,41.5,23.4,11.2,11.1,11.6,14.5
Albias (82350),/management/ville/albias/ville-82002,25.0,94.0,99.0,362.0,462.0,328.0,720.0,706.0,424.0,522.0,27.7,32.7,35.5,23.4,16.7,19.0,20.2,23.6
Aulhat-Flat (63500),/management/ville/aulhat-flat/ville-63160,10.0,40.0,60.0,104.0,139.0,109.0,144.0,241.0,121.0,193.0,19.2,22.0,41.5,25.0,17.2,17.7,22.1,32.9
Andelarrot (70000),/management/ville/andelarrot/ville-70020,0.0,15.0,15.0,34.0,24.0,10.0,29.0,50.0,25.0,54.0,16.0,21.5,40.7,20.2,17.3,15.2,25.9,41.8
Crézilles (54113),/management/ville/crezilles/ville-54146,5.0,15.0,10.0,34.0,44.0,34.0,46.0,68.0,37.0,52.0,21.2,24.5,39.4,24.5,20.2,15.3,19.2,32.7
Bonnay (71460),/management/ville/bonnay/ville-71042,0.0,0.0,15.0,10.0,29.0,29.0,106.0,74.0,34.0,74.0,35.0,39.0,30.1,18.8,13.3,11.0,21.7,29.5
Châtillon-en-Vendelais (35210),/management/ville/chatillon-en-vendelais/ville-35072,71.0,46.0,81.0,172.0,212.0,253.0,348.0,415.0,207.0,251.0,23.9,32.8,43.5,23.5,14.6,19.3,17.9,23.1
Betz-le-Château (37600),/management/ville/betz-le-chateau/ville-37026,45.0,10.0,10.0,30.0,50.0,50.0,149.0,125.0,115.0,72.0,26.6,37.9,32.3,21.8,28.8,21.1,12.2,19.0
Diffembach-lès-Hellimer (57660),/management/ville/diffembach-les-hellimer/ville-57178,0.0,5.0,0.0,35.0,45.0,60.0,73.0,101.0,49.0,41.0,16.4,38.2,46.1,26.6,22.7,14.7,14.8,16.2
Félines (43160),/management/ville/felines/ville-43093,10.0,10.0,0.0,10.0,20.0,60.0,86.0,84.0,37.0,35.0,34.1,37.3,42.4,23.3,14.4,16.4,9.1,20.9
Castelmaurou (31180),/management/ville/castelmaurou/ville-31117,10.0,170.0,475.0,595.0,415.0,230.0,675.0,692.0,512.0,1225.0,18.2,25.0,26.0,18.4,17.4,15.7,38.4,40.4
Camphin-en-Pévèle (59780),/management/ville/camphin-en-pevele/ville-59124,15.0,75.0,380.0,370.0,240.0,155.0,313.0,293.0,249.0,724.0,16.4,23.0,21.4,15.7,16.9,14.7,45.2,46.4
Dachstein (67120),/management/ville/dachstein/ville-67080,5.0,25.0,145.0,290.0,200.0,300.0,209.0,437.0,251.0,418.0,11.5,20.0,39.0,25.5,19.2,19.0,30.3,33.2
Artzenheim (68320),/management/ville/artzenheim/ville-68009,10.0,30.0,50.0,119.0,99.0,114.0,136.0,209.0,109.0,154.0,16.3,28.7,42.7,24.5,16.0,20.0,25.1,25.3
Cormot-Vauchignon (21340),/management/ville/cormot-vauchignon/ville-21195,0.0,10.0,10.0,20.0,20.0,25.0,41.0,43.0,33.0,46.0,19.8,31.3,32.1,19.8,22.2,18.8,25.9,30.0
Douvres (01500),/management/ville/douvres/ville-01149,0.0,41.0,89.0,149.0,134.0,99.0,138.0,221.0,144.0,275.0,15.0,20.4,33.2,22.8,17.6,19.3,34.2,36.4
Chermignac (17460),/management/ville/chermignac/ville-17102,15.0,44.0,54.0,184.0,184.0,146.0,230.0,315.0,182.0,234.0,21.7,26.3,35.6,26.6,20.2,17.7,22.5,26.3
Baudreix (64800),/management/ville/baudreix/ville-64101,0.0,20.0,35.0,61.0,76.0,101.0,93.0,128.0,73.0,102.0,22.9,23.9,37.6,25.6,15.6,21.3,23.9,27.7
Égly (91520),/management/ville/egly/ville-91207,0.0,129.0,323.0,777.0,768.0,657.0,1285.0,951.0,757.0,901.0,32.9,33.1,28.3,20.8,18.4,20.4,20.4,25.6
Charentay (69220),/management/ville/charentay/ville-69045,25.0,60.0,70.0,150.0,195.0,135.0,175.0,284.0,177.0,261.0,17.2,21.7,38.5,24.1,19.3,20.2,25.1,32.8
Balzac (16430),/management/ville/balzac/ville-16026,20.0,20.0,91.0,156.0,201.0,151.0,256.0,329.0,192.0,255.0,19.1,30.2,40.4,23.0,16.1,21.0,24.4,25.2
Cérilly (89320),/management/ville/cerilly/ville-89065,0.0,0.0,0.0,0.0,0.0,10.0,19.0,9.0,6.0,3.0,45.0,58.8,35.0,12.5,15.0,17.6,5.0,11.8
Blaisy-Haut (21540),/management/ville/blaisy-haut/ville-21081,0.0,5.0,10.0,10.0,20.0,20.0,19.0,28.0,26.0,23.0,23.4,17.4,38.3,22.0,23.4,30.4,14.9,32.6
Aullène (20116),/management/ville/aullene/ville-2A024,3.0,9.0,3.0,8.0,28.0,36.0,72.0,32.0,43.0,15.0,44.6,43.5,19.6,20.6,30.4,21.7,5.4,14.5
Foug (54570),/management/ville/foug/ville-54205,0.0,25.0,76.0,194.0,403.0,418.0,771.0,708.0,315.0,246.0,30.8,44.3,43.2,24.1,14.9,16.0,11.1,12.9
Arcey (21410),/management/ville/arcey/ville-21018,0.0,0.0,5.0,5.0,5.0,5.0,6.0,17.0,9.0,6.0,10.5,21.1,52.6,33.3,21.1,26.3,15.8,15.8
Albières (11330),/management/ville/albieres/ville-11007,0.0,0.0,0.0,31.0,15.0,10.0,24.0,20.0,18.0,30.0,27.1,24.4,27.1,15.4,20.8,19.5,25.0,41.5
Dalou (09120),/management/ville/dalou/ville-09104,0.0,25.0,55.0,85.0,125.0,50.0,135.0,193.0,115.0,165.0,19.2,25.1,35.0,26.0,19.2,18.6,26.6,27.7
Clairfayts (59740),/management/ville/clairfayts/ville-59148,0.0,10.0,5.0,45.0,57.0,57.0,64.0,75.0,52.0,55.0,19.7,33.6,37.1,21.5,24.2,18.1,18.9,25.9
Étrechet (36120),/management/ville/etrechet/ville-36071,5.0,10.0,47.0,147.0,146.0,110.0,257.0,212.0,126.0,179.0,31.0,35.1,31.6,22.4,14.7,17.7,22.7,23.5
Florac Trois Rivières (48400),/management/ville/florac-trois-rivieres/ville-48061,20.0,95.0,50.0,175.0,320.0,185.0,611.0,400.0,270.0,344.0,37.4,37.8,30.1,19.2,14.5,18.7,18.0,24.2
Escamps (46230),/management/ville/escamps/ville-46091,25.0,5.0,15.0,25.0,25.0,10.0,30.0,36.0,25.0,76.0,16.7,20.0,24.4,19.1,14.1,15.6,44.9,44.4
Bonnay (80800),/management/ville/bonnay/ville-80112,10.0,0.0,10.0,40.0,64.0,24.0,68.0,57.0,21.0,46.0,32.6,37.4,37.9,20.8,6.3,15.2,23.2,25.3
Beugin (62150),/management/ville/beugin/ville-62120,0.0,0.0,41.0,71.0,51.0,36.0,83.0,74.0,85.0,101.0,20.4,27.1,23.5,20.6,27.2,23.2,29.0,29.8
Diges (89240),/management/ville/diges/ville-89139,30.0,50.0,65.0,159.0,119.0,140.0,250.0,272.0,145.0,194.0,26.5,31.7,40.7,21.3,14.7,19.3,18.1,27.1
Châtillon-Guyotte (25640),/management/ville/chatillon-guyotte/ville-25132,10.0,0.0,15.0,20.0,15.0,5.0,19.0,24.0,20.0,27.0,23.1,19.6,30.8,23.1,23.1,21.6,23.1,35.3
Andelat (15100),/management/ville/andelat/ville-15004,10.0,15.0,15.0,85.0,45.0,45.0,89.0,96.0,86.0,68.0,22.9,29.5,36.7,21.5,24.7,26.0,15.7,24.3
Cricquebœuf (14113),/management/ville/cricqueboeuf/ville-14202,5.0,5.0,0.0,15.0,57.0,21.0,115.0,56.0,28.0,61.0,40.8,48.1,28.5,14.3,9.2,11.6,21.5,25.6
Castelmayran (82210),/management/ville/castelmayran/ville-82031,25.0,65.0,35.0,110.0,140.0,165.0,278.0,270.0,156.0,152.0,32.7,32.2,36.4,25.1,15.8,20.7,15.1,20.5
Félines-Minervois (34210),/management/ville/felines-minervois/ville-34097,15.0,25.0,35.0,30.0,55.0,40.0,93.0,102.0,62.0,113.0,22.2,28.2,32.8,20.8,17.5,16.0,27.5,33.7
Branges (71500),/management/ville/branges/ville-71056,60.0,124.0,25.0,144.0,341.0,367.0,779.0,651.0,240.0,212.0,36.9,45.8,40.8,24.7,11.9,13.6,10.4,12.1
Dadonville (45300),/management/ville/dadonville/ville-45119,30.0,40.0,90.0,230.0,325.0,465.0,673.0,559.0,231.0,285.0,34.2,42.9,38.1,23.0,12.4,14.0,15.2,17.4
Égreville (77620),/management/ville/egreville/ville-77168,10.0,60.0,105.0,240.0,315.0,290.0,482.0,465.0,273.0,336.0,27.6,33.9,35.0,23.5,17.8,17.3,19.6,23.4
Baudrémont (55260),/management/ville/baudremont/ville-55032,15.0,0.0,5.0,5.0,0.0,0.0,16.0,10.0,7.0,8.0,35.0,42.9,40.0,10.0,20.0,14.3,5.0,33.3
Fougaron (31160),/management/ville/fougaron/ville-31191,0.0,15.0,5.0,10.0,15.0,5.0,23.0,27.0,13.0,20.0,21.4,34.1,47.6,16.3,19.0,12.2,11.9,36.6
Campi (20270),/management/ville/campi/ville-2B053,1.0,1.0,3.0,2.0,0.0,0.0,7.0,3.0,1.0,7.0,28.6,45.5,14.3,16.7,0.0,9.1,57.1,27.3
Blajan (31350),/management/ville/blajan/ville-31070,0.0,26.0,11.0,37.0,71.0,57.0,131.0,103.0,87.0,104.0,27.8,33.3,30.3,19.0,21.2,19.7,20.7,28.1
Cormoyeux (51480),/management/ville/cormoyeux/ville-51173,30.0,5.0,0.0,20.0,5.0,15.0,32.0,30.0,21.0,14.0,32.7,33.3,38.5,23.3,17.3,26.7,11.5,17.8

23.5,27.3,21.9,15.6,17.0,37.2,36.2
Bonne (74380),/management/ville/bonne/ville-74040,20.0,95.0,261.0,457.0,552.0,276.0,462.0,643.0,411.0,811.0,18.2,21.4,32.3,22.0,16.8,18.5,32.6,37.1
Florange (57190),/management/ville/florange/ville-57221,1.0,166.0,330.0,1369.0,1931.0,1605.0,2516.0,3197.0,1537.0,1789.0,23.1,32.2,41.1,26.7,16.3,17.7,19.4,20.1
Albiès (09310),/management/ville/albies/ville-09004,5.0,10.0,10.0,10.0,15.0,25.0,26.0,36.0,19.0,26.0,21.4,27.5,35.7,26.7,21.4,13.7,21.4,27.5
Étréchy (18800),/management/ville/etrechy/ville-18090,0.0,5.0,15.0,40.0,55.0,45.0,97.0,124.0,50.0,68.0,25.1,31.8,43.7,25.3,16.8,12.9,14.4,25.9
Beugnâtre (62450),/management/ville/beugnatre/ville-62121,5.0,5.0,0.0,10.0,40.0,30.0,37.0,43.0,15.0,18.0,27.6,38.2,41.4,27.1,19.0,7.3,12.1,20.0
.4,28.5
Clairfontaine (02260),/management/ville/clairfontaine/ville-02197,36.0,5.0,5.0,66.0,63.0,77.0,126.0,109.0,92.0,84.0,27.2,34.0,31.7,21.5,23.3,21.5,17.8,23.0
Bambecque (59470),/management/ville/bambecque/ville-59046,25.0,15.0,40.0,80.0,90.0,100.0,163.0,128.0,98.0,121.0,30.2,33.9,27.6,21.7,19.0,19.4,23.1,24.4
Giuncaggio (20251),/management/ville/giuncaggio/ville-2B126,2.0,3.0,0.0,8.0,3.0,4.0,16.0,14.0,11.0,7.0,36.0,30.4,48.0,12.5,8.0,39.1,8.0,21.7
Cricqueville-en-Auge (14430),/management/ville/cricqueville-en-auge/ville-14203,10.0,5.0,15.0,10.0,20.0,35.0,30.0,36.0,20.0,50.0,19.2,25.4,30.1,20.3,16.4,12.7,34.2,39.7
Brangues (38510),/management/ville/brangues/ville-38055,5.0,15.0,20.0,69.0,79.0,89.0,106.0,123.0,92.0,112.0,22.4,26.7,36.4,21.2,18.2,24.4,22.9,28.5
Escamps (89240),/management/ville/escamps/ville-89154,5.0,25.0,45.0,115.0,115.0,115.0,128.0,200.0,136.0,155.0,18.4,22.7,43.4,23.0,19.4,24.2,18.8,30.5
Cerisé (61000),/management/ville/cerise/ville-61077,0.0,20.0,10.0,86.0,116.0,86.0,182.0,205.0,88.0,132.0,27.4,32.2,38.2,26.3,11.9,16.7,22.5,21.4
Geishouse (68690),/management/ville/geishouse/ville-68102,5.0,5.0,24.0,19.0,58.0,79.0,108.0,136.0,56.0,75.0,22.3,35.5,43.1,25.4,15.4,14.5,19.1,21.0
Félines-sur-Rimandoule (26160),/management/ville/felines-sur-rimandoule/ville-26134,10.0,10.0,0.0,0.0,5.0,14.0,13.0,13.0,13.0,22.0,21.9,19.4,28.1,14.8,18.8,25.8,31.3,41.9
Châtillon-la-Borde (77820),/management/ville/chatillon-la-borde/ville-77103,0.0,0.0,35.0,50.0,15.0,20.0,32.0,41.0,27.0,59.0,17.1,23.4,29.3,20.2,20.7,13.0,32.9,41.6
Digna (39190),/management/ville/digna/ville-39197,5.0,25.0,5.0,39.0,25.0,29.0,102.0,102.0,28.0,55.0,28.3,42.0,47.8,21.9,7.2,12.0,16.7,21.3
Castelmoron-d'Albret (33540),/management/ville/castelmoron-d-albret/ville-33103,0.0,0.0,0.0,0.0,0.0,10.0,17.0,9.0,8.0,7.0,23.5,54.2,47.1,5.0,17.6,20.8,11.8,20.8
Dalstein (57320),/management/ville/dalstein/ville-57167,0.0,5.0,14.0,91.0,24.0,38.0,50.0,73.0,65.0,59.0,18.6,21.5,32.2,27.1,25.4,27.7,23.7,23.8
Daglan (24250),/management/ville/daglan/ville-24150,10.0,26.0,15.0,41.0,51.0,56.0,158.0,112.0,88.0,106.0,31.0,37.0,29.7,19.2,16.6,21.3,22.7,23.0
Égriselles-le-Bocage (89500),/management/ville/egriselles-le-bocage/ville-89151,0.0,20.0,35.0,75.0,181.0,246.0,325.0,328.0,166.0,174.0,30.2,35.5,40.3,24.1,14.7,18.5,14.7,20.2
Baudres (36110),/management/ville/baudres/ville-36013,0.0,15.0,25.0,15.0,35.0,55.0,134.0,130.0,51.0,44.0,31.0,43.2,46.6,24.3,10.9,17.3,11.5,13.0
Blamont (25310),/management/ville/blamont/ville-25063,0.0,21.0,61.0,154.0,132.0,165.0,307.0,269.0,161.0,210.0,23.3,40.1,37.4,20.2,16.9,16.9,22.4,22.0
Fougax-et-Barrineuf (09300),/management/ville/fougax-et-barrineuf/ville-09125,10.0,35.0,5.0,20.0,35.0,30.0,126.0,98.0,72.0,69.0,28.8,40.1,32.8,20.5,20.3,19.3,18.1,19.8
Campigneulles-les-Grandes (62170),/management/ville/campigneulles-les-grandes/ville-62206,5.0,20.0,10.0,20.0,55.0,40.0,42.0,59.0,50.0,66.0,15.7,22.6,33.3,22.3,21.6,24.3,29.4,31.3
Arue (40120),/management/ville/arue/ville-40014,0.0,20.0,5.0,25.0,45.0,60.0,82.0,77.0,55.0,64.0,24.6,34.3,34.1,21.1,19.6,20.0,21.7,24.3
Douvrin (62138),/management/ville/douvrin/ville-62276,32.0,96.0,199.0,673.0,696.0,742.0,1377.0,1031.0,692.0,718.0,30.1,41.6,33.8,20.1,18.8,17.6,17.4,20.1
Charentilly (37390),/management/ville/charentilly/ville-37059,10.0,66.0,89.0,195.0,166.0,118.0,187.0,227.0,153.0,365.0,19.9,20.3,28.8,19.7,14.4,18.4,36.9,41.4
Cormoz (01560),/management/ville/cormoz/ville-01124,5.0,25.0,25.0,65.0,100.0,75.0,155.0,167.0,91.0,95.0,25.2,36.4,40.6,22.6,19.2,16.5,15.0,22.7
Freyming-Merlebach (57800),/management/ville/freyming-merlebach/ville-57240,0.0,215.0,210.0,742.0,1720.0,1920.0,4056.0,3207.0,1326.0,1344.0,34.6,46.3,36.8,24.5,13.8,12.9,14.7,12.5
Albiez-le-Jeune (73300),/management/ville/albiez-le-jeune/ville-73012,15.0,0.0,5.0,20.0,5.0,15.0,22.0,23.0,25.0,41.0,17.0,22.4,26.4,17.0,20.8,24.1,35.8,37.9
Florémont (88130),/management/ville/floremont/ville-88173,5.0,0.0,20.0,70.0,73.0,55.0,106.0,92.0,45.0,87.0,25.9,37.8,37.3,18.0,14.6,12.8,22.2,30.2
Guerlesquin (29650),/management/ville/guerlesquin/ville-29067,15.0,40.0,25.0,80.0,149.0,249.0,460.0,307.0,141.0,149.0,35.0,51.0,37.7,19.6,14.9,12.0,12.4,15.5
Grand-Camp (76170),/management/ville/grand-camp/ville-76318,5.0,5.0,43.0,125.0,122.0,69.0,117.0,185.0,99.0,109.0,18.2,27.7,43.1,26.4,20.6,18.4,18.2,24.6
Étréchy (51130),/management/ville/etrechy/ville-51239,5.0,0.0,0.0,15.0,25.0,10.0,18.0,37.0,15.0,13.0,14.0,30.0,55.8,29.5,14.0,22.5,16.3,15.0
Bonnebosq (14340),/management/ville/bonnebosq/ville-14083,5.0,31.0,15.0,98.0,62.0,139.0,188.0,178.0,78.0,86.0,31.3,38.9,43.1,23.3,13.0,16.3,12.6,19.4
Clairmarais (62500),/management/ville/clairmarais/ville-62225,10.0,15.0,40.0,84.0,93.0,73.0,161.0,125.0,87.0,124.0,26.7,37.8,31.6,18.9,15.4,19.5,26.3,23.9
Bambiderstroff (57690),/management/ville/bambiderstroff/ville-57047,0.0,5.0,45.0,110.0,175.0,175.0,198.0,278.0,142.0,181.0,18.8,30.8,41.6,25.3,18.0,17.5,21.6,23.8
Giuncheto (20100),/management/ville/giuncheto/ville-2A127,2.0,4.0,7.0,6.0,14.0,6.0,17.0,15.0,14.0,23.0,26.5,22.2,20.6,22.2,17.6,22.2,35.3,33.3
Cricqueville-en-Bessin (14450),/management/ville/cricqueville-en-bessin/ville-14204,15.0,10.0,20.0,10.0,20.0,10.0,59.0,53.0,18.0,18.0,35.1,45.2,39.2,25.8,14.9,9.6,10.8,13.7
Brannay (89150),/management/ville/brannay/ville-89054,5.0,10.0,25.0,65.0,141.0,136.0,150.0,178.0,118.0,110.0,25.2,29.1,38.5,25.2,19.1,23.0,17.3,21.9
Châtillon-la-Palud (01320),/management/ville/chatillon-la-palud/ville-01092,0.0,64.0,96.0,180.0,232.0,189.0,324.0,284.0,221.0,283.0,26.5,31.8,29.2,21.3,20.8,18.8,23.5,27.4
Geispitzen (68510),/management/ville/geispitzen/ville-68103,0.0,30.0,40.0,40.0,55.0,55.0,52.0,126.0,56.0,110.0,10.3,20.0,42.0,28.0,12.6,20.0,35.1,28.8
Dagneux (01120),/management/ville/dagneux/ville-01142,0.0,120.0,455.0,700.0,605.0,585.0,778.0,927.0,606.0,950.0,22.1,25.5,32.7,23.3,17.7,19.4,27.4,30.7
Cerisières (52320),/management/ville/cerisieres/ville-52091,5.0,0.0,5.0,15.0,0.0,15.0,25.0,17.0,10.0,11.0,37.5,43.8,25.0,25.0,15.6,15.6,21.9,12.5
Dignac (16410),/management/ville/dignac/ville-16119,20.0,53.0,15.0,167.0,232.0,137.0,328.0,315.0,180.0,189.0,29.3,35.3,36.5,24.1,17.9,17.7,16.3,20.9
Escandolières (12390),/management/ville/escandolieres/ville-12095,20.0,5.0,5.0,25.0,5.0,20.0,39.0,63.0,35.0,40.0,19.8,25.3,43.8,24.4,17.7,21.7,18.8,27.7
Félines-Termenès (11330),/management/ville/felines-termenes/ville-11137,0.0,10.0,0.0,0.0,20.0,20.0,24.0,28.0,21.0,24.0,23.4,26.0,27.7,26.8,25.5,18.0,23.4,26.0
Égry (45340),/management/ville/egry/ville-45132,16.0,5.0,5.0,68.0,37.0,47.0,65.0,111.0,48.0,40.0,24.6,24.1,46.9,32.3,15.4,21.1,13.1,17.3
Fougeré (85480),/management/ville/fougere/ville-85093,35.0,20.0,25.0,130.0,170.0,190.0,184.0,266.0,166.0,213.0,18.8,25.7,40.4,23.1,19.2,20.8,21.6,29.8
Baudreville (28310),/management/ville/baudreville/ville-28026,10.0,20.0,5.0,39.0,24.0,39.0,83.0,47.0,30.0,34.0,46.0,38.9,23.0,21.9,18.0,13.7,13.0,23.2
Castelmoron-sur-Lot (47260),/management/ville/castelmoron-sur-lot/ville-47054,30.0,69.0,54.0,124.0,188.0,173.0,562.0,369.0,207.0,251.0,35.2,44.9,30.3,21.6,14.5,15.2,20.0,16.6
Campigneulles-les-Petites (62170),/management/ville/campigneulles-les-petites/ville-62207,10.0,5.0,15.0,75.0,95.0,35.0,109.0,123.0,74.0,113.0,24.0,27.9,32.4,23.8,20.1,15.3,23.5,30.2
Daluis (06470),/management/ville/daluis/ville-06053,10.0,5.0,0.0,5.0,30.0,5.0,70.0,32.0,10.0,12.0,56.9,56.7,29.2,19.1,7.7,8.3,6.2,13.3
Arvert (17530),/management/ville/arvert/ville-17021,115.0,140.0,70.0,215.0,495.0,355.0,1087.0,870.0,467.0,371.0,35.3,42.2,37.2,23.7,15.7,17.6,11.8,14.6
Blâmont (54450),/management/ville/blamont/ville-54077,5.0,10.0,10.0,61.0,152.0,157.0,408.0,230.0,104.0,96.0,43.4,53.9,34.7,19.1,10.8,13.9,11.1,11.8
Freyssenet (07000),/management/ville/freyssenet/ville-07092,0.0,0.0,0.0,10.0,10.0,0.0,12.0,6.0,12.0,10.0,26.1,35.3,13.0,18.8,34.8,23.5,26.1,23.5
Doux (08300),/management/ville/doux/ville-08144,0.0,0.0,5.0,16.0,10.0,5.0,18.0,25.0,13.0,9.0,18.8,35.5,50.0,26.5,18.8,19.4,12.5,16.1
Clairoix (60280),/management/ville/clairoix/ville-60156,5.0,65.0,169.0,224.0,363.0,209.0,488.0,423.0,225.0,455.0,28.9,32.4,28.1,23.0,12.4,15.6,30.7,26.7
Felleries (59740),/management/ville/felleries/ville-59226,5.0,64.0,75.0,148.0,192.0,181.0,414.0,254.0,178.0,223.0,36.0,41.4,27.9,19.0,17.6,15.7,18.5,23.1
Charenton-du-Cher (18210),/management/ville/charenton-du-cher/ville-18052,31.0,47.0,36.0,62.0,171.0,140.0,287.0,304.0,122.0,124.0,27.5,40.5,42.8,26.2,15.0,14.2,14.8,14.9
Guermange (57260),/management/ville/guermange/ville-57272,5.0,0.0,0.0,0.0,5.0,25.0,19.0,25.0,18.0,11.0,20.6,30.8,35.3,29.5,29.4,20.5,14.7,15.4
Grand-Champ (56390),/management/ville/grand-champ/ville-56067,83.0,176.0,269.0,596.0,691.0,601.0,884.0,1080.0,767.0,1146.0,19.4,26.1,34.8,20.8,20.3,19.3,25.6,33.4
Étréchy (91580),/management/ville/etrechy/ville-91226,15.0,135.0,628.0,1022.0,873.0,409.0,1257.0,1298.0,923.0,1430.0,22.4,28.5,32.1,21.0,18.2,19.3,27.3,30.8
Corn (46100),/management/ville/corn/ville-46075,0.0,5.0,10.0,38.0,24.0,19.0,25.0,44.0,30.0,71.0,12.8,15.9,33.7,17.9,18.6,15.9,34.9,50.0
Bonnecourt (52360),/management/ville/bonnecourt/ville-52059,0.0,5.0,0.0,5.0,9.0,42.0,42.0,33.0,11.0,9.0,36.2,52.1,44.7,20.8,12.8,12.5,6.4,12.5
Ban-de-Laveline (88520),/management/ville/ban-de-laveline/ville-88032,24.0,20.0,25.0,138.0,143.0,193.0,360.0,291.0,136.0,168.0,33.1,42.1,37.8,21.6,12.9,15.5,16.1,19.0
Givardon (18600),/management/ville/givardon/ville-18102,20.0,5.0,15.0,5.0,60.0,25.0,111.0,72.0,35.0,31.0,37.7,51.2,35.2,20.9,14.8,13.4,12.3,12.6
Arveyres (33500),/management/ville/arveyres/ville-33015,35.0,75.0,155.0,245.0,220.0,110.0,352.0,352.0,263.0,496.0,24.9,23.3,27.1,20.9,15.9,20.0,32.2,35.6
Branne (25340),/management/ville/branne/ville-25087,10.0,5.0,10.0,19.0,10.0,48.0,37.0,45.0,22.0,23.0,25.7,31.0,41.4,25.8,15.7,20.7,17.1,20.7
Florensac (34510),/management/ville/florensac/ville-34101,39.0,206.0,137.0,418.0,633.0,407.0,1308.0,1091.0,703.0,751.0,32.0,35.7,32.7,23.1,17.4,19.0,17.9,20.9
Fougères (35300),/management/ville/fougeres/ville-35115,12.0,423.0,882.0,2172.0,2408.0,2624.0,6138.0,3953.0,2118.0,3365.0,33.6,44.2,30.3,19.7,13.5,13.6,22.5,20.9
Dagny (77320),/management/ville/dagny/ville-77151,10.0,0.0,47.0,26.0,37.0,31.0,63.0,70.0,41.0,55.0,24.6,29.6,38.6,21.1,20.2,15.7,16.7,32.2
Châtillon-le-Duc (25870),/management/ville/chatillon-le-duc/ville-25133,0.0,135.0,196.0,321.0,191.0,95.0,303.0,334.0,266.0,602.0,16.6,23.4,24.6,19.8,16.3,18.9,42.4,37.7
Castelnau d'Auzan Labarrère (32250),/management/ville/castelnau-d-auzan-labarrere/ville-32079,96.0,86.0,41.0,61.0,122.0,177.0,424.0,268.0,170.0,178.0,37.7,43.8,32.6,18.6,16.1,16.6,13.6,20.6
Geispolsheim (67118),/management/ville/geispolsheim/ville-67152,15.0,118.0,678.0,948.0,929.0,585.0,1149.0,1708.0,890.0,1824.0,17.1,23.8,34.0,24.9,15.1,16.8,33.7,31.8
Albiez-Montrond (73300),/management/ville/albiez-montrond/ville-73013,20.0,50.0,14.0,54.0,29.0,25.0,87.0,88.0,56.0,74.0,26.8,29.9,35.4,21.7,15.2,22.2,22.6,26.4
Cerisiers (89320),/management/ville/cerisiers/ville-89066,10.0,41.0,35.0,101.0,131.0,159.0,268.0,233.0,123.0,140.0,29.0,41.0,40.2,20.2,15.2,17.2,15.7,20.8
Criel-sur-Mer (76910),/management/ville/criel-sur-mer/ville-76192,20.0,150.0,97.0,280.0,261.0,378.0,823.0,629.0,346.0,329.0,32.8,44.4,35.7,21.9,17.0,15.5,14.5,16.4
Damas-aux-Bois (88330),/management/ville/damas-aux-bois/ville-88121,20.0,10.0,5.0,30.0,45.0,20.0,43.0,76.0,30.0,43.0,16.0,28.6,53.2,24.8,11.7,19.4,19.1,25.5
Ban-de-Sapt (88210),/management/ville/ban-de-sapt/ville-88033,15.0,10.0,0.0,15.0,50.0,35.0,68.0,91.0,46.0,59.0,21.7,29.6,41.1,25.2,18.6,16.3,18.6,25.9
Cornac (46130),/management/ville/cornac/ville-46076,15.0,35.0,25.0,25.0,40.0,25.0,73.0,77.0,48.0,72.0,21.4,32.4,37.3,20.5,16.7,18.3,24.6,28.2
Étréham (14400),/management/ville/etreham/ville-14256,20.0,20.0,20.0,51.0,25.0,31.0,54.0,76.0,54.0,53.0,26.1,19.5,36.1,28.8,16.8,28.8,21.0,22.9
Bonnée (45460),/management/ville/bonnee/ville-45039,5.0,35.0,20.0,110.0,65.0,105.0,187.0,188.0,76.0,114.0,25.4,41.0,38.0,24.6,13.9,12.9,22.6,17.6
Escanecrabe (31350),/management/ville/escanecrabe/ville-31170,15.0,15.0,20.0,10.0,10.0,25.0,67.0,61.0,26.0,44.0,31.6,36.0,33.7,24.6,12.2,14.0,22.4,22.0
Baudricourt (88500),/management/ville/baudricourt/ville-88039,5.0,5.0,5.0,15.0,54.0,50.0,64.0,86.0,41.0,41.0,23.7,31.9,44.9,26.4,16.9,18.1,14.4,20.7
Digne-les-Bains (04000),/management/ville/digne-les-bains/ville-04070,35.0,426.0,732.0,1616.0,2429.0,1076.0,4049.0,2539.0,2316.0,3285.0,29.0,36.7,25.3,17.5,18.9,19.1,26.8,27.1
Fellering (68470),/management/ville/fellering/ville-68089,5.0,89.0,60.0,164.0,217.0,292.0,367.0,505.0,200.0,211.0,19.8,37.1,47.1,26.9,17.9,13.3,15.2,17.6
Guermantes (77600),/management/ville/guermantes/ville-77221,0.0,35.0,233.0,149.0,129.0,60.0,92.0,146.0,159.0,430.0,11.5,11.0,16.5,18.6,20.3,18.0,51.6,52.3
Clairvaux-d'Aveyron (12330),/management/ville/clairvaux-d-aveyron/ville-12066,30.0,50.0,40.0,166.0,116.0,141.0,258.0,209.0,139.0,282.0,24.6,33.2,29.3,17.5,16.7,14.9,29.3,33.8
Arvière-en-Valromey (01260),/management/ville/arviere-en-valromey/ville-01453,20.0,30.0,20.0,90.0,86.0,100.0,185.0,158.0,109.0,128.0,30.4,33.6,34.3,19.3,22.0,15.8,13.3,30.5
Campigny (14490),/management/ville/campigny/ville-14130,10.0,10.0,0.0,25.0,35.0,30.0,40.0,46.0,19.0,31.0,28.4,30.6,44.6,19.7,13.5,14.5,13.5,33.9
Friaize (28240),/management/ville/friaize/ville-28166,0.0,0.0,4.0,40.0,41.0,46.0,65.0,61.0,23.0,28.0,37.8,36.4,37.8,25.7,14.4,11.4,10.0,21.6
Givenchy-en-Gohelle (62580),/management/ville/givenchy-en-gohelle/ville-62371,5.0,45.0,156.0,292.0,232.0,126.0,336.0,332.0,289.0,503.0,16.0,29.4,28.5,18.0,19.2,20.3,36.2,32.8
Éguelshardt (57230),/management/ville/eguelshardt/ville-57188,5.0,0.0,10.0,40.0,75.0,60.0,89.0,111.0,74.0,59.0,24.4,29.3,34.7,28.4,24.4,19.7,16.5,19.1
Albignac (19190),/management/ville/albignac/ville-19003,15.0,0.0,10.0,20.0,20.0,31.0,59.0,66.0,31.0,48.0,25.0,33.0,40.0,22.6,16.0,13.6,19.0,28.2
Blan (81700),/management/ville/blan/ville-81032,5.0,65.0,45.0,80.0,175.0,130.0,260.0,283.0,138.0,159.0,27.3,34.4,40.2,24.9,15.6,17.2,16.8,20.9
Fougerolles (36230),/management/ville/fougerolles/ville-36078,25.0,5.0,0.0,35.0,60.0,55.0,77.0,87.0,47.0,36.0,33.3,28.7,38.6,29.0,15.2,23.5,12.9,16.5
Grand-Charmont (25200),/management/ville/grand-charmont/ville-25284,0.0,89.0,119.0,495.0,545.0,857.0,1508.0,1122.0,609.0,780.0,33.0,41.7,33.2,21.4,14.9,15.4,18.9,19.8
Châtillon-le-Roi (45480),/management/ville/chatillon-le-roi/ville-45086,0.0,5.0,10.0,45.0,25.0,35.0,58.0,84.0,32.0,37.0,24.1,31.3,51.8,24.5,11.6,19.2,12.5,23.2
Castelnau Montratier-Sainte Alauzie (46170),/management/ville/castelnau-montratier-sainte-alauzie/ville-46063,138.0,64.0,64.0,94.0,218.0,183.0,669.0,359.0,250.0,287.0,38.5,46.7,28.6,17.7,13.9,17.9,18.9,17.8
Dagny-Lambercy (02140),/management/ville/dagny-lambercy/ville-02256,10.0,5.0,0.0,0.0,5.0,10.0,33.0,26.0,15.0,20.0,27.3,41.7,38.6,16.7,15.9,16.7,18.2,25.0
Geiswasser (68600),/management/ville/geiswasser/ville-68104,11.0,0.0,21.0,48.0,69.0,58.0,52.0,108.0,40.0,49.0,17.7,23.8,50.8,30.1,16.9,15.1,14.5,24.6
Cerisy (80800),/management/ville/cerisy/ville-80184,5.0,0.0,10.0,46.0,81.0,101.0,169.0,113.0,80.0,45.0,35.7,48.6,37.1,17.1,18.6,21.6,8.6,13.5
Branne (33420),/management/ville/branne/ville-33071,10.0,30.0,45.0,145.0,175.0,144.0,305.0,298.0,138.0,197.0,24.1,39.6,39.7,22.9,13.6,15.7,22.7,19.6
Crillon (60112),/management/ville/crillon/ville-60180,0.0,20.0,5.0,55.0,75.0,90.0,98.0,129.0,46.0,80.0,20.1,35.6,51.4,20.8,7.3,19.0,21.2,24.1
Bonnefamille (38090),/management/ville/bonnefamille/ville-38048,10.0,10.0,97.0,184.0,118.0,153.0,180.0,218.0,145.0,230.0,22.0,24.6,33.3,22.0,18.6,19.2,26.1,33.4
Douy-la-Ramée (77139),/management/ville/douy-la-ramee/ville-77163,0.0,5.0,20.0,40.0,50.0,50.0,46.0,62.0,50.0,54.0,19.2,24.1,37.5,22.5,20.2,26.9,23.1,27.8
Florent-en-Argonne (51800),/management/ville/florent-en-argonne/ville-51253,0.0,10.0,0.0,16.0,47.0,31.0,68.0,66.0,24.0,28.0,31.4,41.4,41.9,25.6,12.8,12.1,14.0,16.2
Étreillers (02590),/management/ville/etreillers/ville-02296,5.0,0.0,40.0,137.0,163.0,153.0,313.0,220.0,211.0,167.0,30.7,37.4,31.4,19.5,20.8,25.2,17.1,19.3
Charenton-le-Pont (94220),/management/ville/charenton-le-pont/ville-94018,0.0,803.0,5886.0,4560.0,3509.0,1117.0,3994.0,2878.0,3476.0,11112.0,17.4,19.6,14.1,13.2,16.6,15.8,51.8,51.7
Baudrières (71370),/management/ville/baudrieres/ville-71023,30.0,35.0,25.0,120.0,100.0,165.0,197.0,238.0,144.0,128.0,22.6,33.0,42.7,23.6,21.2,19.6,13.5,22.6
Friaucourt (80460),/management/ville/friaucourt/ville-80364,0.0,22.0,22.0,87.0,76.0,157.0,214.0,201.0,98.0,98.0,31.1,39.4,38.5,24.8,13.8,18.2,16.7,15.5
Ban-sur-Meurthe-Clefcy (88230),/management/ville/ban-sur-meurthe-clefcy/ville-88106,5.0,60.0,20.0,100.0,110.0,135.0,204.0,246.0,135.0,143.0,26.6,29.4,39.9,26.1,14.9,22.2,18.5,20.8
Clairvaux-les-Lacs (39130),/management/ville/clairvaux-les-lacs/ville-39154,5.0,45.0,75.0,136.0,176.0,181.0,439.0,318.0,152.0,215.0,33.3,44.3,35.6,20.2,13.4,13.5,17.7,20.3
Damas-et-Bettegney (88270),/management/ville/damas-et-bettegney/ville-88122,5.0,10.0,5.0,65.0,66.0,55.0,85.0,69.0,49.0,67.0,25.0,37.7,33.3,17.4,22.7,13.8,18.9,30.4
Cornant (89500),/management/ville/cornant/ville-89116,0.0,25.0,40.0,50.0,30.0,40.0,79.0,94.0,52.0,49.0,27.5,29.9,39.1,26.7,18.1,20.1,15.2,20.9
Givenchy-le-Noble (62810),/management/ville/givenchy-le-noble/ville-62372,5.0,5.0,5.0,20.0,20.0,15.0,33.0,27.0,27.0,27.0,22.8,35.1,31.6,16.7,26.3,21.1,19.3,28.1
Escardes (51310),/management/ville/escardes/ville-51233,18.0,6.0,0.0,12.0,0.0,12.0,25.0,23.0,9.0,14.0,27.0,44.1,45.9,16.7,13.5,11.8,13.5,26.5
Guern (56310),/management/ville/guern/ville-56076,31.0,46.0,15.0,61.0,189.0,214.0,326.0,355.0,174.0,170.0,24.9,38.9,41.2,25.2,16.6,17.6,17.3,15.8
Hatrize (54800),/management/ville/hatrize/ville-54253,5.0,25.0,40.0,90.0,151.0,110.0,106.0,221.0,114.0,141.0,11.4,25.1,44.5,28.0,20.7,18.6,23.4,24.7
Dignonville (88000),/management/ville/dignonville/ville-88133,0.0,5.0,10.0,15.0,40.0,5.0,43.0,38.0,25.0,39.0,24.2,34.2,31.8,20.0,21.2,13.9,22.7,30.4
Campigny (27500),/management/ville/campigny/ville-27126,15.0,51.0,55.0,111.0,136.0,202.0,251.0,271.0,122.0,155.0,29.3,33.4,38.4,25.7,14.8,15.9,17.5,21.5
Felletin (23500),/management/ville/felletin/ville-23079,16.0,52.0,57.0,124.0,213.0,141.0,369.0,330.0,193.0,296.0,19.6,41.0,37.5,18.9,15.4,17.0,27.5,22.7
Eguenigue (90150),/management/ville/eguenigue/ville-90036,0.0,5.0,36.0,20.0,15.0,36.0,64.0,77.0,28.0,57.0,25.7,31.0,35.4,27.4,10.6,13.3,28.3,23.0
Albigny-sur-Saône (69250),/management/ville/albigny-sur-saone/ville-69003,5.0,85.0,270.0,310.0,325.0,179.0,740.0,393.0,322.0,675.0,29.0,39.9,21.3,15.5,16.4,14.0,33.3,30.3
Fougerolles-du-Plessis (53190),/management/ville/fougerolles-du-plessis/ville-53100,36.0,73.0,26.0,73.0,99.0,135.0,523.0,297.0,132.0,103.0,43.1,55.2,34.2,20.6,13.3,12.0,9.5,10.0
Castelnau-Barbarens (32450),/management/ville/castelnau-barbarens/ville-32076,25.0,45.0,50.0,35.0,69.0,45.0,99.0,101.0,81.0,127.0,24.1,24.9,29.2,20.7,16.0,24.4,30.7,31.0
Cerisy-Belle-Étoile (61100),/management/ville/cerisy-belle-etoile/ville-61078,5.0,5.0,40.0,86.0,85.0,102.0,200.0,187.0,80.0,89.0,33.5,38.5,39.5,24.8,12.8,16.0,14.2,17.8
Grand-Corent (01250),/management/ville/grand-corent/ville-01177,0.0,5.0,10.0,20.0,29.0,25.0,32.0,28.0,25.0,46.0,22.5,27.4,28.2,13.8,18.3,19.4,31.0,40.3
Châtillon-lès-Sons (02270),/management/ville/chatillon-les-sons/ville-02169,10.0,10.0,0.0,20.0,10.0,0.0,25.0,17.0,9.0,13.0,32.4,44.8,32.4,18.8,17.6,10.3,17.6,24.1
Geiswiller-Zœbersdorf (67270),/management/ville/geiswiller-zoebersdorf/ville-67153,0.0,10.0,25.0,74.0,74.0,30.0,86.0,112.0,47.0,75.0,22.0,31.7,42.8,23.5,17.0,12.8,18.2,28.7
Blancafort (18410),/management/ville/blancafort/ville-18030,30.0,44.0,15.0,68.0,112.0,201.0,336.0,285.0,120.0,102.0,31.5,48.1,43.7,21.9,14.3,14.2,10.5,13.7
Dagonville (55500),/management/ville/dagonville/ville-55141,15.0,0.0,0.0,0.0,5.0,10.0,27.0,27.0,8.0,5.0,37.1,43.8,40.0,31.0,14.3,9.4,8.6,6.3
Brannens (33124),/management/ville/brannens/ville-33072,15.0,15.0,5.0,15.0,34.0,44.0,64.0,45.0,32.0,27.0,32.4,41.1,36.5,19.4,17.6,21.1,13.5,18.9
Crillon-le-Brave (84410),/management/ville/crillon-le-brave/ville-84041,10.0,5.0,40.0,70.0,65.0,10.0,80.0,100.0,83.0,124.0,20.7,20.6,31.1,21.3,19.2,23.7,29.0,35.1
Florentin (81150),/management/ville/florentin/ville-81093,15.0,30.0,50.0,59.0,89.0,30.0,133.0,126.0,89.0,184.0,23.4,26.3,25.3,20.7,17.1,16.8,34.2,35.1
Cornas (07130),/management/ville/cornas/ville-07070,15.0,53.0,123.0,270.0,301.0,251.0,534.0,467.0,280.0,384.0,31.4,32.8,32.2,22.5,16.1,17.5,20.3,25.7
Friauville (54800),/management/ville/friauville/ville-54213,0.0,0.0,30.0,55.0,35.0,40.0,59.0,91.0,39.0,73.0,15.8,29.5,42.9,23.8,14.3,15.5,27.1,28.7
Bauduen (83630),/management/ville/bauduen/ville-83015,15.0,15.0,15.0,15.0,63.0,30.0,86.0,59.0,53.0,66.0,28.6,35.9,28.6,16.8,19.5,20.6,23.3,27.5
Heugnes (36180),/management/ville/heugnes/ville-36086,15.0,20.0,5.0,25.0,46.0,41.0,99.0,113.0,53.0,56.0,25.0,36.6,46.9,22.4,15.0,18.0,13.1,21.7
Banassac-Canilhac (48500),/management/ville/banassac-canilhac/ville-48017,5.0,30.0,50.0,146.0,165.0,135.0,220.0,218.0,134.0,200.0,25.4,31.7,36.7,19.8,14.4,20.4,23.6,28.3
Felluns (66730),/management/ville/felluns/ville-66076,0.0,15.0,5.0,5.0,15.0,10.0,22.0,14.0,9.0,11.0,37.9,38.5,34.5,16.7,10.3,23.1,17.2,23.1
Escarmain (59213),/management/ville/escarmain/ville-59204,5.0,5.0,10.0,60.0,65.0,55.0,80.0,105.0,58.0,98.0,17.5,29.1,35.5,23.5,19.9,14.3,27.1,30.3
Étréjust (80140),/management/ville/etrejust/ville-80297,0.0,0.0,5.0,5.0,0.0,5.0,12.0,7.0,7.0,9.0,33.3,31.3,33.3,7.7,16.7,25.0,16.7,37.5
Givenchy-lès-la-Bassée (62149),/management/ville/givenchy-les-la-bassee/ville-62373,0.0,10.0,45.0,135.0,155.0,130.0,197.0,208.0,125.0,180.0,22.9,32.6,34.7,22.5,17.2,18.0,25.1,25.6
Damazan (47160),/management/ville/damazan/ville-47078,15.0,50.0,35.0,104.0,127.0,263.0,490.0,272.0,151.0,161.0,42.1,48.8,32.5,18.4,11.4,16.7,14.1,15.6
Guernes (78520),/management/ville/guernes/ville-78290,0.0,66.0,50.0,165.0,171.0,106.0,193.0,224.0,169.0,198.0,22.4,26.9,33.4,22.9,22.4,20.7,21.9,28.9
Douzains (47330),/management/ville/douzains/ville-47084,10.0,30.0,0.0,10.0,20.0,30.0,62.0,58.0,47.0,45.0,25.0,33.3,33.9,20.4,21.4,23.5,19.6,23.5
Clairy-Saulchoix (80540),/management/ville/clairy-saulchoix/ville-80198,9.0,10.0,24.0,29.0,54.0,30.0,92.0,64.0,41.0,92.0,23.9,39.7,32.4,12.3,15.5,12.3,28.2,35.6
Campile (20290),/management/ville/campile/ville-2B054,0.0,12.0,10.0,12.0,34.0,11.0,79.0,18.0,40.0,29.0,41.4,53.8,14.9,7.4,28.7,19.2,14.9,20.5
Hatten (67690),/management/ville/hatten/ville-67184,5.0,40.0,59.0,210.0,275.0,425.0,497.0,563.0,221.0,223.0,25.5,40.7,45.4,25.8,14.1,15.3,15.1,14.5
Charentonnay (18140),/management/ville/charentonnay/ville-18053,5.0,10.0,15.0,33.0,38.0,44.0,87.0,67.0,43.0,25.0,34.8,43.2,36.6,22.6,19.6,19.8,8.9,13.5
Éguilles (13510),/management/ville/eguilles/ville-13032,10.0,292.0,1123.0,1029.0,752.0,292.0,864.0,936.0,957.0,3105.0,13.4,15.9,18.2,14.5,14.8,17.7,53.6,52.4
Dahlenheim (67310),/management/ville/dahlenheim/ville-67081,15.0,29.0,91.0,88.0,74.0,82.0,122.0,181.0,90.0,147.0,18.5,26.9,42.4,23.1,14.0,19.4,25.1,29.5
Fougerolles-Saint-Valbert (70220),/management/ville/fougerolles-saint-valbert/ville-70245,56.0,101.0,106.0,436.0,518.0,597.0,1049.0,920.0,474.0,528.0,31.6,38.9,36.2,23.6,15.7,16.3,16.5,19.0
Inglange (57970),/management/ville/inglange/ville-57345,5.0,0.0,40.0,55.0,109.0,30.0,59.0,83.0,57.0,104.0,17.0,21.7,35.3,19.9,17.0,20.4,30.7,38.2
Gélacourt (54120),/management/ville/gelacourt/ville-54217,0.0,5.0,5.0,10.0,15.0,35.0,39.0,42.0,13.0,29.0,29.0,34.4,35.5,27.4,8.1,13.1,27.4,19.7
Jouancy (89310),/management/ville/jouancy/ville-89207,0.0,0.0,0.0,0.0,0.0,0.0,5.0,3.0,5.0,5.0,27.3,28.6,9.1,28.6,27.3,28.6,36.4,14.3
Albine (81240),/management/ville/albine/ville-81005,9.0,30.0,11.0,48.0,78.0,60.0,165.0,129.0,67.0,53.0,36.4,43.0,37.3,22.8,16.3,16.4,10.0,15.9
Châtillon-Saint-Jean (26750),/management/ville/chatillon-saint-jean/ville-26087,5.0,51.0,86.0,162.0,192.0,101.0,224.0,289.0,191.0,227.0,23.6,24.5,35.8,25.9,17.2,23.7,23.4,25.2
Grand-Couronne (76530),/management/ville/grand-couronne/ville-76319,0.0,80.0,340.0,1120.0,1310.0,1265.0,2142.0,2236.0,1061.0,1312.0,27.0,35.8,38.5,25.3,15.4,16.0,19.1,19.8
Blancey (21320),/management/ville/blancey/ville-21082,0.0,5.0,0.0,10.0,10.0,5.0,17.0,19.0,7.0,10.0,25.9,38.5,48.1,21.4,11.1,15.4,14.8,23.1
L'Île-Rousse (20220),/management/ville/l-ile-rousse/ville-2B134,12.0,173.0,112.0,188.0,532.0,316.0,1060.0,403.0,422.0,540.0,43.3,44.1,20.1,14.5,16.1,18.5,20.5,23.6
Digny (28250),/management/ville/digny/ville-28130,24.0,49.0,15.0,112.0,132.0,117.0,175.0,226.0,130.0,162.0,24.6,26.2,39.0,24.7,17.2,20.1,19.2,27.6
Baugé-en-Anjou (49150),/management/ville/bauge-en-anjou/ville-49018,193.0,380.0,344.0,1082.0,1354.0,1896.0,3582.0,2429.0,1333.0,1456.0,35.4,45.6,34.7,20.0,14.8,15.4,15.1,17.9
Florentin-la-Capelle (12140),/management/ville/florentin-la-capelle/ville-12103,35.0,15.0,0.0,0.0,24.0,17.0,135.0,47.0,42.0,29.0,51.6,55.6,23.8,14.0,15.9,17.5,8.7,13.5
La Chapelle-Moutils (77320),/management/ville/la-chapelle-moutils/ville-77093,0.0,10.0,15.0,65.0,75.0,70.0,111.0,97.0,62.0,50.0,33.8,35.6,36.9,23.4,17.2,21.5,12.1,19.0
Heugueville-sur-Sienne (50200),/management/ville/heugueville-sur-sienne/ville-50243,10.0,35.0,5.0,55.0,40.0,60.0,135.0,107.0,65.0,111.0,23.4,40.8,33.2,17.2,19.5,11.7,23.9,29.1
Fribourg (57810),/management/ville/fribourg/ville-57241,15.0,0.0,5.0,15.0,20.0,29.0,36.0,41.0,28.0,16.0,25.8,34.5,37.9,27.0,25.8,20.7,10.6,15.5
Escaro (66360),/management/ville/escaro/ville-66068,5.0,5.0,0.0,5.0,30.0,5.0,29.0,21.0,17.0,18.0,37.5,29.7,22.9,24.4,22.9,16.2,16.7,27.0
Felon (90110),/management/ville/felon/ville-90044,5.0,0.0,30.0,25.0,20.0,35.0,29.0,58.0,27.0,72.0,15.8,15.4,35.8,23.5,14.7,14.3,33.7,44.0
Dambach (67110),/management/ville/dambach/ville-67083,0.0,20.0,20.0,65.0,109.0,158.0,187.0,231.0,85.0,93.0,23.1,39.6,47.6,25.8,15.6,12.9,13.6,17.2
Étrelles (35370),/management/ville/etrelles/ville-35109,105.0,85.0,120.0,365.0,345.0,290.0,449.0,547.0,321.0,458.0,19.0,31.4,38.0,22.2,19.7,16.5,23.3,28.2
Banca (64430),/management/ville/banca/ville-64092,34.0,15.0,5.0,10.0,54.0,64.0,90.0,81.0,51.0,45.0,32.4,34.4,33.8,23.4,23.9,13.6,9.9,25.6
Giverny (27620),/management/ville/giverny/ville-27285,0.0,41.0,81.0,61.0,51.0,25.0,69.0,101.0,66.0,170.0,18.4,16.0,24.4,23.2,16.4,16.5,40.8,42.2
Guerny (27720),/management/ville/guerny/ville-27304,0.0,0.0,5.0,15.0,30.0,30.0,38.0,46.0,19.0,25.0,23.8,35.4,42.9,25.7,14.3,15.4,19.0,20.0
Douzat (16290),/management/ville/douzat/ville-16121,10.0,31.0,25.0,67.0,67.0,77.0,91.0,124.0,67.0,75.0,23.0,28.3,42.9,24.3,16.8,21.1,17.3,25.3
Fougueyrolles (33220),/management/ville/fougueyrolles/ville-24189,5.0,20.0,10.0,46.0,91.0,76.0,131.0,109.0,70.0,57.0,30.6,41.1,38.2,21.3,17.7,20.0,13.4,17.2
27.0
,24.0,19.0,16.5,22.5,22.6
Castelnau-d'Anglès (32320),/management/ville/castelnau-d-angles/ville-32077,10.0,0.0,0.0,5.0,5.0,10.0,29.0,19.0,17.0,14.0,43.6,31.6,20.5,24.4,23.1,18.4,12.8,23.7
Hattencourt (80700),/management/ville/hattencourt/ville-80421,0.0,15.0,5.0,30.0,49.0,69.0,86.0,49.0,30.0,35.0,42.7,43.4,26.2,21.3,15.5,14.1,15.5,19.2
Jouarre (77640),/management/ville/jouarre/ville-77238,20.0,89.0,232.0,504.0,631.0,493.0,877.0,917.0,561.0,657.0,27.5,30.6,36.4,23.9,16.8,20.2,19.3,24.1
Blancfossé (60120),/management/ville/blancfosse/ville-60075,5.0,0.0,5.0,15.0,5.0,20.0,45.0,32.0,11.0,12.0,43.1,46.8,35.3,24.1,9.8,12.8,11.8,12.8
Grand-Failly (54260),/management/ville/grand-failly/ville-54236,14.0,0.0,14.0,28.0,32.0,37.0,65.0,72.0,43.0,53.0,21.6,35.5,34.4,24.0,20.0,16.4,24.0,21.8
Gélannes (10100),/management/ville/gelannes/ville-10164,0.0,0.0,35.0,35.0,85.0,120.0,204.0,206.0,68.0,75.0,32.2,41.3,45.2,25.7,10.0,14.6,12.6,14.6
Charette (38390),/management/ville/charette/ville-38083,0.0,24.0,19.0,39.0,58.0,64.0,105.0,109.0,49.0,65.0,33.5,30.3,40.5,23.9,10.4,20.0,15.6,24.5
L'Île-Saint-Denis (93450),/management/ville/l-ile-saint-denis/ville-93039,0.0,130.0,500.0,915.0,1390.0,635.0,1928.0,980.0,850.0,1394.0,36.6,38.2,20.9,17.4,15.2,17.6,27.3,26.8
Éguilly (21320),/management/ville/eguilly/ville-21244,5.0,10.0,5.0,5.0,5.0,15.0,11.0,16.0,10.0,10.0,16.7,30.4,41.7,24.0,25.0,17.4,16.7,26.1
Châtillon-sous-les-Côtes (55400),/management/ville/chatillon-sous-les-cotes/ville-55105,5.0,0.0,15.0,15.0,15.0,15.0,23.0,36.0,21.0,47.0,17.2,19.0,28.1,25.0,18.8,14.3,35.9,38.1
Albitreccia (20128),/management/ville/albitreccia/ville-2A008,7.0,87.0,103.0,201.0,196.0,100.0,471.0,231.0,309.0,399.0,31.3,35.4,20.3,14.1,21.6,22.2,26.8,29.6
Floressas (46700),/management/ville/floressas/ville-46107,0.0,0.0,0.0,5.0,5.0,30.0,41.0,40.0,27.0,27.0,21.3,37.8,32.8,24.1,26.2,14.9,19.7,20.3
La Chapelle-Naude (71500),/management/ville/la-chapelle-naude/ville-71092,43.0,22.0,0.0,38.0,48.0,70.0,135.0,169.0,61.0,56.0,26.3,38.1,48.4,26.9,13.8,15.3,11.5,15.3
Étrelles-et-la-Montbleuse (70700),/management/ville/etrelles-et-la-montbleuse/ville-70222,0.0,0.0,0.0,10.0,5.0,15.0,22.0,18.0,11.0,12.0,23.5,48.3,41.2,13.3,23.5,10.3,11.8,27.6
Escassefort (47350),/management/ville/escassefort/ville-47088,15.0,34.0,15.0,92.0,73.0,78.0,98.0,149.0,100.0,127.0,19.1,22.3,36.1,25.6,19.5,22.7,25.3,28.3
Digoin (71160),/management/ville/digoin/ville-71176,25.0,205.0,140.0,480.0,920.0,1210.0,2894.0,1952.0,725.0,726.0,39.2,51.7,38.3,21.9,11.0,12.0,11.5,11.6
Baugy (18800),/management/ville/baugy/ville-18023,20.0,50.0,70.0,165.0,271.0,186.0,370.0,355.0,243.0,252.0,25.1,35.2,35.8,22.1,20.3,19.6,18.8,22.4
Fricamps (80290),/management/ville/fricamps/ville-80365,0.0,5.0,5.0,20.0,30.0,35.0,33.0,40.0,18.0,23.0,23.7,34.5,44.1,23.3,15.3,16.4,16.9,23.6
Heuilley-le-Grand (52600),/management/ville/heuilley-le-grand/ville-52240,0.0,5.0,18.0,10.0,31.0,46.0,44.0,56.0,26.0,29.0,23.7,32.5,40.8,27.2,21.1,13.0,14.5,22.1
Guéron (14400),/management/ville/gueron/ville-14322,5.0,10.0,40.0,5.0,20.0,10.0,54.0,43.0,28.0,56.0,26.6,33.3,31.9,15.4,16.0,14.4,25.5,36.7
Felzins (46270),/management/ville/felzins/ville-46101,10.0,5.0,20.0,34.0,59.0,44.0,104.0,94.0,54.0,82.0,24.1,37.8,39.5,17.9,12.3,19.8,24.1,25.0
Bancigny (02140),/management/ville/bancigny/ville-02044,0.0,0.0,0.0,5.0,0.0,0.0,11.0,6.0,3.0,1.0,53.8,50.0,23.1,30.0,15.4,12.5,7.7,0.0
Dambach-la-Ville (67650),/management/ville/dambach-la-ville/ville-67084,44.0,54.0,181.0,313.0,244.0,249.0,382.0,475.0,263.0,533.0,18.8,27.2,32.0,23.0,17.7,14.2,31.5,33.0
Giverville (27560),/management/ville/giverville/ville-27286,10.0,35.0,10.0,35.0,45.0,55.0,100.0,93.0,42.0,58.0,31.5,36.7,38.5,22.9,14.0,14.7,16.1,23.3
Labruyère (60140),/management/ville/labruyere/ville-60332,0.0,15.0,29.0,53.0,78.0,39.0,190.0,123.0,119.0,110.0,35.9,34.2,29.8,19.3,12.5,29.8,21.8,19.2
Douzens (11700),/management/ville/douzens/ville-11122,15.0,35.0,30.0,64.0,109.0,94.0,144.0,159.0,127.0,109.0,25.6,28.0,35.3,24.4,21.1,25.8,18.0,22.1
Hattenville (76640),/management/ville/hattenville/ville-76342,5.0,30.0,20.0,94.0,119.0,123.0,102.0,200.0,88.0,98.0,19.8,21.8,45.7,31.0,17.8,18.0,16.6,23.4
Jouars-Pontchartrain (78760),/management/ville/jouars-pontchartrain/ville-78321,5.0,141.0,1009.0,753.0,441.0,252.0,731.0,635.0,720.0,1907.0,15.8,20.7,17.7,14.8,18.5,17.6,48.1,47.4
Gélaucourt (54115),/management/ville/gelaucourt/ville-54218,0.0,0.0,10.0,10.0,15.0,5.0,7.0,14.0,10.0,17.0,20.8,8.7,25.0,30.8,20.8,21.7,33.3,34.8
La Rochefoucauld-en-Angoumois (16110),/management/ville/la-rochefoucauld-en-angoumois/ville-16281,10.0,90.0,104.0,346.0,577.0,351.0,1283.0,964.0,484.0,539.0,34.0,43.4,34.1,23.1,15.3,14.4,16.6,16.4
Grand-Fayt (59244),/management/ville/grand-fayt/ville-59270,20.0,20.0,35.0,30.0,50.0,75.0,111.0,114.0,48.0,89.0,25.1,37.1,41.2,18.9,14.4,12.0,19.3,30.3
Castelnau-d'Arbieu (32500),/management/ville/castelnau-d-arbieu/ville-32078,10.0,5.0,15.0,35.0,25.0,29.0,53.0,33.0,37.0,55.0,27.8,32.1,22.7,14.3,22.7,18.5,26.8,35.8
La Grimaudière (86110),/management/ville/la-grimaudiere/ville-86108,19.0,10.0,5.0,24.0,24.0,63.0,113.0,119.0,35.0,44.0,31.8,40.4,45.7,25.8,12.6,10.6,9.9,18.0
Blanche-Église (57260),/management/ville/blanche-eglise/ville-57090,5.0,0.0,0.0,20.0,20.0,20.0,24.0,38.0,9.0,13.0,21.4,36.6,57.1,26.5,9.5,12.2,11.9,19.5
Fouilleuse (60190),/management/ville/fouilleuse/ville-60247,0.0,10.0,5.0,25.0,15.0,20.0,11.0,18.0,23.0,37.0,14.6,9.8,22.9,17.1,33.3,17.1,29.2,56.1
Ingouville (76460),/management/ville/ingouville/ville-76375,15.0,5.0,10.0,35.0,15.0,40.0,86.0,61.0,24.0,48.0,29.2,48.7,36.8,17.7,12.3,9.7,21.7,22.1
L'Isle-Adam (95290),/management/ville/l-isle-adam/ville-95313,0.0,427.0,1524.0,1669.0,1469.0,615.0,1895.0,1868.0,1637.0,3765.0,19.3,21.8,21.7,19.0,17.8,17.9,41.2,41.0
Charette-Varennes (71270),/management/ville/charette-varennes/ville-71101,15.0,10.0,10.0,35.0,60.0,30.0,130.0,107.0,66.0,50.0,34.7,38.8,35.9,23.7,18.2,19.1,11.2,16.9
Éguilly-sous-Bois (10110),/management/ville/eguilly-sous-bois/ville-10136,10.0,0.0,5.0,0.0,15.0,29.0,30.0,39.0,9.0,14.0,25.0,42.2,56.3,22.6,10.4,8.9,8.3,22.2
Albon (26140),/management/ville/albon/ville-26002,15.0,85.0,120.0,210.0,240.0,295.0,395.0,461.0,218.0,319.0,26.0,30.6,40.1,24.1,14.1,17.1,19.7,25.9
La Chapelle-Neuve (22160),/management/ville/la-chapelle-neuve/ville-22037,31.0,5.0,5.0,0.0,62.0,78.0,123.0,81.0,61.0,57.0,31.1,45.8,29.9,19.3,21.6,16.1,17.4,18.1
Lamothe (40250),/management/ville/lamothe/ville-40143,21.0,10.0,16.0,26.0,67.0,52.0,68.0,87.0,51.0,37.0,21.8,34.2,43.5,26.0,20.2,21.7,14.5,16.7
Florimont (90100),/management/ville/florimont/ville-90046,20.0,10.0,0.0,40.0,35.0,111.0,99.0,122.0,57.0,60.0,25.6,34.2,40.6,28.1,14.4,19.0,19.4,15.2
Escatalens (82700),/management/ville/escatalens/ville-82052,5.0,39.0,69.0,108.0,142.0,116.0,205.0,241.0,135.0,195.0,21.4,30.9,38.5,23.2,15.1,19.5,25.0,25.3
Étrelles-sur-Aube (10170),/management/ville/etrelles-sur-aube/ville-10144,0.0,15.0,20.0,10.0,5.0,20.0,36.0,45.0,20.0,18.0,19.7,41.4,50.8,22.6,16.4,17.2,13.1,17.2
Digosville (50110),/management/ville/digosville/ville-50162,0.0,41.0,30.0,271.0,252.0,175.0,222.0,426.0,207.0,280.0,15.9,23.6,44.7,26.7,18.3,18.1,21.1,28.4
Heuilley-sur-Saône (21270),/management/ville/heuilley-sur-saone/ville-21316,5.0,15.0,10.0,26.0,56.0,36.0,96.0,81.0,41.0,41.0,26.8,47.1,43.1,19.4,16.3,14.7,13.8,17.6
Bancourt (62450),/management/ville/bancourt/ville-62079,0.0,0.0,10.0,10.0,10.0,10.0,18.0,15.0,11.0,22.0,25.0,29.4,18.8,22.5,25.0,8.8,31.3,35.3
Dambelin (25150),/management/ville/dambelin/ville-25187,10.0,10.0,20.0,54.0,39.0,108.0,106.0,97.0,72.0,79.0,26.0,34.1,29.8,23.1,23.2,17.3,21.0,23.7
Fenain (59179),/management/ville/fenain/ville-59227,5.0,119.0,103.0,476.0,661.0,841.0,1442.0,1253.0,619.0,512.0,29.2,45.4,40.5,23.1,18.3,14.2,12.0,14.6
Guerpont (55000),/management/ville/guerpont/ville-55221,0.0,10.0,5.0,20.0,35.0,25.0,51.0,58.0,50.0,40.0,20.6,30.3,37.1,21.6,26.8,23.2,15.5,25.3
Givet (08600),/management/ville/givet/ville-08190,20.0,166.0,258.0,636.0,1050.0,1019.0,2171.0,1239.0,789.0,893.0,35.8,49.3,29.2,18.6,16.6,14.4,18.4,16.7
Douzillac (24190),/management/ville/douzillac/ville-24157,5.0,25.0,0.0,90.0,95.0,85.0,199.0,206.0,95.0,123.0,25.4,37.8,39.0,24.3,16.9,13.7,18.6,20.7
Labruyère-Dorsa (31190),/management/ville/labruyere-dorsa/ville-31256,0.0,10.0,24.0,72.0,29.0,14.0,27.0,34.0,29.0,102.0,14.1,13.0,21.2,14.3,14.1,15.2,50.5,57.6
Baugy (60113),/management/ville/baugy/ville-60048,5.0,10.0,41.0,15.0,15.0,39.0,62.0,53.0,29.0,52.0,30.9,33.0,26.6,23.7,16.0,13.0,26.6,27.0
Frichemesnil (76690),/management/ville/frichemesnil/ville-76290,14.0,21.0,35.0,64.0,45.0,21.0,73.0,117.0,54.0,72.0,19.5,26.8,40.3,28.6,18.2,15.9,22.0,23.6
Jouaville (54800),/management/ville/jouaville/ville-54283,5.0,20.0,10.0,35.0,35.0,55.0,52.0,69.0,46.0,58.0,15.7,31.7,38.8,21.2,19.8,21.2,25.6,26.0
Castelnau-d'Aude (11700),/management/ville/castelnau-d-aude/ville-11077,5.0,25.0,10.0,20.0,85.0,60.0,126.0,105.0,80.0,79.0,33.2,31.4,31.1,22.6,18.9,22.2,16.8,23.7
Blanchefosse-et-Bay (08290),/management/ville/blanchefosse-et-bay/ville-08069,16.0,5.0,0.0,0.0,11.0,27.0,55.0,31.0,23.0,20.0,39.1,46.8,24.6,20.6,21.7,12.9,14.5,17.7
Ingrandes (36300),/management/ville/ingrandes/ville-36087,25.0,10.0,5.0,20.0,46.0,36.0,89.0,94.0,48.0,33.0,28.6,39.7,41.4,26.7,19.5,16.0,10.5,13.7
Fouillouse (05130),/management/ville/fouillouse/ville-05057,15.0,0.0,10.0,61.0,26.0,20.0,36.0,42.0,26.0,78.0,18.3,20.7,28.0,17.6,14.0,13.8,39.8,47.1
La Rochegiron (04150),/management/ville/la-rochegiron/ville-04169,5.0,5.0,5.0,14.0,5.0,0.0,21.0,31.0,14.0,15.0,19.4,31.1,58.3,22.2,11.1,22.2,11.1,24.4
Gellainville (28630),/management/ville/gellainville/ville-28177,10.0,5.0,31.0,97.0,51.0,118.0,108.0,140.0,91.0,124.0,21.4,25.4,36.6,23.1,18.1,21.4,23.9,29.5
Charey (54470),/management/ville/charey/ville-54119,0.0,0.0,0.0,5.0,9.0,5.0,16.0,8.0,19.0,14.0,22.2,31.0,22.2,9.1,37.0,31.0,18.5,31.0
Hattigny (57790),/management/ville/hattigny/ville-57302,10.0,5.0,5.0,26.0,31.0,26.0,42.0,50.0,31.0,26.0,23.9,32.5,40.8,26.2,21.1,19.5,14.1,19.5
La Gripperie-Saint-Symphorien (17620),/management/ville/la-gripperie-saint-symphorien/ville-17184,0.0,20.0,5.0,110.0,80.0,115.0,115.0,150.0,75.0,88.0,23.4,30.1,38.5,28.2,15.6,19.6,22.5,18.7
Grand-Fort-Philippe (59153),/management/ville/grand-fort-philippe/ville-59272,0.0,35.0,130.0,415.0,620.0,785.0,1433.0,1219.0,682.0,545.0,26.7,46.1,41.2,21.4,18.3,16.9,13.8,14.3
Eguisheim (68420),/management/ville/eguisheim/ville-68078,69.0,25.0,149.0,288.0,209.0,110.0,263.0,371.0,232.0,473.0,14.7,24.2,32.8,21.8,16.7,17.9,35.8,34.9
L'Isle-Arné (32270),/management/ville/l-isle-arne/ville-32157,0.0,5.0,0.0,25.0,30.0,15.0,19.0,30.0,27.0,43.0,14.3,17.9,38.1,14.3,11.1,35.7,36.5,35.7
Dijon (21000),/management/ville/dijon/ville-21231,81.0,3116.0,15197.0,20061.0,21269.0,12607.0,25769.0,20863.0,18376.0,40288.0,21.4,27.1,23.2,17.0,17.6,17.3,37.8,38.6
Étrembières (74100),/management/ville/etrembieres/ville-74118,0.0,105.0,181.0,246.0,507.0,321.0,513.0,502.0,320.0,413.0,27.1,31.5,32.7,23.3,18.0,18.7,22.2,25.1
Laroin (64110),/management/ville/laroin/ville-64315,0.0,40.0,65.0,165.0,140.0,110.0,134.0,242.0,143.0,270.0,15.0,18.8,33.7,25.7,16.8,19.3,34.5,34.0
Heuland (14430),/management/ville/heuland/ville-14329,0.0,0.0,0.0,13.0,13.0,8.0,14.0,38.0,9.0,9.0,16.7,23.5,66.7,32.5,8.3,20.6,8.3,17.6
La Chapelle-Neuve (56500),/management/ville/la-chapelle-neuve/ville-56039,15.0,36.0,31.0,115.0,125.0,150.0,204.0,229.0,144.0,136.0,24.1,32.8,40.4,23.4,20.1,20.3,15.4,22.5
Albon-d'Ardèche (07190),/management/ville/albon-d-ardeche/ville-07006,5.0,10.0,10.0,20.0,10.0,10.0,45.0,28.0,26.0,33.0,36.1,31.7,26.4,16.1,18.1,21.7,19.4,31.7
Lamothe (43100),/management/ville/lamothe/ville-43110,15.0,25.0,25.0,108.0,130.0,141.0,185.0,178.0,113.0,150.0,26.5,32.9,36.1,20.6,15.3,20.6,22.0,25.8
Florimont-Gaumier (24250),/management/ville/florimont-gaumier/ville-24184,0.0,30.0,5.0,10.0,5.0,5.0,41.0,24.0,19.0,36.0,35.7,32.8,19.6,19.1,17.9,14.1,26.8,32.8
Dambenois (25600),/management/ville/dambenois/ville-25188,0.0,10.0,70.0,121.0,80.0,120.0,120.0,154.0,107.0,167.0,18.3,25.9,34.1,21.9,17.6,21.9,30.1,30.4
Escaudain (59124),/management/ville/escaudain/ville-59205,10.0,140.0,140.0,680.0,1135.0,1410.0,2610.0,2064.0,1045.0,891.0,31.2,46.6,39.9,22.0,15.7,15.9,13.2,13.7
Fénay (21600),/management/ville/fenay/ville-21263,5.0,88.0,114.0,208.0,141.0,146.0,294.0,321.0,249.0,353.0,22.7,25.6,30.2,22.4,19.5,21.3,27.6,30.4
Fouilloy (60220),/management/ville/fouilloy/ville-60248,0.0,5.0,5.0,15.0,30.0,25.0,70.0,48.0,16.0,10.0,45.3,52.1,40.0,24.1,6.7,15.5,8.0,5.6
Charézier (39130),/management/ville/charezier/ville-39109,0.0,0.0,10.0,30.0,30.0,20.0,43.0,31.0,25.0,33.0,38.2,26.6,20.6,24.6,19.1,18.8,22.1,28.1
Étrépagny (27150),/management/ville/etrepagny/ville-27226,5.0,51.0,71.0,370.0,588.0,593.0,1185.0,916.0,420.0,342.0,37.7,44.8,37.4,24.3,13.6,15.7,11.3,12.5
Floringhem (62550),/management/ville/floringhem/ville-62340,15.0,10.0,36.0,82.0,123.0,78.0,195.0,193.0,127.0,106.0,22.7,39.9,38.5,22.7,22.7,18.0,16.1,18.0
Castelnau-d'Estrétefonds (31620),/management/ville/castelnau-d-estretefonds/ville-31118,5.0,284.0,537.0,942.0,922.0,750.0,875.0,1098.0,816.0,1499.0,18.9,21.8,30.9,20.4,18.3,19.7,31.9,37.8
Dimancheville (45390),/management/ville/dimancheville/ville-45125,0.0,10.0,0.0,30.0,10.0,30.0,27.0,25.0,13.0,27.0,27.1,31.8,31.3,21.3,12.5,15.9,29.2,29.5
Givonne (08200),/management/ville/givonne/ville-08191,10.0,25.0,65.0,125.0,135.0,154.0,229.0,222.0,136.0,190.0,26.5,32.4,35.4,21.3,15.9,19.1,22.2,26.6
Labry (54800),/management/ville/labry/ville-54286,5.0,29.0,73.0,166.0,230.0,181.0,291.0,451.0,185.0,248.0,21.4,27.9,43.8,28.3,16.5,15.1,18.3,23.6
Blancherupt (67130),/management/ville/blancherupt/ville-67050,0.0,0.0,0.0,19.0,5.0,0.0,5.0,12.0,6.0,6.0,20.0,14.3,40.0,37.5,13.3,28.6,26.7,14.3
Ingrandes (86220),/management/ville/ingrandes/ville-86111,5.0,35.0,45.0,155.0,290.0,265.0,436.0,456.0,204.0,223.0,31.0,34.9,39.5,26.6,13.5,17.3,15.9,17.8
Guerquesalles (61120),/management/ville/guerquesalles/ville-61198,5.0,10.0,10.0,10.0,21.0,31.0,25.0,29.0,27.0,21.0,18.0,31.4,38.0,21.7,24.0,29.4,20.0,19.6
Gellenoncourt (54110),/management/ville/gellenoncourt/ville-54219,5.0,0.0,5.0,5.0,21.0,5.0,14.0,11.0,9.0,14.0,30.4,26.1,26.1,21.7,17.4,21.7,26.1,30.4
Dambenoît-lès-Colombe (70200),/management/ville/dambenoit-les-colombe/ville-70195,0.0,10.0,10.0,30.0,54.0,49.0,76.0,63.0,47.0,22.0,29.4,44.6,40.4,19.6,22.9,22.8,7.3,13.9
La Groise (59360),/management/ville/la-groise/ville-59274,0.0,5.0,30.0,51.0,56.0,61.0,111.0,102.0,66.0,71.0,29.8,33.3,36.8,22.2,13.5,23.9,19.9,21.1
Grand-Fougeray (35390),/management/ville/grand-fougeray/ville-35124,61.0,76.0,101.0,238.0,279.0,390.0,533.0,565.0,282.0,408.0,24.4,34.8,36.0,24.1,18.4,13.3,21.2,24.2
Éguzon-Chantôme (36270),/management/ville/eguzon-chantome/ville-36070,10.0,75.0,10.0,50.0,161.0,116.0,448.0,392.0,171.0,147.0,33.1,43.4,41.6,24.5,13.5,15.8,11.8,13.4
La Rochelle (17000),/management/ville/la-rochelle/ville-17300,47.0,2049.0,5330.0,8026.0,9572.0,6107.0,14545.0,12429.0,8939.0,18452.0,22.8,29.9,26.1,19.5,16.6,16.3,34.4,33.6
L'Isle-Bouzon (32380),/management/ville/l-isle-bouzon/ville-32158,5.0,0.0,20.0,25.0,20.0,45.0,41.0,48.0,39.0,51.0,19.1,26.7,29.2,23.4,23.6,20.0,28.1,28.9
Baugy (71110),/management/ville/baugy/ville-71024,10.0,50.0,15.0,35.0,55.0,55.0,109.0,145.0,65.0,79.0,22.9,32.0,45.3,24.9,15.4,17.3,16.4,23.4
Joucas (84220),/management/ville/joucas/ville-84057,0.0,40.0,0.0,25.0,35.0,40.0,70.0,87.0,64.0,63.0,22.4,27.0,36.7,25.4,16.3,29.1,24.5,19.9
Lamothe-Capdeville (82130),/management/ville/lamothe-capdeville/ville-82090,10.0,51.0,46.0,107.0,189.0,138.0,246.0,227.0,140.0,199.0,29.1,31.3,33.3,21.8,15.9,18.7,21.8,27.4
Le Bosc (09000),/management/ville/le-bosc/ville-09063,0.0,0.0,0.0,10.0,20.0,5.0,30.0,14.0,18.0,25.0,44.7,22.5,17.0,16.2,19.1,22.5,19.1,40.0
Fricourt (80300),/management/ville/fricourt/ville-80366,10.0,5.0,10.0,35.0,86.0,61.0,100.0,133.0,72.0,68.0,16.4,37.2,48.6,22.3,19.7,18.6,15.3,20.7
La Chapelle-Onzerain (45310),/management/ville/la-chapelle-onzerain/ville-45074,0.0,0.0,0.0,15.0,10.0,15.0,24.0,28.0,17.0,15.0,31.8,25.0,36.4,27.9,18.2,22.5,13.6,22.5
Escaudes (33840),/management/ville/escaudes/ville-33155,0.0,0.0,5.0,15.0,15.0,25.0,45.0,51.0,20.0,19.0,26.5,40.6,47.1,24.7,17.6,11.6,8.8,18.8
Fendeille (11400),/management/ville/fendeille/ville-11138,5.0,26.0,5.0,72.0,98.0,77.0,87.0,114.0,81.0,128.0,15.2,27.5,33.3,21.6,19.5,20.0,31.9,30.5
Douzy (08140),/management/ville/douzy/ville-08145,8.0,20.0,75.0,241.0,288.0,326.0,512.0,490.0,272.0,252.0,27.6,39.1,40.7,22.6,17.7,18.0,14.0,19.0
Hattmatt (67330),/management/ville/hattmatt/ville-67185,0.0,15.0,15.0,85.0,100.0,105.0,114.0,230.0,83.0,95.0,14.5,29.2,52.7,29.6,16.0,15.8,16.8,19.6
Heume-l'Église (63210),/management/ville/heume-l-eglise/ville-63176,25.0,0.0,5.0,15.0,0.0,5.0,22.0,31.0,21.0,15.0,21.6,28.9,43.1,22.0,29.4,15.8,5.9,31.6
Fouilloy (80800),/management/ville/fouilloy/ville-80338,0.0,41.0,81.0,218.0,264.0,229.0,548.0,369.0,201.0,310.0,29.9,45.1,35.7,17.4,13.0,15.0,21.3,22.1
Chargé (37530),/management/ville/charge/ville-37060,5.0,51.0,71.0,144.0,143.0,163.0,222.0,276.0,146.0,282.0,19.3,28.7,38.6,20.0,15.2,16.3,26.8,34.1
Étrepigney (39700),/management/ville/etrepigney/ville-39218,5.0,5.0,40.0,60.0,55.0,60.0,94.0,84.0,43.0,85.0,26.5,34.8,32.5,21.0,13.2,14.8,27.8,27.7
Baulay (70160),/management/ville/baulay/ville-70056,0.0,15.0,0.0,30.0,20.0,39.0,97.0,84.0,27.0,30.0,39.0,42.5,41.5,25.4,8.5,14.2,11.0,14.2
Guerstling (57320),/management/ville/guerstling/ville-57273,0.0,20.0,10.0,35.0,70.0,80.0,109.0,115.0,57.0,41.0,24.0,44.2,47.9,22.4,14.4,21.4,13.8,11.7
Escaudœuvres (59161),/management/ville/escaudoeuvres/ville-59206,10.0,67.0,128.0,332.0,393.0,468.0,924.0,708.0,391.0,421.0,32.3,42.6,34.0,22.6,16.2,15.8,17.5,17.0
Gelles (63740),/management/ville/gelles/ville-63163,31.0,36.0,51.0,87.0,153.0,87.0,243.0,215.0,148.0,120.0,28.9,38.2,37.0,21.6,20.8,19.7,13.2,19.9
Flottemanville (50700),/management/ville/flottemanville/ville-50186,10.0,0.0,5.0,25.0,25.0,35.0,39.0,40.0,24.0,30.0,32.4,25.8,33.8,25.4,12.7,24.2,21.1,24.2
Grand-Laviers (80132),/management/ville/grand-laviers/ville-80385,0.0,10.0,25.0,45.0,50.0,45.0,104.0,69.0,61.0,81.0,28.7,37.3,22.9,19.8,23.6,15.2,24.8,26.6
Castelnau-de-Guers (34120),/management/ville/castelnau-de-guers/ville-34056,20.0,65.0,30.0,115.0,215.0,65.0,252.0,249.0,168.0,256.0,23.4,30.6,33.6,20.6,17.0,19.2,26.0,29.2
Givors (69700),/management/ville/givors/ville-69091,17.0,355.0,528.0,1656.0,2777.0,2539.0,5409.0,3736.0,2099.0,2309.0,38.1,41.6,32.1,21.8,15.3,15.7,14.6,19.3
Laburgade (46230),/management/ville/laburgade/ville-46140,5.0,20.0,20.0,55.0,45.0,40.0,48.0,74.0,40.0,81.0,10.8,28.0,42.5,19.4,12.5,20.0,34.2,32.8
L'Isle-d'Abeau (38080),/management/ville/l-isle-d-abeau/ville-38193,10.0,266.0,1155.0,2019.0,2361.0,2373.0,2638.0,2737.0,1853.0,2988.0,25.6,26.0,27.8,24.4,16.6,19.6,30.1,28.4
Joucou (11140),/management/ville/joucou/ville-11177,0.0,5.0,5.0,0.0,0.0,5.0,7.0,9.0,9.0,5.0,13.3,33.3,40.0,21.4,33.3,26.7,13.3,20.0
Damblain (88320),/management/ville/damblain/ville-88123,0.0,10.0,0.0,25.0,20.0,45.0,90.0,62.0,40.0,20.0,35.4,48.3,35.4,23.1,17.7,19.8,11.5,7.8
Doville (50250),/management/ville/doville/ville-50166,5.0,10.0,10.0,40.0,56.0,46.0,76.0,88.0,39.0,28.0,27.1,39.8,47.5,25.4,16.1,16.8,9.3,15.0
La Groutte (18200),/management/ville/la-groutte/ville-18107,0.0,0.0,0.0,20.0,20.0,10.0,34.0,25.0,18.0,21.0,31.9,36.7,27.7,22.4,14.9,22.4,25.5,18.4
Éhuns (70300),/management/ville/ehuns/ville-70213,16.0,5.0,16.0,37.0,26.0,32.0,44.0,48.0,37.0,52.0,22.0,27.0,28.6,21.9,25.3,15.7,24.2,33.7
Heuqueville (27700),/management/ville/heuqueville/ville-27337,0.0,1.0,10.0,64.0,28.0,81.0,82.0,106.0,53.0,47.0,27.2,29.8,40.1,29.2,17.7,19.1,15.0,17.7
Blancs-Coteaux (51190),/management/ville/blancs-coteaux/ville-51612,211.0,75.0,75.0,225.0,396.0,602.0,865.0,767.0,400.0,501.0,28.8,38.7,38.1,21.8,16.6,15.1,16.5,22.5
Ingrandes-Le Fresne sur Loire (49123),/management/ville/ingrandes-le-fresne-sur-loire/ville-49160,0.0,59.0,127.0,288.0,384.0,382.0,662.0,545.0,306.0,390.0,28.3,40.4,35.6,21.2,15.8,16.3,20.3,20.8
Hattstatt (68420),/management/ville/hattstatt/ville-68123,10.0,20.0,70.0,130.0,110.0,35.0,116.0,212.0,98.0,190.0,16.4,21.2,36.2,27.7,17.1,14.7,30.3,31.4
Le Bosc (34700),/management/ville/le-bosc/ville-34036,25.0,109.0,59.0,148.0,143.0,79.0,219.0,282.0,204.0,302.0,22.5,21.1,31.4,23.7,19.2,21.3,26.9,33.1
Fridefont (15110),/management/ville/fridefont/ville-15073,15.0,5.0,0.0,5.0,0.0,5.0,38.0,28.0,17.0,9.0,34.0,50.0,36.0,20.8,26.0,9.5,4.0,16.7
La Chapelle-Orthemale (36500),/management/ville/la-chapelle-orthemale/ville-36040,5.0,0.0,10.0,14.0,14.0,24.0,25.0,22.0,12.0,23.0,23.3,37.5,32.6,17.8,20.9,7.5,23.3,35.0
La Rochelle (70120),/management/ville/la-rochelle/ville-70450,5.0,0.0,0.0,5.0,0.0,9.0,14.0,5.0,7.0,7.0,38.9,41.2,16.7,11.8,33.3,11.8,11.1,35.3
Fénery (79450),/management/ville/fenery/ville-79118,10.0,15.0,5.0,34.0,55.0,20.0,85.0,77.0,43.0,29.0,34.7,38.1,37.2,25.4,19.8,16.8,8.3,16.8
Floudès (33190),/management/ville/floudes/ville-33169,0.0,0.0,5.0,0.0,14.0,38.0,26.0,28.0,9.0,14.0,30.6,35.9,38.9,28.9,5.6,17.9,25.0,12.8
Givraines (45300),/management/ville/givraines/ville-45157,10.0,25.0,30.0,45.0,45.0,61.0,103.0,99.0,53.0,63.0,30.7,34.2,38.6,21.6,18.1,14.8,12.7,27.5
Fouju (77390),/management/ville/fouju/ville-77195,5.0,25.0,70.0,106.0,55.0,45.0,97.0,122.0,73.0,130.0,21.1,24.8,36.8,20.5,16.3,18.6,25.8,35.7
Baule (45130),/management/ville/baule/ville-45024,5.0,105.0,150.0,300.0,295.0,165.0,326.0,481.0,251.0,419.0,19.0,25.1,40.1,23.3,16.9,17.1,24.0,32.6
Dimechaux (59740),/management/ville/dimechaux/ville-59174,0.0,5.0,16.0,47.0,31.0,47.0,63.0,78.0,39.0,76.0,19.2,29.8,36.0,22.3,19.2,12.2,25.6,32.8
Étrépigny (08160),/management/ville/etrepigny/ville-08158,0.0,0.0,25.0,70.0,15.0,10.0,43.0,69.0,36.0,71.0,17.5,21.6,39.8,22.8,14.6,18.1,28.2,36.2
Castelnau-de-Lévis (81150),/management/ville/castelnau-de-levis/ville-81063,20.0,85.0,55.0,170.0,220.0,80.0,308.0,302.0,274.0,333.0,23.6,26.8,31.4,20.5,18.8,25.7,26.2,28.3
Grand-Rozoy (02210),/management/ville/grand-rozoy/ville-02665,0.0,5.0,25.0,30.0,45.0,35.0,57.0,69.0,48.0,46.0,21.4,30.2,40.2,22.5,18.8,25.5,19.6,22.6
Guerting (57880),/management/ville/guerting/ville-57274,10.0,20.0,15.0,140.0,105.0,145.0,152.0,233.0,121.0,147.0,16.3,30.3,41.4,27.0,18.1,19.0,24.2,20.8
Escaunets (65500),/management/ville/escaunets/ville-65160,5.0,0.0,5.0,10.0,31.0,10.0,26.0,23.0,21.0,23.0,33.3,22.7,22.2,24.5,28.9,15.9,15.6,34.1
Lamothe-Cassel (46240),/management/ville/lamothe-cassel/ville-46151,0.0,11.0,11.0,16.0,16.0,27.0,32.0,31.0,24.0,24.0,30.0,26.4,33.3,22.0,18.3,26.4,18.3,26.4
Chargey-lès-Gray (70100),/management/ville/chargey-les-gray/ville-70132,17.0,20.0,25.0,65.0,50.0,111.0,156.0,141.0,85.0,102.0,29.1,35.2,35.9,22.4,13.5,21.5,21.5,20.6
Gellin (25240),/management/ville/gellin/ville-25263,0.0,5.0,15.0,15.0,25.0,101.0,29.0,67.0,35.0,49.0,12.8,20.0,47.9,24.2,20.2,18.8,19.1,35.3
Lac-des-Rouges-Truites (39150),/management/ville/lac-des-rouges-truites/ville-39271,25.0,15.0,10.0,75.0,55.0,30.0,84.0,88.0,44.0,78.0,22.8,34.2,37.9,20.6,15.2,14.8,24.1,28.9
Laroque (33410),/management/ville/laroque/ville-33231,15.0,15.0,0.0,64.0,44.0,30.0,56.0,67.0,33.0,66.0,22.2,28.7,37.0,21.8,13.9,15.7,26.9,32.2
Blandainville (28120),/management/ville/blandainville/ville-28041,0.0,20.0,25.0,30.0,20.0,20.0,89.0,53.0,36.0,46.0,27.9,50.0,32.7,15.3,20.2,12.5,19.2,21.7
L'Isle-d'Espagnac (16340),/management/ville/l-isle-d-espagnac/ville-16166,0.0,175.0,285.0,590.0,835.0,485.0,1174.0,1308.0,836.0,978.0,22.8,31.0,35.5,25.1,17.1,21.3,24.6,21.3
Damblainville (14620),/management/ville/damblainville/ville-14216,0.0,5.0,0.0,30.0,30.0,69.0,55.0,43.0,36.0,35.0,31.8,33.0,34.1,18.5,17.6,25.0,16.5,25.0
Hauban (65200),/management/ville/hauban/ville-65216,5.0,0.0,0.0,25.0,15.0,5.0,18.0,25.0,20.0,28.0,20.0,19.6,32.5,23.5,20.0,23.5,27.5,33.3
Joudes (71480),/management/ville/joudes/ville-71243,0.0,10.0,0.0,21.0,36.0,77.0,123.0,117.0,43.0,33.0,32.5,45.3,46.1,25.3,11.7,15.5,9.7,10.6
Ingrannes (45450),/management/ville/ingrannes/ville-45168,20.0,0.0,26.0,66.0,77.0,61.0,105.0,113.0,71.0,85.0,25.9,30.6,36.0,23.1,18.5,19.4,19.6,25.8
La Chapelle-Palluau (85670),/management/ville/la-chapelle-palluau/ville-85055,15.0,60.0,35.0,95.0,125.0,165.0,151.0,260.0,142.0,132.0,19.7,24.3,42.9,29.2,21.5,20.0,15.9,22.6
Heuqueville (76280),/management/ville/heuqueville/ville-76361,10.0,30.0,30.0,136.0,106.0,71.0,102.0,142.0,75.0,158.0,20.2,22.3,35.4,22.0,16.0,15.0,28.4,38.6
La Rochénard (79270),/management/ville/la-rochenard/ville-79229,10.0,15.0,35.0,80.0,70.0,50.0,142.0,108.0,57.0,106.0,30.9,37.4,35.6,17.3,12.4,15.1,21.1,29.7
La Guerche (37350),/management/ville/la-guerche/ville-37114,5.0,10.0,0.0,5.0,25.0,40.0,43.0,56.0,27.0,25.0,21.5,36.1,50.6,22.9,11.4,25.0,16.5,16.7
Eichhoffen (67140),/management/ville/eichhoffen/ville-67120,15.0,10.0,26.0,41.0,77.0,92.0,77.0,121.0,82.0,119.0,15.8,22.7,33.7,25.1,21.9,19.2,28.6,31.0
Doye (39250),/management/ville/doye/ville-39203,0.0,0.0,0.0,10.0,5.0,10.0,19.0,18.0,13.0,21.0,17.1,36.1,37.1,13.2,28.6,8.3,17.1,41.7
Le Bosc du Theil (27370),/management/ville/le-bosc-du-theil/ville-27302,5.0,76.0,66.0,147.0,163.0,203.0,320.0,268.0,190.0,205.0,28.7,36.3,33.9,20.3,19.6,19.2,17.8,23.9
Floure (11800),/management/ville/floure/ville-11146,15.0,30.0,10.0,25.0,50.0,25.0,102.0,65.0,55.0,53.0,36.2,37.4,29.1,19.9,16.5,23.1,18.1,20.4
Gelos (64110),/management/ville/gelos/ville-64237,5.0,89.0,264.0,420.0,438.0,295.0,602.0,724.0,449.0,879.0,18.7,26.2,30.8,22.5,16.8,17.0,33.7,32.7
Grand-Rullecourt (62810),/management/ville/grand-rullecourt/ville-62385,5.0,10.0,10.0,57.0,52.0,42.0,104.0,91.0,55.0,57.0,30.5,37.2,41.1,19.0,15.2,20.5,13.2,23.7
Friedolsheim (67490),/management/ville/friedolsheim/ville-67145,5.0,5.0,5.0,64.0,44.0,20.0,34.0,55.0,31.0,55.0,17.4,22.0,36.0,24.2,17.4,17.6,29.1,34.1
Escautpont (59278),/management/ville/escautpont/ville-59207,0.0,56.0,56.0,333.0,464.0,590.0,1126.0,954.0,485.0,416.0,30.7,43.9,38.2,23.9,17.4,15.3,13.7,14.2
Fénétrange (57930),/management/ville/fenetrange/ville-57210,25.0,10.0,41.0,66.0,66.0,46.0,211.0,163.0,88.0,107.0,29.1,44.0,36.6,19.9,17.9,13.6,16.4,20.9
Dimont (59216),/management/ville/dimont/ville-59175,5.0,15.0,0.0,30.0,35.0,46.0,52.0,81.0,37.0,69.0,21.3,21.7,41.8,24.2,13.1,18.3,23.8,33.9
Baulme-la-Roche (21410),/management/ville/baulme-la-roche/ville-21051,5.0,0.0,10.0,10.0,10.0,15.0,20.0,19.0,13.0,22.0,27.0,27.0,27.0,23.1,16.2,18.9,29.7,29.7
Chargey-lès-Port (70170),/management/ville/chargey-les-port/ville-70133,0.0,0.0,0.0,30.0,50.0,35.0,61.0,60.0,34.0,24.0,22.8,46.1,38.0,24.3,28.3,9.0,10.9,15.7
Laroque (34190),/management/ville/laroque/ville-34128,0.0,95.0,65.0,120.0,260.0,100.0,379.0,361.0,219.0,293.0,28.3,32.1,33.2,23.6,15.2,19.6,23.3,23.5
Étrépilly (02400),/management/ville/etrepilly/ville-02297,0.0,0.0,5.0,5.0,11.0,27.0,28.0,37.0,11.0,11.0,39.5,25.6,46.5,33.3,4.7,20.9,9.3,14.0
Lamothe-Cumont (82500),/management/ville/lamothe-cumont/ville-82091,14.0,0.0,0.0,23.0,23.0,9.0,23.0,28.0,24.0,22.0,22.7,24.5,36.4,23.5,22.7,26.4,18.2,26.4
Guerville (76340),/management/ville/guerville/ville-76333,15.0,5.0,15.0,20.0,50.0,101.0,156.0,107.0,49.0,35.0,42.2,47.4,37.6,22.4,13.3,14.9,6.9,13.1
Foulain (52000),/management/ville/foulain/ville-52205,0.0,0.0,36.0,127.0,109.0,111.0,153.0,183.0,108.0,129.0,21.1,32.6,36.2,24.6,20.8,16.7,21.8,23.6
Lacabarède (81240),/management/ville/lacabarede/ville-81121,10.0,20.0,0.0,25.0,45.0,40.0,114.0,73.0,30.0,33.0,41.6,49.6,33.6,21.9,11.2,13.0,13.6,13.0
Givrand (85800),/management/ville/givrand/ville-85100,14.0,105.0,72.0,224.0,296.0,181.0,471.0,585.0,334.0,334.0,22.0,32.1,41.2,25.5,18.6,20.1,18.1,20.5
Le Magnoray (70000),/management/ville/le-magnoray/ville-70316,0.0,10.0,15.0,5.0,10.0,5.0,12.0,23.0,15.0,21.0,15.2,18.4,39.4,25.0,21.2,21.1,24.2,34.2
Ingré (45140),/management/ville/ingre/ville-45169,0.0,247.0,679.0,1335.0,1191.0,1011.0,1788.0,1837.0,1080.0,1677.0,26.5,29.5,33.1,23.0,15.9,18.0,24.5,28.0
L'Isle-de-Noé (32300),/management/ville/l-isle-de-noe/ville-32159,30.0,25.0,20.0,64.0,69.0,49.0,121.0,121.0,79.0,100.0,28.1,29.5,32.9,23.3,18.6,18.6,20.5,27.1
Castelnau-de-Mandailles (12500),/management/ville/castelnau-de-mandailles/ville-12061,25.0,5.0,10.0,35.0,61.0,71.0,159.0,154.0,68.0,68.0,29.7,41.9,45.7,20.9,14.7,15.3,9.9,20.5
Haubourdin (59320),/management/ville/haubourdin/ville-59286,0.0,236.0,788.0,1682.0,2583.0,1664.0,3477.0,2827.0,1741.0,2747.0,28.3,35.5,31.4,20.6,16.9,15.5,23.5,27.1
Doyet (03170),/management/ville/doyet/ville-03104,30.0,20.0,30.0,136.0,161.0,187.0,351.0,287.0,146.0,151.0,35.4,39.5,34.6,24.4,14.5,16.9,15.6,16.9
Le Bosc-Renoult (61470),/management/ville/le-bosc-renoult/ville-61054,0.0,10.0,5.0,15.0,20.0,55.0,70.0,69.0,26.0,24.0,36.1,38.3,42.3,26.6,12.4,14.9,9.3,16.0
Eincheville (57340),/management/ville/eincheville/ville-57189,10.0,10.0,5.0,15.0,15.0,40.0,53.0,55.0,19.0,30.0,24.1,44.6,47.0,19.8,12.0,12.2,16.9,21.6
La Rochepot (21340),/management/ville/la-rochepot/ville-21527,5.0,20.0,10.0,30.0,45.0,25.0,48.0,81.0,42.0,49.0,16.1,27.8,46.4,25.2,17.9,20.4,19.6,25.0
Dambron (28140),/management/ville/dambron/ville-28121,0.0,10.0,10.0,5.0,14.0,5.0,23.0,23.0,12.0,17.0,29.3,30.6,36.6,20.5,19.5,13.9,14.6,33.3
Joudreville (54490),/management/ville/joudreville/ville-54284,0.0,20.0,10.0,75.0,191.0,151.0,383.0,297.0,103.0,86.0,35.3,51.5,43.5,23.1,11.0,12.6,10.3,9.6
La Chapelle-Pouilloux (79190),/management/ville/la-chapelle-pouilloux/ville-79074,0.0,20.0,10.0,10.0,35.0,30.0,58.0,33.0,24.0,31.0,35.6,43.8,32.9,13.4,12.3,20.5,19.2,23.3
La Guerche-de-Bretagne (35130),/management/ville/la-guerche-de-bretagne/ville-35125,25.0,110.0,90.0,336.0,516.0,622.0,1351.0,978.0,475.0,495.0,32.9,48.1,37.4,20.8,15.8,13.1,13.8,16.1
Heuringhem (62575),/management/ville/heuringhem/ville-62452,15.0,45.0,75.0,172.0,154.0,193.0,280.0,288.0,175.0,286.0,21.8,32.6,36.9,18.8,17.5,16.6,23.9,31.6
Flourens (31130),/management/ville/flourens/ville-31184,5.0,65.0,267.0,233.0,251.0,76.0,242.0,234.0,307.0,595.0,17.5,17.6,20.6,15.2,19.6,24.8,42.3,44.1
Laroque-d'Olmes (09600),/management/ville/laroque-d-olmes/ville-09157,20.0,66.0,46.0,148.0,300.0,295.0,821.0,561.0,324.0,288.0,36.3,45.4,34.5,21.7,14.4,17.7,14.8,14.2
Lacadée (64300),/management/ville/lacadee/ville-64296,16.0,0.0,10.0,5.0,31.0,21.0,29.0,31.0,25.0,22.0,18.0,35.1,46.0,16.0,20.0,26.3,16.0,24.6
Givrauval (55500),/management/ville/givrauval/ville-55214,5.0,10.0,16.0,37.0,26.0,37.0,58.0,87.0,36.0,48.0,22.0,29.2,41.5,29.5,13.0,18.9,23.6,17.9
Baulne (91590),/management/ville/baulne/ville-91047,0.0,25.0,100.0,180.0,175.0,140.0,222.0,271.0,197.0,290.0,20.6,24.7,32.4,22.5,18.9,21.3,28.1,31.1
Geloux (40090),/management/ville/geloux/ville-40111,21.0,10.0,21.0,62.0,98.0,57.0,103.0,165.0,104.0,154.0,14.5,24.9,37.5,23.1,22.3,17.1,25.7,33.1
Feneu (49460),/management/ville/feneu/ville-49135,10.0,51.0,148.0,327.0,291.0,189.0,366.0,453.0,267.0,505.0,17.9,27.7,35.6,21.0,16.8,16.7,29.8,33.5
Lamothe-Fénelon (46350),/management/ville/lamothe-fenelon/ville-46152,0.0,5.0,0.0,24.0,33.0,24.0,82.0,60.0,53.0,58.0,35.8,29.5,24.4,22.5,19.5,22.5,20.3,25.6
Frières-Faillouël (02700),/management/ville/frieres-faillouel/ville-02336,10.0,29.0,40.0,109.0,139.0,129.0,206.0,202.0,117.0,169.0,27.4,31.9,36.6,20.6,16.7,17.0,19.3,29.6
Escazeaux (82500),/management/ville/escazeaux/ville-82053,10.0,10.0,10.0,25.0,30.0,46.0,66.0,70.0,32.0,48.0,28.8,32.0,41.4,22.0,12.6,17.5,17.1,27.2
Foulangues (60250),/management/ville/foulangues/ville-60249,0.0,0.0,30.0,30.0,20.0,10.0,19.0,42.0,37.0,45.0,10.7,16.2,37.3,22.6,22.7,29.4,29.3,33.8
Dinan (22100),/management/ville/dinan/ville-22050,9.0,546.0,841.0,1504.0,1682.0,1185.0,3326.0,2484.0,2124.0,3406.0,24.7,32.9,24.2,19.8,18.8,18.7,32.3,28.3
Étrépilly (77139),/management/ville/etrepilly/ville-77173,5.0,5.0,50.0,120.0,171.0,115.0,140.0,218.0,117.0,130.0,19.9,26.4,44.4,25.5,19.0,19.7,16.7,26.4
Chariez (70000),/management/ville/chariez/ville-70134,5.0,10.0,5.0,46.0,15.0,30.0,38.0,49.0,27.0,38.0,23.1,26.8,38.5,24.0,16.7,19.7,21.8,28.2
Guerville (78930),/management/ville/guerville/ville-78291,10.0,60.0,145.0,359.0,284.0,185.0,355.0,456.0,268.0,468.0,21.0,25.0,36.7,21.6,15.0,19.7,27.3,33.2
Grand-Santi (97340),/management/ville/grand-santi/ville-97357,0.0,16.0,37.0,75.0,176.0,107.0,2928.0,94.0,37.0,108.0,92.1,92.8,3.5,2.5,1.2,1.1,3.2,3.6
Le Magny (36400),/management/ville/le-magny/ville-36109,5.0,10.0,30.0,95.0,175.0,135.0,270.0,303.0,123.0,138.0,27.3,37.1,45.3,25.2,12.8,16.6,14.8,18.2
L'Isle-en-Dodon (31230),/management/ville/l-isle-en-dodon/ville-31239,0.0,118.0,14.0,80.0,237.0,146.0,635.0,345.0,214.0,179.0,40.1,51.5,32.7,18.2,15.4,15.6,11.8,14.1
Inguiniel (56240),/management/ville/inguiniel/ville-56089,75.0,75.0,20.0,155.0,310.0,355.0,464.0,567.0,297.0,274.0,23.5,34.5,42.2,25.8,18.9,18.2,15.4,18.8
La Chapelle-près-Sées (61500),/management/ville/la-chapelle-pres-sees/ville-61098,0.0,20.0,15.0,45.0,100.0,55.0,99.0,108.0,57.0,71.0,28.6,30.6,38.3,23.8,16.0,18.1,17.1,25.6
Castelnau-de-Médoc (33480),/management/ville/castelnau-de-medoc/ville-33104,0.0,97.0,208.0,548.0,785.0,668.0,903.0,973.0,668.0,801.0,23.3,30.5,32.9,24.2,19.8,20.1,24.0,23.9
Dozulé (14430),/management/ville/dozule/ville-14229,5.0,60.0,75.0,225.0,370.0,278.0,641.0,497.0,255.0,328.0,34.9,39.1,34.5,22.4,13.3,16.0,17.3,20.6
Heurteauville (76940),/management/ville/heurteauville/ville-76362,0.0,5.0,9.0,20.0,54.0,59.0,65.0,73.0,39.0,61.0,26.8,27.8,30.1,26.5,19.5,13.0,23.6,27.8
Dame-Marie (61130),/management/ville/dame-marie/ville-61142,11.0,0.0,5.0,16.0,21.0,11.0,35.0,30.0,21.0,34.0,35.0,23.0,21.7,24.6,21.7,14.8,21.7,34.4
La Guerche-sur-l'Aubois (18150),/management/ville/la-guerche-sur-l-aubois/ville-18108,28.0,108.0,125.0,244.0,429.0,417.0,1066.0,754.0,412.0,374.0,32.2,48.6,38.0,19.8,16.8,14.9,13.0,15.4
La Rochette (06260),/management/ville/la-rochette/ville-04170,31.0,0.0,0.0,0.0,0.0,0.0,16.0,18.0,12.0,8.0,31.0,29.2,31.0,32.0,17.2,29.2,20.7,8.3
Hauconcourt (57280),/management/ville/hauconcourt/ville-57303,0.0,6.0,11.0,74.0,80.0,107.0,137.0,159.0,82.0,96.0,26.5,31.5,36.1,26.7,19.7,14.9,17.6,22.6
Einvaux (54360),/management/ville/einvaux/ville-54175,0.0,5.0,5.0,39.0,29.0,73.0,55.0,94.0,53.0,46.0,21.2,23.5,42.4,29.9,20.5,22.6,15.9,20.9
Le Bouchage (16350),/management/ville/le-bouchage/ville-16054,9.0,5.0,0.0,18.0,5.0,14.0,55.0,28.0,23.0,27.0,37.9,45.6,24.2,17.6,16.7,17.6,21.2,19.1
Joué-du-Bois (61320),/management/ville/joue-du-bois/ville-61209,25.0,10.0,5.0,45.0,45.0,55.0,122.0,112.0,39.0,47.0,34.2,42.0,38.0,26.7,12.7,11.7,15.2,14.2
Floursies (59440),/management/ville/floursies/ville-59240,5.0,0.0,5.0,10.0,15.0,15.0,22.0,23.0,15.0,33.0,30.0,17.4,30.0,19.6,12.0,19.6,28.0,43.5
Eschau (67114),/management/ville/eschau/ville-67131,5.0,115.0,605.0,695.0,670.0,490.0,642.0,1242.0,620.0,1293.0,13.7,19.9,36.0,26.4,15.1,17.5,35.2,33.0
Givrezac (17260),/management/ville/givrezac/ville-17178,0.0,15.0,5.0,10.0,5.0,0.0,17.0,13.0,15.0,9.0,26.9,37.9,23.1,24.1,30.8,24.1,19.2,13.8
Dinard (35800),/management/ville/dinard/ville-35093,0.0,339.0,548.0,785.0,1206.0,537.0,2464.0,1857.0,1642.0,2506.0,23.6,33.2,27.2,18.4,18.2,20.3,31.0,28.5
Étrepy (51340),/management/ville/etrepy/ville-51240,0.0,0.0,10.0,10.0,20.0,20.0,34.0,27.0,24.0,19.0,30.2,35.3,34.0,18.8,22.6,23.5,13.2,23.5
Laroque-de-Fa (11330),/management/ville/laroque-de-fa/ville-11191,10.0,0.0,0.0,10.0,5.0,0.0,55.0,23.0,28.0,27.0,42.5,40.0,21.9,13.2,19.2,23.3,16.4,25.0
Gueschart (80150),/management/ville/gueschart/ville-80396,31.0,9.0,13.0,31.0,18.0,36.0,75.0,73.0,40.0,42.0,29.2,37.0,40.0,20.9,18.3,15.7,12.5,25.0
Lacajunte (40320),/management/ville/lacajunte/ville-40136,0.0,15.0,0.0,0.0,60.0,35.0,26.0,40.0,26.0,22.0,22.8,22.8,35.1,31.3,22.8,22.8,19.3,19.3
Charigny (21140),/management/ville/charigny/ville-21145,10.0,0.0,0.0,0.0,5.0,0.0,10.0,8.0,2.0,3.0,44.4,42.9,33.3,27.8,11.1,7.1,11.1,14.3
Grand-Verly (02120),/management/ville/grand-verly/ville-02783,0.0,0.0,0.0,5.0,34.0,19.0,32.0,30.0,17.0,15.0,34.0,34.8,34.0,26.9,18.0,17.4,14.0,17.4
Lamothe-Goas (32500),/management/ville/lamothe-goas/ville-32188,0.0,0.0,5.0,5.0,10.0,5.0,16.0,11.0,18.0,18.0,22.2,27.3,22.2,16.7,33.3,24.2,22.2,33.3
Foulayronnes (47510),/management/ville/foulayronnes/ville-47100,25.0,207.0,414.0,799.0,750.0,335.0,804.0,976.0,736.0,1432.0,19.2,21.4,28.1,21.3,17.8,19.3,34.9,37.5
Friesen (68580),/management/ville/friesen/ville-68098,0.0,20.0,46.0,36.0,91.0,116.0,144.0,181.0,71.0,89.0,25.2,35.5,41.7,27.3,13.9,15.5,19.2,17.3
Baulny (55270),/management/ville/baulny/ville-55033,0.0,0.0,0.0,0.0,0.0,0.0,7.0,1.0,1.0,3.0,40.0,71.4,20.0,0.0,20.0,0.0,20.0,28.6
Castelnau-de-Montmiral (81140),/management/ville/castelnau-de-montmiral/ville-81064,76.0,51.0,56.0,116.0,101.0,101.0,168.0,190.0,173.0,268.0,21.7,20.4,29.4,18.8,21.2,22.1,27.7,39.4
L'Isle-en-Rigault (55000),/management/ville/l-isle-en-rigault/ville-55296,0.0,0.0,30.0,55.0,49.0,64.0,123.0,121.0,53.0,89.0,28.1,35.8,37.8,22.4,13.3,14.2,20.9,25.3
Heutrégiville (51110),/management/ville/heutregiville/ville-51293,11.0,0.0,22.0,55.0,98.0,55.0,99.0,74.0,61.0,83.0,27.2,35.8,30.2,16.5,17.2,21.6,25.4,27.0
La Guérinière (85680),/management/ville/la-gueriniere/ville-85106,15.0,55.0,40.0,122.0,131.0,161.0,419.0,306.0,186.0,210.0,30.6,43.7,33.9,20.3,16.1,17.0,19.4,18.1
Ingwiller (67340),/management/ville/ingwiller/ville-67222,25.0,120.0,150.0,410.0,520.0,595.0,1002.0,980.0,496.0,661.0,26.4,36.7,37.0,23.6,16.7,15.1,19.9,22.1
Féneyrols (82140),/management/ville/feneyrols/ville-82061,0.0,5.0,10.0,15.0,5.0,5.0,42.0,33.0,27.0,31.0,30.0,33.3,28.3,21.1,21.7,18.8,20.0,26.1
La Chapelle-Rablais (77370),/management/ville/la-chapelle-rablais/ville-77089,0.0,26.0,47.0,146.0,120.0,94.0,141.0,207.0,165.0,178.0,17.6,23.4,37.1,23.0,22.9,24.9,22.4,29.3
Le Bouchage (38510),/management/ville/le-bouchage/ville-38050,5.0,35.0,10.0,60.0,100.0,75.0,135.0,163.0,75.0,78.0,25.5,34.7,44.3,25.0,15.3,18.1,14.9,19.9
Dame-Marie-les-Bois (37110),/management/ville/dame-marie-les-bois/ville-37095,0.0,0.0,31.0,62.0,16.0,62.0,61.0,75.0,52.0,58.0,20.3,29.3,36.6,23.4,22.0,20.3,21.1,26.0
La Rochette (05000),/management/ville/la-rochette/ville-05124,35.0,20.0,0.0,60.0,55.0,45.0,74.0,103.0,59.0,97.0,21.2,23.5,40.0,21.6,14.5,21.1,24.2,33.7
Dracé (69220),/management/ville/drace/ville-69077,0.0,30.0,50.0,155.0,145.0,120.0,190.0,225.0,119.0,142.0,25.7,30.6,41.3,23.7,16.2,19.0,16.8,25.2
Haucourt (60112),/management/ville/haucourt/ville-60301,5.0,0.0,20.0,20.0,20.0,20.0,19.0,32.0,15.0,37.0,16.4,20.4,36.4,22.2,14.5,14.3,32.7,40.8
Eschbach (67360),/management/ville/eschbach/ville-67132,0.0,10.0,35.0,135.0,85.0,160.0,162.0,288.0,102.0,158.0,13.9,31.7,50.1,26.6,14.4,14.3,21.5,23.0
Le Maisnil (59134),/management/ville/le-maisnil/ville-59371,25.0,25.0,120.0,85.0,45.0,20.0,59.0,80.0,66.0,249.0,11.9,14.0,16.8,17.3,17.3,11.8,54.0,55.7
Guesnain (59287),/management/ville/guesnain/ville-59276,0.0,26.0,80.0,385.0,570.0,741.0,1267.0,1127.0,539.0,474.0,26.2,46.4,44.1,22.1,15.6,16.0,14.1,13.8
Laroque-des-Albères (66740),/management/ville/laroque-des-alberes/ville-66093,5.0,90.0,70.0,160.0,230.0,110.0,467.0,397.0,335.0,531.0,23.1,30.4,26.1,20.2,19.0,19.7,31.9,29.6
Einville-au-Jard (54370),/management/ville/einville-au-jard/ville-54176,5.0,40.0,35.0,119.0,159.0,179.0,311.0,293.0,154.0,151.0,27.8,40.2,42.1,21.9,16.4,17.4,13.7,19.2
Charix (01130),/management/ville/charix/ville-01087,5.0,10.0,45.0,25.0,30.0,30.0,47.0,63.0,26.0,71.0,18.9,26.7,37.7,21.1,10.4,14.9,33.0,35.6
Friesenheim (67860),/management/ville/friesenheim/ville-67146,10.0,25.0,30.0,75.0,105.0,90.0,116.0,186.0,72.0,83.0,22.4,28.6,46.4,29.6,13.9,17.7,17.3,19.1
La Guiche (71220),/management/ville/la-guiche/ville-71231,5.0,15.0,10.0,55.0,35.0,40.0,255.0,136.0,62.0,84.0,33.6,57.6,35.8,16.5,13.3,10.3,17.3,14.5
Foulbec (27210),/management/ville/foulbec/ville-27260,5.0,35.0,15.0,69.0,64.0,114.0,110.0,156.0,74.0,117.0,20.7,27.4,39.0,26.3,14.1,19.1,26.1,24.7
Gelvécourt-et-Adompt (88270),/management/ville/gelvecourt-et-adompt/ville-88192,0.0,11.0,0.0,16.0,16.0,21.0,23.0,20.0,17.0,19.0,26.2,34.2,40.5,9.7,16.7,26.3,16.7,31.6
Lamothe-Landerron (33190),/management/ville/lamothe-landerron/ville-33221,15.0,25.0,5.0,60.0,146.0,246.0,357.0,278.0,98.0,134.0,39.4,43.0,38.5,22.9,9.6,13.0,12.4,18.2
Floyon (59219),/management/ville/floyon/ville-59241,15.0,10.0,15.0,40.0,101.0,81.0,121.0,127.0,67.0,68.0,28.9,34.6,39.5,24.9,15.8,19.4,15.8,19.4
Lacanau (33680),/management/ville/lacanau/ville-33214,5.0,294.0,280.0,504.0,620.0,285.0,745.0,975.0,748.0,1344.0,16.7,22.2,29.2,21.6,19.6,19.7,34.5,35.9
Grandcamp-Maisy (14450),/management/ville/grandcamp-maisy/ville-14312,30.0,65.0,20.0,65.0,175.0,135.0,600.0,413.0,182.0,163.0,42.4,45.8,37.6,22.3,11.1,15.3,8.9,14.7
Joué-du-Plain (61150),/management/ville/joue-du-plain/ville-61210,5.0,20.0,10.0,25.0,30.0,35.0,37.0,68.0,41.0,43.0,18.6,20.7,43.3,26.8,20.6,22.8,17.5,28.3
Étretat (76790),/management/ville/etretat/ville-76254,5.0,49.0,54.0,157.0,189.0,87.0,398.0,278.0,169.0,247.0,26.7,44.3,32.1,19.2,15.6,15.4,25.6,20.2
Baulon (35580),/management/ville/baulon/ville-35016,5.0,83.0,113.0,299.0,284.0,304.0,293.0,467.0,261.0,420.0,18.9,21.8,39.4,24.0,15.7,20.7,26.0,32.5
Givron (08220),/management/ville/givron/ville-08192,15.0,0.0,0.0,5.0,0.0,0.0,27.0,19.0,13.0,11.0,32.3,43.6,38.7,17.1,25.8,12.8,3.2,25.6
Dinéault (29150),/management/ville/dineault/ville-29044,40.0,25.0,40.0,156.0,961.0,186.0,303.0,328.0,210.0,247.0,19.6,36.4,38.0,21.2,21.2,17.3,21.2,24.1
L'Isle-Jourdain (32600),/management/ville/l-isle-jourdain/ville-32160,47.0,303.0,784.0,1455.0,1163.0,719.0,1652.0,1350.0,1246.0,2114.0,23.1,28.6,25.9,17.6,18.6,20.5,32.4,34.0
Injoux-Génissiat (01200),/management/ville/injoux-genissiat/ville-01189,0.0,20.0,45.0,174.0,160.0,184.0,210.0,247.0,177.0,200.0,22.7,27.9,35.5,23.1,20.0,22.7,21.8,26.2
Féniers (23100),/management/ville/feniers/ville-23080,0.0,5.0,0.0,0.0,20.0,10.0,33.0,23.0,11.0,19.0,29.5,47.6,34.1,18.2,11.4,14.3,25.0,19.0
La Rochette (07310),/management/ville/la-rochette/ville-07195,0.0,0.0,0.0,5.0,5.0,0.0,30.0,7.0,5.0,8.0,61.5,58.3,15.4,11.5,15.4,4.2,7.7,25.0
Guesnes (86420),/management/ville/guesnes/ville-86109,5.0,5.0,26.0,15.0,15.0,26.0,73.0,64.0,27.0,25.0,35.6,42.0,42.5,24.5,10.3,17.0,11.5,14.0
Le Bouchaud (03130),/management/ville/le-bouchaud/ville-03035,30.0,0.0,5.0,5.0,10.0,25.0,53.0,66.0,24.0,21.0,28.4,36.1,45.7,29.6,12.3,16.9,13.6,12.0
Draché (37800),/management/ville/drache/ville-37098,25.0,35.0,45.0,80.0,100.0,110.0,125.0,214.0,100.0,97.0,16.9,30.6,48.6,26.6,20.4,16.7,14.1,22.6
Le Malesherbois (45330),/management/ville/le-malesherbois/ville-45191,41.0,224.0,269.0,834.0,1213.0,1508.0,2289.0,1743.0,917.0,1005.0,35.3,41.5,34.3,22.5,14.7,16.1,15.7,18.0
Haucourt (62156),/management/ville/haucourt/ville-62414,0.0,5.0,10.0,40.0,15.0,20.0,54.0,39.0,40.0,42.0,21.2,40.0,27.1,18.0,27.1,18.9,24.7,23.3
Eschbach-au-Val (68140),/management/ville/eschbach-au-val/ville-68083,0.0,15.0,5.0,45.0,65.0,45.0,67.0,91.0,54.0,66.0,19.7,28.4,41.6,23.8,16.1,22.7,22.6,24.8
Heuzecourt (80370),/management/ville/heuzecourt/ville-80439,0.0,0.0,0.0,10.0,20.0,26.0,39.0,43.0,19.0,26.0,19.4,42.2,46.8,20.6,14.5,15.6,19.4,20.3
Damelevières (54360),/management/ville/damelevieres/ville-54152,0.0,90.0,80.0,401.0,526.0,316.0,629.0,806.0,376.0,438.0,23.3,32.3,44.2,25.3,16.9,16.5,15.6,23.0
Castelnau-Durban (09420),/management/ville/castelnau-durban/ville-09082,10.0,30.0,5.0,59.0,64.0,40.0,86.0,101.0,76.0,108.0,19.7,26.6,34.4,20.5,19.7,21.8,26.2,31.4
Laroque-Timbaut (47340),/management/ville/laroque-timbaut/ville-47138,10.0,26.0,72.0,220.0,242.0,195.0,409.0,329.0,206.0,337.0,29.7,34.1,31.9,19.0,15.9,16.4,22.6,29.9
Lacanche (21230),/management/ville/lacanche/ville-21334,10.0,0.0,5.0,30.0,88.0,169.0,188.0,147.0,58.0,34.0,39.1,48.2,39.1,26.0,13.5,14.0,8.2,7.7
Étreux (02510),/management/ville/etreux/ville-02298,5.0,30.0,15.0,100.0,175.0,304.0,602.0,324.0,131.0,92.0,46.1,58.5,35.7,19.3,10.9,11.9,7.3,8.6
La Guierche (72380),/management/ville/la-guierche/ville-72147,10.0,45.0,25.0,175.0,205.0,145.0,179.0,272.0,146.0,200.0,18.6,26.4,42.2,24.5,16.4,20.3,22.8,27.4
Foulcrey (57830),/management/ville/foulcrey/ville-57229,17.0,0.0,0.0,17.0,28.0,17.0,46.0,57.0,16.0,33.0,20.0,41.0,45.3,24.2,16.0,3.8,18.7,24.4
Baulou (09000),/management/ville/baulou/ville-09044,5.0,0.0,5.0,25.0,10.0,20.0,20.0,35.0,35.0,40.0,14.7,16.4,32.0,21.6,26.7,27.3,26.7,36.4
Frignicourt (51300),/management/ville/frignicourt/ville-51262,0.0,45.0,85.0,170.0,254.0,259.0,565.0,452.0,216.0,270.0,32.6,42.2,35.7,22.4,14.5,14.3,17.2,18.8
Givry (08130),/management/ville/givry/ville-08193,5.0,10.0,15.0,40.0,40.0,15.0,75.0,51.0,31.0,33.0,33.0,46.2,35.1,17.5,18.6,14.0,13.4,21.5
Grandchamp (08270),/management/ville/grandchamp/ville-08196,20.0,0.0,0.0,10.0,5.0,15.0,40.0,12.0,5.0,11.0,51.4,66.7,22.9,11.4,8.6,6.1,17.1,15.2
Flumet (73590),/management/ville/flumet/ville-73114,5.0,65.0,15.0,65.0,105.0,120.0,190.0,199.0,106.0,143.0,28.8,30.7,35.8,24.3,16.5,16.8,19.0,25.8
Lamothe-Montravel (24230),/management/ville/lamothe-montravel/ville-24226,15.0,45.0,40.0,40.0,151.0,199.0,445.0,304.0,156.0,147.0,39.5,44.9,32.2,23.4,14.6,14.9,13.6,14.2
Charlas (31350),/management/ville/charlas/ville-31138,10.0,10.0,10.0,20.0,20.0,10.0,56.0,51.0,35.0,52.0,23.4,34.3,35.1,17.8,19.1,16.2,22.3,31.3
La Chapelle-Rainsouin (53150),/management/ville/la-chapelle-rainsouin/ville-53059,20.0,10.0,10.0,45.0,60.0,40.0,74.0,78.0,62.0,52.0,25.4,30.2,30.4,25.0,29.7,16.7,14.5,25.4
Gemaingoutte (88520),/management/ville/gemaingoutte/ville-88193,0.0,10.0,0.0,10.0,31.0,10.0,38.0,37.0,21.0,13.0,30.0,42.0,45.0,22.2,10.0,30.0,15.0,8.0
Dingé (35440),/management/ville/dinge/ville-35094,25.0,50.0,86.0,182.0,187.0,257.0,288.0,355.0,211.0,318.0,21.8,27.2,36.3,22.5,19.6,16.4,22.3,32.0
16.4,15.0,14.7
Eix (55400),/management/ville/eix/ville-55171,0.0,10.0,25.0,35.0,35.0,15.0,52.0,50.0,30.0,51.0,23.6,33.0,34.8,20.0,13.5,19.1,28.1,27.7
L'Isle-Jourdain (86150),/management/ville/l-isle-jourdain/ville-86112,20.0,25.0,10.0,70.0,190.0,125.0,424.0,269.0,177.0,132.0,34.5,48.2,31.9,21.9,17.5,17.8,16.1,11.0
La Rochette (16110),/management/ville/la-rochette/ville-16282,5.0,15.0,34.0,54.0,99.0,59.0,115.0,147.0,70.0,72.0,25.3,31.2,46.3,26.0,13.2,20.5,15.3,20.5
Drachenbronn-Birlenbach (67160),/management/ville/drachenbronn-birlenbach/ville-67104,20.0,20.0,10.0,116.0,145.0,156.0,155.0,183.0,160.0,138.0,17.5,32.2,33.1,23.2,29.2,20.4,20.2,23.4
Le Malzieu-Forain (48140),/management/ville/le-malzieu-forain/ville-48089,44.0,10.0,15.0,29.0,39.0,63.0,97.0,111.0,59.0,89.0,26.7,27.4,40.6,20.8,12.8,20.8,19.8,31.0
Hévilliers (55290),/management/ville/hevilliers/ville-55246,0.0,10.0,0.0,14.0,24.0,19.0,38.0,39.0,22.0,11.0,28.3,40.8,50.0,20.5,13.3,28.6,8.3,12.2
Haucourt (76440),/management/ville/haucourt/ville-76343,26.0,11.0,0.0,32.0,21.0,37.0,64.0,55.0,28.0,22.0,29.1,46.4,47.7,17.5,12.8,21.4,10.5,15.5
Fenioux (17350),/management/ville/fenioux/ville-17157,5.0,0.0,10.0,10.0,31.0,15.0,42.0,39.0,23.0,19.0,30.2,39.0,39.7,23.3,14.3,22.0,15.9,15.3
Eschbourg (67320),/management/ville/eschbourg/ville-67133,0.0,10.0,10.0,45.0,70.0,70.0,113.0,167.0,52.0,48.0,23.6,36.0,48.7,31.0,14.7,12.7,13.1,12.2
Le Bouchet-Mont-Charvin (74230),/management/ville/le-bouchet-mont-charvin/ville-74045,10.0,0.0,0.0,20.0,25.0,40.0,51.0,40.0,30.0,48.0,37.8,21.5,24.4,22.0,16.7,19.0,21.1,36.7
Daméraucourt (60210),/management/ville/dameraucourt/ville-60193,0.0,10.0,5.0,40.0,45.0,15.0,66.0,54.0,18.0,29.0,32.1,46.5,37.0,23.5,12.3,9.3,18.5,16.3
Guessling-Hémering (57380),/management/ville/guessling-hemering/ville-57275,0.0,45.0,10.0,109.0,114.0,174.0,204.0,223.0,112.0,156.0,22.6,35.8,39.0,23.2,16.1,16.5,22.3,22.4
Laroquebrou (15150),/management/ville/laroquebrou/ville-15094,10.0,25.0,10.0,75.0,120.0,85.0,319.0,187.0,118.0,129.0,33.7,50.5,33.1,16.4,18.0,13.6,15.2,19.0
Castelnau-le-Lez (34170),/management/ville/castelnau-le-lez/ville-34057,11.0,513.0,2383.0,2899.0,2488.0,1194.0,2814.0,2141.0,2283.0,6749.0,17.6,22.3,17.1,14.1,16.1,16.5,49.2,47.4
Givry (71640),/management/ville/givry/ville-71221,15.0,179.0,408.0,448.0,381.0,214.0,620.0,655.0,453.0,1114.0,16.5,26.7,27.8,18.1,16.1,15.8,39.6,38.9
Fouleix (24380),/management/ville/fouleix/ville-24190,36.0,20.0,5.0,15.0,26.0,26.0,61.0,49.0,36.0,38.0,31.2,36.3,31.2,20.4,23.7,14.3,14.0,27.5
Baume-les-Dames (25110),/management/ville/baume-les-dames/ville-25047,5.0,135.0,265.0,531.0,671.0,541.0,1482.0,1085.0,590.0,856.0,30.4,42.2,30.6,21.8,16.3,13.4,22.7,20.2
Étreval (54330),/management/ville/etreval/ville-54185,0.0,0.0,0.0,15.0,5.0,5.0,5.0,11.0,8.0,18.0,5.3,17.4,31.6,20.0,26.3,13.0,36.8,47.8
Grandchamp (52600),/management/ville/grandchamp/ville-52228,0.0,0.0,0.0,0.0,9.0,13.0,21.0,22.0,7.0,7.0,27.6,44.8,44.8,26.5,13.8,13.8,13.8,10.3
Gembrie (65370),/management/ville/gembrie/ville-65193,0.0,5.0,0.0,10.0,0.0,10.0,19.0,15.0,13.0,13.0,28.0,34.3,24.0,23.7,28.0,17.1,20.0,22.9
Fluquières (02590),/management/ville/fluquieres/ville-02317,0.0,20.0,5.0,20.0,55.0,20.0,67.0,44.0,14.0,45.0,35.4,43.2,29.3,19.6,9.8,6.8,25.6,27.3
Dingsheim (67370),/management/ville/dingsheim/ville-67097,5.0,56.0,209.0,199.0,92.0,46.0,121.0,226.0,144.0,511.0,10.0,14.1,25.2,19.1,13.2,15.5,51.6,50.4
Charleval (13350),/management/ville/charleval/ville-13024,15.0,106.0,213.0,289.0,354.0,289.0,593.0,538.0,340.0,547.0,26.4,32.1,32.6,20.6,16.5,17.2,24.5,29.3
Lamotte-Beuvron (41600),/management/ville/lamotte-beuvron/ville-41106,10.0,115.0,160.0,430.0,645.0,570.0,1425.0,1034.0,537.0,700.0,32.0,44.2,34.9,20.3,15.1,14.1,18.0,19.8
Innimond (01680),/management/ville/innimond/ville-01190,22.0,0.0,0.0,6.0,11.0,6.0,33.0,20.0,10.0,15.0,45.5,37.1,20.5,25.0,18.2,5.7,15.9,25.7
Élancourt (78990),/management/ville/elancourt/ville-78208,3.0,369.0,3384.0,4197.0,3492.0,1741.0,3474.0,3433.0,3235.0,7340.0,18.7,21.0,20.9,18.6,17.2,19.8,43.2,40.9
Le Malzieu-Ville (48140),/management/ville/le-malzieu-ville/ville-48090,10.0,20.0,41.0,71.0,66.0,56.0,214.0,179.0,96.0,127.0,30.5,38.5,36.3,21.1,15.4,16.0,17.8,23.1
La Guillermie (03250),/management/ville/la-guillermie/ville-03125,15.0,10.0,0.0,15.0,20.0,10.0,42.0,36.0,18.0,19.0,38.7,34.6,27.4,29.5,14.5,17.3,19.4,13.5
Lacapelle-Barrès (15230),/management/ville/lacapelle-barres/ville-15086,5.0,5.0,0.0,5.0,0.0,0.0,30.0,4.0,14.0,3.0,47.8,70.4,8.7,8.0,39.1,14.8,4.3,7.4
Frise (80340),/management/ville/frise/ville-80367,0.0,0.0,5.0,15.0,31.0,31.0,41.0,40.0,26.0,36.0,29.4,29.3,35.3,21.1,14.7,20.0,20.6,29.3
L'Isle-sur-la-Sorgue (84800),/management/ville/l-isle-sur-la-sorgue/ville-84054,92.0,875.0,952.0,2072.0,2589.0,2028.0,4715.0,3735.0,2595.0,3930.0,29.5,33.2,30.1,20.1,16.3,18.2,24.1,28.1
Joué-l'Abbé (72380),/management/ville/joue-l-abbe/ville-72150,5.0,30.0,75.0,215.0,175.0,135.0,164.0,317.0,157.0,249.0,15.9,21.0,38.5,28.6,17.8,17.6,27.8,28.3
La Chapelle-Rambaud (74800),/management/ville/la-chapelle-rambaud/ville-74059,5.0,10.0,10.0,50.0,15.0,20.0,38.0,48.0,33.0,61.0,20.2,22.0,33.7,19.8,16.9,19.8,29.2,38.5
Dracy (89130),/management/ville/dracy/ville-89147,15.0,0.0,5.0,15.0,40.0,20.0,56.0,68.0,26.0,38.0,27.9,31.7,39.5,27.8,15.1,12.5,17.4,22.1
La Rochette (77000),/management/ville/la-rochette/ville-77389,0.0,95.0,425.0,523.0,388.0,258.0,488.0,405.0,395.0,1048.0,18.8,22.7,18.4,16.5,16.5,17.3,46.3,43.6
Le Bouchet-Saint-Nicolas (43510),/management/ville/le-bouchet-saint-nicolas/ville-43037,54.0,5.0,0.0,10.0,20.0,25.0,65.0,61.0,39.0,39.0,31.4,32.7,40.0,20.6,14.3,23.8,14.3,23.8
Fenioux (79160),/management/ville/fenioux/ville-79119,25.0,20.0,10.0,50.0,50.0,80.0,186.0,193.0,76.0,80.0,27.4,43.2,44.6,23.4,14.7,13.6,13.3,16.8
Eschentzwiller (68440),/management/ville/eschentzwiller/ville-68084,10.0,51.0,182.0,227.0,172.0,96.0,137.0,339.0,166.0,491.0,9.3,15.0,32.0,24.2,16.4,12.9,42.3,44.3
Laroquevieille (15250),/management/ville/laroquevieille/ville-15095,15.0,20.0,10.0,34.0,34.0,39.0,92.0,88.0,38.0,56.0,29.5,38.6,39.7,22.4,10.3,18.1,20.5,19.7
Castelnau-Magnoac (65230),/management/ville/castelnau-magnoac/ville-65129,5.0,25.0,15.0,54.0,113.0,54.0,207.0,206.0,111.0,129.0,27.1,35.1,34.9,26.0,16.9,16.9,21.1,18.8
Guéthary (64210),/management/ville/guethary/ville-64249,10.0,89.0,54.0,123.0,167.0,69.0,204.0,252.0,175.0,435.0,13.8,23.2,31.6,16.7,20.0,13.8,34.6,45.6
Foulenay (39230),/management/ville/foulenay/ville-39234,10.0,0.0,0.0,5.0,5.0,10.0,31.0,20.0,13.0,6.0,47.2,41.2,25.0,29.7,13.9,23.5,13.9,2.9
Damerey (71620),/management/ville/damerey/ville-71167,10.0,30.0,25.0,25.0,71.0,131.0,124.0,131.0,70.0,71.0,26.8,35.8,43.8,22.8,12.4,22.4,17.0,18.9
Haucourt-en-Cambrésis (59191),/management/ville/haucourt-en-cambresis/ville-59287,10.0,0.0,10.0,26.0,26.0,15.0,54.0,44.0,26.0,37.0,20.8,46.3,37.7,17.2,19.5,12.2,22.1,23.2
Gemeaux (21120),/management/ville/gemeaux/ville-21290,0.0,15.0,80.0,140.0,95.0,100.0,118.0,134.0,134.0,225.0,15.5,22.9,28.0,17.0,23.0,21.0,33.4,40.0
Étréville (27350),/management/ville/etreville/ville-27227,5.0,15.0,21.0,67.0,93.0,144.0,158.0,163.0,75.0,67.0,32.6,35.6,40.4,26.7,14.8,17.6,12.2,16.7
Heyrieux (38540),/management/ville/heyrieux/ville-38189,0.0,138.0,345.0,611.0,700.0,409.0,886.0,1019.0,648.0,938.0,24.1,26.6,33.0,24.2,17.7,19.4,25.3,28.3
Grandchamp (72610),/management/ville/grandchamp/ville-72142,5.0,5.0,5.0,30.0,10.0,30.0,56.0,28.0,15.0,24.0,37.5,54.2,29.7,14.8,12.5,11.9,20.3,18.6
Givry (89200),/management/ville/givry/ville-89190,0.0,0.0,5.0,28.0,19.0,43.0,49.0,49.0,20.0,19.0,34.8,37.7,46.4,23.0,11.6,17.4,7.2,20.3
Baume-les-Messieurs (39210),/management/ville/baume-les-messieurs/ville-39041,5.0,16.0,5.0,26.0,26.0,5.0,32.0,40.0,34.0,38.0,21.6,23.6,29.7,25.4,21.6,26.4,27.0,25.0
Fluy (80540),/management/ville/fluy/ville-80319,0.0,10.0,35.0,50.0,55.0,20.0,60.0,67.0,41.0,73.0,17.9,31.5,36.8,18.9,17.1,16.9,28.2,32.3
Le Manoir (14400),/management/ville/le-manoir/ville-14400,0.0,5.0,15.0,35.0,20.0,20.0,30.0,36.0,27.0,50.0,19.4,22.5,30.6,18.7,23.6,14.1,26.4,43.7
La Rochette-du-Buis (26170),/management/ville/la-rochette-du-buis/ville-26279,5.0,0.0,5.0,0.0,0.0,26.0,25.0,18.0,9.0,16.0,47.4,25.0,23.7,26.7,7.9,21.4,21.1,25.0
L'Isle-sur-le-Doubs (25250),/management/ville/l-isle-sur-le-doubs/ville-25315,15.0,60.0,80.0,352.0,394.0,496.0,981.0,730.0,309.0,337.0,36.6,46.1,36.9,22.9,12.9,13.3,13.6,14.9
Charleval (27380),/management/ville/charleval/ville-27151,0.0,34.0,39.0,182.0,237.0,336.0,663.0,411.0,178.0,154.0,40.0,53.6,37.4,20.1,12.0,13.2,10.5,11.3
Dracy-le-Fort (71640),/management/ville/dracy-le-fort/ville-71182,10.0,82.0,148.0,132.0,109.0,44.0,207.0,217.0,169.0,432.0,15.3,25.1,26.2,16.4,15.3,17.7,43.2,41.1
Le Bouchon-sur-Saulx (55500),/management/ville/le-bouchon-sur-saulx/ville-55061,0.0,5.0,11.0,11.0,32.0,37.0,67.0,53.0,34.0,23.0,30.7,44.9,44.3,16.9,15.9,22.5,9.1,16.9
Lacapelle-Biron (47150),/management/ville/lacapelle-biron/ville-47123,26.0,26.0,5.0,26.0,67.0,46.0,116.0,86.0,72.0,67.0,28.9,38.9,28.3,22.0,21.1,21.1,21.7,17.7
La Chapelle-Saint-André (58210),/management/ville/la-chapelle-saint-andre/ville-58058,0.0,11.0,11.0,16.0,49.0,44.0,106.0,83.0,35.0,46.0,34.8,43.5,37.1,22.5,10.6,15.2,17.4,16.7
Inor (55700),/management/ville/inor/ville-55250,10.0,0.0,15.0,0.0,25.0,15.0,45.0,47.0,21.0,24.0,31.8,33.8,40.9,25.0,15.2,15.5,12.1,22.5
Friville-Escarbotin (80130),/management/ville/friville-escarbotin/ville-80368,15.0,98.0,93.0,325.0,495.0,907.0,1532.0,1063.0,549.0,401.0,36.1,49.3,36.2,22.6,15.4,15.5,12.3,10.5
Joué-lès-Tours (37300),/management/ville/joue-les-tours/ville-37122,22.0,596.0,1975.0,4191.0,5340.0,3781.0,8449.0,6786.0,4853.0,7226.0,27.6,33.8,28.6,20.9,17.5,18.0,26.3,26.6
La Hague (50440),/management/ville/la-hague/ville-50041,185.0,240.0,625.0,1994.0,1572.0,1296.0,1981.0,2757.0,1691.0,2179.0,18.2,27.9,38.8,23.9,19.3,20.0,23.7,27.0
Lamotte-Brebière (80450),/management/ville/lamotte-brebiere/ville-80461,10.0,0.0,26.0,46.0,10.0,15.0,47.0,51.0,31.0,49.0,21.5,31.8,36.6,19.5,16.1,17.6,25.8,30.6
Dingy-en-Vuache (74520),/management/ville/dingy-en-vuache/ville-74101,5.0,5.0,47.0,94.0,104.0,123.0,84.0,141.0,99.0,147.0,16.9,18.8,31.5,25.5,23.4,18.8,28.2,34.5
Étriac (16250),/management/ville/etriac/ville-16133,20.0,0.0,15.0,20.0,35.0,10.0,59.0,35.0,22.0,37.0,39.5,37.7,28.9,16.7,13.2,15.6,18.4,29.9
Gémenos (13420),/management/ville/gemenos/ville-13042,10.0,264.0,751.0,756.0,527.0,312.0,1064.0,946.0,872.0,2078.0,20.5,22.3,21.8,17.2,15.3,19.5,42.5,41.4
Foameix-Ornel (55400),/management/ville/foameix-ornel/ville-55191,0.0,0.0,26.0,26.0,26.0,41.0,25.0,48.0,23.0,68.0,12.6,17.3,33.3,21.3,19.5,6.7,34.5,50.7
Escherange (57330),/management/ville/escherange/ville-57199,5.0,26.0,56.0,98.0,87.0,77.0,110.0,127.0,70.0,152.0,21.5,26.7,32.5,21.1,15.2,15.4,30.8,35.3
Haucourt-Moulaine (54860),/management/ville/haucourt-moulaine/ville-54254,0.0,51.0,63.0,290.0,473.0,545.0,931.0,737.0,355.0,389.0,32.8,43.9,37.0,22.4,15.0,14.5,15.3,16.9
Gueudecourt (80360),/management/ville/gueudecourt/ville-80397,5.0,0.0,5.0,0.0,15.0,5.0,20.0,24.0,14.0,14.0,30.6,25.0,36.1,29.7,11.1,27.8,22.2,16.7
Fouligny (57220),/management/ville/fouligny/ville-57230,0.0,10.0,19.0,10.0,30.0,25.0,35.0,51.0,28.0,29.0,20.3,29.0,39.2,28.2,20.3,18.8,20.3,20.3
Damery (51480),/management/ville/damery/ville-51204,75.0,49.0,35.0,184.0,130.0,150.0,335.0,362.0,183.0,204.0,25.4,36.4,42.5,22.4,17.5,16.3,14.5,23.1
La Chapelle-Saint-Aubert (35140),/management/ville/la-chapelle-saint-aubert/ville-35063,19.0,5.0,19.0,24.0,73.0,48.0,84.0,87.0,54.0,86.0,24.5,29.1,27.1,25.1,21.3,13.3,27.1,28.5
Dracy-lès-Couches (71490),/management/ville/dracy-les-couches/ville-71183,19.0,10.0,5.0,10.0,0.0,5.0,35.0,33.0,16.0,33.0,24.6,35.2,26.2,24.2,21.3,7.4,27.9,27.8
La Haie-Fouassière (44690),/management/ville/la-haie-fouassiere/ville-44070,31.0,211.0,360.0,832.0,536.0,402.0,670.0,890.0,662.0,1061.0,16.9,23.9,31.5,21.9,21.0,19.4,30.6,34.0
Fenneviller (54540),/management/ville/fenneviller/ville-54191,0.0,0.0,5.0,24.0,15.0,5.0,41.0,22.0,15.0,5.0,40.0,55.8,35.0,20.9,15.0,20.9,10.0,2.3
Givry-en-Argonne (51330),/management/ville/givry-en-argonne/ville-51272,5.0,20.0,5.0,15.0,65.0,50.0,145.0,95.0,44.0,47.0,40.9,46.5,32.7,22.0,13.5,13.2,12.9,15.7
Larouillies (59219),/management/ville/larouillies/ville-59333,10.0,10.0,10.0,21.0,36.0,26.0,64.0,62.0,30.0,33.0,30.7,36.6,40.9,23.6,14.8,16.8,13.6,20.8
Elbach (68210),/management/ville/elbach/ville-68079,0.0,10.0,5.0,30.0,45.0,35.0,58.0,80.0,35.0,43.0,21.6,32.7,44.8,25.2,17.2,14.9,16.4,23.8
Le Souich (62810),/management/ville/le-souich/ville-62802,30.0,0.0,0.0,25.0,10.0,30.0,46.0,28.0,18.0,24.0,40.3,38.9,27.4,19.0,17.7,13.0,14.5,27.8
L'Isle-sur-Serein (89440),/management/ville/l-isle-sur-serein/ville-89204,0.0,9.0,20.0,49.0,93.0,89.0,265.0,152.0,71.0,72.0,45.3,49.1,31.5,21.0,11.6,14.0,11.6,14.0
Le Manoir (27460),/management/ville/le-manoir/ville-27386,10.0,15.0,25.0,115.0,170.0,295.0,295.0,284.0,152.0,130.0,30.6,37.6,41.1,24.3,15.2,19.9,13.2,16.8
La Roë (53350),/management/ville/la-roe/ville-53191,15.0,10.0,0.0,15.0,44.0,54.0,55.0,58.0,35.0,28.0,30.4,32.6,35.9,27.4,19.6,19.8,14.1,17.4
Baupte (50500),/management/ville/baupte/ville-50036,0.0,15.0,5.0,10.0,49.0,89.0,150.0,103.0,46.0,21.0,40.4,53.0,42.3,21.1,12.8,15.9,4.5,8.5
Lamotte-Buleux (80150),/management/ville/lamotte-buleux/ville-80462,0.0,5.0,10.0,30.0,45.0,50.0,80.0,68.0,43.0,62.0,21.4,41.7,31.0,20.1,24.6,9.4,23.0,26.0
Lacapelle-Cabanac (46700),/management/ville/lacapelle-cabanac/ville-46142,10.0,15.0,5.0,10.0,15.0,15.0,40.0,27.0,30.0,30.0,25.0,38.1,26.6,16.7,26.6,20.6,21.9,25.4
Le Bouillon (61500),/management/ville/le-bouillon/ville-61056,0.0,10.0,5.0,30.0,25.0,25.0,39.0,41.0,18.0,30.0,31.8,29.0,31.8,26.7,16.7,11.3,19.7,27.4
Insming (57670),/management/ville/insming/ville-57346,5.0,15.0,15.0,60.0,45.0,75.0,133.0,132.0,88.0,85.0,25.2,35.1,34.8,25.0,17.6,22.4,22.4,16.7
Dingy-Saint-Clair (74230),/management/ville/dingy-saint-clair/ville-74102,35.0,66.0,183.0,229.0,117.0,147.0,153.0,251.0,156.0,430.0,16.0,14.8,30.7,19.4,13.7,17.9,39.6,47.4
Haudainville (55100),/management/ville/haudainville/ville-55236,0.0,25.0,50.0,139.0,120.0,105.0,200.0,241.0,102.0,167.0,24.9,31.5,39.8,24.8,14.1,14.6,21.2,25.8
Gémigny (45310),/management/ville/gemigny/ville-45152,5.0,5.0,5.0,30.0,50.0,25.0,42.0,50.0,34.0,30.0,20.0,34.2,40.0,23.1,22.5,21.1,17.5,21.1
La Chapelle-Saint-Aubin (72650),/management/ville/la-chapelle-saint-aubin/ville-72065,10.0,25.0,171.0,352.0,317.0,162.0,419.0,491.0,319.0,565.0,19.8,26.7,30.0,23.0,19.4,16.3,30.9,32.0
Frizon (88440),/management/ville/frizon/ville-88190,5.0,35.0,20.0,80.0,70.0,15.0,100.0,108.0,74.0,83.0,25.0,29.7,35.6,23.0,20.0,20.5,19.4,25.9
Étriché (49330),/management/ville/etriche/ville-49132,5.0,50.0,40.0,209.0,214.0,289.0,240.0,358.0,205.0,261.0,19.4,25.8,41.1,24.2,19.4,19.2,20.0,29.2
Foce (20100),/management/ville/foce/ville-2A115,4.0,12.0,4.0,12.0,36.0,10.0,34.0,28.0,31.0,24.0,30.0,28.1,26.7,21.4,30.0,22.8,13.3,28.1
Esches (60110),/management/ville/esches/ville-60218,16.0,42.0,58.0,219.0,199.0,236.0,289.0,362.0,197.0,232.0,27.5,26.1,35.6,28.2,17.0,19.4,19.9,22.9
Charleville (51120),/management/ville/charleville/ville-51129,5.0,5.0,15.0,20.0,29.0,29.0,55.0,57.0,34.0,32.0,29.8,30.6,36.2,25.8,17.0,22.4,17.0,20.0
Damery (80700),/management/ville/damery/ville-80232,16.0,10.0,5.0,16.0,42.0,62.0,59.0,42.0,32.0,50.0,29.2,34.7,24.7,20.6,16.9,18.9,29.2,25.3
Givry-lès-Loisy (51130),/management/ville/givry-les-loisy/ville-51273,5.0,0.0,0.0,5.0,10.0,30.0,18.0,28.0,8.0,5.0,31.0,30.0,58.6,31.4,6.9,20.0,3.4,13.3
Gueugnon (71130),/management/ville/gueugnon/ville-71230,25.0,125.0,130.0,595.0,815.0,875.0,2566.0,1990.0,665.0,639.0,34.1,52.4,45.0,21.5,11.1,11.5,9.8,11.9
Foulognes (14240),/management/ville/foulognes/ville-14282,5.0,15.0,5.0,15.0,40.0,35.0,54.0,49.0,19.0,23.0,30.6,43.8,43.1,22.5,11.1,15.1,15.3,16.4
Elbeuf (76500),/management/ville/elbeuf/ville-76231,1.0,267.0,412.0,1579.0,2324.0,2614.0,4577.0,3237.0,1952.0,1910.0,35.7,42.3,32.3,22.2,16.4,17.0,15.5,17.1
Grandchamp (78113),/management/ville/grandchamp/ville-78283,0.0,20.0,15.0,55.0,45.0,50.0,35.0,47.0,54.0,86.0,11.9,19.6,25.7,19.0,21.1,27.7,41.3,35.7
Insviller (57670),/management/ville/insviller/ville-57347,0.0,0.0,10.0,30.0,15.0,35.0,54.0,33.0,25.0,29.0,25.4,48.7,34.9,14.9,15.9,19.2,23.8,17.9
Fénols (81600),/management/ville/fenols/ville-81090,10.0,20.0,10.0,44.0,15.0,24.0,36.0,58.0,24.0,61.0,19.5,21.7,36.8,23.8,14.9,13.0,28.7,38.0
Hézecques (62310),/management/ville/hezecques/ville-62453,0.0,5.0,0.0,10.0,5.0,25.0,26.0,31.0,16.0,10.0,22.0,40.5,46.3,26.7,17.1,21.4,14.6,9.5
L'Orbrie (85200),/management/ville/l-orbrie/ville-85167,10.0,40.0,25.0,120.0,110.0,80.0,117.0,217.0,126.0,165.0,15.7,22.1,38.8,27.6,19.7,20.8,25.8,26.8
Joué-sur-Erdre (44440),/management/ville/joue-sur-erdre/ville-44077,30.0,55.0,130.0,290.0,320.0,305.0,426.0,542.0,307.0,422.0,19.2,30.7,39.7,23.0,18.2,18.0,22.8,26.8
Larra (31330),/management/ville/larra/ville-31592,0.0,20.0,200.0,255.0,280.0,130.0,183.0,347.0,250.0,468.0,13.1,16.3,34.3,21.0,19.1,21.0,33.5,41.6
Dracy-Saint-Loup (71400),/management/ville/dracy-saint-loup/ville-71184,20.0,30.0,15.0,64.0,78.0,40.0,150.0,167.0,72.0,63.0,30.6,35.6,39.7,28.6,17.2,14.6,12.5,15.5
.0
La Romagne (08220),/management/ville/la-romagne/ville-08369,0.0,0.0,5.0,5.0,20.0,35.0,41.0,33.0,11.0,14.0,34.5,50.0,43.6,18.8,10.9,11.4,10.9,18.2
Baurech (33880),/management/ville/baurech/ville-33033,5.0,47.0,80.0,122.0,89.0,66.0,111.0,157.0,107.0,243.0,16.4,19.4,28.0,21.4,17.8,16.9,37.8,41.1
Le Soulié (34330),/management/ville/le-soulie/ville-34305,10.0,10.0,0.0,0.0,10.0,10.0,22.0,26.0,26.0,27.0,17.3,26.4,30.8,22.4,23.1,28.3,28.8,24.5
Le Mans (72000),/management/ville/le-mans/ville-72181,39.0,2426.0,10171.0,16548.0,19613.0,13327.0,29938.0,26537.0,16115.0,30483.0,24.3,33.0,29.3,21.3,15.6,15.7,30.8,28.6
Lacapelle-del-Fraisse (15120),/management/ville/lacapelle-del-fraisse/ville-15087,25.0,15.0,10.0,35.0,35.0,51.0,83.0,58.0,63.0,41.0,32.5,36.4,26.2,20.7,28.6,22.0,12.7,21.2
Le Boulay (37110),/management/ville/le-boulay/ville-37030,0.0,20.0,45.0,100.0,95.0,85.0,142.0,189.0,84.0,137.0,23.1,28.6,43.0,23.3,12.6,17.8,21.3,28.6
Dinozé (88000),/management/ville/dinoze/ville-88134,0.0,20.0,20.0,55.0,40.0,60.0,143.0,121.0,78.0,122.0,21.7,38.5,33.0,19.2,19.3,14.7,25.9,26.6
Lamotte-du-Rhône (84840),/management/ville/lamotte-du-rhone/ville-84063,25.0,25.0,0.0,50.0,50.0,40.0,69.0,113.0,64.0,82.0,17.2,24.8,43.2,24.7,17.2,22.3,22.5,27.4
Gémil (31380),/management/ville/gemil/ville-31216,0.0,20.0,35.0,35.0,20.0,35.0,46.0,39.0,38.0,66.0,25.3,23.4,24.2,17.2,22.1,18.1,28.4,41.5
Froberville (76400),/management/ville/froberville/ville-76291,10.0,25.0,45.0,81.0,187.0,237.0,247.0,321.0,155.0,135.0,24.7,33.3,44.8,26.5,17.0,19.3,13.5,18.3
Fouquebrune (16410),/management/ville/fouquebrune/ville-16143,19.0,24.0,29.0,68.0,92.0,87.0,105.0,160.0,112.0,114.0,16.4,26.7,42.2,23.0,21.7,23.9,19.7,26.7
Damgan (56750),/management/ville/damgan/ville-56052,0.0,85.0,50.0,109.0,134.0,75.0,461.0,476.0,241.0,326.0,22.2,37.8,37.0,24.3,16.8,15.3,24.1,19.8
Givrycourt (57670),/management/ville/givrycourt/ville-57248,5.0,0.0,5.0,0.0,5.0,16.0,25.0,20.0,18.0,10.0,31.4,37.1,28.6,25.0,25.7,22.9,14.3,14.3
Les Arsures (39600),/management/ville/les-arsures/ville-39019,5.0,5.0,11.0,32.0,27.0,27.0,48.0,58.0,27.0,52.0,24.1,27.6,37.9,23.6,11.5,17.3,26.4,29.6
Eschwiller (67320),/management/ville/eschwiller/ville-67134,5.0,5.0,5.0,5.0,25.0,75.0,41.0,48.0,27.0,17.0,22.7,38.8,53.0,21.0,13.6,26.9,10.6,14.9
Haudiomont (55160),/management/ville/haudiomont/ville-55237,5.0,10.0,0.0,30.0,15.0,35.0,50.0,58.0,26.0,32.0,24.4,36.5,47.6,21.1,14.6,16.5,13.4,24.7
Focicchia (20212),/management/ville/focicchia/ville-2B116,1.0,0.0,0.0,1.0,2.0,1.0,10.0,3.0,7.0,1.0,50.0,45.5,10.0,20.0,40.0,27.3,0.0,9.1
La Chapelle-Saint-Fray (72240),/management/ville/la-chapelle-saint-fray/ville-72066,5.0,27.0,27.0,58.0,69.0,43.0,77.0,108.0,61.0,80.0,20.5,26.7,42.2,23.3,17.4,20.0,19.9,29.1
Étricourt-Manancourt (80360),/management/ville/etricourt-manancourt/ville-80298,5.0,17.0,0.0,25.0,81.0,63.0,189.0,99.0,65.0,50.0,39.9,53.7,31.3,17.4,18.2,14.1,10.6,14.1
Elbeuf-en-Bray (76220),/management/ville/elbeuf-en-bray/ville-76229,0.0,20.0,20.0,36.0,71.0,76.0,93.0,107.0,50.0,66.0,24.8,34.6,44.6,22.3,12.1,18.9,18.5,23.3
Gueures (76730),/management/ville/gueures/ville-76334,0.0,41.0,36.0,73.0,62.0,104.0,119.0,141.0,51.0,74.0,25.4,36.4,41.3,27.3,12.7,13.8,20.6,17.4
Hibarette (65380),/management/ville/hibarette/ville-65220,5.0,20.0,15.0,40.0,15.0,10.0,38.0,58.0,29.0,46.0,17.4,27.1,45.3,22.4,11.6,22.4,25.6,28.2
L'Orée-d'Écouves (61320),/management/ville/l-oree-d-ecouves/ville-61228,20.0,15.0,34.0,102.0,73.0,98.0,139.0,154.0,88.0,142.0,25.0,28.0,36.5,21.5,15.0,18.8,23.5,31.0
Lacapelle-Livron (82160),/management/ville/lacapelle-livron/ville-82082,15.0,0.0,20.0,10.0,40.0,20.0,44.0,32.0,32.0,49.0,25.0,30.9,26.3,15.8,19.7,21.0,28.9,33.3
Le Marais-la-Chapelle (14620),/management/ville/le-marais-la-chapelle/ville-14402,5.0,0.0,5.0,5.0,20.0,25.0,23.0,25.0,18.0,13.0,24.4,34.2,39.0,23.1,24.4,21.1,12.2,21.1
Le Boulay-Morin (27930),/management/ville/le-boulay-morin/ville-27099,0.0,20.0,39.0,108.0,93.0,69.0,104.0,153.0,109.0,176.0,16.2,21.9,34.4,22.1,20.1,20.1,29.3,35.3
La Hallotière (76780),/management/ville/la-hallotiere/ville-76338,0.0,11.0,10.0,25.0,51.0,5.0,33.0,42.0,39.0,20.0,20.9,28.4,37.3,26.6,28.4,29.9,13.4,16.4
Grandchamps-des-Fontaines (44119),/management/ville/grandchamps-des-fontaines/ville-44066,10.0,175.0,476.0,987.0,797.0,612.0,580.0,1079.0,747.0,1447.0,14.4,15.7,31.4,23.4,19.3,19.5,34.9,40.2
Larrau (64560),/management/ville/larrau/ville-64316,15.0,10.0,10.0,20.0,20.0,15.0,64.0,39.0,22.0,36.0,43.2,35.6,26.1,20.5,12.5,15.1,18.2,27.4
Les Vallois (88260),/management/ville/les-vallois/ville-88491,0.0,0.0,0.0,10.0,20.0,31.0,18.0,23.0,16.0,24.0,25.0,18.9,36.4,21.2,11.4,29.7,27.3,32.4
Le Sourd (02140),/management/ville/le-sourd/ville-02731,5.0,10.0,0.0,10.0,25.0,20.0,37.0,38.0,33.0,21.0,23.8,33.3,36.5,23.4,25.4,25.8,14.3,18.2
Fenouillet (31150),/management/ville/fenouillet/ville-31182,5.0,135.0,405.0,710.0,690.0,585.0,959.0,1012.0,663.0,1104.0,24.2,27.0,32.6,21.4,16.8,18.6,26.5,32.3
La Romagne (49740),/management/ville/la-romagne/ville-49260,31.0,51.0,66.0,220.0,277.0,369.0,420.0,390.0,248.0,285.0,29.3,33.3,34.7,22.6,16.8,20.1,19.2,23.2
Jouet-sur-l'Aubois (18320),/management/ville/jouet-sur-l-aubois/ville-18118,10.0,49.0,39.0,109.0,169.0,198.0,368.0,365.0,176.0,142.0,27.0,42.2,43.4,24.3,17.0,16.6,12.6,14.4
Lamotte-Warfusée (80800),/management/ville/lamotte-warfusee/ville-80463,0.0,5.0,30.0,105.0,125.0,75.0,123.0,121.0,97.0,146.0,24.1,26.4,31.5,18.8,18.7,21.1,25.7,34.1
Intréville (28310),/management/ville/intreville/ville-28197,0.0,0.0,5.0,35.0,30.0,10.0,38.0,34.0,12.0,26.0,26.8,42.6,46.4,15.1,5.4,16.7,21.4,25.9
Dragey-Ronthon (50530),/management/ville/dragey-ronthon/ville-50167,30.0,30.0,50.0,70.0,85.0,85.0,200.0,190.0,91.0,139.0,31.8,32.7,33.8,24.9,12.1,17.3,22.3,22.5
Dinsac (87210),/management/ville/dinsac/ville-87056,10.0,5.0,0.0,5.0,70.0,60.0,68.0,87.0,37.0,36.0,28.2,31.7,41.9,28.2,17.7,14.4,12.1,20.2
Gizaucourt (51800),/management/ville/gizaucourt/ville-51274,15.0,5.0,0.0,5.0,25.0,20.0,38.0,34.0,14.0,7.0,40.0,41.3,35.6,29.8,17.8,13.0,6.7,8.7
Esclagne (09600),/management/ville/esclagne/ville-09115,0.0,5.0,5.0,25.0,20.0,10.0,47.0,23.0,20.0,23.0,38.6,43.6,22.8,17.5,21.1,14.5,17.5,23.6
Damiatte (81220),/management/ville/damiatte/ville-81078,25.0,45.0,35.0,110.0,125.0,140.0,225.0,220.0,149.0,175.0,27.9,30.7,34.5,22.0,18.4,20.4,19.2,26.5
Gemmelaincourt (88170),/management/ville/gemmelaincourt/ville-88194,11.0,0.0,11.0,11.0,5.0,11.0,44.0,34.0,24.0,23.0,26.7,43.1,33.3,20.0,25.0,13.8,15.0,21.5
Les Artigues-de-Lussac (33570),/management/ville/les-artigues-de-lussac/ville-33014,20.0,64.0,40.0,94.0,173.0,178.0,178.0,281.0,156.0,201.0,16.1,27.6,42.0,25.2,17.8,20.4,24.1,25.1
La Chapelle-Saint-Géraud (19430),/management/ville/la-chapelle-saint-geraud/ville-19045,10.0,10.0,10.0,29.0,29.0,0.0,73.0,37.0,33.0,17.0,36.3,54.3,33.8,13.0,23.8,17.3,6.3,16.0
Frocourt (60000),/management/ville/frocourt/ville-60264,0.0,15.0,25.0,95.0,55.0,60.0,53.0,105.0,72.0,122.0,14.4,15.8,32.6,25.3,20.4,20.5,32.6,36.8
Fouquenies (60000),/management/ville/fouquenies/ville-60250,10.0,10.0,50.0,30.0,50.0,15.0,109.0,110.0,50.0,74.0,29.8,33.7,36.3,24.5,15.5,13.7,18.5,24.6
Étrigny (71240),/management/ville/etrigny/ville-71193,5.0,15.0,0.0,105.0,50.0,60.0,76.0,100.0,66.0,128.0,16.0,25.1,32.1,20.9,18.2,17.5,33.7,35.5
Gueutteville (76890),/management/ville/gueutteville/ville-76335,0.0,0.0,5.0,10.0,0.0,15.0,19.0,14.0,11.0,16.0,34.5,29.0,27.6,20.0,13.8,22.6,24.1,29.0
Haudivillers (60510),/management/ville/haudivillers/ville-60302,0.0,20.0,30.0,131.0,116.0,106.0,189.0,185.0,123.0,115.0,29.5,32.4,34.1,24.5,21.6,18.6,14.8,22.5
Elbeuf-sur-Andelle (76780),/management/ville/elbeuf-sur-andelle/ville-76230,5.0,15.0,10.0,65.0,95.0,60.0,70.0,96.0,71.0,75.0,18.4,26.3,37.5,23.9,23.0,22.5,21.1,26.9
Hières-sur-Amby (38118),/management/ville/hieres-sur-amby/ville-38190,0.0,58.0,31.0,152.0,157.0,204.0,268.0,294.0,178.0,166.0,26.8,32.3,39.5,24.3,18.4,20.9,15.4,21.4
Grandcourt (76660),/management/ville/grandcourt/ville-76320,15.0,5.0,0.0,10.0,30.0,85.0,133.0,79.0,25.0,32.0,38.9,59.4,40.5,16.9,11.5,7.2,9.2,14.5
La Romaine (70130),/management/ville/la-romaine/ville-70418,24.0,5.0,0.0,48.0,51.0,110.0,124.0,117.0,55.0,59.0,32.6,37.1,40.3,23.2,14.9,16.6,12.2,21.1
Lacapelle-Marival (46120),/management/ville/lacapelle-marival/ville-46143,44.0,49.0,15.0,84.0,124.0,154.0,450.0,270.0,165.0,184.0,34.5,48.4,31.6,19.1,16.1,15.0,17.8,16.6
Dinsheim-sur-Bruche (67190),/management/ville/dinsheim-sur-bruche/ville-67098,0.0,25.0,88.0,225.0,196.0,201.0,203.0,388.0,174.0,310.0,13.4,24.4,42.1,26.1,17.5,14.7,27.0,30.7
Damigny (61250),/management/ville/damigny/ville-61143,5.0,54.0,150.0,295.0,317.0,177.0,689.0,642.0,272.0,475.0,29.6,36.4,34.1,24.4,13.2,13.0,23.2,22.5
Le Boullay-les-Deux-Églises (28170),/management/ville/le-boullay-les-deux-eglises/ville-28053,10.0,10.0,15.0,40.0,30.0,25.0,45.0,64.0,35.0,48.0,18.4,29.3,42.9,22.6,15.3,21.7,23.5,26.1
Le Sourn (56300),/management/ville/le-sourn/ville-56246,15.0,55.0,75.0,191.0,266.0,306.0,411.0,539.0,283.0,367.0,20.5,30.7,42.3,23.6,17.4,18.1,19.8,25.9
Hierges (08320),/management/ville/hierges/ville-08226,10.0,0.0,0.0,15.0,15.0,25.0,56.0,25.0,32.0,35.0,30.9,44.9,22.1,13.7,23.5,19.2,23.5,23.1
Foisches (08600),/management/ville/foisches/ville-08175,9.0,4.0,4.0,18.0,22.0,58.0,57.0,41.0,27.0,23.0,35.9,42.3,34.6,19.2,19.2,16.9,10.3,21.1
La Harengère (27370),/management/ville/la-harengere/ville-27313,0.0,5.0,29.0,74.0,74.0,103.0,79.0,142.0,84.0,105.0,15.2,23.2,44.5,23.9,18.5,22.7,21.8,29.8
Lamouilly (55700),/management/ville/lamouilly/ville-55275,0.0,0.0,0.0,5.0,10.0,24.0,23.0,23.0,14.0,7.0,25.0,43.2,46.9,23.7,18.8,21.6,9.4,10.8
Jouey (21230),/management/ville/jouey/ville-21325,5.0,5.0,20.0,5.0,10.0,25.0,65.0,44.0,29.0,19.0,37.8,45.3,36.6,18.9,17.1,20.0,8.5,16.0
Le Marigot (97225),/management/ville/le-marigot/ville-97216,20.0,84.0,39.0,256.0,433.0,433.0,1412.0,494.0,292.0,281.0,59.8,54.5,20.5,18.3,10.9,12.5,8.9,13.4
Lacapelle-Pinet (81340),/management/ville/lacapelle-pinet/ville-81122,0.0,0.0,5.0,15.0,0.0,5.0,23.0,12.0,10.0,14.0,37.0,40.6,29.6,12.9,18.5,15.6,14.8,31.3
Fenouillet (66220),/management/ville/fenouillet/ville-66077,10.0,0.0,0.0,5.0,19.0,14.0,17.0,22.0,15.0,18.0,26.2,21.2,35.7,21.2,21.4,21.2,16.7,36.4
Gueutteville-les-Grès (76460),/management/ville/gueutteville-les-gres/ville-76336,5.0,25.0,10.0,45.0,50.0,20.0,84.0,86.0,49.0,55.0,25.5,35.8,36.5,24.2,18.2,17.5,19.7,20.4
Gémonval (25250),/management/ville/gemonval/ville-25264,0.0,5.0,0.0,10.0,5.0,20.0,10.0,28.0,14.0,12.0,12.9,18.2,51.6,32.4,19.4,24.2,16.1,21.2
Hiermont (80370),/management/ville/hiermont/ville-80440,15.0,0.0,0.0,25.0,10.0,30.0,54.0,29.0,13.0,16.0,42.9,53.6,37.5,14.3,8.9,14.3,10.7,17.9
Les Aspres (61270),/management/ville/les-aspres/ville-61422,10.0,21.0,10.0,57.0,99.0,93.0,178.0,185.0,59.0,79.0,29.2,42.0,44.8,25.1,10.8,12.8,15.2,16.0
Froges (38190),/management/ville/froges/ville-38175,5.0,124.0,294.0,495.0,426.0,295.0,782.0,646.0,371.0,643.0,28.3,35.3,31.5,20.7,14.8,15.5,25.5,27.1
Étrochey (21400),/management/ville/etrochey/ville-21258,5.0,15.0,5.0,20.0,10.0,15.0,47.0,50.0,21.0,44.0,35.1,23.5,31.2,26.0,13.0,12.9,20.8,32.9
L'Union (31240),/management/ville/l-union/ville-31561,6.0,315.0,1413.0,1487.0,1126.0,497.0,1922.0,1955.0,1568.0,3632.0,18.9,23.1,23.5,19.5,16.2,18.2,41.4,38.8
Esclainvillers (80250),/management/ville/esclainvillers/ville-80283,0.0,0.0,0.0,25.0,30.0,40.0,57.0,31.0,17.0,23.0,41.8,47.5,29.9,17.2,13.4,13.1,14.9,21.3
Haudonville (54830),/management/ville/haudonville/ville-54255,0.0,5.0,0.0,0.0,30.0,0.0,20.0,24.0,10.0,15.0,23.5,34.3,41.2,25.0,14.7,14.3,20.6,22.9
Fouquereuil (62232),/management/ville/fouquereuil/ville-62349,0.0,20.0,71.0,229.0,229.0,188.0,312.0,291.0,194.0,289.0,22.7,34.3,33.0,20.2,18.9,17.1,25.5,27.6
Intville-la-Guétard (45300),/management/ville/intville-la-guetard/ville-45170,5.0,5.0,0.0,5.0,19.0,29.0,18.0,31.0,25.0,16.0,20.5,21.7,34.1,30.6,27.3,26.1,18.2,19.6
La Chapelle-Saint-Jean (24390),/management/ville/la-chapelle-saint-jean/ville-24113,10.0,0.0,10.0,5.0,5.0,10.0,19.0,22.0,15.0,17.0,25.6,26.5,35.9,23.5,17.9,23.5,20.5,26.5
Hiersac (16290),/management/ville/hiersac/ville-16163,5.0,19.0,28.0,121.0,149.0,112.0,232.0,270.0,149.0,189.0,18.2,36.4,42.3,22.0,16.2,19.0,23.4,21.7
Les Assions (07140),/management/ville/les-assions/ville-07017,10.0,39.0,36.0,67.0,56.0,62.0,159.0,147.0,102.0,158.0,24.0,31.9,36.2,17.2,17.3,18.6,22.5,32.5
Fenouillet-du-Razès (11240),/management/ville/fenouillet-du-razes/ville-11139,16.0,0.0,0.0,0.0,11.0,5.0,21.0,24.0,19.0,12.0,29.3,25.7,31.7,31.4,19.5,31.4,19.5,11.4
Grandcourt (80300),/management/ville/grandcourt/ville-80384,15.0,0.0,0.0,15.0,25.0,40.0,40.0,53.0,16.0,30.0,18.6,39.1,44.3,26.2,12.9,10.1,24.3,18.8
La Romieu (32480),/management/ville/la-romieu/ville-32345,25.0,35.0,15.0,25.0,60.0,65.0,151.0,138.0,85.0,102.0,25.5,38.5,36.2,20.7,17.3,18.4,21.0,21.8
Damloup (55400),/management/ville/damloup/ville-55143,0.0,10.0,0.0,36.0,21.0,10.0,27.0,33.0,15.0,26.0,26.4,26.1,35.8,26.4,15.1,15.2,22.6,28.3
Dinteville (52120),/management/ville/dinteville/ville-52168,0.0,0.0,5.0,5.0,0.0,10.0,16.0,8.0,10.0,8.0,27.3,50.0,22.7,14.3,36.4,10.0,13.6,25.0
Les Vans (07140),/management/ville/les-vans/ville-07334,32.0,124.0,69.0,247.0,321.0,179.0,751.0,514.0,406.0,510.0,29.5,38.6,29.3,18.6,18.8,18.4,22.4,24.3
Haudrecy (08090),/management/ville/haudrecy/ville-08216,0.0,15.0,40.0,25.0,25.0,30.0,58.0,73.0,29.0,59.0,21.9,30.8,44.8,21.3,11.4,14.5,21.9,31.6
La Chapelle-Saint-Laud (49140),/management/ville/la-chapelle-saint-laud/ville-49076,5.0,10.0,30.0,125.0,125.0,105.0,128.0,139.0,97.0,131.0,22.5,29.1,38.9,18.3,17.6,21.5,20.9,31.9
Gizay (86340),/management/ville/gizay/ville-86105,10.0,10.0,15.0,31.0,67.0,41.0,50.0,92.0,59.0,79.0,20.0,15.6,37.9,26.6,17.9,24.4,24.1,32.6
Foissac (12260),/management/ville/foissac/ville-12104,5.0,24.0,33.0,33.0,81.0,62.0,74.0,95.0,73.0,96.0,16.2,28.1,32.9,21.9,24.0,18.7,26.9,30.4
Lamoura (39310),/management/ville/lamoura/ville-39275,0.0,41.0,25.0,117.0,117.0,56.0,70.0,115.0,86.0,182.0,16.9,14.4,29.8,20.5,19.1,18.8,34.2,45.9
Jougne (25370),/management/ville/jougne/ville-25318,10.0,36.0,138.0,292.0,236.0,328.0,294.0,412.0,230.0,410.0,18.0,26.1,35.1,23.7,17.3,16.8,29.6,31.3
La Harmoye (22320),/management/ville/la-harmoye/ville-22073,10.0,10.0,10.0,25.0,30.0,75.0,81.0,76.0,57.0,75.0,22.6,33.6,32.9,19.2,21.9,17.5,22.6,29.4
Lacapelle-Ségalar (81170),/management/ville/lacapelle-segalar/ville-81123,5.0,15.0,0.0,5.0,10.0,0.0,19.0,22.0,15.0,18.0,25.6,25.7,46.2,13.8,12.8,28.6,15.4,34.3
Gueux (51390),/management/ville/gueux/ville-51282,10.0,71.0,256.0,201.0,140.0,90.0,241.0,224.0,190.0,550.0,15.6,24.0,23.3,14.3,17.5,14.1,43.6,47.6
Élencourt (60210),/management/ville/elencourt/ville-60205,0.0,0.0,10.0,0.0,5.0,0.0,9.0,14.0,6.0,9.0,15.8,31.6,47.4,25.0,10.5,21.1,26.3,21.1
Le Marin (97290),/management/ville/le-marin/ville-97217,45.0,300.0,255.0,875.0,1400.0,755.0,2464.0,1689.0,1117.0,1305.0,36.8,38.1,28.8,21.8,15.8,18.1,18.6,21.0
Gémonville (54115),/management/ville/gemonville/ville-54220,5.0,0.0,0.0,0.0,15.0,5.0,15.0,19.0,10.0,10.0,26.7,29.2,36.7,27.6,23.3,12.5,13.3,25.0
Larrazet (82500),/management/ville/larrazet/ville-82093,15.0,20.0,20.0,83.0,83.0,59.0,206.0,125.0,64.0,106.0,35.3,45.9,31.7,18.5,11.3,13.9,21.7,20.6
Frohen-sur-Authie (80370),/management/ville/frohen-sur-authie/ville-80369,5.0,5.0,15.0,15.0,25.0,45.0,72.0,49.0,25.0,20.0,38.6,48.2,31.3,23.7,19.3,10.8,10.8,13.3
Draguignan (83300),/management/ville/draguignan/ville-83050,26.0,1334.0,1901.0,3971.0,6761.0,3447.0,8554.0,7430.0,5874.0,8063.0,26.9,30.1,28.3,21.4,19.0,20.2,25.8,28.0
Étroussat (03140),/management/ville/etroussat/ville-03112,20.0,28.0,20.0,35.0,70.0,75.0,214.0,139.0,70.0,59.0,39.7,48.8,37.5,19.9,12.5,16.4,10.3,14.0
Esclanèdes (48230),/management/ville/esclanedes/ville-48056,5.0,10.0,15.0,75.0,50.0,35.0,51.0,60.0,60.0,96.0,21.1,17.2,26.3,19.2,23.3,21.6,29.3,42.5
Le Boullay-Mivoye (28210),/management/ville/le-boullay-mivoye/ville-28054,31.0,10.0,15.0,47.0,77.0,78.0,90.0,106.0,64.0,93.0,22.4,28.7,40.2,19.9,17.8,18.5,19.5,32.6
La Bachellerie (24210),/management/ville/la-bachellerie/ville-24020,15.0,30.0,30.0,50.0,125.0,95.0,171.0,233.0,134.0,150.0,19.1,30.2,45.2,23.2,16.4,22.3,19.4,24.0
Le Subdray (18570),/management/ville/le-subdray/ville-18255,5.0,15.0,85.0,135.0,190.0,110.0,86.0,183.0,119.0,287.0,9.6,15.9,33.4,20.6,15.5,19.7,41.5,43.5
Fouquerolles (60510),/management/ville/fouquerolles/ville-60251,5.0,5.0,40.0,60.0,25.0,20.0,45.0,68.0,36.0,57.0,24.2,19.6,35.4,28.0,14.1,20.6,26.3,29.0
Inval-Boiron (80430),/management/ville/inval-boiron/ville-80450,0.0,5.0,0.0,0.0,10.0,26.0,50.0,15.0,6.0,11.0,53.8,69.0,28.2,7.5,2.6,11.9,15.4,11.9
Les Attaques (62730),/management/ville/les-attaques/ville-62043,15.0,45.0,90.0,195.0,315.0,240.0,470.0,404.0,258.0,287.0,28.1,38.0,35.2,21.2,17.8,18.5,18.8,21.6
Fépin (08170),/management/ville/fepin/ville-08166,0.0,0.0,5.0,10.0,45.0,40.0,61.0,60.0,27.0,33.0,22.0,45.6,41.8,21.4,19.8,10.0,16.5,20.0
Hiesse (16490),/management/ville/hiesse/ville-16164,10.0,0.0,5.0,10.0,30.0,30.0,102.0,51.0,32.0,25.0,44.1,53.6,28.8,18.6,15.3,14.4,11.7,12.4
Dio-et-Valquières (34650),/management/ville/dio-et-valquieres/ville-34093,5.0,0.0,5.0,15.0,5.0,5.0,26.0,31.0,23.0,42.0,24.6,18.3,29.5,21.7,16.4,21.7,29.5,38.3
La Ronde (17170),/management/ville/la-ronde/ville-17303,10.0,30.0,60.0,104.0,144.0,114.0,263.0,268.0,132.0,119.0,29.3,37.8,40.4,25.2,16.7,17.3,13.6,17.0
Dammard (02470),/management/ville/dammard/ville-02258,5.0,10.0,16.0,52.0,84.0,58.0,91.0,90.0,70.0,44.0,27.0,34.5,35.8,24.8,23.6,24.3,13.5,16.2
Grande-Rivière Château (39150),/management/ville/grande-riviere-chateau/ville-39258,15.0,30.0,15.0,76.0,76.0,137.0,122.0,175.0,89.0,87.0,22.9,28.9,47.8,24.9,14.7,23.2,14.7,22.4
Les Vastres (43430),/management/ville/les-vastres/ville-43253,15.0,5.0,0.0,10.0,26.0,15.0,58.0,35.0,44.0,23.0,37.5,36.6,25.0,19.4,25.0,29.6,12.5,16.9
Haudricourt (76390),/management/ville/haudricourt/ville-76344,25.0,20.0,0.0,15.0,50.0,85.0,149.0,111.0,35.0,33.0,39.8,51.2,42.8,22.1,8.4,13.0,9.0,11.1
Guevenatten (68210),/management/ville/guevenatten/ville-68114,0.0,0.0,5.0,35.0,25.0,30.0,20.0,36.0,29.0,31.0,19.3,15.0,38.6,27.8,14.0,35.0,28.1,25.0
Lacapelle-Viescamp (15150),/management/ville/lacapelle-viescamp/ville-15088,0.0,15.0,10.0,45.0,90.0,80.0,103.0,134.0,80.0,83.0,22.6,29.1,41.0,24.1,19.8,20.1,16.5,25.4
Foissac (30700),/management/ville/foissac/ville-30111,15.0,39.0,15.0,20.0,49.0,49.0,72.0,91.0,55.0,70.0,21.8,28.0,41.5,22.2,16.2,21.7,20.4,28.0
Draillant (74550),/management/ville/draillant/ville-74106,5.0,35.0,85.0,105.0,90.0,80.0,104.0,193.0,99.0,165.0,16.5,20.5,40.3,25.8,17.6,17.7,25.5,33.2
Le Martinet (30960),/management/ville/le-martinet/ville-30159,0.0,31.0,10.0,93.0,83.0,67.0,266.0,160.0,115.0,93.0,37.4,45.7,34.0,18.3,13.9,21.7,14.6,15.0
Élesmes (59600),/management/ville/elesmes/ville-59190,10.0,40.0,81.0,106.0,111.0,96.0,148.0,213.0,139.0,241.0,15.6,24.3,30.9,24.0,21.9,15.7,31.7,33.3
Frohmuhl (67290),/management/ville/frohmuhl/ville-67148,5.0,5.0,15.0,15.0,25.0,5.0,36.0,54.0,19.0,30.0,15.0,34.2,50.0,26.1,13.3,13.9,21.7,21.5
La Haute-Beaume (05140),/management/ville/la-haute-beaume/ville-05066,0.0,0.0,0.0,0.0,0.0,0.0,3.0,2.0,1.0,3.0,16.7,66.7,33.3,0.0,16.7,0.0,33.3,33.3
La Chapelle-Saint-Laurent (79430),/management/ville/la-chapelle-saint-laurent/ville-79076,66.0,51.0,81.0,152.0,254.0,309.0,602.0,445.0,240.0,227.0,34.1,45.2,36.8,20.9,16.3,15.4,12.8,17.1
Lampaul-Guimiliau (29400),/management/ville/lampaul-guimiliau/ville-29097,30.0,75.0,55.0,224.0,205.0,261.0,420.0,530.0,284.0,306.0,24.9,29.6,39.7,26.2,18.9,17.9,16.5,23.3
Gizeux (37340),/management/ville/gizeux/ville-37112,16.0,21.0,5.0,26.0,63.0,42.0,135.0,105.0,48.0,49.0,35.3,45.2,39.4,21.3,11.8,16.7,13.5,15.5
Larré (56230),/management/ville/larre/ville-56108,25.0,35.0,15.0,140.0,140.0,220.0,155.0,234.0,145.0,175.0,20.9,22.8,41.2,24.0,19.2,21.7,18.6,30.7
Étrun (62161),/management/ville/etrun/ville-62320,5.0,5.0,15.0,55.0,45.0,10.0,67.0,59.0,42.0,65.0,21.7,35.6,31.3,18.9,20.0,16.1,27.0,28.8
Jouhe (39100),/management/ville/jouhe/ville-39270,0.0,5.0,55.0,75.0,60.0,85.0,73.0,128.0,65.0,113.0,17.1,21.1,35.4,27.2,20.4,14.1,27.1,32.7
Gémozac (17260),/management/ville/gemozac/ville-17172,40.0,120.0,80.0,175.0,305.0,360.0,805.0,769.0,305.0,402.0,30.6,39.4,39.5,25.0,12.3,14.3,17.6,17.6
Fouquescourt (80170),/management/ville/fouquescourt/ville-80339,0.0,5.0,5.0,10.0,31.0,16.0,34.0,34.0,23.0,22.0,32.8,28.8,32.8,25.9,21.3,17.3,13.1,25.0
Esclassan-Labastide (32140),/management/ville/esclassan-labastide/ville-32122,5.0,10.0,10.0,61.0,51.0,40.0,90.0,68.0,48.0,77.0,23.6,40.6,34.0,14.2,16.7,16.7,25.7,29.0
Inxent (62170),/management/ville/inxent/ville-62472,10.0,5.0,25.0,30.0,15.0,5.0,37.0,29.0,24.0,43.0,19.4,35.2,29.0,15.3,22.6,14.1,29.0,35.2
Dions (30190),/management/ville/dions/ville-30102,5.0,15.0,58.0,99.0,97.0,61.0,134.0,107.0,94.0,124.0,29.2,29.1,27.9,19.3,18.5,22.5,24.5,30.0
Le Boullay-Thierry (28210),/management/ville/le-boullay-thierry/ville-28055,5.0,10.0,50.0,84.0,65.0,73.0,78.0,136.0,73.0,104.0,21.0,18.3,36.5,28.5,20.0,17.3,22.5,31.4
Grande-Synthe (59760),/management/ville/grande-synthe/ville-59271,14.0,203.0,292.0,1878.0,2811.0,2942.0,7594.0,3946.0,2479.0,2014.0,48.1,46.5,26.7,21.1,14.6,16.4,10.6,14.7
Haulchin (59121),/management/ville/haulchin/ville-59288,5.0,39.0,49.0,281.0,342.0,278.0,611.0,507.0,259.0,297.0,28.3,43.5,38.1,21.7,16.6,14.5,17.0,18.4
La Baconnière (53240),/management/ville/la-baconniere/ville-53015,31.0,68.0,31.0,197.0,261.0,323.0,378.0,352.0,229.0,305.0,27.3,32.3,33.2,21.7,18.2,18.1,21.3,26.9
Hiesville (50480),/management/ville/hiesville/ville-50246,0.0,10.0,0.0,10.0,14.0,5.0,14.0,13.0,9.0,15.0,20.8,34.5,41.7,11.5,12.5,20.7,25.0,34.5
Guewenheim (68116),/management/ville/guewenheim/ville-68115,5.0,20.0,70.0,215.0,195.0,155.0,189.0,352.0,169.0,262.0,15.1,23.7,39.5,28.4,17.8,17.0,27.5,26.4
Les Aulneaux (72600),/management/ville/les-aulneaux/ville-72015,9.0,5.0,5.0,0.0,10.0,30.0,27.0,28.0,18.0,14.0,25.0,38.5,31.3,28.3,25.0,15.4,18.8,12.8
Fercé (44660),/management/ville/ferce/ville-44058,36.0,10.0,10.0,36.0,51.0,76.0,75.0,136.0,88.0,59.0,16.7,26.2,44.3,29.0,23.4,25.6,15.6,17.9
Le Syndicat (88120),/management/ville/le-syndicat/ville-88462,5.0,71.0,81.0,259.0,233.0,309.0,474.0,458.0,242.0,315.0,28.0,35.5,36.4,23.0,16.9,15.7,18.7,23.6
La Roque-Alric (84190),/management/ville/la-roque-alric/ville-84100,0.0,0.0,10.0,5.0,5.0,5.0,13.0,8.0,13.0,10.0,29.6,29.4,18.5,18.8,33.3,23.5,18.5,29.4
Les Velluire-sur-Vendée (85770),/management/ville/les-velluire-sur-vendee/ville-85177,25.0,30.0,25.0,60.0,180.0,215.0,313.0,378.0,185.0,139.0,25.5,35.9,43.7,27.8,17.4,18.9,13.4,14.0
Lacarre (64220),/management/ville/lacarre/ville-64297,10.0,5.0,16.0,21.0,16.0,21.0,42.0,38.0,20.0,26.0,23.7,42.4,39.0,22.2,15.3,15.2,22.0,18.2
Dammarie (28360),/management/ville/dammarie/ville-28122,25.0,30.0,85.0,235.0,200.0,135.0,277.0,371.0,182.0,285.0,18.4,31.0,43.6,22.1,14.4,18.2,23.5,27.5
Draix (04420),/management/ville/draix/ville-04072,0.0,5.0,0.0,27.0,11.0,11.0,28.0,25.0,16.0,16.0,26.8,37.0,34.1,22.4,22.0,17.4,17.1,21.7
Foissiat (01340),/management/ville/foissiat/ville-01163,20.0,95.0,90.0,191.0,296.0,327.0,492.0,512.0,256.0,278.0,28.6,35.3,40.6,24.0,15.1,18.3,15.6,20.6
Froideconche (70300),/management/ville/froideconche/ville-70258,10.0,79.0,69.0,199.0,283.0,269.0,613.0,449.0,253.0,225.0,36.6,42.9,33.5,23.0,16.8,16.0,13.1,16.0
La Chapelle-Saint-Laurian (36150),/management/ville/la-chapelle-saint-laurian/ville-36041,5.0,0.0,10.0,5.0,20.0,15.0,55.0,35.0,13.0,13.0,41.8,52.5,41.8,17.9,12.7,9.8,3.6,18.0
Larré (61250),/management/ville/larre/ville-61224,0.0,10.0,30.0,70.0,85.0,55.0,81.0,101.0,56.0,74.0,24.5,26.9,35.5,25.6,21.9,14.1,18.1,29.5
La Haute-Maison (77580),/management/ville/la-haute-maison/ville-77225,0.0,25.0,0.0,40.0,45.0,20.0,65.0,68.0,43.0,43.0,30.8,28.6,38.3,23.9,15.9,23.2,15.0,24.1
Gizia (39190),/management/ville/gizia/ville-39255,15.0,25.0,0.0,20.0,15.0,25.0,66.0,72.0,33.0,32.0,33.0,33.0,39.4,27.2,16.0,16.5,11.7,19.3
Genac-Bignac (16170),/management/ville/genac-bignac/ville-16148,28.0,20.0,47.0,196.0,92.0,90.0,204.0,239.0,118.0,191.0,22.9,31.2,41.5,20.9,15.6,16.0,19.9,30.6
Le Mas (06910),/management/ville/le-mas/ville-06081,0.0,10.0,5.0,25.0,30.0,5.0,44.0,41.0,23.0,36.0,26.3,35.9,33.8,20.3,17.5,14.1,22.5,28.1
Lampaul-Plouarzel (29810),/management/ville/lampaul-plouarzel/ville-29098,24.0,49.0,107.0,188.0,247.0,229.0,465.0,412.0,296.0,411.0,24.0,34.3,30.5,21.0,19.7,17.7,25.8,26.1
Esclauzels (46090),/management/ville/esclauzels/ville-46092,0.0,5.0,25.0,5.0,35.0,30.0,64.0,32.0,40.0,49.0,26.4,41.8,25.3,12.0,17.2,25.5,31.0,22.4
Étrœungt (59219),/management/ville/etroeungt/ville-59218,35.0,35.0,40.0,105.0,130.0,230.0,349.0,283.0,149.0,156.0,31.7,42.6,38.4,21.3,13.9,17.9,16.1,17.2
Diors (36130),/management/ville/diors/ville-36064,5.0,21.0,15.0,96.0,157.0,101.0,172.0,206.0,94.0,97.0,28.8,31.6,39.2,29.1,14.0,18.9,18.0,16.2
Inzinzac-Lochrist (56650),/management/ville/inzinzac-lochrist/ville-56090,20.0,204.0,234.0,702.0,936.0,856.0,1131.0,1685.0,926.0,1001.0,20.1,27.5,42.2,26.7,19.3,19.7,18.4,23.6
Életot (76540),/management/ville/eletot/ville-76232,0.0,15.0,20.0,35.0,120.0,115.0,138.0,172.0,76.0,80.0,21.9,36.8,43.8,26.4,17.9,14.9,16.5,17.8
Fouqueure (16140),/management/ville/fouqueure/ville-16144,9.0,5.0,0.0,38.0,57.0,61.0,131.0,101.0,35.0,42.0,37.2,47.2,41.4,21.9,12.4,10.4,9.0,17.2
Jouhet (86500),/management/ville/jouhet/ville-86117,20.0,35.0,5.0,60.0,75.0,80.0,109.0,134.0,77.0,63.0,25.0,32.1,46.3,23.7,17.0,23.0,11.7,20.9
La Baffe (88460),/management/ville/la-baffe/ville-88028,10.0,21.0,67.0,94.0,63.0,79.0,95.0,132.0,93.0,154.0,19.5,20.6,33.5,21.7,19.5,19.7,27.5,37.4
Gugnécourt (88600),/management/ville/gugnecourt/ville-88222,0.0,5.0,5.0,29.0,20.0,29.0,29.0,28.0,22.0,45.0,19.7,27.7,26.2,17.9,19.7,15.4,34.4,38.5
Les Autels (02360),/management/ville/les-autels/ville-02038,0.0,0.0,0.0,0.0,10.0,10.0,25.0,15.0,5.0,0.0,42.9,66.7,52.4,16.7,4.8,16.7,0.0,0.0
La Roque-Baignard (14340),/management/ville/la-roque-baignard/ville-14541,0.0,0.0,15.0,20.0,15.0,0.0,21.0,16.0,19.0,33.0,20.5,26.7,25.0,11.9,25.0,17.8,29.5,44.4
Le Boulou (66160),/management/ville/le-boulou/ville-66024,25.0,170.0,178.0,498.0,776.0,584.0,1775.0,1136.0,775.0,775.0,36.2,42.9,30.7,20.3,17.2,17.5,15.9,18.6
Higuères-Souye (64160),/management/ville/higueres-souye/ville-64262,24.0,10.0,0.0,25.0,49.0,14.0,49.0,70.0,27.0,54.0,23.0,25.5,41.0,25.6,12.0,14.7,24.0,30.4
Draize (08220),/management/ville/draize/ville-08146,0.0,5.0,5.0,5.0,0.0,15.0,36.0,25.0,6.0,11.0,46.2,46.2,35.9,23.4,7.7,7.7,10.3,17.9
Haulies (32550),/management/ville/haulies/ville-32153,0.0,0.0,5.0,15.0,25.0,15.0,24.0,32.0,18.0,28.0,26.4,20.4,37.7,22.2,20.8,14.3,15.1,40.8
Dammarie-en-Puisaye (45420),/management/ville/dammarie-en-puisaye/ville-45120,10.0,10.0,0.0,15.0,10.0,19.0,46.0,46.0,22.0,19.0,29.9,38.6,40.3,24.6,15.6,19.3,14.3,15.8
Le Tablier (85310),/management/ville/le-tablier/ville-85285,15.0,35.0,10.0,95.0,156.0,110.0,90.0,186.0,114.0,126.0,15.0,20.1,46.9,25.8,15.8,28.7,22.3,26.4
Lacarry-Arhan-Charritte-de-Haut (64470),/management/ville/lacarry-arhan-charritte-de-haut/ville-64298,15.0,10.0,0.0,10.0,10.0,15.0,28.0,31.0,23.0,25.0,22.6,29.6,37.7,20.8,20.8,22.2,18.9,27.8
Les Ventes (27180),/management/ville/les-ventes/ville-27678,5.0,30.0,35.0,227.0,126.0,126.0,177.0,229.0,128.0,243.0,20.9,24.7,34.2,22.6,17.9,15.3,27.0,35.3
Foissy (21230),/management/ville/foissy/ville-21274,5.0,0.0,5.0,5.0,30.0,40.0,37.0,55.0,25.0,13.0,31.0,25.4,43.7,34.3,16.9,22.0,8.5,11.9
Fercé-sur-Sarthe (72430),/management/ville/ferce-sur-sarthe/ville-72131,10.0,20.0,25.0,44.0,69.0,123.0,78.0,174.0,77.0,86.0,16.6,20.9,51.2,30.0,13.7,23.4,18.5,22.9
Grandecourt (70120),/management/ville/grandecourt/ville-70274,0.0,5.0,0.0,0.0,5.0,9.0,12.0,12.0,2.0,6.0,41.2,33.3,35.3,30.0,5.9,6.7,17.6,20.0
La Chapelle-Saint-Luc (10600),/management/ville/la-chapelle-saint-luc/ville-10081,9.0,174.0,271.0,667.0,1732.0,1814.0,4814.0,1942.0,1065.0,990.0,51.3,57.5,26.7,17.2,11.4,12.6,10.6,11.8
Éleu-dit-Leauwette (62300),/management/ville/eleu-dit-leauwette/ville-62291,0.0,26.0,114.0,318.0,460.0,364.0,812.0,628.0,367.0,397.0,29.2,43.6,36.5,20.4,17.2,16.1,17.0,18.8
Ippécourt (55220),/management/ville/ippecourt/ville-55251,0.0,10.0,0.0,0.0,15.0,24.0,19.0,24.0,19.0,12.0,16.7,34.2,36.1,26.8,30.6,21.1,16.7,15.8
Genainville (95420),/management/ville/genainville/ville-95270,10.0,35.0,20.0,120.0,65.0,30.0,107.0,101.0,76.0,122.0,21.0,31.3,34.4,17.0,15.9,21.3,28.7,31.3
La Hauteville (78113),/management/ville/la-hauteville/ville-78302,0.0,10.0,5.0,40.0,20.0,5.0,19.0,22.0,34.0,56.0,12.5,16.4,21.9,13.6,28.1,23.9,37.5,47.8
Esclavelles (76270),/management/ville/esclavelles/ville-76244,10.0,40.0,15.0,40.0,55.0,40.0,82.0,89.0,57.0,66.0,25.6,30.4,35.9,24.1,14.7,25.2,23.7,20.7
Froidefontaine (90140),/management/ville/froidefontaine/ville-90051,0.0,5.0,25.0,45.0,60.0,114.0,100.0,123.0,59.0,62.0,22.9,35.5,44.1,24.3,18.4,15.7,14.5,21.7
Jouillat (23220),/management/ville/jouillat/ville-23101,42.0,11.0,11.0,58.0,47.0,42.0,83.0,112.0,81.0,68.0,23.1,25.0,35.5,28.1,22.5,24.4,18.9,21.0
Larressingle (32100),/management/ville/larressingle/ville-32194,10.0,10.0,0.0,10.0,35.0,15.0,46.0,40.0,43.0,42.0,27.0,26.8,25.8,22.1,23.6,26.8,23.6,25.6
Lampaul-Ploudalmézeau (29830),/management/ville/lampaul-ploudalmezeau/ville-29099,15.0,29.0,20.0,148.0,112.0,62.0,129.0,162.0,107.0,165.0,17.1,28.1,32.0,23.8,21.9,16.3,29.0,29.5
Etsaut (64490),/management/ville/etsaut/ville-64223,0.0,6.0,0.0,0.0,0.0,12.0,19.0,11.0,15.0,21.0,24.2,34.4,18.2,16.1,24.2,18.8,33.3,31.3
Diou (03290),/management/ville/diou/ville-03100,20.0,20.0,25.0,120.0,190.0,264.0,444.0,368.0,164.0,154.0,31.4,47.7,38.9,23.2,14.2,14.8,15.4,11.7
Le Mas-d'Agenais (47430),/management/ville/le-mas-d-agenais/ville-47159,10.0,30.0,81.0,81.0,241.0,212.0,443.0,320.0,153.0,237.0,31.9,44.3,35.0,19.6,13.2,13.5,20.0,21.1
Gugney (54930),/management/ville/gugney/ville-54241,10.0,0.0,0.0,15.0,10.0,5.0,10.0,24.0,16.0,11.0,12.9,20.0,45.2,31.3,25.8,26.7,16.1,20.0
Dammarie-les-Lys (77190),/management/ville/dammarie-les-lys/ville-77152,13.0,312.0,1297.0,2637.0,3177.0,2336.0,4970.0,3290.0,2586.0,4323.0,32.2,33.3,23.5,19.4,17.2,16.9,27.1,29.8
Foissy-lès-Vézelay (89450),/management/ville/foissy-les-vezelay/ville-89170,5.0,5.0,0.0,5.0,15.0,10.0,39.0,29.0,24.0,18.0,36.4,34.5,23.6,26.2,25.5,18.2,14.5,18.2
Le Boupère (85510),/management/ville/le-boupere/ville-85031,70.0,65.0,100.0,255.0,415.0,595.0,737.0,752.0,422.0,400.0,26.3,37.5,39.5,23.9,18.4,18.1,15.9,18.7
Gizy (02350),/management/ville/gizy/ville-02346,0.0,20.0,25.0,45.0,110.0,95.0,187.0,166.0,78.0,94.0,30.8,40.5,36.9,23.5,15.2,14.5,17.1,18.7
La Baleine (50450),/management/ville/la-baleine/ville-50028,10.0,10.0,0.0,5.0,0.0,35.0,30.0,22.0,10.0,12.0,37.5,44.1,37.5,18.9,15.0,11.8,10.0,23.5
Drambon (21270),/management/ville/drambon/ville-21233,0.0,0.0,0.0,58.0,19.0,19.0,28.0,38.0,26.0,38.0,17.7,25.4,35.5,22.4,19.4,22.4,27.4,29.9
Ferdrupt (88360),/management/ville/ferdrupt/ville-88170,10.0,25.0,15.0,55.0,105.0,130.0,226.0,187.0,78.0,81.0,33.9,45.1,39.9,22.6,15.0,12.2,11.2,17.0
La Roque-d'Anthéron (13640),/management/ville/la-roque-d-antheron/ville-13084,10.0,161.0,332.0,598.0,635.0,613.0,1328.0,908.0,632.0,1060.0,31.8,35.5,26.5,19.4,16.3,15.9,25.4,28.3
La Haye (50250),/management/ville/la-haye/ville-50236,83.0,117.0,91.0,319.0,499.0,535.0,1481.0,901.0,410.0,412.0,38.2,53.4,36.4,19.3,12.5,13.0,12.9,12.8
Jouques (13490),/management/ville/jouques/ville-13048,15.0,169.0,452.0,492.0,621.0,354.0,707.0,783.0,594.0,1251.0,21.7,20.7,27.7,19.7,15.5,19.9,35.1,39.7
Les Ventes-de-Bourse (61170),/management/ville/les-ventes-de-bourse/ville-61499,0.0,5.0,5.0,22.0,11.0,5.0,26.0,38.0,26.0,27.0,22.2,22.2,42.9,22.0,17.5,27.8,17.5,29.6
Grandeyrolles (63320),/management/ville/grandeyrolles/ville-63172,0.0,0.0,5.0,10.0,0.0,0.0,20.0,13.0,3.0,10.0,43.5,43.5,30.4,22.2,4.3,8.7,21.7,21.7
Fouqueville (27370),/management/ville/fouqueville/ville-27261,0.0,5.0,30.0,56.0,61.0,51.0,95.0,89.0,77.0,82.0,22.7,33.1,31.4,20.6,24.4,20.1,21.5,26.0
Le Taillan-Médoc (33320),/management/ville/le-taillan-medoc/ville-33519,10.0,297.0,1160.0,1493.0,1368.0,654.0,1536.0,1863.0,1355.0,2533.0,19.6,22.5,28.0,22.3,18.6,18.6,33.9,35.6
Hiis (65200),/management/ville/hiis/ville-65221,0.0,20.0,15.0,39.0,25.0,10.0,32.0,56.0,31.0,60.0,18.9,17.6,36.7,24.0,15.6,19.8,28.9,37.4
Haulmé (08800),/management/ville/haulme/ville-08217,0.0,0.0,0.0,5.0,10.0,20.0,28.0,17.0,16.0,6.0,38.2,45.5,35.3,17.2,20.6,27.3,5.9,12.1
La Chapelle-Saint-Martial (23250),/management/ville/la-chapelle-saint-martial/ville-23051,20.0,0.0,10.0,10.0,15.0,10.0,26.0,19.0,20.0,19.0,19.5,41.9,29.3,16.7,29.3,18.6,22.0,23.3
Les Autels-Villevillon (28330),/management/ville/les-autels-villevillon/ville-28016,0.0,5.0,5.0,25.0,25.0,30.0,35.0,46.0,12.0,20.0,31.1,30.8,42.6,31.3,6.6,15.4,19.7,15.4
Élincourt (59127),/management/ville/elincourt/ville-59191,15.0,30.0,10.0,45.0,75.0,121.0,194.0,129.0,74.0,60.0,35.2,50.2,34.3,20.2,17.6,14.8,12.9,13.5
Lacassagne (65140),/management/ville/lacassagne/ville-65242,0.0,15.0,0.0,10.0,15.0,50.0,44.0,68.0,38.0,29.0,24.4,25.0,46.7,27.8,16.7,26.1,12.2,20.5
Gugney-aux-Aulx (88450),/management/ville/gugney-aux-aulx/ville-88223,15.0,15.0,0.0,10.0,25.0,5.0,28.0,32.0,30.0,21.0,15.1,34.5,41.5,19.2,26.4,27.6,17.0,20.7
Diou (36260),/management/ville/diou/ville-36065,0.0,10.0,5.0,29.0,24.0,29.0,57.0,48.0,44.0,47.0,27.5,31.9,33.3,15.3,21.6,23.4,17.6,30.9
Fère-Champenoise (51230),/management/ville/fere-champenoise/ville-51248,35.0,15.0,30.0,119.0,292.0,402.0,717.0,532.0,214.0,173.0,39.1,48.7,39.8,22.7,12.0,14.1,9.2,12.0
Lampertheim (67450),/management/ville/lampertheim/ville-67256,0.0,62.0,390.0,546.0,338.0,182.0,310.0,659.0,386.0,992.0,10.0,16.0,28.8,25.0,15.0,17.7,46.2,38.8
Ippling (57990),/management/ville/ippling/ville-57348,10.0,19.0,29.0,111.0,111.0,97.0,130.0,201.0,117.0,151.0,16.6,26.5,39.8,25.3,20.4,18.8,23.2,27.2
Froidestrées (02260),/management/ville/froidestrees/ville-02337,10.0,10.0,0.0,20.0,20.0,25.0,50.0,39.0,26.0,27.0,32.9,37.5,31.4,22.7,17.1,19.4,18.6,19.4
Esclavolles-Lurey (51260),/management/ville/esclavolles-lurey/ville-51234,5.0,15.0,10.0,80.0,69.0,119.0,140.0,183.0,80.0,76.0,26.1,32.5,44.5,27.8,15.5,17.9,13.9,17.9
Le Mas-d'Artige (23100),/management/ville/le-mas-d-artige/ville-23125,5.0,15.0,0.0,0.0,15.0,15.0,33.0,26.0,13.0,5.0,41.0,44.4,38.5,26.3,12.8,22.2,7.7,5.6
Ettendorf (67350),/management/ville/ettendorf/ville-67135,5.0,5.0,45.0,116.0,121.0,131.0,119.0,212.0,104.0,164.0,15.0,24.5,41.8,25.9,18.7,15.9,24.5,30.1
Dammarie-sur-Loing (45230),/management/ville/dammarie-sur-loing/ville-45121,10.0,10.0,16.0,47.0,52.0,78.0,121.0,148.0,59.0,52.0,31.9,31.7,45.5,28.2,13.1,18.0,9.4,18.0
Larressore (64480),/management/ville/larressore/ville-64317,15.0,70.0,95.0,260.0,350.0,180.0,229.0,467.0,259.0,453.0,15.4,17.1,38.5,25.4,18.8,18.0,27.4,37.0
Le Bourdeix (24300),/management/ville/le-bourdeix/ville-24056,0.0,0.0,0.0,41.0,25.0,25.0,57.0,54.0,34.0,42.0,28.4,33.0,37.5,21.0,17.0,18.6,17.0,26.8
Glageon (59132),/management/ville/glageon/ville-59261,5.0,25.0,0.0,111.0,216.0,295.0,580.0,375.0,205.0,148.0,36.9,52.0,36.9,19.4,16.5,14.8,9.8,12.8
La Balme (73170),/management/ville/la-balme/ville-73028,0.0,10.0,10.0,30.0,35.0,50.0,106.0,45.0,48.0,29.0,47.8,45.1,22.6,18.1,18.3,23.9,11.3,14.2
Genas (69740),/management/ville/genas/ville-69277,30.0,423.0,1764.0,1927.0,1388.0,811.0,1684.0,1981.0,1536.0,3829.0,15.6,21.4,24.1,19.3,17.4,16.7,42.9,42.0
Jouqueviel (81190),/management/ville/jouqueviel/ville-81110,0.0,10.0,0.0,10.0,0.0,10.0,30.0,13.0,12.0,21.0,36.6,42.9,26.8,6.5,14.6,17.1,22.0,34.3
Les Vigneaux (05120),/management/ville/les-vigneaux/ville-05180,10.0,25.0,15.0,95.0,70.0,15.0,60.0,90.0,77.0,183.0,17.9,11.8,25.3,19.2,17.9,19.5,38.9,49.5
Le Tallud (79200),/management/ville/le-tallud/ville-79322,30.0,79.0,70.0,227.0,298.0,204.0,574.0,540.0,233.0,273.0,31.5,39.2,37.8,25.1,15.5,13.4,15.2,18.4
Foissy-sur-Vanne (89190),/management/ville/foissy-sur-vanne/ville-89171,5.0,0.0,5.0,41.0,36.0,52.0,88.0,76.0,36.0,39.0,37.3,36.6,33.9,25.0,16.1,14.6,12.7,20.3
La Roque-en-Provence (06910),/management/ville/la-roque-en-provence/ville-06107,0.0,5.0,0.0,10.0,5.0,0.0,33.0,13.0,9.0,11.0,45.5,54.5,24.2,14.7,15.2,12.1,15.2,18.2
Dramelay (39240),/management/ville/dramelay/ville-39204,5.0,0.0,0.0,5.0,5.0,0.0,7.0,5.0,4.0,6.0,30.0,33.3,20.0,21.4,30.0,8.3,20.0,33.3
La Haye (76780),/management/ville/la-haye/ville-76352,0.0,5.0,10.0,20.0,71.0,107.0,91.0,80.0,46.0,51.0,34.8,33.6,37.7,21.9,12.3,21.9,15.2,22.7
Les Authieux (27220),/management/ville/les-authieux/ville-27027,5.0,15.0,0.0,51.0,36.0,31.0,86.0,62.0,31.0,37.0,37.2,43.6,41.6,14.4,10.6,17.8,10.6,24.8
Hilbesheim (57400),/management/ville/hilbesheim/ville-57324,0.0,5.0,46.0,71.0,107.0,117.0,111.0,166.0,107.0,94.0,17.1,29.4,42.4,25.3,23.7,20.9,16.7,23.0
Grandfontaine (25320),/management/ville/grandfontaine/ville-25287,0.0,57.0,139.0,259.0,165.0,144.0,234.0,243.0,191.0,424.0,19.4,23.3,27.3,17.6,16.4,18.5,36.9,40.7
Haumont-près-Samogneux (55100),/management/ville/haumont-pres-samogneux/ville-55239,0.0,0.0,0.0,0.0,0.0,0.0,0.0,0.0,0.0,0.0,,,,,,,,
La Chapelle-Saint-Martin (73170),/management/ville/la-chapelle-saint-martin/ville-73078,0.0,5.0,21.0,21.0,31.0,10.0,14.0,32.0,23.0,46.0,10.0,12.5,35.0,21.4,20.0,21.4,35.0,44.6
Fouquières-lès-Béthune (62232),/management/ville/fouquieres-les-bethune/ville-62350,0.0,15.0,67.0,175.0,108.0,87.0,210.0,194.0,156.0,293.0,20.3,28.6,28.3,18.0,18.0,18.5,33.5,35.0
Élincourt-Sainte-Marguerite (60157),/management/ville/elincourt-sainte-marguerite/ville-60206,5.0,40.0,70.0,140.0,75.0,110.0,152.0,165.0,124.0,194.0,24.1,23.8,31.4,20.1,19.2,19.9,25.3,36.2
Lacaugne (31390),/management/ville/lacaugne/ville-31258,0.0,5.0,15.0,65.0,29.0,25.0,41.0,39.0,32.0,42.0,29.5,23.7,30.8,20.0,20.5,21.1,19.2,35.5
Dirac (16410),/management/ville/dirac/ville-16120,5.0,61.0,105.0,195.0,218.0,110.0,296.0,337.0,227.0,324.0,20.4,29.3,32.8,23.4,18.1,20.2,28.7,26.1
Froideterre (70200),/management/ville/froideterre/ville-70259,5.0,10.0,5.0,45.0,50.0,35.0,65.0,106.0,48.0,67.0,21.2,24.2,41.6,28.8,14.6,18.8,22.6,24.2
Le Mas-d'Azil (09290),/management/ville/le-mas-d-azil/ville-09181,40.0,65.0,25.0,160.0,110.0,60.0,350.0,227.0,182.0,197.0,31.5,41.2,32.4,16.8,17.3,20.6,18.8,22.2
Dammarie-sur-Saulx (55500),/management/ville/dammarie-sur-saulx/ville-55144,0.0,15.0,5.0,39.0,53.0,79.0,121.0,116.0,39.0,59.0,24.6,47.3,45.5,21.3,11.4,12.4,18.6,16.6
Etting (57412),/management/ville/etting/ville-57201,10.0,10.0,31.0,118.0,72.0,113.0,198.0,202.0,98.0,111.0,24.7,40.7,40.6,23.3,16.9,15.3,17.9,18.3
Iracoubo (97350),/management/ville/iracoubo/ville-97303,85.0,45.0,5.0,90.0,180.0,150.0,586.0,237.0,133.0,78.0,49.7,64.2,27.9,16.5,14.0,11.7,8.4,6.6
Fère-en-Tardenois (02130),/management/ville/fere-en-tardenois/ville-02305,5.0,66.0,61.0,218.0,370.0,558.0,1051.0,774.0,273.0,261.0,39.0,49.4,37.7,24.6,10.9,12.2,12.4,9.9
Jourgnac (87800),/management/ville/jourgnac/ville-87081,5.0,30.0,70.0,267.0,121.0,131.0,157.0,224.0,157.0,254.0,19.7,19.9,31.9,23.3,20.4,19.4,27.9,36.2
Génat (09400),/management/ville/genat/ville-09133,0.0,5.0,0.0,0.0,0.0,5.0,6.0,5.0,5.0,5.0,20.0,36.4,50.0,0.0,20.0,27.3,10.0,36.4
Larret (70600),/management/ville/larret/ville-70297,25.0,0.0,0.0,5.0,5.0,5.0,20.0,15.0,8.0,3.0,40.0,47.6,40.0,22.7,16.0,19.0,4.0,9.5
Guibeville (91630),/management/ville/guibeville/ville-91292,0.0,25.0,125.0,115.0,110.0,60.0,71.0,131.0,83.0,191.0,15.0,14.8,31.6,22.4,15.4,19.7,38.1,42.4
Glaignes (60129),/management/ville/glaignes/ville-60274,10.0,10.0,29.0,54.0,34.0,25.0,74.0,75.0,55.0,68.0,27.0,27.3,34.0,20.8,18.4,22.7,20.6,29.7
Escles (88260),/management/ville/escles/ville-88161,20.0,0.0,10.0,55.0,40.0,55.0,91.0,118.0,53.0,59.0,22.6,34.4,44.5,25.4,17.1,15.9,15.9,21.0
La Balme-de-Sillingy (74330),/management/ville/la-balme-de-sillingy/ville-74026,35.0,160.0,315.0,735.0,800.0,650.0,708.0,1058.0,683.0,1133.0,17.9,21.5,34.4,23.7,18.5,19.6,29.2,33.9
Le Bourdet (79210),/management/ville/le-bourdet/ville-79046,5.0,20.0,41.0,46.0,83.0,87.0,112.0,122.0,77.0,108.0,23.8,29.2,35.0,22.6,17.5,19.3,23.8,27.8
Lampertsloch (67250),/management/ville/lampertsloch/ville-67257,0.0,30.0,29.0,45.0,98.0,127.0,160.0,229.0,87.0,106.0,19.3,35.6,48.3,26.5,14.5,15.4,17.9,18.5
Les Villages Vovéens (28150),/management/ville/les-villages-voveens/ville-28422,46.0,107.0,107.0,455.0,603.0,557.0,1007.0,916.0,504.0,525.0,31.2,36.9,39.1,22.3,15.8,18.3,13.9,21.4
Le Tampon (97418),/management/ville/le-tampon/ville-97422,1017.0,2274.0,1963.0,6765.0,12352.0,7936.0,24755.0,10282.0,8213.0,8962.0,45.1,49.4,23.8,16.2,14.5,16.8,16.6,17.7
La Roque-Esclapon (83840),/management/ville/la-roque-esclapon/ville-83109,21.0,16.0,11.0,16.0,48.0,16.0,83.0,62.0,48.0,43.0,33.6,36.7,27.6,25.0,15.5,25.0,23.3,13.3
Drancy (93700),/management/ville/drancy/ville-93029,0.0,2021.0,2789.0,7125.0,11966.0,8483.0,21435.0,9926.0,7915.0,8868.0,44.4,44.6,23.1,18.0,16.0,16.8,16.4,20.3
Grandfontaine (67130),/management/ville/grandfontaine/ville-67165,0.0,21.0,10.0,31.0,78.0,62.0,68.0,124.0,54.0,61.0,22.9,21.4,44.4,30.8,17.0,18.2,15.7,24.0
Hillion (22120),/management/ville/hillion/ville-22081,50.0,120.0,211.0,536.0,461.0,330.0,790.0,943.0,544.0,852.0,21.9,28.3,36.1,23.0,17.3,17.5,24.6,29.6
La Chapelle-Saint-Martin-en-Plaine (41500),/management/ville/la-chapelle-saint-martin-en-plaine/ville-41039,25.0,30.0,25.0,55.0,146.0,106.0,163.0,156.0,99.0,104.0,29.8,32.7,34.9,24.4,16.7,20.9,18.6,20.9
La Haye (88240),/management/ville/la-haye/ville-88236,0.0,0.0,5.0,14.0,9.0,9.0,30.0,31.0,12.0,12.0,24.4,45.2,44.4,22.4,20.0,9.5,11.1,19.0
.0
,9.1,19.2,22.7,19.2
Foix (09000),/management/ville/foix/ville-09122,10.0,330.0,650.0,955.0,1306.0,769.0,2031.0,1632.0,1442.0,2310.0,24.4,30.0,26.0,18.7,19.0,19.8,30.6,31.7
Fouquières-lès-Lens (62740),/management/ville/fouquieres-les-lens/ville-62351,0.0,90.0,90.0,495.0,760.0,900.0,1828.0,1364.0,731.0,611.0,32.3,47.3,38.0,21.7,15.7,16.5,14.0,13.1
Élise-Daucourt (51800),/management/ville/elise-daucourt/ville-51228,10.0,0.0,0.0,15.0,10.0,15.0,40.0,13.0,15.0,10.0,48.8,54.3,20.9,12.9,16.3,22.9,14.0,11.4
Lacaune (81230),/management/ville/lacaune/ville-81124,64.0,134.0,45.0,173.0,323.0,406.0,991.0,537.0,327.0,239.0,46.4,48.3,29.7,20.8,13.6,17.5,10.3,12.5
Dirinon (29460),/management/ville/dirinon/ville-29045,26.0,57.0,195.0,324.0,354.0,226.0,293.0,457.0,356.0,583.0,15.3,19.4,30.2,23.5,19.9,22.3,34.6,34.4
Étueffont (90170),/management/ville/etueffont/ville-90041,10.0,25.0,60.0,191.0,186.0,166.0,349.0,284.0,170.0,304.0,28.7,34.0,29.3,20.8,16.0,14.9,26.0,28.7
Le Mas-de-Tence (43190),/management/ville/le-mas-de-tence/ville-43129,0.0,11.0,17.0,17.0,22.0,28.0,39.0,50.0,27.0,22.0,22.2,34.8,51.4,21.0,13.9,25.8,12.5,19.7
Froidevaux (25190),/management/ville/froidevaux/ville-25261,10.0,0.0,0.0,0.0,10.0,20.0,25.0,5.0,11.0,15.0,37.5,54.2,6.3,11.5,31.3,4.2,25.0,29.2
Irai (61190),/management/ville/irai/ville-61208,0.0,5.0,15.0,79.0,84.0,84.0,123.0,162.0,71.0,80.0,27.2,29.1,41.9,28.1,15.7,17.3,15.2,21.4
Glaine-Montaigut (63160),/management/ville/glaine-montaigut/ville-63168,5.0,20.0,30.0,84.0,39.0,69.0,106.0,125.0,84.0,117.0,23.8,25.1,35.0,22.4,19.2,19.5,22.0,32.1
Dammartin-en-Goële (77230),/management/ville/dammartin-en-goele/ville-77153,5.0,213.0,714.0,1782.0,1626.0,832.0,1479.0,1587.0,1488.0,2077.0,22.2,22.4,27.7,20.8,22.3,22.5,27.8,34.6
Guichainville (27930),/management/ville/guichainville/ville-27306,5.0,39.0,170.0,354.0,369.0,194.0,555.0,500.0,351.0,562.0,26.5,29.9,30.1,20.6,15.8,19.8,27.5,29.5
Genay (21140),/management/ville/genay/ville-21291,5.0,20.0,16.0,41.0,46.0,56.0,84.0,78.0,33.0,85.0,33.1,27.0,30.2,23.2,7.9,15.6,28.8,31.9
Journans (01250),/management/ville/journans/ville-01197,0.0,15.0,45.0,55.0,30.0,45.0,37.0,74.0,54.0,104.0,11.8,15.8,32.4,22.1,19.9,20.3,36.0,41.4
Escles-Saint-Pierre (60220),/management/ville/escles-saint-pierre/ville-60219,0.0,5.0,0.0,25.0,20.0,10.0,42.0,36.0,20.0,9.0,30.9,48.1,41.8,23.2,20.0,17.3,7.3,9.6
Larreule (64410),/management/ville/larreule/ville-64318,10.0,10.0,5.0,40.0,15.0,30.0,27.0,50.0,21.0,35.0,20.3,20.3,44.9,26.8,13.0,18.8,21.7,31.3
Le Bourg (46120),/management/ville/le-bourg/ville-46034,15.0,5.0,20.0,30.0,15.0,36.0,54.0,83.0,43.0,72.0,21.4,21.0,39.7,23.1,19.8,13.4,19.1,39.5
Fèrebrianges (51270),/management/ville/ferebrianges/ville-51247,33.0,0.0,11.0,5.0,27.0,33.0,33.0,44.0,24.0,29.0,21.3,29.0,37.7,25.6,26.2,11.6,14.8,29.0
La Balme-de-Thuy (74230),/management/ville/la-balme-de-thuy/ville-74027,0.0,20.0,20.0,72.0,56.0,71.0,78.0,96.0,57.0,86.0,26.8,22.7,34.1,25.0,14.0,22.1,25.0,29.2
Lamure-sur-Azergues (69870),/management/ville/lamure-sur-azergues/ville-69107,0.0,45.0,35.0,120.0,140.0,145.0,207.0,210.0,140.0,184.0,23.2,32.6,31.9,23.2,19.7,18.1,25.1,24.5
Drap (06340),/management/ville/drap/ville-06054,5.0,225.0,160.0,340.0,740.0,510.0,1065.0,937.0,573.0,619.0,29.7,36.8,36.3,22.1,16.0,19.8,18.0,20.6
Grandfontaine-sur-Creuse (25510),/management/ville/grandfontaine-sur-creuse/ville-25289,10.0,0.0,0.0,15.0,5.0,5.0,9.0,23.0,15.0,5.0,17.2,17.4,44.8,37.0,31.0,26.1,6.9,13.0
Les Villards-sur-Thônes (74230),/management/ville/les-villards-sur-thones/ville-74302,0.0,70.0,95.0,150.0,155.0,105.0,165.0,216.0,149.0,247.0,19.0,23.6,35.0,20.1,18.5,19.9,27.5,36.3
Le Tanu (50320),/management/ville/le-tanu/ville-50590,19.0,14.0,5.0,38.0,76.0,62.0,71.0,90.0,52.0,60.0,25.2,26.9,44.6,20.4,19.4,18.7,10.8,33.6
Les Authieux-sur-Calonne (14130),/management/ville/les-authieux-sur-calonne/ville-14032,0.0,29.0,15.0,44.0,35.0,10.0,61.0,71.0,41.0,51.0,25.6,29.0,38.5,24.1,13.7,23.4,22.2,23.4
Hausgauen (68130),/management/ville/hausgauen/ville-68124,0.0,10.0,25.0,40.0,63.0,69.0,76.0,111.0,39.0,77.0,21.9,28.1,44.4,25.4,10.6,15.7,23.2,27.5
Hilsenheim (67600),/management/ville/hilsenheim/ville-67196,5.0,65.0,170.0,360.0,295.0,330.0,430.0,648.0,296.0,436.0,20.2,27.1,44.3,25.1,15.2,17.5,20.2,27.8
La Haye-Aubrée (27350),/management/ville/la-haye-aubree/ville-27317,5.0,15.0,25.0,50.0,65.0,75.0,106.0,109.0,53.0,72.0,27.8,34.5,37.3,24.5,14.2,17.0,20.7,21.6
Folcarde (31290),/management/ville/folcarde/ville-31185,0.0,0.0,10.0,16.0,21.0,16.0,26.0,17.0,14.0,30.0,28.6,30.2,28.6,10.3,14.3,18.6,28.6,41.9
Guiche (64520),/management/ville/guiche/ville-64250,35.0,84.0,54.0,144.0,84.0,94.0,135.0,242.0,156.0,163.0,17.3,21.3,37.9,29.2,22.0,22.7,22.8,24.1
Ellecourt (76390),/management/ville/ellecourt/ville-76233,0.0,0.0,0.0,5.0,15.0,30.0,48.0,31.0,14.0,25.0,41.4,39.0,25.9,23.2,13.8,10.2,19.0,23.7
Lacaussade (47150),/management/ville/lacaussade/ville-47124,5.0,0.0,5.0,20.0,41.0,20.0,35.0,45.0,44.0,37.0,17.7,25.6,31.6,23.8,32.9,21.8,17.7,28.2
9.5,24.3,30.5
La Chapelle-Saint-Maurice (74410),/management/ville/la-chapelle-saint-maurice/ville-74060,0.0,10.0,5.0,36.0,10.0,31.0,22.0,33.0,28.0,19.0,26.9,15.7,28.8,33.9,28.8,27.5,15.4,19.6
Dirol (58190),/management/ville/dirol/ville-58098,5.0,0.0,0.0,10.0,5.0,10.0,35.0,38.0,9.0,17.0,38.8,32.0,40.8,28.6,8.2,10.0,12.2,22.0
Étupes (25460),/management/ville/etupes/ville-25228,0.0,46.0,215.0,477.0,419.0,501.0,954.0,714.0,435.0,660.0,28.7,39.7,32.5,19.1,15.5,16.0,23.3,24.5
Le Masnau-Massuguiès (81530),/management/ville/le-masnau-massuguies/ville-81158,58.0,0.0,0.0,9.0,20.0,10.0,117.0,47.0,35.0,27.0,45.2,58.8,25.0,16.2,16.9,13.7,12.9,10.8
Irais (79600),/management/ville/irais/ville-79141,20.0,10.0,0.0,5.0,36.0,25.0,60.0,42.0,31.0,27.0,33.8,41.2,29.7,20.7,25.7,14.1,10.8,22.4
Glaire (08200),/management/ville/glaire/ville-08194,0.0,50.0,25.0,69.0,118.0,124.0,297.0,202.0,108.0,104.0,30.4,50.8,38.6,18.4,20.9,10.6,10.1,18.4
Dammartin-en-Serve (78111),/management/ville/dammartin-en-serve/ville-78192,0.0,22.0,111.0,203.0,186.0,93.0,143.0,230.0,144.0,278.0,17.3,18.7,33.6,22.7,18.3,17.9,30.9,39.2
La Balme-les-Grottes (38390),/management/ville/la-balme-les-grottes/ville-38026,10.0,20.0,50.0,165.0,150.0,140.0,168.0,247.0,145.0,179.0,21.1,24.5,39.8,25.2,18.0,21.4,21.1,27.6
Esclottes (47120),/management/ville/esclottes/ville-47089,10.0,20.0,0.0,10.0,20.0,25.0,36.0,46.0,16.0,32.0,27.1,27.9,39.0,27.5,10.2,14.7,23.7,25.0
Genay (69730),/management/ville/genay/ville-69278,10.0,259.0,464.0,670.0,727.0,512.0,1096.0,895.0,668.0,1206.0,26.2,30.4,27.0,19.3,16.8,17.8,30.1,32.2
Journet (86290),/management/ville/journet/ville-86118,10.0,10.0,0.0,30.0,45.0,55.0,84.0,110.0,46.0,54.0,18.6,38.3,51.7,21.1,19.3,12.1,10.3,26.2
Larreule (65700),/management/ville/larreule/ville-65262,15.0,20.0,15.0,50.0,45.0,15.0,115.0,73.0,50.0,73.0,30.7,43.0,27.5,18.8,17.0,15.2,24.8,22.2
Four (38080),/management/ville/four/ville-38172,5.0,50.0,165.0,255.0,200.0,160.0,212.0,274.0,191.0,394.0,19.6,20.0,29.8,21.2,15.3,20.3,35.3,38.3
Dravegny (02130),/management/ville/dravegny/ville-02271,0.0,5.0,10.0,21.0,10.0,16.0,32.0,24.0,12.0,28.0,29.3,37.0,26.8,19.7,17.1,9.3,26.8,31.5
Férel (56130),/management/ville/ferel/ville-56058,35.0,146.0,91.0,283.0,419.0,479.0,632.0,831.0,408.0,486.0,21.6,31.8,41.9,26.0,17.0,17.6,19.5,21.6
Haussez (76440),/management/ville/haussez/ville-76345,10.0,5.0,20.0,29.0,29.0,15.0,65.0,69.0,36.0,43.0,30.5,29.9,38.1,24.8,14.3,20.6,17.1,23.4
Grandfresnoy (60680),/management/ville/grandfresnoy/ville-60284,25.0,41.0,112.0,258.0,249.0,162.0,366.0,337.0,224.0,322.0,25.6,32.8,33.2,20.5,17.5,18.2,23.6,27.8
Le Tartre (71330),/management/ville/le-tartre/ville-71534,0.0,10.0,5.0,5.0,10.0,35.0,37.0,32.0,14.0,10.0,31.1,45.8,46.7,22.0,13.3,18.8,8.9,12.5
Hilsprich (57510),/management/ville/hilsprich/ville-57325,0.0,15.0,20.0,97.0,132.0,132.0,208.0,266.0,97.0,98.0,24.3,37.2,47.7,27.8,13.4,15.6,14.6,14.7
Les Villedieu (25240),/management/ville/les-villedieu/ville-25619,5.0,5.0,15.0,15.0,20.0,20.0,37.0,44.0,32.0,38.0,19.3,30.9,32.5,24.3,20.5,22.1,27.7,22.1
La Haye-Bellefond (50410),/management/ville/la-haye-bellefond/ville-50234,0.0,0.0,0.0,18.0,0.0,24.0,12.0,16.0,20.0,12.0,16.7,22.6,33.3,21.4,36.7,29.0,13.3,29.0
Le Bourg-d'Hem (23220),/management/ville/le-bourg-d-hem/ville-23029,5.0,5.0,0.0,19.0,15.0,49.0,74.0,51.0,30.0,23.0,31.6,53.0,31.6,22.0,18.9,14.5,17.9,8.4
Lanans (25360),/management/ville/lanans/ville-25324,0.0,21.0,11.0,26.0,5.0,21.0,28.0,35.0,23.0,26.0,19.4,32.7,35.5,22.4,25.8,13.5,19.4,28.8
Les Authieux-sur-le-Port-Saint-Ouen (76520),/management/ville/les-authieux-sur-le-port-saint-ouen/ville-76039,0.0,50.0,159.0,228.0,129.0,74.0,166.0,230.0,151.0,367.0,18.7,17.5,27.2,21.7,16.6,16.4,37.5,42.9
Froidfond (85300),/management/ville/froidfond/ville-85095,39.0,39.0,54.0,142.0,298.0,381.0,293.0,473.0,277.0,222.0,20.6,25.9,43.8,28.4,21.0,23.0,14.6,20.7
La Roque-Sainte-Marguerite (12100),/management/ville/la-roque-sainte-marguerite/ville-12204,20.0,5.0,10.0,20.0,10.0,15.0,40.0,35.0,26.0,47.0,30.4,23.2,29.1,18.5,12.7,23.2,27.8,36.2
Dammartin-les-Templiers (25110),/management/ville/dammartin-les-templiers/ville-25189,0.0,10.0,10.0,16.0,26.0,47.0,36.0,59.0,31.0,23.0,20.2,28.8,46.4,27.4,22.6,19.7,10.7,21.2
Gençay (86160),/management/ville/gencay/ville-86103,10.0,55.0,75.0,160.0,295.0,145.0,551.0,377.0,198.0,245.0,33.6,45.3,33.2,21.3,14.4,14.5,18.8,17.2
Lacave (09160),/management/ville/lacave/ville-09148,0.0,10.0,10.0,26.0,31.0,5.0,44.0,24.0,24.0,29.0,39.3,34.4,25.0,16.1,19.6,18.8,16.1,31.3
Guichen (35580),/management/ville/guichen/ville-35126,34.0,260.0,647.0,1255.0,1186.0,799.0,1199.0,1566.0,1101.0,2002.0,16.8,23.8,31.2,21.6,19.2,18.3,32.8,35.3
Folembray (02670),/management/ville/folembray/ville-02318,0.0,20.0,30.0,136.0,216.0,282.0,403.0,310.0,175.0,161.0,34.6,41.9,37.2,21.7,14.2,19.1,14.0,16.7
Journiac (24260),/management/ville/journiac/ville-24217,10.0,44.0,0.0,34.0,83.0,39.0,107.0,109.0,66.0,58.0,29.0,33.9,37.9,25.0,17.8,21.1,15.4,18.7
Le May-sur-Èvre (49122),/management/ville/le-may-sur-evre/ville-49193,75.0,79.0,109.0,397.0,451.0,598.0,1063.0,879.0,422.0,446.0,32.4,43.2,37.6,22.9,14.7,15.4,15.4,16.4
La Chapelle-Saint-Mesmin (45380),/management/ville/la-chapelle-saint-mesmin/ville-45075,5.0,200.0,635.0,1470.0,1345.0,1240.0,1915.0,2032.0,1327.0,2093.0,21.7,29.8,32.4,22.1,18.1,17.9,27.8,29.0
Éturqueraye (27350),/management/ville/eturqueraye/ville-27228,5.0,10.0,15.0,44.0,20.0,39.0,52.0,63.0,41.0,47.0,27.6,22.9,31.6,27.6,21.4,20.0,19.4,26.7
Glamondans (25360),/management/ville/glamondans/ville-25273,0.0,0.0,0.0,30.0,25.0,61.0,30.0,46.0,30.0,37.0,22.2,20.3,37.5,25.0,20.8,21.7,19.4,31.9
Elliant (29370),/management/ville/elliant/ville-29049,29.0,68.0,205.0,362.0,376.0,528.0,509.0,689.0,507.0,666.0,17.4,25.5,36.4,21.9,21.1,21.7,25.1,30.9
Grandham (08250),/management/ville/grandham/ville-08197,0.0,0.0,0.0,0.0,0.0,0.0,18.0,9.0,3.0,6.0,42.1,58.8,36.8,11.8,5.3,11.8,15.8,17.6
Fouras (17450),/management/ville/fouras/ville-17168,45.0,100.0,315.0,290.0,440.0,135.0,941.0,961.0,589.0,964.0,23.7,30.1,30.6,23.8,16.0,17.8,29.7,26.5
Escobecques (59320),/management/ville/escobecques/ville-59208,5.0,5.0,40.0,55.0,15.0,5.0,42.0,22.0,30.0,128.0,19.1,18.8,10.9,9.4,12.7,14.3,57.3,58.0
Dissangis (89440),/management/ville/dissangis/ville-89141,0.0,5.0,21.0,0.0,21.0,10.0,23.0,32.0,22.0,22.0,28.8,17.0,40.4,25.0,15.4,29.8,15.4,29.8
Larrey (21330),/management/ville/larrey/ville-21343,0.0,0.0,5.0,20.0,0.0,15.0,23.0,22.0,8.0,17.0,36.1,29.4,33.3,24.4,13.9,8.8,16.7,32.4
Draveil (91210),/management/ville/draveil/ville-91201,3.0,585.0,3029.0,3737.0,4257.0,1841.0,5512.0,4413.0,3510.0,6917.0,25.8,28.2,23.6,19.5,17.1,17.3,33.5,34.4
Irancy (89290),/management/ville/irancy/ville-89202,25.0,5.0,0.0,45.0,51.0,45.0,71.0,64.0,45.0,52.0,30.0,31.5,29.2,23.5,20.8,18.0,20.0,25.2
Ferfay (62260),/management/ville/ferfay/ville-62328,0.0,5.0,40.0,70.0,110.0,160.0,197.0,218.0,109.0,102.0,22.3,39.2,42.9,24.9,19.9,15.3,15.0,17.4
Haussignémont (51300),/management/ville/haussignemont/ville-51284,10.0,5.0,5.0,25.0,20.0,55.0,66.0,74.0,39.0,23.0,33.3,31.8,41.7,29.4,16.7,21.5,8.3,14.0
La Barben (13330),/management/ville/la-barben/ville-13009,5.0,42.0,91.0,144.0,113.0,52.0,134.0,121.0,119.0,252.0,20.6,22.0,22.0,17.4,18.5,19.6,39.0,41.5
Hinacourt (02440),/management/ville/hinacourt/ville-02380,10.0,0.0,0.0,0.0,5.0,5.0,6.0,7.0,3.0,7.0,25.0,27.3,33.3,23.1,16.7,9.1,25.0,36.4
Lanarce (07660),/management/ville/lanarce/ville-07130,15.0,0.0,0.0,15.0,51.0,35.0,75.0,38.0,48.0,17.0,40.0,43.7,25.6,19.2,26.7,27.6,7.8,11.5
Le Tartre-Gaudran (78113),/management/ville/le-tartre-gaudran/ville-78606,0.0,0.0,0.0,0.0,10.0,10.0,7.0,9.0,6.0,7.0,23.1,25.0,15.4,31.8,38.5,6.3,23.1,25.0
La Haye-d'Ectot (50270),/management/ville/la-haye-d-ectot/ville-50235,0.0,14.0,9.0,19.0,37.0,23.0,50.0,69.0,41.0,37.0,23.2,27.6,44.4,25.8,15.2,26.5,17.2,20.4
Le Bourg-d'Oisans (38520),/management/ville/le-bourg-d-oisans/ville-38052,15.0,174.0,189.0,482.0,472.0,294.0,680.0,711.0,452.0,595.0,23.3,32.1,36.0,21.8,19.1,18.0,21.5,27.1
Les Villettes (43600),/management/ville/les-villettes/ville-43265,10.0,36.0,36.0,249.0,153.0,219.0,187.0,296.0,192.0,242.0,19.4,21.3,41.5,22.8,19.4,22.4,19.7,33.3
Les Auxons (25870),/management/ville/les-auxons/ville-25035,0.0,71.0,259.0,442.0,269.0,163.0,328.0,403.0,306.0,773.0,13.8,22.1,26.5,18.1,17.3,16.4,42.3,43.1
Gendreville (88140),/management/ville/gendreville/ville-88195,5.0,0.0,10.0,10.0,5.0,31.0,22.0,39.0,8.0,10.0,28.6,27.8,50.0,34.7,9.5,11.1,11.9,13.9
Froidmont-Cohartille (02270),/management/ville/froidmont-cohartille/ville-02338,0.0,10.0,5.0,30.0,41.0,56.0,78.0,45.0,31.0,42.0,30.9,49.0,38.1,8.9,15.5,16.3,15.5,26.5
Dammartin-Marpain (39290),/management/ville/dammartin-marpain/ville-39188,10.0,5.0,10.0,34.0,39.0,58.0,53.0,80.0,45.0,47.0,21.9,25.0,40.4,28.8,17.5,22.2,20.2,21.3
Journy (62850),/management/ville/journy/ville-62478,15.0,5.0,5.0,5.0,25.0,40.0,71.0,60.0,32.0,38.0,31.0,39.6,32.0,23.9,20.0,11.9,17.0,20.8
Lacave (46200),/management/ville/lacave/ville-46144,5.0,5.0,10.0,36.0,41.0,15.0,59.0,55.0,52.0,61.0,27.6,25.2,28.4,20.6,21.6,23.4,22.4,31.5
Folgensbourg (68220),/management/ville/folgensbourg/ville-68094,0.0,10.0,65.0,160.0,95.0,160.0,113.0,209.0,110.0,208.0,16.5,18.8,35.8,26.2,17.7,16.7,30.1,34.9
La Roque-sur-Cèze (30200),/management/ville/la-roque-sur-ceze/ville-30222,10.0,10.0,0.0,25.0,20.0,5.0,41.0,36.0,30.0,46.0,29.3,24.4,28.0,19.7,17.3,21.8,25.3,34.6
Le Mayet-d'École (03800),/management/ville/le-mayet-d-ecole/ville-03164,5.0,10.0,0.0,35.0,40.0,50.0,70.0,69.0,41.0,32.0,23.6,42.5,40.6,23.2,19.8,18.9,16.0,14.2
La Chapelle-Saint-Ouen (76780),/management/ville/la-chapelle-saint-ouen/ville-76171,15.0,0.0,5.0,15.0,15.0,10.0,24.0,28.0,12.0,18.0,23.7,33.3,36.8,26.0,18.4,11.9,21.1,23.8
Étuz (70150),/management/ville/etuz/ville-70224,5.0,10.0,34.0,103.0,103.0,84.0,102.0,135.0,77.0,175.0,18.2,23.4,32.6,21.3,16.1,15.1,33.1,38.5
Gland (02400),/management/ville/gland/ville-02347,0.0,20.0,10.0,45.0,40.0,71.0,106.0,134.0,46.0,71.0,28.2,30.9,45.2,26.0,12.4,13.5,14.1,25.3
Dissay (86130),/management/ville/dissay/ville-86095,15.0,80.0,140.0,484.0,499.0,304.0,507.0,667.0,439.0,665.0,20.7,23.8,33.4,24.2,17.8,20.7,28.1,30.2
Iré-le-Sec (55600),/management/ville/ire-le-sec/ville-55252,0.0,0.0,5.0,15.0,30.0,30.0,30.0,35.0,20.0,25.0,28.1,26.4,38.6,23.2,17.5,18.9,15.8,30.2
Escoire (24420),/management/ville/escoire/ville-24162,5.0,25.0,10.0,41.0,51.0,71.0,54.0,145.0,71.0,59.0,14.7,17.6,52.1,32.4,19.0,24.2,14.1,21.8
Haussimont (51320),/management/ville/haussimont/ville-51285,5.0,0.0,5.0,10.0,15.0,30.0,40.0,32.0,18.0,25.0,27.9,42.6,37.7,16.4,16.4,14.8,18.0,25.9
Drée (21540),/management/ville/dree/ville-21234,0.0,5.0,0.0,0.0,10.0,10.0,5.0,19.0,9.0,13.0,13.6,8.3,59.1,27.3,4.5,33.3,22.7,33.3
Lanarvily (29260),/management/ville/lanarvily/ville-29100,5.0,10.0,5.0,72.0,39.0,74.0,45.0,89.0,63.0,91.0,12.6,19.0,37.1,22.9,24.5,19.0,25.8,38.0
Le Bourg-Dun (76740),/management/ville/le-bourg-dun/ville-76133,5.0,20.0,20.0,49.0,49.0,40.0,106.0,92.0,46.0,87.0,23.1,39.8,35.9,19.6,12.2,15.9,28.8,23.9
Le Tâtre (16360),/management/ville/le-tatre/ville-16380,20.0,5.0,20.0,61.0,51.0,101.0,113.0,89.0,50.0,57.0,32.7,40.3,35.8,20.3,17.0,15.4,14.5,22.8
Hinckange (57220),/management/ville/hinckange/ville-57326,0.0,9.0,24.0,42.0,47.0,52.0,52.0,74.0,42.0,58.0,17.5,28.6,41.2,22.0,19.3,17.9,21.9,30.4
Fourbanne (25110),/management/ville/fourbanne/ville-25251,10.0,10.0,20.0,25.0,15.0,15.0,20.0,35.0,22.0,41.0,14.5,19.6,33.9,22.6,22.6,14.3,29.0,41.1
Ellon (14250),/management/ville/ellon/ville-14236,15.0,5.0,29.0,35.0,47.0,52.0,184.0,84.0,55.0,53.0,42.7,55.0,28.6,15.7,16.2,13.1,12.4,15.7
Féricy (77133),/management/ville/fericy/ville-77179,0.0,35.0,84.0,85.0,65.0,40.0,65.0,85.0,79.0,179.0,15.0,16.7,24.9,17.2,21.2,17.6,38.9,48.6
La Barde (17360),/management/ville/la-barde/ville-17033,21.0,0.0,0.0,26.0,71.0,104.0,166.0,129.0,53.0,31.0,39.3,48.0,41.5,24.2,12.6,15.3,6.6,9.7
Guiclan (29410),/management/ville/guiclan/ville-29068,65.0,40.0,75.0,309.0,359.0,349.0,336.0,579.0,359.0,494.0,15.6,22.5,37.5,25.7,20.9,19.8,26.0,29.9
Grandjean (17350),/management/ville/grandjean/ville-17181,0.0,5.0,10.0,39.0,34.0,39.0,56.0,71.0,42.0,44.0,22.1,29.6,34.6,27.8,24.0,15.7,19.2,22.2
La Haye-de-Calleville (27800),/management/ville/la-haye-de-calleville/ville-27318,5.0,15.0,15.0,52.0,31.0,36.0,52.0,74.0,32.0,37.0,22.4,31.3,48.0,25.0,16.3,15.6,13.3,25.0
Larribar-Sorhapuru (64120),/management/ville/larribar-sorhapuru/ville-64319,56.0,5.0,5.0,10.0,5.0,5.0,45.0,37.0,19.0,35.0,23.8,41.1,33.3,19.8,17.5,11.0,25.4,26.0
Les Voivres (88240),/management/ville/les-voivres/ville-88520,10.0,30.0,10.0,35.0,25.0,35.0,82.0,77.0,35.0,44.0,32.3,36.4,33.9,26.8,14.2,15.5,19.7,17.3
Gendrey (39350),/management/ville/gendrey/ville-39246,15.0,0.0,11.0,78.0,67.0,51.0,74.0,80.0,49.0,90.0,26.5,24.3,32.5,20.9,15.2,18.8,25.8,35.4
Jours-lès-Baigneux (21450),/management/ville/jours-les-baigneux/ville-21326,16.0,0.0,5.0,5.0,11.0,5.0,23.0,11.0,14.0,20.0,34.3,34.4,14.3,15.6,25.7,15.6,25.7,34.4
Etzling (57460),/management/ville/etzling/ville-57202,0.0,16.0,83.0,141.0,150.0,155.0,251.0,323.0,169.0,211.0,20.2,32.4,38.6,25.8,19.3,16.1,21.9,22.3
Folies (80170),/management/ville/folies/ville-80320,10.0,0.0,10.0,19.0,19.0,33.0,30.0,25.0,18.0,27.0,30.0,29.8,22.0,24.1,24.0,12.8,24.0,29.8
Le Mayet-de-Montagne (03250),/management/ville/le-mayet-de-montagne/ville-03165,42.0,74.0,29.0,84.0,167.0,158.0,473.0,318.0,165.0,141.0,36.0,49.2,37.1,20.3,16.3,14.1,10.6,14.8
La Chapelle-Saint-Quillain (70700),/management/ville/la-chapelle-saint-quillain/ville-70129,0.0,5.0,0.0,10.0,10.0,30.0,38.0,26.0,15.0,29.0,26.3,45.1,33.3,14.0,12.3,15.7,28.1,25.5
Lacaze (81330),/management/ville/lacaze/ville-81125,19.0,14.0,5.0,0.0,10.0,39.0,104.0,70.0,51.0,33.0,34.8,46.5,34.1,19.5,18.2,22.0,12.9,12.6
Dammartin-sur-Meuse (52140),/management/ville/dammartin-sur-meuse/ville-52162,10.0,0.0,0.0,10.0,15.0,15.0,64.0,59.0,16.0,11.0,34.2,51.3,44.7,26.8,14.5,6.6,6.6,7.9
Les Avanchers-Valmorel (73260),/management/ville/les-avanchers-valmorel/ville-73024,10.0,49.0,40.0,173.0,94.0,69.0,109.0,194.0,141.0,162.0,15.1,21.1,39.4,24.0,21.5,25.4,24.0,30.0
Froidos (55120),/management/ville/froidos/ville-55199,11.0,0.0,5.0,5.0,16.0,22.0,14.0,27.0,12.0,26.0,13.2,22.0,36.8,26.5,18.4,12.2,31.6,34.1
La Roque-sur-Pernes (84210),/management/ville/la-roque-sur-pernes/ville-84101,10.0,10.0,45.0,35.0,64.0,30.0,65.0,87.0,60.0,125.0,17.0,21.7,28.7,22.5,14.6,21.1,39.8,34.3
Gland (89740),/management/ville/gland/ville-89191,0.0,0.0,4.0,0.0,0.0,0.0,16.0,8.0,6.0,5.0,45.0,50.0,20.0,21.4,15.0,21.4,20.0,7.1
Irigny (69540),/management/ville/irigny/ville-69100,10.0,227.0,628.0,1309.0,1042.0,782.0,1651.0,1531.0,1057.0,1952.0,25.3,27.9,27.8,21.1,16.5,17.6,30.5,32.5
Haussonville (54290),/management/ville/haussonville/ville-54256,5.0,10.0,10.0,45.0,25.0,40.0,40.0,69.0,47.0,58.0,15.1,22.2,42.5,22.9,18.9,25.0,23.6,30.6
Le Bourget (93350),/management/ville/le-bourget/ville-93013,4.0,437.0,929.0,1607.0,2658.0,2227.0,4661.0,1967.0,1961.0,2629.0,42.6,40.4,18.6,16.8,16.4,18.6,22.3,24.6
Drefféac (44530),/management/ville/dreffeac/ville-44053,15.0,54.0,29.0,290.0,270.0,412.0,277.0,582.0,293.0,339.0,13.4,23.6,46.4,28.3,20.5,18.7,19.7,25.6
Grandlup-et-Fay (02350),/management/ville/grandlup-et-fay/ville-02353,5.0,10.0,15.0,10.0,55.0,44.0,82.0,55.0,38.0,41.0,37.8,38.5,32.4,17.8,15.3,20.2,14.4,24.0
Guidel (56520),/management/ville/guidel/ville-56078,16.0,355.0,962.0,1572.0,1353.0,878.0,1842.0,2042.0,1818.0,2846.0,19.5,23.4,26.5,21.3,21.7,20.9,32.2,34.3
Folkling (57600),/management/ville/folkling/ville-57222,5.0,39.0,59.0,128.0,217.0,148.0,249.0,323.0,201.0,272.0,20.0,27.2,36.5,24.1,19.8,18.8,23.6,28.2
Lanas (07200),/management/ville/lanas/ville-07131,5.0,19.0,14.0,45.0,62.0,44.0,74.0,92.0,53.0,88.0,21.1,26.1,38.0,22.1,16.2,18.8,24.6,32.1
La Chapelle-Saint-Rémy (72160),/management/ville/la-chapelle-saint-remy/ville-72067,25.0,25.0,25.0,65.0,180.0,195.0,218.0,239.0,130.0,103.0,27.3,36.0,42.0,25.1,19.0,18.7,11.8,18.1
La Baronnie (27220),/management/ville/la-baronnie/ville-27277,5.0,5.0,82.0,91.0,67.0,96.0,106.0,166.0,91.0,132.0,20.2,22.7,38.5,25.6,18.7,18.2,22.6,31.0
Larringes (74500),/management/ville/larringes/ville-74146,5.0,54.0,93.0,268.0,166.0,117.0,194.0,315.0,164.0,297.0,17.8,22.2,40.4,23.0,16.7,17.1,25.1,36.0
Férin (59169),/management/ville/ferin/ville-59228,0.0,11.0,121.0,190.0,115.0,133.0,244.0,290.0,202.0,319.0,18.6,27.6,32.2,22.3,18.0,20.3,31.2,29.3
La Haye-de-Routot (27350),/management/ville/la-haye-de-routot/ville-27319,0.0,15.0,5.0,30.0,50.0,40.0,62.0,88.0,43.0,38.0,21.6,31.7,46.8,27.9,14.4,22.5,17.1,15.8
Les Yveteaux (61210),/management/ville/les-yveteaux/ville-61512,0.0,15.0,5.0,15.0,5.0,15.0,23.0,27.0,12.0,15.0,26.8,33.3,41.5,25.6,12.2,19.4,19.5,19.4
Elne (66200),/management/ville/elne/ville-66065,77.0,227.0,233.0,979.0,1258.0,863.0,2209.0,1862.0,1178.0,1326.0,29.2,37.3,34.8,21.8,17.5,18.3,18.5,21.6
Fourcatier-et-Maison-Neuve (25370),/management/ville/fourcatier-et-maison-neuve/ville-25252,5.0,5.0,10.0,14.0,10.0,19.0,14.0,24.0,12.0,27.0,19.4,19.0,41.7,22.0,8.3,23.8,30.6,35.7
Dissay-sous-Courcillon (72500),/management/ville/dissay-sous-courcillon/ville-72115,5.0,36.0,56.0,82.0,117.0,173.0,237.0,267.0,104.0,111.0,27.9,37.9,47.6,24.6,11.3,17.6,13.2,17.6
Escolives-Sainte-Camille (89290),/management/ville/escolives-sainte-camille/ville-89155,15.0,10.0,31.0,97.0,82.0,61.0,123.0,170.0,94.0,129.0,21.3,25.8,38.9,25.2,18.9,17.7,20.9,28.8
La Roquebrussanne (83136),/management/ville/la-roquebrussanne/ville-83108,15.0,71.0,182.0,321.0,322.0,222.0,452.0,521.0,405.0,512.0,23.5,24.3,30.8,23.8,21.0,21.7,24.6,29.5
Le Tech (66230),/management/ville/le-tech/ville-66206,5.0,0.0,0.0,11.0,5.0,16.0,17.0,23.0,12.0,17.0,12.1,35.1,42.4,22.0,21.2,13.5,24.2,27.0
Génébrières (82230),/management/ville/genebrieres/ville-82066,11.0,37.0,21.0,106.0,69.0,42.0,95.0,136.0,109.0,127.0,21.8,18.8,32.9,25.2,21.0,25.9,24.3,30.4
Froissy (60480),/management/ville/froissy/ville-60265,0.0,25.0,50.0,70.0,165.0,95.0,275.0,188.0,102.0,124.0,37.0,42.5,32.7,21.4,12.0,17.3,18.2,17.8
Lacelle (19170),/management/ville/lacelle/ville-19095,10.0,10.0,5.0,10.0,0.0,0.0,40.0,24.0,16.0,36.0,28.6,38.7,32.1,11.9,10.7,16.1,28.6,33.9
Dammartin-sur-Tigeaux (77163),/management/ville/dammartin-sur-tigeaux/ville-77154,10.0,15.0,87.0,158.0,183.0,51.0,158.0,170.0,143.0,261.0,18.9,24.3,29.5,17.7,17.6,21.5,34.1,37.3
Hindisheim (67150),/management/ville/hindisheim/ville-67197,0.0,34.0,136.0,239.0,205.0,185.0,207.0,352.0,171.0,383.0,15.2,22.2,36.0,24.5,14.5,16.3,34.4,34.4
Joursac (15170),/management/ville/joursac/ville-15080,15.0,0.0,5.0,20.0,10.0,15.0,44.0,36.0,29.0,18.0,39.1,30.2,29.7,27.4,17.2,28.6,14.1,14.3
Le Bourget-du-Lac (73370),/management/ville/le-bourget-du-lac/ville-73051,0.0,140.0,486.0,693.0,459.0,315.0,384.0,747.0,509.0,1227.0,10.8,15.9,30.0,21.3,17.9,17.6,41.2,44.3
Haussy (59294),/management/ville/haussy/ville-59289,15.0,10.0,45.0,181.0,216.0,186.0,374.0,310.0,208.0,243.0,28.8,37.2,34.5,20.0,17.9,18.6,18.9,23.8
Drémil-Lafage (31280),/management/ville/dremil-lafage/ville-31163,15.0,81.0,384.0,367.0,366.0,141.0,317.0,415.0,366.0,877.0,14.0,18.0,24.7,17.8,18.0,19.0,43.3,45.4
La Haye-du-Theil (27370),/management/ville/la-haye-du-theil/ville-27320,0.0,15.0,0.0,30.0,55.0,45.0,63.0,53.0,47.0,51.0,27.1,31.8,32.7,17.6,22.4,21.5,17.8,29.9
Irissarry (64780),/management/ville/irissarry/ville-64273,35.0,40.0,25.0,84.0,129.0,99.0,179.0,222.0,106.0,155.0,23.9,30.6,42.9,21.7,16.1,15.9,17.0,30.3
Joussé (86350),/management/ville/jousse/ville-86119,20.0,5.0,5.0,5.0,48.0,33.0,131.0,85.0,30.0,21.0,45.4,52.6,38.5,22.4,10.8,11.7,5.4,10.2
Les Avenières Veyrins-Thuellin (38630),/management/ville/les-avenieres-veyrins-thuellin/ville-38022,45.0,277.0,376.0,897.0,901.0,1147.0,1869.0,1659.0,978.0,1126.0,27.8,38.4,35.9,22.0,17.2,17.5,19.1,20.8
Genech (59242),/management/ville/genech/ville-59258,5.0,65.0,260.0,435.0,280.0,145.0,329.0,354.0,260.0,744.0,17.7,21.3,24.9,17.0,14.7,16.1,42.8,45.4
La Chapelle-Saint-Sauveur (71310),/management/ville/la-chapelle-saint-sauveur/ville-71093,10.0,15.0,45.0,50.0,70.0,105.0,226.0,164.0,82.0,92.0,34.8,45.2,34.1,21.7,15.8,13.4,15.4,17.3
Frôlois (21150),/management/ville/frolois/ville-21288,5.0,5.0,5.0,21.0,16.0,5.0,44.0,41.0,26.0,18.0,25.8,41.5,43.9,20.3,19.7,21.5,10.6,16.9
La Barre (39700),/management/ville/la-barre/ville-39039,15.0,0.0,15.0,20.0,30.0,35.0,59.0,57.0,21.0,35.0,33.7,35.7,36.0,25.5,11.2,13.1,19.1,21.4
Grandparigny (50600),/management/ville/grandparigny/ville-50391,69.0,85.0,95.0,303.0,294.0,362.0,893.0,624.0,268.0,337.0,36.3,47.5,37.2,20.3,12.5,12.7,14.0,17.6
Damousies (59680),/management/ville/damousies/ville-59169,19.0,5.0,14.0,10.0,29.0,29.0,41.0,52.0,34.0,34.0,17.7,33.8,40.5,23.3,24.1,17.5,17.7,23.8
Le Teich (33470),/management/ville/le-teich/ville-33527,40.0,242.0,467.0,1002.0,1258.0,761.0,1313.0,1754.0,1086.0,1569.0,20.3,25.3,34.2,25.3,19.1,18.9,26.5,28.3
Hindlingen (68580),/management/ville/hindlingen/ville-68137,0.0,5.0,15.0,71.0,86.0,122.0,129.0,185.0,86.0,73.0,21.4,33.2,49.0,26.6,15.2,21.6,14.4,16.8
Larrivière-Saint-Savin (40270),/management/ville/larriviere-saint-savin/ville-40145,10.0,5.0,31.0,68.0,68.0,73.0,117.0,164.0,79.0,112.0,19.7,29.4,34.6,29.0,18.9,15.1,26.8,20.8
Le Mazeau (85420),/management/ville/le-mazeau/ville-85139,5.0,0.0,10.0,46.0,56.0,36.0,116.0,115.0,62.0,77.0,24.7,37.3,36.5,23.3,19.7,14.5,19.1,22.3
Lacenas (69640),/management/ville/lacenas/ville-69105,5.0,50.0,49.0,96.0,132.0,86.0,130.0,162.0,145.0,226.0,14.9,24.1,33.1,17.6,19.5,24.1,32.5,35.6
Haut Valromey (01260),/management/ville/haut-valromey/ville-01187,19.0,43.0,15.0,62.0,130.0,94.0,154.0,160.0,92.0,138.0,26.6,29.8,35.6,21.4,16.3,18.0,21.5,29.8
Escombres-et-le-Chesnois (08110),/management/ville/escombres-et-le-chesnois/ville-08153,0.0,0.0,10.0,31.0,31.0,72.0,83.0,82.0,43.0,56.0,25.5,37.5,35.8,23.4,16.8,15.6,21.9,21.1
Guignecourt (60480),/management/ville/guignecourt/ville-60290,0.0,15.0,25.0,60.0,40.0,50.0,89.0,96.0,36.0,71.0,25.0,35.8,38.9,23.5,12.5,12.2,23.6,25.0
Fermanville (50840),/management/ville/fermanville/ville-50178,10.0,35.0,60.0,135.0,200.0,65.0,235.0,319.0,199.0,273.0,15.7,29.4,39.9,22.4,18.8,19.9,25.6,27.6
Les Avirons (97425),/management/ville/les-avirons/ville-97401,126.0,390.0,649.0,1279.0,1798.0,1122.0,3208.0,1490.0,1288.0,1962.0,37.5,43.0,23.7,14.5,16.0,16.4,22.8,26.4
Elnes (62380),/management/ville/elnes/ville-62292,0.0,21.0,26.0,63.0,146.0,120.0,218.0,209.0,117.0,120.0,29.3,35.8,37.2,24.2,17.7,17.6,15.8,20.2
Le Teil (07400),/management/ville/le-teil/ville-07319,0.0,180.0,238.0,796.0,974.0,1284.0,2234.0,1805.0,1038.0,1243.0,33.0,37.5,33.3,22.5,16.5,16.3,17.2,21.9
Génelard (71420),/management/ville/genelard/ville-71212,35.0,29.0,35.0,144.0,145.0,184.0,421.0,361.0,178.0,166.0,30.6,44.2,40.3,22.0,16.2,15.5,13.0,16.5
Grandpré (08250),/management/ville/grandpre/ville-08198,27.0,5.0,0.0,27.0,68.0,119.0,205.0,119.0,65.0,68.0,42.7,47.6,30.9,18.7,15.4,12.9,11.0,19.5
Fourcès (32250),/management/ville/fources/ville-32133,19.0,15.0,10.0,24.0,20.0,15.0,86.0,62.0,37.0,45.0,33.1,42.1,30.5,21.3,16.9,15.8,19.5,19.3
La Roquette (27700),/management/ville/la-roquette/ville-27495,0.0,10.0,0.0,5.0,25.0,45.0,66.0,58.0,32.0,30.0,31.6,39.6,40.0,21.1,16.8,17.6,11.6,20.9
Lesbois (53120),/management/ville/lesbois/ville-53131,10.0,0.0,0.0,0.0,20.0,30.0,56.0,52.0,23.0,17.0,30.3,45.8,46.1,21.8,15.8,15.3,7.9,15.3
Eu (76260),/management/ville/eu/ville-76255,16.0,186.0,320.0,625.0,739.0,867.0,2180.0,1527.0,783.0,1140.0,29.9,45.8,35.9,19.1,12.9,14.7,21.3,19.4
Le Bourgneuf-la-Forêt (53410),/management/ville/le-bourgneuf-la-foret/ville-53039,56.0,56.0,35.0,150.0,191.0,312.0,597.0,362.0,185.0,187.0,41.7,47.7,31.3,21.2,15.2,12.7,11.8,16.2
Irles (80300),/management/ville/irles/ville-80451,4.0,0.0,0.0,18.0,13.0,18.0,21.0,27.0,12.0,18.0,22.5,31.6,40.0,23.4,27.5,5.3,10.0,34.2
La Haye-le-Comte (27400),/management/ville/la-haye-le-comte/ville-27321,0.0,10.0,10.0,30.0,0.0,10.0,23.0,25.0,17.0,45.0,21.8,20.0,27.3,17.9,14.5,16.4,36.4,45.5
Escondeaux (65140),/management/ville/escondeaux/ville-65161,15.0,10.0,20.0,25.0,45.0,30.0,35.0,70.0,37.0,54.0,13.9,22.1,41.6,26.2,20.8,16.8,23.8,31.6
Dreuil-lès-Amiens (80470),/management/ville/dreuil-les-amiens/ville-80256,0.0,20.0,95.0,215.0,225.0,120.0,395.0,313.0,229.0,295.0,28.7,35.1,31.9,19.6,16.8,20.2,22.6,25.2
Éloie (90300),/management/ville/eloie/ville-90037,0.0,20.0,94.0,152.0,107.0,103.0,160.0,200.0,132.0,215.0,17.3,27.8,34.0,21.5,20.7,16.7,28.0,32.8
La Barre (70190),/management/ville/la-barre/ville-70050,5.0,5.0,14.0,10.0,5.0,14.0,20.0,24.0,15.0,16.0,23.1,30.8,38.5,21.4,25.6,15.4,12.8,30.8
Lancé (41310),/management/ville/lance/ville-41107,10.0,20.0,10.0,109.0,40.0,25.0,91.0,118.0,65.0,85.0,22.5,28.3,41.0,22.6,20.2,16.3,16.3,31.0
Frolois (54160),/management/ville/frolois/ville-54214,5.0,25.0,35.0,120.0,130.0,75.0,87.0,166.0,85.0,156.0,19.1,16.1,36.2,27.4,16.7,17.7,28.0,35.1
Hinges (62232),/management/ville/hinges/ville-62454,5.0,73.0,200.0,396.0,331.0,241.0,464.0,415.0,358.0,569.0,20.5,30.8,27.1,18.8,21.9,17.8,30.5,32.4
Euffigneix (52000),/management/ville/euffigneix/ville-52193,0.0,5.0,10.0,35.0,56.0,30.0,56.0,81.0,39.0,58.0,20.4,27.1,39.8,26.9,14.2,19.5,25.7,23.7
Distré (49400),/management/ville/distre/ville-49123,0.0,67.0,86.0,219.0,250.0,185.0,337.0,361.0,205.0,284.0,27.3,29.5,34.2,24.6,16.2,18.1,22.3,25.7
Larrivoire (39360),/management/ville/larrivoire/ville-39280,0.0,0.0,5.0,21.0,21.0,5.0,15.0,29.0,17.0,25.0,15.6,17.9,44.4,20.5,17.8,20.5,22.2,41.0
Lesbœufs (80360),/management/ville/lesboeufs/ville-80472,0.0,5.0,0.0,25.0,10.0,66.0,64.0,30.0,13.0,26.0,57.1,38.7,22.9,18.3,12.9,6.5,7.1,33.9
La Chapelle-Saint-Sépulcre (45210),/management/ville/la-chapelle-saint-sepulcre/ville-45076,0.0,0.0,20.0,35.0,60.0,20.0,43.0,67.0,28.0,51.0,22.1,23.7,38.9,27.4,12.6,17.2,26.3,28.0
Glandage (26410),/management/ville/glandage/ville-26142,15.0,5.0,0.0,0.0,10.0,10.0,22.0,16.0,18.0,35.0,26.5,20.9,20.4,15.4,16.3,23.3,36.7,41.9
Haut-Bocage (03190),/management/ville/haut-bocage/ville-03158,35.0,15.0,20.0,99.0,123.0,169.0,206.0,240.0,135.0,128.0,25.7,32.5,40.5,25.5,17.0,21.1,16.8,19.4
Follainville-Dennemont (78520),/management/ville/follainville-dennemont/ville-78239,0.0,85.0,127.0,297.0,261.0,226.0,347.0,426.0,291.0,415.0,22.0,24.9,33.1,23.7,18.7,20.6,26.2,29.9
Le Mazis (80430),/management/ville/le-mazis/ville-80522,0.0,5.0,5.0,5.0,5.0,35.0,34.0,29.0,9.0,11.0,33.3,50.0,42.2,22.7,11.1,10.5,13.3,13.2
Les Aynans (70200),/management/ville/les-aynans/ville-70046,15.0,5.0,0.0,20.0,45.0,65.0,87.0,81.0,36.0,48.0,27.6,41.1,43.1,20.3,13.8,14.7,15.4,22.5
La Barre-de-Monts (85550),/management/ville/la-barre-de-monts/ville-85012,30.0,95.0,30.0,135.0,295.0,240.0,617.0,623.0,288.0,272.0,28.7,39.4,41.2,25.4,15.9,16.1,14.2,16.0
Lanchères (80230),/management/ville/lancheres/ville-80464,10.0,25.0,15.0,35.0,143.0,197.0,263.0,223.0,122.0,99.0,31.3,43.1,38.2,23.4,16.5,18.0,14.0,13.8
Jouvençon (71290),/management/ville/jouvencon/ville-71244,0.0,20.0,0.0,34.0,49.0,93.0,131.0,113.0,56.0,38.0,37.9,40.0,36.7,26.7,14.8,17.6,10.7,12.4
Grandpuits-Bailly-Carrois (77720),/management/ville/grandpuits-bailly-carrois/ville-77211,15.0,40.0,35.0,125.0,165.0,155.0,245.0,249.0,136.0,117.0,30.3,35.4,35.8,27.3,18.4,18.0,15.5,15.8
Le Teilleul (50640),/management/ville/le-teilleul/ville-50591,103.0,72.0,41.0,78.0,171.0,191.0,716.0,348.0,181.0,168.0,47.5,53.7,27.7,19.8,13.0,12.7,11.9,12.0
La Chapelle-Saint-Sulpice (77160),/management/ville/la-chapelle-saint-sulpice/ville-77090,0.0,15.0,10.0,25.0,35.0,35.0,46.0,43.0,41.0,34.0,26.2,30.0,33.3,20.0,25.0,25.0,15.5,26.3
Générac (30510),/management/ville/generac/ville-30128,35.0,171.0,212.0,515.0,605.0,412.0,854.0,772.0,549.0,797.0,28.4,29.0,30.3,21.6,17.1,19.8,24.3,29.2
Lescar (64230),/management/ville/lescar/ville-64335,4.0,247.0,959.0,1351.0,1293.0,861.0,1743.0,1746.0,1307.0,2556.0,22.4,24.9,26.1,20.8,17.1,18.4,34.3,35.2
Haut-Clocher (57400),/management/ville/haut-clocher/ville-57304,0.0,5.0,5.0,48.0,53.0,58.0,56.0,99.0,39.0,70.0,19.4,23.0,43.4,27.0,15.5,14.1,21.7,31.1
Fourchambault (58600),/management/ville/fourchambault/ville-58117,0.0,84.0,60.0,337.0,678.0,576.0,1320.0,1161.0,426.0,398.0,31.8,46.9,44.0,24.0,12.8,13.0,11.4,12.6
Éloise (01200),/management/ville/eloise/ville-74109,0.0,15.0,60.0,85.0,95.0,133.0,189.0,185.0,111.0,144.0,26.4,33.7,35.4,22.2,17.5,17.8,20.7,25.1
La Roquette-sur-Siagne (06550),/management/ville/la-roquette-sur-siagne/ville-06108,20.0,355.0,561.0,656.0,756.0,415.0,917.0,965.0,757.0,1439.0,23.8,21.3,26.2,20.9,17.2,19.8,32.8,37.7
Dreuilhe (09300),/management/ville/dreuilhe/ville-09106,0.0,15.0,15.0,10.0,61.0,45.0,110.0,92.0,35.0,42.0,37.1,41.5,38.5,24.2,11.2,14.1,13.3,17.0
Esconnets (65130),/management/ville/esconnets/ville-65162,0.0,0.0,5.0,5.0,0.0,11.0,8.0,3.0,5.0,12.0,25.0,26.7,8.3,15.4,8.3,26.7,58.3,33.3
La Haye-Malherbe (27400),/management/ville/la-haye-malherbe/ville-27322,30.0,40.0,82.0,190.0,161.0,176.0,313.0,340.0,199.0,225.0,25.5,32.7,37.9,23.4,20.1,16.9,16.5,25.1
Ferney-Voltaire (01210),/management/ville/ferney-voltaire/ville-01160,0.0,161.0,1281.0,1315.0,1637.0,731.0,1304.0,931.0,1059.0,3611.0,17.7,20.0,14.8,12.7,15.1,15.6,52.4,52.2
Guignemicourt (80540),/management/ville/guignemicourt/ville-80399,4.0,4.0,38.0,59.0,17.0,13.0,42.0,36.0,33.0,104.0,17.9,21.8,21.7,12.1,16.0,14.5,44.3,51.8
Distroff (57925),/management/ville/distroff/ville-57179,9.0,73.0,97.0,241.0,237.0,250.0,309.0,428.0,251.0,311.0,21.1,26.5,36.1,27.3,18.0,20.6,24.8,23.1
Lanches-Saint-Hilaire (80620),/management/ville/lanches-saint-hilaire/ville-80466,0.0,5.0,0.0,15.0,10.0,20.0,35.0,35.0,16.0,15.0,28.3,41.7,41.5,24.5,15.1,16.7,15.1,14.6
Lacépède (47360),/management/ville/lacepede/ville-47125,10.0,10.0,15.0,51.0,56.0,25.0,82.0,56.0,47.0,60.0,30.3,36.8,32.8,14.7,16.8,20.8,20.2,28.8
Le Bourguet (83840),/management/ville/le-bourguet/ville-83020,0.0,0.0,0.0,0.0,0.0,0.0,13.0,6.0,4.0,4.0,46.7,45.5,33.3,11.1,6.7,27.3,13.3,18.2
Larroque (31580),/management/ville/larroque/ville-31276,10.0,10.0,10.0,30.0,35.0,25.0,99.0,62.0,46.0,48.0,33.8,44.4,32.3,16.8,12.3,24.2,21.5,16.1
Fromelennes (08600),/management/ville/fromelennes/ville-08183,0.0,31.0,52.0,140.0,135.0,156.0,285.0,245.0,112.0,147.0,29.6,42.5,38.5,21.6,15.7,12.8,16.2,20.6
Hinsbourg (67290),/management/ville/hinsbourg/ville-67198,0.0,0.0,0.0,10.0,20.0,25.0,22.0,35.0,15.0,24.0,20.0,26.0,40.0,28.1,13.3,18.0,26.7,24.0
Folles (87250),/management/ville/folles/ville-87067,16.0,0.0,0.0,63.0,63.0,69.0,132.0,143.0,82.0,66.0,28.2,34.1,38.5,26.5,18.8,19.9,14.6,17.1
Damouzy (08090),/management/ville/damouzy/ville-08137,5.0,15.0,20.0,75.0,45.0,45.0,82.0,108.0,38.0,102.0,21.9,28.0,37.9,23.8,10.7,12.4,29.6,32.3
Irodouër (35850),/management/ville/irodouer/ville-35135,25.0,35.0,116.0,277.0,303.0,297.0,351.0,468.0,288.0,360.0,21.4,26.3,39.4,23.7,18.0,21.3,21.1,28.0
Eugénie-les-Bains (40320),/management/ville/eugenie-les-bains/ville-40097,15.0,25.0,15.0,50.0,40.0,90.0,98.0,121.0,86.0,76.0,26.6,24.9,33.2,28.4,21.7,23.4,18.5,21.3
Glandon (87500),/management/ville/glandon/ville-87071,60.0,20.0,10.0,90.0,105.0,95.0,193.0,220.0,110.0,113.0,25.1,35.6,42.9,24.5,15.4,19.2,16.6,18.9
La Barre-de-Semilly (50810),/management/ville/la-barre-de-semilly/ville-50032,5.0,30.0,120.0,155.0,95.0,65.0,157.0,196.0,137.0,230.0,19.8,23.8,33.2,21.0,17.9,20.2,29.1,34.8
Joux (69170),/management/ville/joux/ville-69102,10.0,25.0,30.0,95.0,131.0,100.0,126.0,174.0,89.0,87.0,24.6,28.5,41.1,28.5,17.4,20.1,16.9,19.7
Le Mée-sur-Seine (77350),/management/ville/le-mee-sur-seine/ville-77285,11.0,265.0,813.0,2140.0,3598.0,2431.0,4668.0,3286.0,2763.0,2832.0,32.8,35.8,26.4,21.9,20.9,20.0,19.9,21.8
Grandrieu (48600),/management/ville/grandrieu/ville-48070,79.0,35.0,30.0,64.0,74.0,55.0,232.0,168.0,113.0,110.0,31.3,43.6,34.4,18.8,18.8,17.5,15.6,19.8
Fourches (14620),/management/ville/fourches/ville-14283,5.0,0.0,0.0,46.0,25.0,15.0,57.0,54.0,22.0,26.0,35.7,35.6,42.9,22.4,9.5,19.2,11.9,21.9
Guignen (35580),/management/ville/guignen/ville-35127,55.0,136.0,181.0,484.0,610.0,489.0,574.0,781.0,526.0,716.0,20.2,24.1,36.0,23.3,19.9,20.6,23.9,31.2
La Roquette-sur-Var (06670),/management/ville/la-roquette-sur-var/ville-06109,5.0,29.0,59.0,103.0,108.0,103.0,185.0,226.0,100.0,166.0,29.6,25.0,37.5,26.2,12.8,16.7,20.1,28.7
Escorailles (15700),/management/ville/escorailles/ville-15064,0.0,5.0,0.0,5.0,15.0,5.0,23.0,26.0,13.0,3.0,29.4,41.9,50.0,27.3,17.6,22.6,2.9,6.5
Leschaux (74320),/management/ville/leschaux/ville-74148,10.0,20.0,15.0,36.0,25.0,20.0,40.0,67.0,39.0,77.0,17.0,18.3,37.5,21.6,17.9,16.5,27.7,42.2
Dreux (28100),/management/ville/dreux/ville-28134,14.0,529.0,1120.0,2652.0,4368.0,3974.0,9106.0,4847.0,3237.0,4082.0,39.0,46.2,26.4,18.8,15.4,15.1,19.3,19.1
Le Temple (33680),/management/ville/le-temple/ville-33528,0.0,46.0,56.0,56.0,77.0,56.0,128.0,170.0,72.0,95.0,26.6,28.6,39.8,28.3,15.2,15.9,18.4,22.3
Diusse (64330),/management/ville/diusse/ville-64199,15.0,0.0,0.0,10.0,20.0,28.0,46.0,24.0,12.0,30.0,44.2,38.3,23.1,18.8,7.7,13.3,25.0,28.3
La Haye-Pesnel (50320),/management/ville/la-haye-pesnel/ville-50237,5.0,44.0,25.0,89.0,218.0,109.0,467.0,309.0,139.0,160.0,37.8,48.0,36.9,20.5,12.4,13.3,12.9,16.3
Fernoël (63620),/management/ville/fernoel/ville-63159,5.0,5.0,0.0,10.0,10.0,5.0,51.0,36.0,16.0,12.0,31.1,59.3,44.3,16.1,14.8,13.0,9.8,11.1
Éloyes (88510),/management/ville/eloyes/ville-88158,10.0,82.0,98.0,314.0,401.0,504.0,807.0,807.0,383.0,461.0,26.2,38.9,39.8,24.0,15.2,16.0,18.8,18.7
Larroque (65230),/management/ville/larroque/ville-65263,0.0,27.0,5.0,11.0,5.0,5.0,19.0,27.0,17.0,25.0,18.8,26.8,33.3,23.4,25.0,12.2,22.9,34.1
La Chapelle-Saint-Ursin (18570),/management/ville/la-chapelle-saint-ursin/ville-18050,5.0,58.0,231.0,524.0,429.0,386.0,538.0,903.0,476.0,730.0,16.6,23.9,39.6,26.6,15.6,20.2,28.2,27.0
Fromelles (59249),/management/ville/fromelles/ville-59257,31.0,6.0,108.0,124.0,104.0,77.0,176.0,150.0,133.0,227.0,20.4,31.1,27.3,17.0,19.5,19.2,32.8,33.1
Le Bouscat (33110),/management/ville/le-bouscat/ville-33069,29.0,819.0,3000.0,3220.0,2752.0,1293.0,3601.0,3190.0,3196.0,7894.0,17.0,22.6,20.0,16.5,17.1,18.5,45.9,42.8
Les Barils (27130),/management/ville/les-barils/ville-27038,5.0,25.0,10.0,30.0,50.0,15.0,40.0,52.0,27.0,59.0,21.8,23.1,36.8,20.6,14.9,15.4,26.4,39.6
Glanes (46130),/management/ville/glanes/ville-46124,15.0,5.0,10.0,15.0,35.0,45.0,87.0,68.0,29.0,51.0,30.4,43.1,37.5,19.4,12.5,12.2,19.6,23.6
Grandrieux (02360),/management/ville/grandrieux/ville-02354,0.0,0.0,0.0,16.0,10.0,0.0,26.0,20.0,8.0,5.0,33.3,55.2,46.7,19.4,13.3,13.8,6.7,10.3
Lachaise (16300),/management/ville/lachaise/ville-16176,21.0,5.0,5.0,54.0,48.0,38.0,88.0,84.0,40.0,49.0,29.0,38.6,34.4,25.3,17.6,12.9,19.1,18.9
Damparis (39500),/management/ville/damparis/ville-39189,5.0,35.0,73.0,357.0,389.0,394.0,696.0,635.0,340.0,346.0,31.4,37.3,36.1,24.5,18.2,15.7,14.4,19.6
Haut-de-Bosdarros (64800),/management/ville/haut-de-bosdarros/ville-64257,10.0,5.0,15.0,85.0,35.0,20.0,54.0,84.0,35.0,69.0,21.1,23.7,40.6,25.2,12.5,16.7,25.8,31.6
Euilly-et-Lombut (08210),/management/ville/euilly-et-lombut/ville-08159,10.0,0.0,0.0,21.0,16.0,10.0,35.0,19.0,22.0,15.0,34.6,47.4,23.1,15.8,30.8,15.8,11.5,21.1
Générac (33920),/management/ville/generac/ville-33184,5.0,20.0,35.0,30.0,90.0,85.0,145.0,126.0,66.0,74.0,31.6,38.5,37.4,22.4,18.4,14.0,12.6,22.6
Lanchy (02590),/management/ville/lanchy/ville-02402,0.0,0.0,0.0,14.0,5.0,0.0,10.0,9.0,9.0,4.0,18.8,43.8,43.8,15.4,25.0,31.3,12.5,12.5
Le Meillard (80370),/management/ville/le-meillard/ville-80526,18.0,5.0,5.0,15.0,20.0,31.0,35.0,34.0,16.0,25.0,24.5,38.2,45.3,15.5,18.9,10.9,11.3,34.5
Folleville (27230),/management/ville/folleville/ville-27248,10.0,5.0,5.0,15.0,30.0,35.0,56.0,52.0,20.0,23.0,29.7,44.2,45.9,21.2,13.5,13.0,10.8,19.5
Drevant (18200),/management/ville/drevant/ville-18086,0.0,20.0,5.0,24.0,77.0,101.0,193.0,129.0,75.0,67.0,39.1,44.0,36.1,19.4,13.9,18.4,10.9,17.9
Hinsingen (67260),/management/ville/hinsingen/ville-67199,10.0,0.0,0.0,5.0,10.0,21.0,25.0,24.0,13.0,9.0,29.7,40.6,37.8,25.0,21.6,15.6,10.8,15.6
Fromental (87250),/management/ville/fromental/ville-87068,15.0,11.0,20.0,49.0,71.0,93.0,156.0,128.0,65.0,69.0,36.8,38.0,36.8,23.0,13.4,17.8,12.9,19.7
Les Baroches (54150),/management/ville/les-baroches/ville-54048,10.0,10.0,20.0,50.0,40.0,40.0,70.0,79.0,51.0,61.0,23.3,30.5,36.8,22.9,18.0,21.1,21.8,25.0
Fourcigny (80290),/management/ville/fourcigny/ville-80340,5.0,0.0,0.0,24.0,19.0,29.0,51.0,48.0,19.0,20.0,34.7,38.8,44.4,22.2,12.5,16.4,8.3,20.9
Escornebœuf (32200),/management/ville/escorneboeuf/ville-32123,15.0,35.0,41.0,56.0,61.0,36.0,112.0,132.0,78.0,113.0,20.9,30.5,33.3,25.0,18.7,17.1,27.1,24.8
Iron (02510),/management/ville/iron/ville-02386,0.0,0.0,0.0,25.0,40.0,25.0,79.0,58.0,23.0,20.0,36.3,51.7,46.2,17.8,8.8,16.9,8.8,13.5
Leschelle (02170),/management/ville/leschelle/ville-02419,15.0,9.0,14.0,28.0,23.0,55.0,105.0,46.0,38.0,25.0,48.2,49.5,25.0,18.0,16.1,20.4,10.7,12.6
Guignes (77390),/management/ville/guignes/ville-77222,0.0,74.0,162.0,596.0,735.0,435.0,684.0,761.0,563.0,640.0,26.9,24.9,32.8,24.6,18.9,23.4,21.4,26.8
Joux-la-Ville (89440),/management/ville/joux-la-ville/ville-89208,31.0,10.0,21.0,41.0,113.0,108.0,423.0,381.0,125.0,122.0,42.2,36.4,41.0,23.9,9.6,16.6,7.2,20.7
La Haye-Saint-Sylvestre (27330),/management/ville/la-haye-saint-sylvestre/ville-27323,5.0,20.0,0.0,10.0,25.0,55.0,84.0,71.0,36.0,25.0,38.9,39.1,35.2,27.9,13.0,20.0,13.0,10.0
Larroque (81140),/management/ville/larroque/ville-81136,15.0,10.0,10.0,5.0,15.0,5.0,46.0,26.0,17.0,51.0,34.7,32.8,20.0,14.7,13.3,9.4,32.0,42.2
Le Temple (41170),/management/ville/le-temple/ville-41254,5.0,0.0,5.0,0.0,25.0,55.0,50.0,42.0,21.0,26.0,35.7,36.2,37.1,21.6,14.3,15.9,12.9,24.6
Férolles (45150),/management/ville/ferolles/ville-45144,30.0,30.0,70.0,150.0,185.0,135.0,189.0,238.0,143.0,258.0,18.5,27.0,36.1,20.6,17.3,17.2,28.0,34.2
Divajeu (26400),/management/ville/divajeu/ville-26115,20.0,45.0,20.0,30.0,90.0,75.0,107.0,123.0,95.0,137.0,22.0,24.3,31.9,21.1,20.7,20.4,25.4,33.9
Le Bousquet (11140),/management/ville/le-bousquet/ville-11047,0.0,10.0,0.0,0.0,0.0,0.0,11.0,16.0,8.0,5.0,25.0,35.3,45.8,29.4,12.5,29.4,16.7,5.9
La Chapelle-Souëf (61130),/management/ville/la-chapelle-souef/ville-61099,0.0,21.0,16.0,10.0,21.0,68.0,72.0,63.0,29.0,44.0,25.7,44.0,37.6,20.7,15.6,12.0,21.1,21.0
Folleville (80250),/management/ville/folleville/ville-80321,0.0,0.0,5.0,20.0,30.0,15.0,31.0,27.0,13.0,32.0,28.3,31.6,34.8,18.3,10.9,14.0,26.1,35.1
La Barthe-de-Neste (65250),/management/ville/la-barthe-de-neste/ville-65069,10.0,40.0,41.0,129.0,166.0,81.0,279.0,237.0,196.0,246.0,25.3,32.7,30.6,19.1,21.8,19.1,22.3,29.1
La Roquille (33220),/management/ville/la-roquille/ville-33360,10.0,10.0,10.0,25.0,55.0,46.0,100.0,67.0,35.0,49.0,40.8,38.9,32.8,19.5,12.8,15.1,13.6,25.4
Lachalade (55120),/management/ville/lachalade/ville-55266,0.0,6.0,6.0,0.0,6.0,23.0,14.0,23.0,5.0,8.0,17.9,42.9,64.3,20.8,7.1,9.5,10.7,23.8
Eulmont (54690),/management/ville/eulmont/ville-54186,5.0,29.0,116.0,131.0,97.0,48.0,111.0,200.0,125.0,314.0,12.7,16.8,32.9,21.3,10.2,22.7,44.2,39.7
Haut-du-Them-Château-Lambert (70440),/management/ville/haut-du-them-chateau-lambert/ville-70283,5.0,10.0,10.0,24.0,40.0,79.0,174.0,112.0,44.0,46.0,41.2,51.6,39.2,18.8,8.8,14.8,10.8,13.7
Le Meix (21580),/management/ville/le-meix/ville-21400,5.0,0.0,0.0,11.0,21.0,0.0,8.0,15.0,4.0,12.0,26.3,16.7,31.6,33.3,10.5,11.1,31.6,27.8
Dricourt (08310),/management/ville/dricourt/ville-08147,5.0,10.0,5.0,10.0,5.0,10.0,15.0,18.0,11.0,13.0,30.0,22.2,40.0,22.2,16.7,22.2,13.3,33.3
Glanges (87380),/management/ville/glanges/ville-87072,35.0,0.0,30.0,71.0,35.0,91.0,93.0,117.0,78.0,108.0,21.0,26.0,37.4,21.7,18.5,20.5,23.1,31.5
Générargues (30140),/management/ville/generargues/ville-30129,10.0,25.0,30.0,91.0,86.0,30.0,134.0,127.0,118.0,186.0,25.5,22.1,21.8,22.4,22.2,19.7,30.5,34.9
Irouléguy (64220),/management/ville/irouleguy/ville-64274,15.0,20.0,15.0,36.0,15.0,46.0,60.0,89.0,46.0,79.0,19.5,24.6,42.1,22.3,14.3,19.0,24.1,33.1
Férolles-Attilly (77150),/management/ville/ferolles-attilly/ville-77180,16.0,21.0,135.0,185.0,95.0,92.0,154.0,176.0,184.0,367.0,16.4,18.5,23.0,17.4,23.4,18.5,37.3,45.8
Le Bousquet-d'Orb (34260),/management/ville/le-bousquet-d-orb/ville-34038,10.0,45.0,69.0,114.0,242.0,148.0,472.0,412.0,216.0,173.0,33.2,40.4,39.7,24.3,15.0,18.7,12.1,14.7
Divatte-sur-Loire (44450),/management/ville/divatte-sur-loire/ville-44029,70.0,162.0,284.0,899.0,927.0,992.0,1277.0,1554.0,822.0,1131.0,22.8,30.5,38.1,24.5,17.6,16.7,21.5,25.8
Escorpain (28270),/management/ville/escorpain/ville-28143,0.0,20.0,0.0,20.0,50.0,20.0,55.0,42.0,48.0,33.0,29.8,32.1,26.6,20.5,31.9,21.4,11.7,26.2
Fourdrain (02870),/management/ville/fourdrain/ville-02329,5.0,10.0,15.0,55.0,100.0,40.0,92.0,68.0,44.0,95.0,28.7,32.9,22.7,20.7,16.7,12.8,32.0,31.5
La Chapelle-sous-Brancion (71700),/management/ville/la-chapelle-sous-brancion/ville-71094,0.0,0.0,5.0,14.0,5.0,14.0,25.0,35.0,12.0,39.0,21.7,21.6,36.7,22.4,11.7,11.8,30.0,41.2
Les Barthes (82100),/management/ville/les-barthes/ville-82012,26.0,16.0,10.0,21.0,84.0,78.0,147.0,92.0,78.0,71.0,34.3,41.6,29.4,17.8,20.4,20.0,15.9,21.1
Lancié (69220),/management/ville/lancie/ville-69108,10.0,40.0,70.0,140.0,125.0,110.0,155.0,224.0,132.0,191.0,18.2,26.2,39.4,23.1,17.9,19.8,24.6,29.9
Eup (31440),/management/ville/eup/ville-31177,0.0,5.0,0.0,19.0,14.0,14.0,28.0,33.0,22.0,28.0,14.6,34.4,41.7,20.7,14.6,24.6,29.2,21.3
Jouy (28300),/management/ville/jouy/ville-28201,0.0,40.0,165.0,335.0,210.0,225.0,382.0,427.0,244.0,386.0,21.6,31.2,36.9,21.5,17.2,16.7,24.3,29.2
Lachambre (57730),/management/ville/lachambre/ville-57373,5.0,20.0,25.0,135.0,135.0,140.0,150.0,170.0,140.0,198.0,17.9,27.7,27.4,23.6,21.3,21.3,33.4,26.7
La Basse-Vaivre (70210),/management/ville/la-basse-vaivre/ville-70051,0.0,0.0,0.0,0.0,11.0,11.0,16.0,13.0,4.0,3.0,33.3,56.3,50.0,17.6,11.1,12.5,5.6,12.5
Lescheraines (73340),/management/ville/lescheraines/ville-73146,20.0,25.0,54.0,94.0,79.0,79.0,146.0,161.0,108.0,146.0,22.1,29.9,35.1,21.6,21.0,17.5,21.8,29.9
Le Temple-de-Bretagne (44360),/management/ville/le-temple-de-bretagne/ville-44203,0.0,82.0,130.0,255.0,312.0,202.0,227.0,409.0,261.0,408.0,14.7,20.0,36.4,24.6,20.6,19.5,28.3,34.2
Dampierre (10240),/management/ville/dampierre/ville-10121,31.0,0.0,5.0,6.0,33.0,49.0,102.0,79.0,37.0,18.0,33.6,53.0,44.5,21.0,15.1,16.2,6.7,8.5
Hinx (40180),/management/ville/hinx/ville-40126,25.0,99.0,45.0,160.0,322.0,186.0,420.0,455.0,266.0,288.0,27.4,31.4,39.1,23.6,17.3,19.9,16.1,24.0
Elsenheim (67390),/management/ville/elsenheim/ville-67121,10.0,10.0,30.0,111.0,116.0,172.0,119.0,255.0,114.0,124.0,14.0,25.7,48.8,29.4,18.0,19.5,19.3,21.2
Fromentières (51210),/management/ville/fromentieres/ville-51263,16.0,24.0,8.0,4.0,33.0,88.0,94.0,84.0,52.0,42.0,26.5,42.6,40.4,20.9,19.1,19.1,14.0,16.9
Générest (65150),/management/ville/generest/ville-65194,5.0,0.0,5.0,5.0,5.0,15.0,24.0,24.0,18.0,15.0,33.3,26.2,38.5,22.0,20.5,23.8,7.7,28.6
Le Bouyssou (46120),/management/ville/le-bouyssou/ville-46036,5.0,10.0,10.0,16.0,21.0,10.0,26.0,23.0,20.0,47.0,19.3,25.9,28.1,13.0,14.0,19.0,38.6,43.1
Dives (60310),/management/ville/dives/ville-60198,0.0,0.0,0.0,65.0,45.0,70.0,97.0,91.0,53.0,52.0,28.2,38.2,36.9,22.8,20.8,15.3,14.1,21.5
Fourdrinoy (80310),/management/ville/fourdrinoy/ville-80341,0.0,0.0,16.0,27.0,95.0,69.0,100.0,88.0,59.0,56.0,29.4,36.7,33.3,23.1,20.9,18.0,16.3,20.7
Driencourt (80240),/management/ville/driencourt/ville-80258,10.0,0.0,0.0,21.0,0.0,5.0,17.0,20.0,23.0,17.0,11.1,30.8,50.0,8.3,16.7,43.6,22.2,20.5
Le Meix-Saint-Epoing (51120),/management/ville/le-meix-saint-epoing/ville-51360,14.0,5.0,14.0,23.0,23.0,65.0,72.0,68.0,36.0,32.0,30.4,38.7,49.0,18.8,11.8,22.6,8.8,20.8
Escos (64270),/management/ville/escos/ville-64205,15.0,5.0,5.0,20.0,30.0,10.0,57.0,52.0,27.0,42.0,30.9,33.0,30.9,24.3,17.3,13.4,21.0,25.8
La Rosière (70310),/management/ville/la-rosiere/ville-70453,5.0,0.0,0.0,15.0,10.0,0.0,20.0,16.0,11.0,18.0,22.6,38.2,22.6,24.3,16.1,17.6,38.7,17.6
Grandrif (63600),/management/ville/grandrif/ville-63173,10.0,20.0,0.0,0.0,20.0,25.0,35.0,51.0,24.0,26.0,28.2,23.4,35.2,32.1,18.3,17.2,18.3,20.3
Guigneville (45300),/management/ville/guigneville/ville-45162,5.0,10.0,10.0,65.0,74.0,104.0,119.0,138.0,50.0,80.0,28.4,32.7,42.1,25.5,12.1,13.6,17.4,24.1
Irreville (27930),/management/ville/irreville/ville-27353,0.0,35.0,40.0,86.0,30.0,66.0,84.0,90.0,56.0,117.0,22.7,25.4,30.8,19.5,18.6,13.9,27.9,39.9
Eurre (26400),/management/ville/eurre/ville-26125,16.0,41.0,62.0,202.0,129.0,112.0,224.0,243.0,195.0,290.0,22.8,24.3,29.9,20.7,21.8,19.2,25.5,35.4
Folligny (50320),/management/ville/folligny/ville-50188,20.0,55.0,10.0,89.0,208.0,164.0,207.0,303.0,128.0,135.0,23.6,30.0,46.9,28.2,13.1,20.1,16.4,18.5
Haut-Lieu (59440),/management/ville/haut-lieu/ville-59290,15.0,0.0,5.0,76.0,15.0,35.0,80.0,90.0,54.0,67.0,24.1,31.3,37.2,23.2,19.3,17.4,19.3,26.4
Glannes (51300),/management/ville/glannes/ville-51275,5.0,10.0,0.0,15.0,20.0,20.0,26.0,45.0,39.0,27.0,14.1,24.2,39.4,26.6,28.2,28.8,18.3,21.2
Larroque-Engalin (32480),/management/ville/larroque-engalin/ville-32195,0.0,0.0,0.0,0.0,5.0,0.0,20.0,8.0,6.0,9.0,47.4,45.8,21.1,16.7,10.5,16.7,21.1,20.8
La Chapelle-sous-Dun (71800),/management/ville/la-chapelle-sous-dun/ville-71095,5.0,10.0,26.0,51.0,57.0,41.0,137.0,117.0,50.0,46.0,34.9,42.6,40.6,23.7,13.1,15.9,11.4,15.3
La Hérelle (60120),/management/ville/la-herelle/ville-60311,0.0,5.0,0.0,40.0,40.0,35.0,57.0,55.0,32.0,24.0,27.4,40.5,42.9,21.6,20.2,17.9,9.5,19.0
Fromentières (53200),/management/ville/fromentieres/ville-53101,33.0,20.0,30.0,89.0,74.0,124.0,170.0,164.0,130.0,108.0,26.7,33.5,31.9,23.4,26.1,18.8,15.3,22.9
Leschères (39170),/management/ville/lescheres/ville-39293,0.0,5.0,14.0,47.0,20.0,15.0,27.0,44.0,29.0,39.0,18.1,21.4,34.7,25.7,20.8,21.4,26.4,30.0
Lachamp-Raphaël (07530),/management/ville/lachamp-raphael/ville-07120,0.0,0.0,0.0,5.0,11.0,0.0,23.0,23.0,12.0,6.0,32.4,41.4,47.1,22.2,11.8,27.6,8.8,10.3
Dampierre (39350),/management/ville/dampierre/ville-39190,5.0,34.0,49.0,184.0,141.0,192.0,298.0,228.0,149.0,225.0,30.3,35.7,31.3,19.1,17.4,15.8,21.1,28.6
Le Temple-sur-Lot (47110),/management/ville/le-temple-sur-lot/ville-47306,26.0,45.0,25.0,112.0,121.0,81.0,295.0,216.0,130.0,162.0,33.0,40.3,34.0,19.3,15.6,17.0,17.4,22.9
Lancieux (22770),/management/ville/lancieux/ville-22094,0.0,40.0,104.0,159.0,130.0,114.0,323.0,256.0,216.0,424.0,22.9,29.5,23.6,18.6,17.9,17.6,35.6,34.1
Hipsheim (67150),/management/ville/hipsheim/ville-67200,0.0,11.0,114.0,150.0,139.0,81.0,132.0,266.0,124.0,228.0,15.1,20.2,38.0,28.1,17.8,15.1,29.1,31.6
Dives-sur-Mer (14160),/management/ville/dives-sur-mer/ville-14225,10.0,143.0,154.0,363.0,914.0,717.0,1837.0,1515.0,528.0,438.0,37.8,46.6,41.0,25.6,11.7,12.7,9.5,10.7
Le Breil-sur-Mérize (72370),/management/ville/le-breil-sur-merize/ville-72046,25.0,45.0,55.0,220.0,235.0,205.0,310.0,372.0,200.0,230.0,23.3,32.7,40.4,24.2,18.2,17.6,18.1,23.3
Elvange (57690),/management/ville/elvange/ville-57190,5.0,5.0,0.0,65.0,35.0,55.0,67.0,91.0,63.0,59.0,20.7,27.1,37.1,26.0,24.3,20.7,17.9,24.3
Generville (11270),/management/ville/generville/ville-11162,0.0,0.0,5.0,5.0,5.0,15.0,11.0,7.0,9.0,13.0,23.5,30.4,23.5,15.0,17.6,26.1,35.3,30.4
Le Meix-Tiercelin (51320),/management/ville/le-meix-tiercelin/ville-51361,0.0,11.0,5.0,11.0,26.0,66.0,92.0,24.0,15.0,16.0,68.7,53.8,16.9,16.7,6.0,15.4,8.4,13.8
Grandris (69870),/management/ville/grandris/ville-69093,25.0,40.0,65.0,80.0,154.0,139.0,296.0,236.0,177.0,201.0,27.0,37.7,33.4,19.9,15.1,23.3,24.5,19.9
Eurville-Bienville (52410),/management/ville/eurville-bienville/ville-52194,0.0,46.0,57.0,216.0,309.0,314.0,452.0,567.0,287.0,289.0,23.6,33.0,43.8,25.4,16.3,19.7,16.3,19.9
Glanon (21250),/management/ville/glanon/ville-21301,0.0,10.0,5.0,50.0,30.0,40.0,53.0,46.0,35.0,47.0,24.7,33.7,29.2,21.1,20.2,18.5,25.8,26.1
Drincham (59630),/management/ville/drincham/ville-59182,10.0,15.0,10.0,40.0,30.0,15.0,39.0,53.0,39.0,39.0,23.3,22.6,30.2,28.7,25.6,20.2,20.9,25.0
Haut-Loquin (62850),/management/ville/haut-loquin/ville-62419,15.0,5.0,5.0,5.0,15.0,15.0,30.0,43.0,18.0,27.0,16.1,34.4,42.9,25.7,16.1,14.8,25.0,21.3
Escosse (09100),/management/ville/escosse/ville-09116,10.0,15.0,30.0,60.0,35.0,40.0,98.0,98.0,51.0,63.0,28.6,34.0,38.3,23.4,15.6,17.6,17.5,23.3
Fourg (25440),/management/ville/fourg/ville-25253,10.0,20.0,30.0,55.0,15.0,30.0,61.0,99.0,36.0,57.0,18.7,30.3,45.5,27.0,14.9,13.4,20.9,24.4
Guigneville-sur-Essonne (91590),/management/ville/guigneville-sur-essonne/ville-91293,10.0,20.0,70.0,120.0,120.0,95.0,168.0,154.0,137.0,204.0,27.3,23.6,26.1,20.4,20.3,20.8,26.4,35.3
Irvillac (29460),/management/ville/irvillac/ville-29086,35.0,60.0,125.0,175.0,200.0,110.0,131.0,254.0,222.0,346.0,9.5,18.0,30.7,21.8,27.6,19.0,32.2,40.4
Lancôme (41190),/management/ville/lancome/ville-41108,0.0,0.0,0.0,20.0,25.0,20.0,27.0,34.0,16.0,18.0,26.1,30.6,45.7,24.5,15.2,18.4,13.0,24.5
Divion (62460),/management/ville/divion/ville-62270,20.0,79.0,139.0,510.0,802.0,970.0,1987.0,1593.0,777.0,646.0,31.0,47.4,40.2,22.4,15.6,15.5,13.2,12.7
Les Bâties (70130),/management/ville/les-baties/ville-70053,10.0,0.0,0.0,0.0,10.0,25.0,33.0,15.0,10.0,7.0,43.8,57.6,31.3,15.2,15.6,15.2,9.4,12.1
La Bassée (59480),/management/ville/la-bassee/ville-59051,0.0,150.0,310.0,690.0,935.0,765.0,1577.0,1181.0,857.0,1064.0,28.8,38.0,29.1,20.9,19.4,17.4,22.7,22.8
Jouy (89150),/management/ville/jouy/ville-89209,10.0,10.0,16.0,62.0,62.0,77.0,136.0,100.0,64.0,77.0,34.0,38.2,31.0,20.7,16.3,17.9,18.7,22.5
Folschviller (57730),/management/ville/folschviller/ville-57224,0.0,67.0,61.0,323.0,353.0,599.0,1123.0,1021.0,444.0,406.0,30.6,43.6,40.6,25.0,14.8,14.8,14.0,13.1
Larroque-Saint-Sernin (32410),/management/ville/larroque-saint-sernin/ville-32196,25.0,0.0,10.0,15.0,15.0,25.0,48.0,32.0,27.0,31.0,32.4,37.3,31.0,15.9,18.3,20.9,18.3,26.9
Lachamp-Ribennes (48100),/management/ville/lachamp-ribennes/ville-48126,10.0,20.0,10.0,53.0,24.0,15.0,70.0,48.0,64.0,73.0,24.2,30.7,22.7,15.8,29.7,20.5,23.4,33.9
La Hérie (02500),/management/ville/la-herie/ville-02378,0.0,15.0,0.0,0.0,0.0,34.0,54.0,33.0,16.0,13.0,36.4,58.8,36.4,17.5,18.2,7.8,9.1,13.7
La Chapelle-sous-Orbais (51270),/management/ville/la-chapelle-sous-orbais/ville-51128,5.0,0.0,5.0,5.0,0.0,5.0,4.0,16.0,5.0,11.0,11.1,11.1,44.4,34.8,11.1,16.7,33.3,27.8
Le Tertre-Saint-Denis (78980),/management/ville/le-tertre-saint-denis/ville-78608,0.0,10.0,0.0,15.0,30.0,5.0,15.0,30.0,18.0,28.0,11.9,20.4,35.7,28.8,14.3,24.5,38.1,24.5
Fromeréville-les-Vallons (55100),/management/ville/fromereville-les-vallons/ville-55200,5.0,0.0,0.0,30.0,20.0,35.0,34.0,55.0,36.0,33.0,12.5,30.8,42.5,24.7,27.5,17.9,17.5,24.4
Hirel (35120),/management/ville/hirel/ville-35132,25.0,30.0,50.0,149.0,164.0,178.0,314.0,363.0,188.0,184.0,22.8,36.8,44.6,23.5,17.2,18.7,15.4,19.6
Glanville (14950),/management/ville/glanville/ville-14302,5.0,5.0,15.0,20.0,40.0,15.0,28.0,36.0,32.0,40.0,17.4,23.9,30.4,22.4,24.6,22.4,27.5,31.3
Féron (59610),/management/ville/feron/ville-59229,0.0,35.0,30.0,40.0,100.0,55.0,158.0,102.0,74.0,88.0,36.1,38.7,29.3,19.7,13.7,21.2,21.0,20.7
Elven (56250),/management/ville/elven/ville-56053,62.0,181.0,248.0,800.0,819.0,672.0,913.0,1209.0,807.0,1193.0,18.3,25.6,36.2,22.3,19.9,19.3,25.7,31.9
Dampierre (52360),/management/ville/dampierre/ville-52163,15.0,10.0,15.0,20.0,30.0,96.0,87.0,105.0,47.0,53.0,22.1,37.9,46.9,24.2,11.7,20.0,19.3,16.6
La Rothière (10500),/management/ville/la-rothiere/ville-10327,14.0,5.0,5.0,5.0,19.0,19.0,46.0,26.0,9.0,9.0,45.8,57.1,33.3,20.4,12.5,7.1,8.3,11.9
Les Baux-de-Breteuil (27160),/management/ville/les-baux-de-breteuil/ville-27043,15.0,44.0,19.0,50.0,62.0,81.0,199.0,137.0,90.0,80.0,34.4,44.4,31.6,21.1,19.0,16.7,15.0,16.7
Fomerey (88390),/management/ville/fomerey/ville-88174,15.0,0.0,5.0,25.0,5.0,15.0,20.0,34.0,19.0,34.0,11.8,25.0,35.3,25.8,17.6,17.9,35.3,28.6
Genestelle (07530),/management/ville/genestelle/ville-07093,10.0,21.0,5.0,31.0,21.0,21.0,51.0,49.0,64.0,60.0,27.8,18.0,26.1,21.5,22.6,34.2,23.5,29.7
Fourilles (03140),/management/ville/fourilles/ville-03116,0.0,0.0,15.0,10.0,10.0,30.0,40.0,59.0,24.0,32.0,23.3,28.4,49.3,25.3,11.0,19.8,16.4,24.7
Escot (64490),/management/ville/escot/ville-64206,21.0,5.0,0.0,21.0,26.0,0.0,24.0,35.0,25.0,14.0,25.5,22.4,51.1,25.0,19.1,32.7,4.3,22.4
Drocourt (62320),/management/ville/drocourt/ville-62277,0.0,30.0,80.0,300.0,445.0,385.0,725.0,638.0,377.0,345.0,26.5,42.3,39.7,21.5,17.9,18.2,15.9,17.1
Eus (66500),/management/ville/eus/ville-66074,10.0,10.0,25.0,45.0,55.0,25.0,102.0,52.0,73.0,98.0,30.9,31.8,19.7,13.8,24.3,20.8,25.0,34.7
Le Brethon (03350),/management/ville/le-brethon/ville-03041,50.0,15.0,0.0,15.0,15.0,25.0,91.0,83.0,47.0,51.0,28.8,38.3,40.3,19.9,16.5,18.0,14.4,23.3
Guignicourt-sur-Vence (08430),/management/ville/guignicourt-sur-vence/ville-08203,5.0,0.0,55.0,60.0,30.0,40.0,62.0,64.0,46.0,60.0,23.1,30.4,38.5,17.3,18.8,20.9,19.7,32.2
Grandrû (60400),/management/ville/grandru/ville-60287,0.0,5.0,10.0,49.0,59.0,34.0,74.0,87.0,41.0,44.0,28.5,30.6,43.9,25.4,12.2,21.8,15.4,21.0
Divonne-les-Bains (01220),/management/ville/divonne-les-bains/ville-01143,5.0,285.0,1673.0,1173.0,1055.0,530.0,1163.0,1142.0,1108.0,3363.0,13.9,20.0,19.8,14.6,16.0,16.6,50.3,49.1
Glatens (82500),/management/ville/glatens/ville-82070,10.0,0.0,5.0,10.0,0.0,10.0,7.0,18.0,16.0,14.0,22.2,3.6,44.4,27.3,14.8,42.9,18.5,32.1
La Bastide (66110),/management/ville/la-bastide/ville-66018,10.0,0.0,5.0,5.0,0.0,0.0,22.0,13.0,13.0,14.0,40.6,30.0,25.0,17.9,18.8,23.3,15.6,30.0
Le Mêle-sur-Sarthe (61170),/management/ville/le-mele-sur-sarthe/ville-61258,0.0,21.0,31.0,31.0,67.0,93.0,246.0,172.0,56.0,71.0,38.6,50.7,38.6,22.0,11.4,9.4,11.4,14.4
Larroque-sur-l'Osse (32100),/management/ville/larroque-sur-l-osse/ville-32197,45.0,10.0,5.0,20.0,15.0,36.0,81.0,31.0,33.0,55.0,38.3,43.8,19.1,11.9,17.0,15.2,25.5,29.5
Fomperron (79340),/management/ville/fomperron/ville-79121,15.0,0.0,10.0,45.0,66.0,76.0,110.0,96.0,58.0,34.0,38.7,35.7,38.7,24.8,14.8,23.8,7.7,15.4
La Herlière (62158),/management/ville/la-herliere/ville-62434,0.0,0.0,0.0,15.0,10.0,20.0,22.0,35.0,21.0,22.0,19.2,25.0,40.4,26.9,21.2,20.8,19.2,25.0
Le Theil (03240),/management/ville/le-theil/ville-03281,25.0,15.0,20.0,10.0,69.0,40.0,124.0,108.0,51.0,54.0,32.9,40.5,36.6,24.7,14.6,15.6,15.9,16.2
Lachapelle (47350),/management/ville/lachapelle/ville-47126,10.0,0.0,0.0,20.0,0.0,0.0,12.0,23.0,13.0,14.0,15.6,23.3,50.0,24.1,15.6,26.7,18.8,26.7
La Chapelle-sous-Uchon (71190),/management/ville/la-chapelle-sous-uchon/ville-71096,14.0,24.0,0.0,19.0,19.0,14.0,43.0,41.0,28.0,38.0,26.3,31.5,35.5,18.6,15.8,21.9,22.4,28.8
Haut-Mauco (40280),/management/ville/haut-mauco/ville-40122,10.0,60.0,30.0,86.0,161.0,81.0,161.0,207.0,137.0,186.0,22.8,23.9,34.3,24.5,19.1,20.3,23.7,29.9
Lançon (08250),/management/ville/lancon/ville-08245,5.0,0.0,0.0,0.0,5.0,10.0,12.0,6.0,6.0,5.0,26.7,57.1,26.7,14.3,26.7,14.3,20.0,14.3
Fromezey (55400),/management/ville/fromezey/ville-55201,0.0,0.0,10.0,5.0,10.0,10.0,17.0,11.0,9.0,7.0,37.5,42.9,29.2,18.2,25.0,14.3,8.3,23.8
Elzange (57970),/management/ville/elzange/ville-57191,15.0,15.0,25.0,75.0,160.0,85.0,134.0,234.0,68.0,95.0,19.9,30.4,49.8,31.0,11.5,14.1,18.8,17.0
Ferques (62250),/management/ville/ferques/ville-62329,0.0,55.0,15.0,219.0,225.0,198.0,418.0,446.0,210.0,191.0,25.6,40.2,42.7,25.0,17.3,15.9,14.4,15.9
Guigny (62140),/management/ville/guigny/ville-62395,0.0,0.0,0.0,5.0,22.0,22.0,37.0,38.0,18.0,25.0,26.2,36.2,37.7,23.4,16.4,15.5,19.7,22.4
Dixmont (89500),/management/ville/dixmont/ville-89142,20.0,30.0,25.0,95.0,120.0,115.0,232.0,214.0,116.0,126.0,30.2,37.0,39.2,22.4,14.7,18.9,15.9,20.6
Le Mémont (25210),/management/ville/le-memont/ville-25373,0.0,0.0,0.0,5.0,0.0,10.0,10.0,4.0,7.0,9.0,33.3,33.3,20.0,8.3,20.0,26.7,26.7,33.3
Is-en-Bassigny (52140),/management/ville/is-en-bassigny/ville-52248,0.0,15.0,10.0,55.0,50.0,116.0,168.0,153.0,66.0,42.0,33.6,44.5,42.7,25.5,15.2,15.6,8.5,11.0
Escots (65130),/management/ville/escots/ville-65163,0.0,0.0,11.0,5.0,0.0,0.0,12.0,4.0,3.0,6.0,42.9,50.0,21.4,10.0,14.3,10.0,21.4,30.0
Jouy-aux-Arches (57130),/management/ville/jouy-aux-arches/ville-57350,0.0,35.0,152.0,152.0,243.0,142.0,281.0,320.0,184.0,379.0,18.4,28.8,29.8,23.1,17.5,14.5,34.4,31.1
Les Baux-de-Provence (13520),/management/ville/les-baux-de-provence/ville-13011,5.0,20.0,30.0,40.0,30.0,35.0,97.0,59.0,55.0,103.0,19.9,39.3,19.1,17.5,24.3,12.4,36.8,29.8
Drocourt (78440),/management/ville/drocourt/ville-78202,0.0,15.0,36.0,81.0,66.0,71.0,86.0,128.0,89.0,85.0,23.3,21.1,36.5,28.1,21.7,24.1,18.5,25.1
Fourmagnac (46100),/management/ville/fourmagnac/ville-46111,5.0,10.0,5.0,10.0,19.0,14.0,24.0,31.0,27.0,39.0,20.6,17.5,41.3,12.5,17.5,26.3,20.6,45.6
Le Breuil (03120),/management/ville/le-breuil/ville-03042,25.0,40.0,10.0,25.0,70.0,105.0,147.0,137.0,70.0,75.0,29.3,39.7,41.3,20.5,16.4,16.2,12.9,22.5
Geneston (44140),/management/ville/geneston/ville-44223,5.0,65.0,195.0,511.0,491.0,456.0,479.0,861.0,511.0,669.0,15.2,22.9,40.4,25.9,20.4,20.1,24.0,29.0
Glatigny (57530),/management/ville/glatigny/ville-57249,0.0,14.0,5.0,38.0,58.0,10.0,34.0,60.0,38.0,67.0,13.4,20.4,33.0,24.6,21.6,16.5,32.0,35.9
La Rouaudière (53390),/management/ville/la-rouaudiere/ville-53192,45.0,20.0,0.0,30.0,25.0,45.0,76.0,74.0,47.0,25.0,28.8,38.8,44.2,23.3,19.2,23.3,7.7,14.7
Hautaget (65150),/management/ville/hautaget/ville-65217,0.0,0.0,5.0,15.0,0.0,5.0,10.0,6.0,10.0,11.0,15.8,38.9,31.6,0.0,31.6,22.2,21.1,38.9
Leschères-sur-le-Blaiseron (52110),/management/ville/lescheres-sur-le-blaiseron/ville-52284,5.0,0.0,0.0,0.0,15.0,35.0,36.0,21.0,13.0,9.0,40.5,51.4,28.6,22.5,16.7,16.2,14.3,8.1
Euvezin (54470),/management/ville/euvezin/ville-54187,10.0,0.0,10.0,10.0,5.0,25.0,16.0,29.0,14.0,20.0,26.7,11.8,40.0,29.7,13.3,23.5,20.0,32.4
Émagny (25170),/management/ville/emagny/ville-25217,0.0,5.0,10.0,74.0,59.0,69.0,121.0,127.0,78.0,108.0,27.1,28.4,34.8,23.1,16.2,20.0,21.9,27.6
Larroque-Toirac (46160),/management/ville/larroque-toirac/ville-46157,19.0,15.0,10.0,0.0,0.0,15.0,35.0,27.0,28.0,18.0,30.4,33.3,32.1,18.4,26.8,25.9,10.7,24.1
Dampierre-au-Temple (51400),/management/ville/dampierre-au-temple/ville-51205,0.0,15.0,15.0,56.0,46.0,25.0,45.0,63.0,45.0,49.0,20.0,24.0,35.0,27.9,19.0,25.0,26.0,22.0
Fonbeauzard (31140),/management/ville/fonbeauzard/ville-31186,0.0,134.0,283.0,492.0,353.0,283.0,490.0,635.0,431.0,715.0,20.7,22.4,32.6,22.8,18.6,19.3,28.1,34.5
Le Theil-de-Bretagne (35240),/management/ville/le-theil-de-bretagne/ville-35333,46.0,36.0,66.0,209.0,250.0,260.0,351.0,390.0,240.0,252.0,24.1,33.1,39.0,23.5,17.3,21.6,19.5,21.3
La Chapelle-sur-Aveyron (45230),/management/ville/la-chapelle-sur-aveyron/ville-45077,0.0,20.0,31.0,66.0,66.0,112.0,147.0,149.0,78.0,91.0,29.2,34.1,38.6,24.0,14.0,19.7,18.2,21.0
Fromont (77760),/management/ville/fromont/ville-77198,15.0,20.0,5.0,25.0,20.0,10.0,38.0,37.0,29.0,57.0,22.6,24.7,28.6,18.1,13.1,23.4,35.7,35.1
Lançon (65240),/management/ville/lancon/ville-65255,0.0,5.0,0.0,5.0,0.0,0.0,6.0,4.0,6.0,9.0,26.7,25.0,13.3,18.2,20.0,25.0,40.0,33.3
La Bastide (83840),/management/ville/la-bastide/ville-83013,0.0,14.0,9.0,24.0,24.0,19.0,40.0,61.0,29.0,37.0,20.9,27.2,40.7,27.1,20.9,13.6,17.4,27.2
Les Baux-Sainte-Croix (27180),/management/ville/les-baux-sainte-croix/ville-27044,0.0,25.0,45.0,140.0,110.0,65.0,190.0,185.0,116.0,202.0,24.9,29.9,32.0,21.0,14.8,18.6,28.4,29.9
Lescherolles (77320),/management/ville/lescherolles/ville-77247,0.0,21.0,10.0,42.0,94.0,63.0,114.0,97.0,86.0,60.0,30.9,33.0,32.0,23.8,21.3,26.8,15.7,17.3
Grandrupt (88210),/management/ville/grandrupt/ville-88215,0.0,0.0,0.0,10.0,15.0,15.0,16.0,30.0,10.0,12.0,22.9,23.5,54.3,30.0,11.4,17.6,11.4,23.5
Hirschland (67320),/management/ville/hirschland/ville-67201,5.0,5.0,15.0,20.0,50.0,54.0,86.0,88.0,39.0,33.0,30.2,39.2,44.8,25.5,12.1,19.2,12.9,13.8
La Heunière (27950),/management/ville/la-heuniere/ville-27336,4.0,4.0,32.0,40.0,40.0,73.0,50.0,57.0,38.0,80.0,20.9,23.5,30.9,19.5,16.4,17.4,31.8,39.1
Jouy-en-Argonne (55120),/management/ville/jouy-en-argonne/ville-55257,10.0,0.0,0.0,5.0,5.0,0.0,19.0,11.0,9.0,5.0,36.0,50.0,32.0,16.7,24.0,16.7,8.0,16.7
Escou (64870),/management/ville/escou/ville-64207,5.0,9.0,10.0,61.0,55.0,90.0,79.0,108.0,56.0,77.0,20.9,28.5,37.4,26.1,20.9,13.9,20.9,27.2
Droisy (27320),/management/ville/droisy/ville-27206,0.0,0.0,20.0,59.0,54.0,73.0,86.0,101.0,71.0,50.0,25.3,30.7,38.3,26.9,20.8,25.5,15.6,16.3
Is-sur-Tille (21120),/management/ville/is-sur-tille/ville-21317,20.0,120.0,240.0,395.0,650.0,545.0,1019.0,977.0,483.0,715.0,26.8,36.3,34.5,24.2,15.6,14.7,23.1,21.8
Fourmies (59610),/management/ville/fourmies/ville-59249,21.0,201.0,318.0,777.0,1517.0,1658.0,3957.0,2707.0,1181.0,999.0,35.7,52.7,40.1,20.5,12.8,13.8,11.4,11.2
Lachapelle (54120),/management/ville/lachapelle/ville-54287,0.0,5.0,0.0,25.0,25.0,69.0,66.0,75.0,33.0,34.0,25.7,37.0,43.6,25.6,17.8,13.9,12.9,19.4
Euville (55200),/management/ville/euville/ville-55184,15.0,65.0,95.0,174.0,229.0,190.0,361.0,413.0,204.0,262.0,25.9,32.2,36.7,26.1,18.0,15.1,19.5,22.8
Dizimieu (38460),/management/ville/dizimieu/ville-38146,0.0,26.0,73.0,134.0,116.0,75.0,133.0,165.0,104.0,205.0,21.4,22.3,31.3,21.9,17.1,17.0,30.3,37.4
Fromy (08370),/management/ville/fromy/ville-08184,0.0,0.0,0.0,0.0,15.0,10.0,29.0,15.0,16.0,3.0,43.3,48.5,23.3,24.2,26.7,24.2,6.7,3.0
Hautbos (60210),/management/ville/hautbos/ville-60303,5.0,10.0,0.0,15.0,10.0,53.0,41.0,43.0,22.0,23.0,31.3,30.6,32.8,27.8,19.4,16.1,16.4,21.0
La Rouquette (12200),/management/ville/la-rouquette/ville-12205,0.0,55.0,30.0,90.0,116.0,90.0,142.0,183.0,110.0,152.0,22.7,25.9,34.2,25.5,19.7,17.6,23.4,28.3
Ferrals-les-Corbières (11200),/management/ville/ferrals-les-corbieres/ville-11140,10.0,76.0,55.0,101.0,151.0,126.0,370.0,240.0,156.0,165.0,35.0,44.0,31.5,19.6,16.9,16.8,16.6,18.9
Guiler-sur-Goyen (29710),/management/ville/guiler-sur-goyen/ville-29070,15.0,10.0,5.0,20.0,101.0,86.0,90.0,154.0,81.0,95.0,15.6,26.8,44.7,26.6,19.6,18.6,20.1,25.0
Les Belleville (73440),/management/ville/les-belleville/ville-73257,20.0,216.0,147.0,671.0,567.0,444.0,599.0,822.0,550.0,681.0,20.1,25.3,40.1,21.1,20.4,21.1,19.3,32.5
Le Theil-en-Auge (14130),/management/ville/le-theil-en-auge/ville-14687,5.0,15.0,0.0,10.0,40.0,35.0,49.0,51.0,16.0,29.0,28.4,40.0,45.9,21.3,12.2,10.0,13.5,25.7
Le Mené (22330),/management/ville/le-mene/ville-22046,275.0,156.0,155.0,395.0,520.0,1309.0,2015.0,1449.0,728.0,675.0,35.7,47.0,35.6,21.9,15.4,14.6,13.2,14.5
Émalleville (27930),/management/ville/emalleville/ville-27216,0.0,10.0,64.0,59.0,71.0,61.0,95.0,108.0,68.0,112.0,20.0,29.7,35.5,19.3,19.5,16.2,25.0,34.1
Grandrupt-de-Bains (88240),/management/ville/grandrupt-de-bains/ville-88214,10.0,5.0,0.0,5.0,0.0,5.0,23.0,17.0,7.0,8.0,37.0,46.4,40.7,19.4,14.8,10.7,7.4,21.4
Dampierre-en-Bray (76220),/management/ville/dampierre-en-bray/ville-76209,31.0,21.0,26.0,31.0,56.0,92.0,108.0,123.0,50.0,68.0,24.3,38.5,44.4,22.4,13.2,16.1,18.0,21.1
Le Breuil (51210),/management/ville/le-breuil/ville-51085,30.0,5.0,10.0,30.0,34.0,68.0,114.0,87.0,46.0,42.0,31.5,47.6,39.9,19.5,16.1,15.6,12.6,16.3
Foncegrive (21260),/management/ville/foncegrive/ville-21275,0.0,10.0,0.0,0.0,15.0,35.0,36.0,51.0,11.0,15.0,24.2,41.2,46.8,31.9,11.3,7.8,17.7,7.8
Glatigny (60650),/management/ville/glatigny/ville-60275,10.0,5.0,25.0,46.0,30.0,35.0,39.0,54.0,27.0,42.0,28.4,20.0,41.9,25.0,10.8,22.4,18.9,31.8
Genêts (50530),/management/ville/genets/ville-50199,0.0,20.0,15.0,50.0,45.0,50.0,143.0,93.0,57.0,62.0,35.2,44.8,33.3,19.4,15.4,16.5,16.0,18.6
Lançon-Provence (13680),/management/ville/lancon-provence/ville-13051,20.0,342.0,1041.0,1304.0,1071.0,684.0,1421.0,1543.0,1153.0,2312.0,20.3,23.8,27.6,20.1,17.5,18.3,34.6,37.3
La Bastide-Clairence (64240),/management/ville/la-bastide-clairence/ville-64289,30.0,20.0,80.0,120.0,100.0,70.0,146.0,224.0,175.0,211.0,12.6,25.5,39.8,21.1,21.7,24.5,25.8,29.8
Escoubès (64160),/management/ville/escoubes/ville-64208,19.0,19.0,0.0,34.0,67.0,67.0,56.0,101.0,50.0,70.0,21.8,18.4,38.0,30.1,16.2,19.9,23.9,27.2
Lartigue (32450),/management/ville/lartigue/ville-32198,20.0,5.0,5.0,31.0,31.0,10.0,21.0,39.0,35.0,45.0,19.4,10.4,33.3,24.6,18.1,31.3,29.2,35.8
Lescheroux (01560),/management/ville/lescheroux/ville-01212,15.0,25.0,35.0,61.0,86.0,136.0,184.0,193.0,88.0,70.0,30.5,38.8,42.9,26.0,15.6,17.1,10.9,15.1
Froncles (52320),/management/ville/froncles/ville-52211,12.0,9.0,25.0,99.0,168.0,309.0,634.0,380.0,143.0,112.0,41.5,58.1,39.9,18.6,10.7,11.8,7.8,9.9
Hirsingue (68560),/management/ville/hirsingue/ville-68138,5.0,50.0,79.0,214.0,283.0,298.0,602.0,507.0,259.0,303.0,29.1,42.4,35.6,23.1,16.4,14.7,18.9,17.4
La Rouvière (30190),/management/ville/la-rouviere/ville-30224,0.0,35.0,20.0,90.0,80.0,75.0,108.0,136.0,72.0,120.0,22.6,26.6,37.7,23.1,19.1,14.3,20.6,33.3
Les Bessons (48200),/management/ville/les-bessons/ville-48025,0.0,10.0,25.0,84.0,60.0,50.0,92.0,116.0,60.0,86.0,20.5,31.4,39.5,22.8,20.0,13.6,20.0,29.6
La Chapelle-sur-Chézy (02570),/management/ville/la-chapelle-sur-chezy/ville-02162,0.0,10.0,0.0,25.0,45.0,40.0,41.0,71.0,33.0,36.0,20.5,24.5,40.9,31.9,18.2,18.1,20.5,19.1
Droisy (74270),/management/ville/droisy/ville-74107,5.0,10.0,5.0,26.0,36.0,16.0,14.0,33.0,33.0,26.0,9.3,15.4,42.6,22.2,31.5,32.7,16.7,32.7
La Hoguette (14700),/management/ville/la-hoguette/ville-14332,5.0,30.0,35.0,75.0,85.0,105.0,163.0,146.0,70.0,128.0,29.3,34.9,33.7,22.3,11.8,15.7,25.2,25.3
Isbergues (62330),/management/ville/isbergues/ville-62473,15.0,153.0,206.0,706.0,1213.0,1173.0,2308.0,2289.0,1176.0,1126.0,25.6,40.5,41.4,23.4,19.1,15.2,14.0,18.4
Fronsac (31440),/management/ville/fronsac/ville-31199,0.0,5.0,10.0,35.0,20.0,20.0,57.0,39.0,37.0,38.0,20.2,46.0,34.5,12.0,27.4,16.1,17.9,26.4
Ferrals-les-Montagnes (34210),/management/ville/ferrals-les-montagnes/ville-34098,11.0,32.0,0.0,0.0,21.0,16.0,39.0,38.0,29.0,38.0,28.6,25.7,32.9,21.1,15.7,24.3,22.9,29.7
Haute-Amance (52600),/management/ville/haute-amance/ville-52242,10.0,35.0,5.0,54.0,133.0,163.0,262.0,247.0,128.0,88.0,28.8,43.7,39.1,25.6,19.0,16.2,13.0,11.2
Euvy (51230),/management/ville/euvy/ville-51241,5.0,0.0,0.0,10.0,5.0,15.0,24.0,24.0,13.0,7.0,29.0,40.0,38.7,28.2,19.4,20.0,12.9,8.6
Dizy (51530),/management/ville/dizy/ville-51210,50.0,20.0,65.0,220.0,220.0,185.0,374.0,405.0,217.0,265.0,26.2,32.6,37.5,25.0,17.0,17.4,19.3,22.5
Le Ménil (88160),/management/ville/le-menil/ville-88302,5.0,34.0,20.0,74.0,159.0,134.0,296.0,285.0,156.0,128.0,29.3,39.3,40.5,23.4,18.3,17.8,11.9,17.8
Fournaudin (89320),/management/ville/fournaudin/ville-89181,10.0,5.0,0.0,10.0,0.0,20.0,29.0,40.0,12.0,21.0,20.0,35.1,46.7,27.5,11.1,12.3,22.2,19.3
Guilers (29820),/management/ville/guilers/ville-29069,45.0,85.0,490.0,990.0,1195.0,685.0,1325.0,1762.0,1037.0,1645.0,17.8,27.6,33.9,25.0,18.6,17.4,29.8,27.4
Lartigue (33840),/management/ville/lartigue/ville-33232,0.0,0.0,5.0,5.0,0.0,0.0,14.0,4.0,8.0,9.0,38.9,41.2,16.7,6.7,27.8,17.6,16.7,35.3
Jouy-en-Josas (78350),/management/ville/jouy-en-josas/ville-78322,0.0,174.0,1682.0,825.0,467.0,261.0,577.0,524.0,703.0,2894.0,10.7,13.7,12.2,10.9,13.3,16.5,63.7,59.7
Émancé (78125),/management/ville/emance/ville-78209,5.0,25.0,110.0,160.0,70.0,50.0,86.0,121.0,124.0,286.0,11.7,16.1,24.8,15.5,19.2,21.0,44.3,48.4
Glay (25310),/management/ville/glay/ville-25274,0.0,0.0,15.0,48.0,40.0,64.0,97.0,71.0,45.0,56.0,28.7,43.3,35.3,17.6,16.9,16.4,19.1,22.4
Fonches-Fonchette (80700),/management/ville/fonches-fonchette/ville-80322,20.0,0.0,0.0,10.0,15.0,15.0,36.0,36.0,17.0,15.0,32.1,37.3,35.8,27.4,20.8,11.8,11.3,17.6
Landange (57830),/management/ville/landange/ville-57377,0.0,15.0,10.0,19.0,58.0,19.0,58.0,49.0,37.0,28.0,26.7,41.5,36.7,18.8,26.7,15.9,10.0,23.2
Le Breuil (69620),/management/ville/le-breuil/ville-69026,5.0,30.0,50.0,105.0,55.0,30.0,67.0,91.0,68.0,123.0,18.9,19.5,30.0,20.7,22.8,16.0,28.3,42.6
Geneuille (25870),/management/ville/geneuille/ville-25265,5.0,55.0,95.0,265.0,140.0,110.0,185.0,250.0,154.0,358.0,17.2,21.7,31.1,20.8,16.3,16.2,35.3,40.1
La Horgne (08430),/management/ville/la-horgne/ville-08228,5.0,0.0,10.0,25.0,41.0,30.0,28.0,47.0,28.0,39.0,15.1,25.4,41.1,23.2,19.2,20.9,24.7,29.9
Grandsaigne (19300),/management/ville/grandsaigne/ville-19088,5.0,0.0,0.0,5.0,5.0,0.0,18.0,13.0,8.0,6.0,26.1,54.2,47.8,13.6,13.0,20.8,13.0,12.5
Lesches (77450),/management/ville/lesches/ville-77248,0.0,29.0,107.0,132.0,83.0,29.0,113.0,115.0,112.0,187.0,22.3,20.3,24.8,19.3,19.1,23.6,33.7,37.8
Fourneaux (42470),/management/ville/fourneaux/ville-42098,15.0,15.0,15.0,91.0,55.0,95.0,148.0,134.0,63.0,87.0,29.1,39.8,39.5,20.3,16.4,12.8,15.0,25.1
Hirson (02500),/management/ville/hirson/ville-02381,20.0,107.0,189.0,526.0,1198.0,1107.0,3005.0,1842.0,1022.0,825.0,38.0,50.8,34.4,20.3,15.4,15.1,12.2,12.4
Escoubès-Pouts (65100),/management/ville/escoubes-pouts/ville-65164,5.0,5.0,0.0,5.0,10.0,10.0,11.0,36.0,21.0,12.0,11.9,15.8,50.0,35.7,23.8,28.9,14.3,15.8
Guilherand-Granges (07500),/management/ville/guilherand-granges/ville-07102,3.0,262.0,785.0,1535.0,1432.0,920.0,2345.0,1996.0,1685.0,2732.0,22.1,30.5,27.3,19.1,19.6,19.0,31.0,31.4
Dampierre-en-Bresse (71310),/management/ville/dampierre-en-bresse/ville-71168,5.0,5.0,15.0,5.0,20.0,15.0,58.0,36.0,24.0,22.0,35.4,46.7,29.2,20.5,23.1,12.0,12.3,18.7
Les Billanges (87340),/management/ville/les-billanges/ville-87016,5.0,5.0,15.0,25.0,20.0,35.0,62.0,81.0,44.0,39.0,25.0,29.8,46.4,24.8,16.1,22.8,12.5,21.9
La Chapelle-sur-Coise (69590),/management/ville/la-chapelle-sur-coise/ville-69042,20.0,36.0,20.0,97.0,76.0,61.0,74.0,125.0,83.0,118.0,19.0,18.3,35.1,25.1,22.0,19.8,23.9,35.0
La Rue-Saint-Pierre (60510),/management/ville/la-rue-saint-pierre/ville-60559,5.0,35.0,68.0,78.0,163.0,128.0,174.0,162.0,92.0,158.0,26.8,32.7,33.0,20.8,16.5,14.6,23.7,30.3
Droiturier (03120),/management/ville/droiturier/ville-03105,0.0,0.0,0.0,63.0,48.0,49.0,108.0,90.0,37.0,39.0,37.3,41.8,42.3,21.3,10.6,17.2,9.9,18.7
Isches (88320),/management/ville/isches/ville-88248,5.0,0.0,5.0,5.0,29.0,39.0,41.0,42.0,19.0,20.0,26.2,42.4,41.5,23.2,20.0,10.2,12.3,20.3
Haute-Avesnes (62144),/management/ville/haute-avesnes/ville-62415,0.0,16.0,41.0,47.0,41.0,51.0,79.0,74.0,69.0,92.0,21.3,28.8,24.5,21.8,24.5,19.4,29.7,29.4
Dizy-le-Gros (02340),/management/ville/dizy-le-gros/ville-02264,30.0,20.0,25.0,50.0,85.0,144.0,271.0,147.0,83.0,61.0,42.1,54.8,34.5,17.1,13.4,16.2,10.0,11.8
La Houblonnière (14340),/management/ville/la-houblonniere/ville-14337,0.0,15.0,10.0,35.0,59.0,40.0,39.0,71.0,46.0,63.0,17.0,18.3,38.4,25.9,17.9,23.9,26.8,31.2
Jouy-en-Pithiverais (45480),/management/ville/jouy-en-pithiverais/ville-45174,10.0,5.0,10.0,46.0,20.0,66.0,58.0,56.0,33.0,42.0,32.3,28.7,33.3,23.4,18.2,17.2,16.2,28.7
Landas (59310),/management/ville/landas/ville-59330,20.0,95.0,236.0,311.0,271.0,186.0,401.0,376.0,312.0,673.0,19.5,25.7,25.5,17.5,18.0,17.4,36.9,39.4
La Bastide-d'Engras (30330),/management/ville/la-bastide-d-engras/ville-30031,5.0,20.0,5.0,20.0,5.0,30.0,59.0,25.0,32.0,54.0,38.5,31.9,14.1,15.9,19.2,18.7,28.2,34.1
Fronsac (33126),/management/ville/fronsac/ville-33174,44.0,39.0,77.0,111.0,92.0,140.0,201.0,284.0,155.0,245.0,21.2,24.0,33.2,27.4,17.8,17.2,27.9,27.4
Le Ménil-Bérard (61270),/management/ville/le-menil-berard/ville-61259,0.0,0.0,0.0,10.0,10.0,10.0,19.0,16.0,7.0,12.0,37.0,33.3,29.6,25.8,11.1,14.8,22.2,22.2
Émanville (27190),/management/ville/emanville/ville-27217,21.0,0.0,5.0,99.0,62.0,99.0,112.0,144.0,78.0,82.0,25.7,28.2,43.3,24.3,17.6,19.9,13.3,26.2
Laruns (64440),/management/ville/laruns/ville-64320,20.0,75.0,30.0,159.0,159.0,80.0,277.0,303.0,179.0,229.0,22.8,32.7,35.9,24.1,18.5,17.7,22.8,23.5
Le Theil-Nolent (27230),/management/ville/le-theil-nolent/ville-27627,0.0,10.0,5.0,30.0,51.0,40.0,52.0,69.0,36.0,32.0,28.7,25.8,41.5,27.9,19.1,19.4,10.6,23.7
Foncine-le-Bas (39520),/management/ville/foncine-le-bas/ville-39227,10.0,5.0,15.0,20.0,15.0,20.0,43.0,45.0,29.0,46.0,19.2,32.2,35.6,20.9,15.1,20.0,30.1,26.7
Doazit (40700),/management/ville/doazit/ville-40089,52.0,34.0,30.0,34.0,138.0,121.0,258.0,211.0,97.0,104.0,32.4,44.2,39.8,21.7,14.4,14.8,13.5,17.4
Lachapelle (80290),/management/ville/lachapelle/ville-80455,0.0,5.0,5.0,24.0,0.0,5.0,24.0,11.0,10.0,14.0,32.3,43.3,29.0,10.3,22.6,13.3,16.1,33.3
Grandval (63890),/management/ville/grandval/ville-63174,0.0,0.0,5.0,16.0,0.0,21.0,33.0,25.0,20.0,21.0,30.2,40.0,34.0,16.3,18.9,20.0,17.0,24.4
Genevreuille (70240),/management/ville/genevreuille/ville-70262,15.0,0.0,0.0,31.0,10.0,31.0,27.0,43.0,28.0,26.0,19.0,23.4,37.9,30.1,24.1,20.3,19.0,21.9
Le Breuil (71670),/management/ville/le-breuil/ville-71059,25.0,80.0,165.0,454.0,430.0,367.0,1006.0,909.0,403.0,592.0,27.8,41.0,40.4,20.8,13.5,14.2,18.3,22.3
Euzet (30360),/management/ville/euzet/ville-30109,5.0,10.0,10.0,86.0,38.0,14.0,69.0,76.0,73.0,112.0,14.6,26.7,32.3,16.2,19.6,25.0,33.5,33.7
Fourneaux (50420),/management/ville/fourneaux/ville-50192,16.0,0.0,0.0,5.0,16.0,27.0,48.0,35.0,15.0,14.0,40.7,44.1,27.8,27.0,18.5,8.5,13.0,13.6
Ferran (11240),/management/ville/ferran/ville-11141,0.0,16.0,16.0,10.0,0.0,10.0,20.0,6.0,17.0,44.0,21.3,23.7,8.5,5.7,23.4,13.2,46.8,57.9
Lesches-en-Diois (26310),/management/ville/lesches-en-diois/ville-26164,13.0,9.0,4.0,0.0,4.0,0.0,11.0,6.0,9.0,16.0,30.4,20.0,17.4,17.6,13.0,30.0,39.1,35.0
Guillac (33420),/management/ville/guillac/ville-33196,0.0,10.0,10.0,5.0,15.0,10.0,42.0,45.0,14.0,31.0,25.8,37.3,40.3,23.2,16.1,6.0,17.7,28.4
La Chapelle-sur-Dun (76740),/management/ville/la-chapelle-sur-dun/ville-76172,10.0,0.0,5.0,10.0,25.0,20.0,53.0,41.0,13.0,30.0,29.0,48.5,46.4,13.2,5.8,13.2,18.8,25.0
Haute-Épine (60690),/management/ville/haute-epine/ville-60304,25.0,5.0,25.0,30.0,25.0,15.0,50.0,52.0,37.0,54.0,22.5,29.5,31.4,21.4,19.6,18.9,26.5,29.5
Émanville (76570),/management/ville/emanville/ville-76234,5.0,5.0,21.0,111.0,151.0,157.0,158.0,143.0,91.0,109.0,32.5,30.7,34.5,21.6,18.9,17.5,14.1,29.1
Gleizé (69400),/management/ville/gleize/ville-69092,10.0,220.0,490.0,785.0,835.0,705.0,1717.0,1291.0,887.0,1468.0,28.3,35.1,28.7,19.8,14.8,18.0,28.2,26.7
Les Billaux (33500),/management/ville/les-billaux/ville-33052,0.0,66.0,66.0,179.0,189.0,119.0,244.0,262.0,165.0,206.0,25.1,30.3,35.7,23.4,18.3,19.3,21.0,25.8
Isdes (45620),/management/ville/isdes/ville-45171,0.0,5.0,10.0,90.0,85.0,99.0,113.0,142.0,69.0,92.0,22.3,31.8,40.1,25.5,16.3,16.6,21.3,23.0
La Houssaye (27410),/management/ville/la-houssaye/ville-27345,10.0,0.0,20.0,25.0,10.0,20.0,59.0,48.0,24.0,41.0,32.6,36.0,31.5,23.1,9.0,18.6,27.0,20.9
Hirtzbach (68118),/management/ville/hirtzbach/ville-68139,5.0,35.0,45.0,129.0,248.0,233.0,294.0,395.0,195.0,182.0,21.2,33.8,42.4,27.5,21.0,15.7,15.5,18.6
Escoulis (31260),/management/ville/escoulis/ville-31591,10.0,5.0,0.0,0.0,10.0,15.0,27.0,13.0,12.0,20.0,33.3,44.1,23.1,12.1,17.9,14.7,25.6,29.4
Dampierre-en-Burly (45570),/management/ville/dampierre-en-burly/ville-45122,10.0,31.0,63.0,256.0,236.0,215.0,249.0,334.0,227.0,254.0,21.6,25.3,33.9,26.5,22.1,20.5,22.3,25.5
Foncine-le-Haut (39460),/management/ville/foncine-le-haut/ville-39228,35.0,50.0,45.0,154.0,89.0,233.0,235.0,242.0,147.0,185.0,23.1,35.0,34.8,23.0,20.6,15.8,21.4,24.1
Landaul (56690),/management/ville/landaul/ville-56096,10.0,84.0,104.0,332.0,283.0,263.0,283.0,492.0,361.0,440.0,14.5,21.4,37.6,24.4,23.0,22.9,24.8,30.8
La Bastide-de-Besplas (09350),/management/ville/la-bastide-de-besplas/ville-09038,10.0,30.0,10.0,25.0,30.0,50.0,93.0,85.0,54.0,61.0,29.9,33.6,34.0,22.2,21.5,15.4,14.6,26.8
Le Ménil-Broût (61250),/management/ville/le-menil-brout/ville-61261,0.0,0.0,0.0,25.0,0.0,15.0,30.0,36.0,24.0,34.0,21.5,27.1,32.3,22.4,26.2,11.9,20.0,35.6
Frontenac (33760),/management/ville/frontenac/ville-33175,20.0,61.0,15.0,92.0,112.0,71.0,135.0,194.0,94.0,109.0,25.4,25.4,40.7,28.9,14.6,20.8,19.4,21.6
Isenay (58290),/management/ville/isenay/ville-58135,5.0,0.0,0.0,14.0,5.0,5.0,25.0,25.0,17.0,13.0,19.0,42.5,38.1,20.9,28.6,15.0,14.3,20.0
Escouloubre (11140),/management/ville/escouloubre/ville-11127,0.0,0.0,5.0,0.0,0.0,14.0,29.0,14.0,10.0,16.0,38.2,41.7,20.6,20.5,14.7,13.9,26.5,22.2
Laruscade (33620),/management/ville/laruscade/ville-33233,20.0,130.0,70.0,195.0,440.0,390.0,562.0,706.0,321.0,280.0,27.8,32.3,42.6,28.7,16.3,18.0,13.3,16.7
Doazon (64370),/management/ville/doazon/ville-64200,5.0,5.0,0.0,15.0,41.0,36.0,35.0,56.0,30.0,21.0,14.9,33.3,46.3,31.0,17.9,22.7,20.9,9.3
Lescouët-Gouarec (22570),/management/ville/lescouet-gouarec/ville-22124,30.0,10.0,5.0,25.0,20.0,25.0,59.0,33.0,41.0,29.0,39.3,32.9,22.6,20.3,22.6,27.6,15.5,21.1
Guillac (56800),/management/ville/guillac/ville-56079,5.0,70.0,50.0,95.0,220.0,200.0,302.0,338.0,180.0,195.0,26.4,33.1,41.3,23.7,16.5,18.9,15.7,22.7
Les Bizots (71710),/management/ville/les-bizots/ville-71038,25.0,30.0,25.0,66.0,29.0,95.0,88.0,118.0,83.0,75.0,17.8,30.7,43.2,21.7,22.2,23.5,16.8,24.6
Landaville (88300),/management/ville/landaville/ville-88259,10.0,5.0,10.0,45.0,25.0,35.0,77.0,82.0,44.0,29.0,30.9,35.2,43.6,26.2,16.4,21.3,9.1,15.6
Grandvals (48260),/management/ville/grandvals/ville-48071,15.0,5.0,0.0,0.0,5.0,5.0,27.0,16.0,13.0,13.0,36.1,44.1,22.2,21.1,25.0,11.8,16.7,20.6
Genevrey (70240),/management/ville/genevrey/ville-70263,5.0,10.0,30.0,30.0,35.0,55.0,59.0,63.0,30.0,38.0,27.5,35.2,42.2,21.1,16.7,14.8,13.7,27.3
Droizy (02210),/management/ville/droizy/ville-02272,0.0,10.0,5.0,15.0,5.0,0.0,13.0,12.0,11.0,17.0,19.2,29.6,26.9,18.5,23.1,18.5,30.8,33.3
Le Breuil-en-Auge (14130),/management/ville/le-breuil-en-auge/ville-14102,0.0,65.0,55.0,105.0,195.0,70.0,240.0,247.0,123.0,202.0,24.9,33.6,36.0,22.7,17.5,13.1,21.7,27.6
Lachapelle (82120),/management/ville/lachapelle/ville-82083,5.0,0.0,0.0,0.0,15.0,5.0,39.0,26.0,19.0,13.0,35.8,45.5,32.1,20.0,20.8,18.2,11.3,15.9
Ferrassières (26570),/management/ville/ferrassieres/ville-26135,22.0,0.0,0.0,17.0,11.0,6.0,43.0,36.0,19.0,12.0,36.2,42.3,44.8,20.0,12.1,23.1,6.9,15.4
Évans (39700),/management/ville/evans/ville-39219,5.0,5.0,55.0,94.0,84.0,80.0,96.0,113.0,91.0,150.0,16.6,26.5,31.5,18.7,20.0,20.5,31.9,34.7
Haute-Goulaine (44115),/management/ville/haute-goulaine/ville-44071,25.0,215.0,607.0,790.0,604.0,448.0,823.0,1174.0,751.0,1358.0,16.7,23.1,31.5,24.0,18.6,18.0,33.2,32.9
Emberménil (54370),/management/ville/embermenil/ville-54177,5.0,10.0,5.0,56.0,46.0,20.0,49.0,73.0,40.0,36.0,23.7,25.5,44.3,28.6,16.5,23.5,15.5,20.4
Glénat (15150),/management/ville/glenat/ville-15076,15.0,5.0,0.0,5.0,15.0,15.0,60.0,49.0,29.0,16.0,36.7,41.3,35.4,25.9,20.3,16.0,7.6,13.3
Fourneaux (73500),/management/ville/fourneaux/ville-73117,5.0,25.0,20.0,74.0,99.0,69.0,221.0,182.0,83.0,92.0,39.4,36.8,32.3,26.6,12.6,16.7,15.8,16.4
Escource (40210),/management/ville/escource/ville-40094,0.0,19.0,39.0,83.0,83.0,97.0,153.0,211.0,106.0,88.0,20.9,33.9,42.8,28.4,19.8,18.2,16.5,15.4
La Rue-Saint-Pierre (76690),/management/ville/la-rue-saint-pierre/ville-76547,20.0,41.0,66.0,81.0,107.0,66.0,94.0,121.0,87.0,233.0,13.4,21.5,26.7,18.0,17.6,15.3,42.4,44.5
Les Bois d'Anjou (49250),/management/ville/les-bois-d-anjou/ville-49138,56.0,81.0,106.0,293.0,303.0,470.0,546.0,548.0,318.0,396.0,27.4,33.0,35.8,23.1,17.4,17.9,19.5,24.4
Landavran (35450),/management/ville/landavran/ville-35141,30.0,20.0,25.0,94.0,84.0,119.0,69.0,145.0,88.0,136.0,14.2,17.4,39.4,24.8,20.4,20.2,26.1,36.2
Dampierre-en-Crot (18260),/management/ville/dampierre-en-crot/ville-18084,25.0,15.0,0.0,5.0,20.0,45.0,58.0,60.0,29.0,24.0,29.9,38.1,42.5,24.5,18.4,15.5,9.2,19.0
Évaux-et-Ménil (88450),/management/ville/evaux-et-menil/ville-88166,0.0,30.0,10.0,50.0,60.0,60.0,45.0,113.0,40.0,62.0,15.2,19.5,47.0,31.7,16.7,14.1,21.2,26.6
La Chapelle-sur-Erdre (44240),/management/ville/la-chapelle-sur-erdre/ville-44035,43.0,470.0,2712.0,2924.0,2096.0,1001.0,2119.0,2851.0,2493.0,6280.0,12.1,18.6,24.1,18.0,16.3,19.9,47.6,43.9
Foncquevillers (62111),/management/ville/foncquevillers/ville-62341,10.0,20.0,24.0,40.0,74.0,75.0,103.0,103.0,63.0,57.0,24.9,38.7,39.1,23.1,18.3,20.6,17.8,16.8
La Bastide-de-Bousignac (09500),/management/ville/la-bastide-de-bousignac/ville-09039,10.0,10.0,5.0,35.0,40.0,45.0,74.0,68.0,52.0,60.0,32.3,26.2,29.9,23.5,18.1,22.3,19.7,27.7
Le Ménil-Ciboult (61800),/management/ville/le-menil-ciboult/ville-61262,0.0,0.0,0.0,28.0,23.0,28.0,35.0,36.0,9.0,16.0,34.0,39.5,47.2,22.9,5.7,14.0,13.2,20.9
Frontenac (46160),/management/ville/frontenac/ville-46116,0.0,0.0,9.0,14.0,5.0,9.0,14.0,8.0,12.0,22.0,17.6,36.4,23.5,0.0,23.5,22.7,35.3,40.9
Isigny-le-Buat (50540),/management/ville/isigny-le-buat/ville-50256,140.0,65.0,65.0,226.0,457.0,608.0,923.0,835.0,365.0,334.0,31.2,44.0,42.5,23.0,14.3,15.4,11.9,15.3
Hirtzfelden (68740),/management/ville/hirtzfelden/ville-68140,10.0,5.0,63.0,246.0,140.0,101.0,185.0,303.0,149.0,267.0,14.7,26.4,39.9,24.2,17.8,15.1,27.6,31.3
Docelles (88460),/management/ville/docelles/ville-88135,0.0,20.0,30.0,60.0,110.0,185.0,249.0,212.0,102.0,103.0,29.8,44.7,39.3,22.5,16.0,14.7,15.0,15.9
Embres-et-Castelmaure (11360),/management/ville/embres-et-castelmaure/ville-11125,10.0,0.0,5.0,5.0,5.0,0.0,31.0,34.0,38.0,33.0,21.5,23.9,24.6,25.4,30.8,25.4,23.1,25.4
Lachapelle-aux-Pots (60650),/management/ville/lachapelle-aux-pots/ville-60333,0.0,15.0,35.0,185.0,255.0,275.0,368.0,346.0,197.0,247.0,28.6,34.7,35.9,23.1,15.0,18.8,20.5,22.1
Haute-Isle (95780),/management/ville/haute-isle/ville-95301,0.0,10.0,5.0,45.0,30.0,30.0,42.0,57.0,44.0,66.0,21.1,19.0,36.7,18.1,19.3,23.0,22.9,41.0
La Sabotterie (08130),/management/ville/la-sabotterie/ville-08374,10.0,0.0,5.0,10.0,5.0,16.0,25.0,36.0,9.0,16.0,27.1,29.7,45.8,31.3,10.4,10.8,16.7,18.9
Landéan (35133),/management/ville/landean/ville-35142,61.0,51.0,15.0,102.0,153.0,203.0,254.0,272.0,169.0,221.0,28.1,27.4,35.5,22.8,16.9,20.0,19.5,29.0
Fourneaux-le-Val (14700),/management/ville/fourneaux-le-val/ville-14284,10.0,0.0,15.0,5.0,5.0,20.0,46.0,29.0,20.0,26.0,38.1,37.9,30.2,18.2,11.1,22.4,20.6,22.4
Le Thieulin (28240),/management/ville/le-thieulin/ville-28385,5.0,20.0,20.0,50.0,50.0,80.0,85.0,106.0,57.0,69.0,24.8,28.8,43.3,23.5,13.4,22.5,18.5,25.0
Genevrières (52500),/management/ville/genevrieres/ville-52213,5.0,0.0,0.0,10.0,10.0,20.0,45.0,40.0,18.0,13.0,27.6,50.0,41.4,23.5,20.7,10.3,10.3,12.1
Escoussans (33760),/management/ville/escoussans/ville-33156,36.0,36.0,10.0,31.0,26.0,31.0,74.0,82.0,33.0,49.0,30.7,30.4,35.1,28.9,13.2,15.2,21.1,20.0
Lescousse (09100),/management/ville/lescousse/ville-09163,5.0,5.0,0.0,0.0,0.0,5.0,28.0,20.0,10.0,4.0,42.4,48.3,39.4,24.1,9.1,24.1,9.1,3.4
Grandvaux (71430),/management/ville/grandvaux/ville-71224,10.0,0.0,5.0,5.0,5.0,0.0,24.0,11.0,11.0,15.0,40.6,37.9,18.8,17.9,15.6,20.7,25.0,24.1
Ferrensac (47330),/management/ville/ferrensac/ville-47096,21.0,0.0,21.0,0.0,42.0,5.0,48.0,43.0,35.0,40.0,20.5,36.0,38.5,16.5,16.7,25.8,24.4,23.6
Le Breuil-en-Bessin (14330),/management/ville/le-breuil-en-bessin/ville-14103,0.0,15.0,10.0,21.0,77.0,52.0,107.0,105.0,49.0,41.0,32.2,38.8,41.4,25.0,15.1,17.1,11.2,16.4
Dognen (64190),/management/ville/dognen/ville-64201,10.0,10.0,5.0,30.0,15.0,25.0,49.0,54.0,24.0,40.0,22.9,36.1,42.2,21.6,12.0,16.9,22.9,24.1
Les Bondons (48400),/management/ville/les-bondons/ville-48028,40.0,5.0,10.0,0.0,0.0,10.0,41.0,34.0,28.0,14.0,31.3,40.0,38.8,18.2,20.9,28.0,9.0,16.0
Glénay (79330),/management/ville/glenay/ville-79134,20.0,10.0,10.0,60.0,60.0,90.0,156.0,148.0,58.0,64.0,32.7,40.7,42.9,23.5,12.9,14.4,11.5,18.7
Jouy-le-Châtel (77970),/management/ville/jouy-le-chatel/ville-77239,36.0,46.0,46.0,186.0,232.0,165.0,287.0,323.0,246.0,236.0,23.7,28.8,36.9,22.6,21.9,23.3,17.6,25.5
Frontenard (71270),/management/ville/frontenard/ville-71208,10.0,5.0,0.0,20.0,40.0,25.0,76.0,52.0,28.0,29.0,33.3,48.9,39.6,16.5,11.5,19.3,15.6,15.9
Haute-Kontz (57480),/management/ville/haute-kontz/ville-57371,5.0,10.0,35.0,65.0,105.0,90.0,111.0,124.0,77.0,116.0,22.0,29.6,35.6,22.4,15.1,20.6,27.3,26.9
La Chapelle-sur-Furieuse (39110),/management/ville/la-chapelle-sur-furieuse/ville-39103,0.0,26.0,36.0,51.0,36.0,20.0,64.0,64.0,37.0,77.0,25.6,27.9,31.4,20.9,13.2,16.4,29.8,33.6
La Houssaye-Béranger (76690),/management/ville/la-houssaye-beranger/ville-76369,5.0,30.0,25.0,60.0,100.0,75.0,84.0,154.0,72.0,95.0,15.6,26.3,47.9,24.8,18.5,17.0,18.0,29.4
Larzac (24170),/management/ville/larzac/ville-24230,9.0,9.0,0.0,14.0,28.0,5.0,24.0,38.0,27.0,16.0,22.6,23.1,39.6,30.9,24.5,26.9,13.2,17.3
Le Ménil-de-Briouze (61220),/management/ville/le-menil-de-briouze/ville-61260,36.0,0.0,15.0,51.0,82.0,96.0,156.0,126.0,78.0,56.0,34.6,40.1,34.1,23.9,21.0,16.3,10.3,17.3
Drom (01250),/management/ville/drom/ville-01150,10.0,0.0,5.0,54.0,24.0,24.0,26.0,37.0,30.0,64.0,14.3,19.8,31.2,16.0,23.4,16.0,31.2,48.1
His (31260),/management/ville/his/ville-31237,0.0,5.0,10.0,30.0,30.0,25.0,44.0,53.0,37.0,33.0,20.5,32.1,39.8,23.8,20.5,23.8,19.3,20.2
La Bastide-de-Lordat (09700),/management/ville/la-bastide-de-lordat/ville-09040,0.0,20.0,15.0,59.0,49.0,25.0,36.0,70.0,40.0,64.0,18.2,15.7,40.9,25.2,13.6,24.5,27.3,34.3
Lachapelle-Auzac (46200),/management/ville/lachapelle-auzac/ville-46145,5.0,40.0,25.0,50.0,120.0,120.0,197.0,194.0,114.0,138.0,24.5,36.5,38.2,21.3,18.8,16.7,18.5,24.3
Le Thil (27150),/management/ville/le-thil/ville-27632,9.0,18.0,28.0,50.0,64.0,73.0,91.0,111.0,65.0,67.0,27.4,26.9,39.0,26.3,16.5,22.8,17.1,22.8
Fondamente (12540),/management/ville/fondamente/ville-12155,10.0,20.0,0.0,20.0,45.0,24.0,79.0,69.0,57.0,65.0,26.1,32.3,33.3,18.6,21.0,21.1,19.6,28.6
Embreville (80570),/management/ville/embreville/ville-80265,15.0,5.0,0.0,35.0,66.0,106.0,193.0,154.0,67.0,37.0,38.3,47.2,40.5,25.0,14.4,14.8,6.8,9.6
Isigny-sur-Mer (14230),/management/ville/isigny-sur-mer/ville-14342,125.0,105.0,90.0,175.0,438.0,572.0,1522.0,788.0,301.0,286.0,47.8,56.9,32.7,20.0,9.1,11.5,10.4,9.5
Évaux-les-Bains (23110),/management/ville/evaux-les-bains/ville-23076,49.0,70.0,10.0,50.0,139.0,144.0,467.0,331.0,172.0,184.0,34.1,46.0,35.2,21.4,13.9,15.9,16.9,15.1
Guillaucourt (80170),/management/ville/guillaucourt/ville-80400,0.0,10.0,20.0,51.0,50.0,71.0,95.0,85.0,44.0,76.0,25.5,38.0,38.3,18.2,13.4,16.0,22.8,27.3
Les Bordes (36100),/management/ville/les-bordes/ville-36021,5.0,15.0,5.0,90.0,125.0,145.0,204.0,243.0,111.0,122.0,23.8,35.9,42.8,25.5,17.5,15.2,16.0,19.8
Dogneville (88000),/management/ville/dogneville/ville-88136,5.0,57.0,91.0,195.0,213.0,179.0,315.0,355.0,201.0,290.0,23.2,30.8,35.8,23.9,16.2,18.4,24.8,25.2
La Salette-Fallavaux (38970),/management/ville/la-salette-fallavaux/ville-38469,5.0,5.0,0.0,25.0,0.0,0.0,17.0,15.0,6.0,18.0,26.5,36.4,35.3,13.0,11.8,9.1,26.5,40.9
Fournels (48310),/management/ville/fournels/ville-48064,20.0,20.0,5.0,10.0,45.0,25.0,139.0,88.0,41.0,38.0,38.0,51.8,35.9,20.0,17.6,9.8,8.5,15.9
La Houssaye-en-Brie (77610),/management/ville/la-houssaye-en-brie/ville-77229,10.0,80.0,145.0,266.0,226.0,211.0,233.0,340.0,239.0,349.0,21.1,19.0,33.9,24.5,17.1,24.0,27.9,32.3
Landebaëron (22140),/management/ville/landebaeron/ville-22095,0.0,0.0,10.0,15.0,25.0,25.0,28.0,33.0,25.0,53.0,21.9,18.5,21.9,23.3,21.9,13.8,34.2,41.5
Ferrère (65370),/management/ville/ferrere/ville-65175,0.0,5.0,5.0,15.0,0.0,0.0,12.0,11.0,7.0,10.0,15.8,42.9,31.6,21.7,21.1,14.3,31.6,19.0
Hitte (65190),/management/ville/hitte/ville-65222,5.0,0.0,10.0,0.0,40.0,20.0,29.0,39.0,20.0,35.0,20.3,27.1,40.6,21.7,12.5,20.3,26.6,30.5
Le Breuil-sur-Couze (63340),/management/ville/le-breuil-sur-couze/ville-63052,10.0,35.0,45.0,76.0,147.0,212.0,206.0,249.0,146.0,179.0,23.8,28.8,36.4,24.9,20.7,17.0,19.1,26.6
Dampierre-en-Graçay (18310),/management/ville/dampierre-en-gracay/ville-18085,5.0,0.0,5.0,15.0,31.0,46.0,44.0,60.0,35.0,34.0,22.0,29.6,37.4,28.7,22.0,17.3,18.7,19.8
Grandvelle-et-le-Perrenot (70190),/management/ville/grandvelle-et-le-perrenot/ville-70275,5.0,30.0,25.0,25.0,55.0,45.0,59.0,87.0,53.0,55.0,16.7,29.1,47.5,22.4,19.2,22.4,16.7,26.1
Glénic (23380),/management/ville/glenic/ville-23092,5.0,15.0,30.0,94.0,114.0,65.0,121.0,153.0,120.0,112.0,20.6,27.1,36.6,23.6,23.7,23.9,19.1,25.5
Jouy-le-Moutier (95280),/management/ville/jouy-le-moutier/ville-95323,5.0,281.0,1601.0,2380.0,2507.0,1252.0,2635.0,2601.0,1978.0,3431.0,23.9,25.5,26.7,21.6,18.7,18.5,30.7,33.6
La Chapelle-sur-Loire (37140),/management/ville/la-chapelle-sur-loire/ville-37058,0.0,35.0,40.0,176.0,155.0,229.0,417.0,344.0,158.0,191.0,32.3,42.7,37.0,22.4,15.4,12.9,15.2,19.2
Lescout (81110),/management/ville/lescout/ville-81143,15.0,20.0,26.0,71.0,122.0,102.0,159.0,131.0,95.0,103.0,28.4,36.6,34.2,19.5,19.8,19.5,17.7,24.4
8
8.0,19.0
Dromesnil (80640),/management/ville/dromesnil/ville-80259,0.0,0.0,6.0,0.0,17.0,17.0,30.0,21.0,15.0,15.0,31.8,45.9,22.7,24.4,25.0,8.1,20.5,16.2
Lachapelle-en-Blaisy (52330),/management/ville/lachapelle-en-blaisy/ville-52254,0.0,0.0,5.0,5.0,14.0,5.0,16.0,15.0,13.0,18.0,23.3,29.0,23.3,25.0,20.0,22.6,33.3,22.6
Escoussens (81290),/management/ville/escoussens/ville-81084,15.0,16.0,25.0,74.0,83.0,83.0,132.0,168.0,70.0,92.0,27.1,30.2,41.3,27.7,11.7,18.9,20.0,19.8
La Houssière (88430),/management/ville/la-houssiere/ville-88244,15.0,30.0,30.0,39.0,44.0,99.0,160.0,143.0,65.0,68.0,28.6,44.5,42.7,21.1,15.5,14.2,13.2,18.3
Landébia (22130),/management/ville/landebia/ville-22096,0.0,5.0,0.0,61.0,40.0,96.0,143.0,124.0,58.0,38.0,33.5,45.2,43.2,23.3,15.3,16.7,8.0,12.9
Dohem (62380),/management/ville/dohem/ville-62271,15.0,10.0,25.0,105.0,136.0,90.0,150.0,155.0,110.0,151.0,23.7,29.5,31.4,22.4,19.5,19.3,25.4,28.0
Les Bordes (45460),/management/ville/les-bordes/ville-45042,0.0,60.0,80.0,235.0,190.0,275.0,382.0,472.0,201.0,288.0,23.1,33.7,41.2,25.6,14.6,15.3,21.0,21.8
Fondettes (37230),/management/ville/fondettes/ville-37109,5.0,354.0,1144.0,1384.0,1082.0,632.0,1552.0,1700.0,1366.0,3013.0,16.8,23.6,26.4,18.4,17.5,18.3,39.3,39.6
Drosay (76460),/management/ville/drosay/ville-76221,10.0,0.0,15.0,25.0,15.0,20.0,51.0,39.0,22.0,46.0,26.7,36.6,36.0,15.0,10.7,17.1,26.7,31.7
Embrun (05200),/management/ville/embrun/ville-05046,25.0,224.0,269.0,534.0,904.0,535.0,1547.0,1145.0,905.0,1328.0,27.4,34.7,28.3,19.0,18.6,18.2,25.7,28.0
La Bastide-de-Sérou (09240),/management/ville/la-bastide-de-serou/ville-09042,45.0,25.0,25.0,110.0,120.0,60.0,260.0,169.0,140.0,196.0,28.1,39.3,27.5,17.3,19.2,17.5,25.3,25.9
Jouy-le-Potier (45370),/management/ville/jouy-le-potier/ville-45175,0.0,25.0,110.0,275.0,140.0,105.0,156.0,254.0,205.0,392.0,13.9,17.1,30.1,20.5,19.4,21.3,36.5,41.4
Haute-Vigneulles (57690),/management/ville/haute-vigneulles/ville-57714,9.0,5.0,29.0,49.0,29.0,59.0,96.0,101.0,66.0,52.0,20.7,39.0,42.0,22.9,21.3,20.1,16.0,17.1
Ève (60330),/management/ville/eve/ville-60226,0.0,10.0,50.0,64.0,35.0,25.0,98.0,88.0,48.0,85.0,25.2,35.7,31.1,21.9,17.9,12.3,25.8,27.5
La Chapelle-sur-Oreuse (89260),/management/ville/la-chapelle-sur-oreuse/ville-89080,5.0,20.0,25.0,85.0,80.0,65.0,118.0,143.0,72.0,118.0,21.8,30.2,38.4,23.7,13.9,17.9,25.9,26.4
Landécourt (54360),/management/ville/landecourt/ville-54293,0.0,0.0,10.0,16.0,10.0,5.0,7.0,30.0,15.0,19.0,8.1,11.4,40.5,33.3,32.4,8.6,18.9,34.3
Ferrette (68480),/management/ville/ferrette/ville-68090,10.0,35.0,55.0,80.0,65.0,126.0,141.0,157.0,86.0,139.0,21.6,33.1,34.2,23.2,16.5,16.3,27.7,25.3
Le Brévedent (14130),/management/ville/le-brevedent/ville-14104,0.0,10.0,5.0,35.0,25.0,25.0,32.0,47.0,16.0,38.0,18.2,29.9,40.9,26.3,7.6,16.4,33.3,23.9
Island (89200),/management/ville/island/ville-89203,10.0,0.0,10.0,10.0,25.0,30.0,38.0,59.0,23.0,31.0,22.7,27.6,50.7,25.3,12.0,18.4,14.7,26.3
Fournès (30210),/management/ville/fournes/ville-30116,30.0,30.0,45.0,167.0,161.0,91.0,239.0,189.0,122.0,199.0,29.8,33.9,31.2,18.9,16.3,16.5,22.8,30.2
Guillaumes (06470),/management/ville/guillaumes/ville-06071,20.0,45.0,40.0,44.0,84.0,69.0,208.0,127.0,88.0,111.0,34.4,42.9,28.6,19.2,14.1,18.9,22.9,18.9
Dampierre-en-Montagne (21350),/management/ville/dampierre-en-montagne/ville-21224,14.0,0.0,0.0,9.0,0.0,0.0,20.0,12.0,12.0,12.0,25.0,48.0,25.0,16.7,25.0,20.0,25.0,16.0
Glénouze (86200),/management/ville/glenouze/ville-86106,6.0,11.0,0.0,11.0,11.0,17.0,32.0,34.0,19.0,10.0,38.0,28.9,40.0,29.2,16.0,24.4,6.0,15.6
La Salle (71260),/management/ville/la-salle/ville-71494,0.0,10.0,20.0,59.0,84.0,89.0,151.0,115.0,73.0,72.0,35.4,37.9,32.5,22.5,16.7,18.7,15.3,19.7
Grandvillars (90600),/management/ville/grandvillars/ville-90053,0.0,80.0,130.0,275.0,450.0,450.0,821.0,756.0,311.0,343.0,30.7,42.3,39.6,25.0,14.1,13.8,15.5,15.2
Lasalle (30460),/management/ville/lasalle/ville-30140,0.0,86.0,71.0,91.0,126.0,71.0,290.0,205.0,171.0,261.0,30.2,32.3,27.5,17.5,18.5,18.5,23.8,31.9
Hochfelden (67270),/management/ville/hochfelden/ville-67202,26.0,99.0,289.0,479.0,601.0,446.0,624.0,1017.0,496.0,788.0,17.5,24.9,38.9,27.4,16.0,17.8,27.6,26.4
Jouy-lès-Reims (51390),/management/ville/jouy-les-reims/ville-51310,15.0,0.0,10.0,20.0,20.0,20.0,56.0,33.0,15.0,53.0,29.5,41.8,26.9,13.8,14.1,5.1,29.5,38.0
La Bastide-des-Jourdans (84240),/management/ville/la-bastide-des-jourdans/ville-84009,38.0,58.0,82.0,178.0,144.0,111.0,236.0,323.0,222.0,317.0,21.2,21.8,34.3,24.1,18.2,22.1,26.3,31.3
Embry (62990),/management/ville/embry/ville-62293,5.0,10.0,5.0,26.0,51.0,31.0,57.0,47.0,38.0,38.0,28.0,36.8,33.3,18.8,20.4,20.7,18.3,24.1
Frontenaud (71580),/management/ville/frontenaud/ville-71209,9.0,35.0,10.0,56.0,69.0,113.0,294.0,166.0,75.0,68.0,40.5,56.0,36.6,18.2,12.7,12.3,10.2,12.3
Escout (64870),/management/ville/escout/ville-64209,0.0,30.0,35.0,50.0,60.0,75.0,75.0,128.0,47.0,82.0,19.0,26.6,42.5,28.3,14.9,13.3,23.6,25.9
Le Ménil-Scelleur (61320),/management/ville/le-menil-scelleur/ville-61271,0.0,0.0,0.0,0.0,16.0,11.0,15.0,33.0,12.0,12.0,12.1,28.9,57.6,31.8,12.1,21.1,18.2,13.2
La Houssoye (60390),/management/ville/la-houssoye/ville-60319,0.0,25.0,15.0,61.0,80.0,126.0,172.0,123.0,65.0,72.0,39.9,39.7,32.3,23.1,11.7,18.7,16.1,17.2
Lachapelle-Graillouse (07470),/management/ville/lachapelle-graillouse/ville-07121,5.0,15.0,0.0,15.0,28.0,29.0,77.0,56.0,17.0,24.0,40.4,48.2,39.3,21.9,7.9,11.8,12.4,15.3
Les Bordes (71350),/management/ville/les-bordes/ville-71043,0.0,0.0,0.0,0.0,16.0,16.0,30.0,23.0,6.0,10.0,40.0,50.0,40.0,18.9,15.0,0.0,5.0,26.7
Fondremand (70190),/management/ville/fondremand/ville-70239,0.0,0.0,26.0,11.0,31.0,25.0,39.0,38.0,21.0,52.0,22.2,29.1,30.6,19.3,13.9,15.2,33.3,35.4
Fournes-Cabardès (11600),/management/ville/fournes-cabardes/ville-11154,5.0,0.0,5.0,0.0,5.0,5.0,17.0,10.0,4.0,12.0,23.8,52.4,33.3,13.6,9.5,9.5,33.3,23.8
Glère (25190),/management/ville/glere/ville-25275,10.0,10.0,5.0,10.0,20.0,40.0,62.0,55.0,29.0,20.0,31.3,43.0,41.3,23.7,17.5,17.4,10.0,14.0
Le Brignon (43370),/management/ville/le-brignon/ville-43039,40.0,35.0,5.0,64.0,74.0,74.0,130.0,136.0,85.0,97.0,24.8,34.0,35.7,23.5,17.6,20.6,21.8,21.1
Évecquemont (78740),/management/ville/evecquemont/ville-78227,0.0,50.0,105.0,135.0,90.0,35.0,84.0,148.0,110.0,240.0,14.1,14.8,26.1,23.2,19.9,17.9,39.9,42.6
Hautecloque (62130),/management/ville/hautecloque/ville-62416,0.0,0.0,5.0,5.0,25.0,71.0,53.0,42.0,27.0,43.0,29.4,35.0,29.4,19.8,18.8,13.8,22.4,30.0
Génicourt (95650),/management/ville/genicourt/ville-95271,5.0,20.0,40.0,90.0,80.0,45.0,93.0,111.0,74.0,119.0,23.4,23.4,32.7,22.3,17.1,20.3,26.8,33.3
Le Thil-Riberpré (76440),/management/ville/le-thil-riberpre/ville-76691,10.0,20.0,0.0,20.0,15.0,30.0,47.0,61.0,30.0,29.0,29.0,27.6,37.6,29.7,19.4,15.8,14.0,21.1
Isle (87170),/management/ville/isle/ville-87075,10.0,212.0,670.0,892.0,827.0,512.0,1431.0,1358.0,905.0,2106.0,21.6,27.3,28.7,18.3,15.5,15.7,34.2,38.1
,10.9,16.2,15.6,52.5,54.6
Guillemont (80360),/management/ville/guillemont/ville-80401,5.0,0.0,0.0,5.0,30.0,20.0,28.0,42.0,14.0,18.0,20.8,34.7,52.8,24.6,15.1,12.2,11.3,24.5
Les Bordes (89500),/management/ville/les-bordes/ville-89051,15.0,20.0,30.0,20.0,86.0,66.0,120.0,137.0,63.0,88.0,28.5,30.6,38.8,25.6,12.6,18.7,20.1,22.8
Lachapelle-Saint-Pierre (60730),/management/ville/lachapelle-saint-pierre/ville-60334,5.0,40.0,71.0,141.0,131.0,86.0,149.0,223.0,131.0,155.0,19.6,26.1,39.2,26.0,19.3,20.4,21.9,25.5
Grandville (10700),/management/ville/grandville/ville-10167,0.0,5.0,0.0,0.0,15.0,20.0,31.0,18.0,10.0,11.0,35.1,54.5,35.1,14.3,18.9,9.1,10.8,21.2
Hochstatt (68720),/management/ville/hochstatt/ville-68141,35.0,55.0,219.0,303.0,244.0,154.0,315.0,549.0,240.0,539.0,13.8,24.1,36.2,26.1,16.6,12.7,33.3,32.4
Landéda (29870),/management/ville/landeda/ville-29101,30.0,115.0,245.0,455.0,395.0,285.0,580.0,677.0,501.0,929.0,15.0,27.6,31.6,19.3,18.2,19.1,35.3,34.0
Le Ménil-Vicomte (61240),/management/ville/le-menil-vicomte/ville-61272,0.0,0.0,0.0,0.0,0.0,10.0,4.0,5.0,3.0,4.0,22.2,28.6,33.3,25.0,22.2,14.3,22.2,28.6
Escoutoux (63300),/management/ville/escoutoux/ville-63151,5.0,41.0,46.0,178.0,208.0,157.0,282.0,359.0,192.0,220.0,23.2,30.5,41.8,24.4,16.5,20.0,18.4,23.7
La Bastide-du-Salat (09160),/management/ville/la-bastide-du-salat/ville-09041,0.0,0.0,0.0,24.0,24.0,33.0,32.0,49.0,31.0,27.0,18.8,27.1,40.6,28.0,21.7,22.9,18.8,20.0
Génicourt-sur-Meuse (55320),/management/ville/genicourt-sur-meuse/ville-55204,15.0,5.0,0.0,20.0,44.0,59.0,58.0,73.0,40.0,31.0,28.7,28.2,44.6,26.4,15.8,24.3,10.9,20.4
La Salle (88470),/management/ville/la-salle/ville-88438,0.0,5.0,10.0,39.0,63.0,44.0,103.0,86.0,49.0,65.0,27.9,39.3,37.1,20.1,15.0,17.2,20.0,22.7
7,20.1,23.3
Émerainville (77184),/management/ville/emerainville/ville-77169,15.0,170.0,888.0,1306.0,1142.0,683.0,1350.0,1015.0,1081.0,1935.0,24.6,25.5,20.9,17.4,20.5,19.7,34.0,37.8
Dohis (02360),/management/ville/dohis/ville-02265,0.0,0.0,0.0,10.0,0.0,15.0,47.0,18.0,7.0,9.0,44.1,68.1,38.2,10.9,2.9,12.8,14.7,8.5
Guillerval (91690),/management/ville/guillerval/ville-91294,5.0,20.0,35.0,140.0,95.0,60.0,117.0,180.0,120.0,168.0,18.8,21.3,36.0,23.8,21.5,19.5,23.8,34.0
Le Broc (06510),/management/ville/le-broc/ville-06025,0.0,70.0,119.0,189.0,159.0,129.0,228.0,331.0,197.0,279.0,20.0,24.0,40.8,23.2,15.0,23.2,24.2,29.6
Hochstett (67170),/management/ville/hochstett/ville-67203,0.0,20.0,10.0,50.0,45.0,65.0,49.0,77.0,40.0,106.0,15.6,20.4,37.0,19.1,12.6,16.8,34.8,43.1
Évellys (56500),/management/ville/evellys/ville-56144,118.0,113.0,68.0,261.0,368.0,638.0,815.0,871.0,450.0,414.0,26.5,37.2,41.1,25.0,18.1,17.2,14.4,18.0
Escoville (14850),/management/ville/escoville/ville-14246,5.0,30.0,39.0,94.0,117.0,71.0,157.0,160.0,105.0,156.0,22.5,31.4,32.7,21.5,20.1,16.7,24.6,29.0
Frontenay (39210),/management/ville/frontenay/ville-39244,10.0,5.0,5.0,15.0,20.0,31.0,23.0,33.0,37.0,42.0,12.7,21.7,27.0,23.4,25.4,29.0,34.9,27.5
La Chapelle-Taillefert (23000),/management/ville/la-chapelle-taillefert/ville-23052,5.0,25.0,15.0,45.0,46.0,46.0,110.0,98.0,51.0,74.0,31.3,34.7,37.5,21.1,13.8,16.5,17.5,26.5
Glières-Val-de-Borne (74130),/management/ville/glieres-val-de-borne/ville-74212,10.0,99.0,89.0,317.0,173.0,273.0,319.0,388.0,240.0,360.0,25.0,23.8,35.7,22.6,17.2,19.5,22.1,33.2
Émerchicourt (59580),/management/ville/emerchicourt/ville-59192,5.0,20.0,45.0,115.0,110.0,60.0,194.0,210.0,97.0,131.0,25.1,35.7,39.8,24.5,14.7,15.9,20.4,21.0
Hautecour (39130),/management/ville/hautecour/ville-39265,5.0,25.0,5.0,20.0,10.0,0.0,43.0,35.0,30.0,53.0,19.5,33.3,31.2,14.1,16.9,20.2,32.5,33.3
Lachapelle-sous-Aubenas (07200),/management/ville/lachapelle-sous-aubenas/ville-07122,0.0,84.0,64.0,167.0,287.0,103.0,360.0,356.0,210.0,290.0,30.1,29.1,35.0,22.3,15.4,19.3,19.4,28.4
Dampierre-et-Flée (21310),/management/ville/dampierre-et-flee/ville-21225,10.0,5.0,5.0,16.0,21.0,21.0,23.0,30.0,19.0,31.0,15.2,28.6,45.7,17.0,13.0,21.4,26.1,33.9
Lescuns (31220),/management/ville/lescuns/ville-31292,15.0,0.0,0.0,10.0,15.0,10.0,10.0,14.0,10.0,16.0,20.0,20.0,40.0,18.2,12.0,28.0,28.0,36.0
Les Bordes-Aumont (10800),/management/ville/les-bordes-aumont/ville-10049,0.0,5.0,55.0,64.0,95.0,55.0,80.0,99.0,70.0,97.0,23.3,22.8,32.4,23.0,22.7,17.5,21.6,35.1
Grandvillers (88600),/management/ville/grandvillers/ville-88216,5.0,21.0,26.0,41.0,165.0,134.0,153.0,207.0,89.0,106.0,24.7,30.5,45.5,26.5,12.7,19.4,17.1,21.1
Droué (41270),/management/ville/droue/ville-41075,15.0,44.0,0.0,20.0,109.0,99.0,422.0,275.0,73.0,48.0,49.6,53.3,34.7,26.2,9.4,8.7,6.3,5.5
Lascaux (19130),/management/ville/lascaux/ville-19109,9.0,33.0,5.0,33.0,14.0,19.0,44.0,49.0,30.0,32.0,24.3,31.7,43.2,20.2,20.3,18.3,12.2,29.3
La Jaille-Yvon (49220),/management/ville/la-jaille-yvon/ville-49161,0.0,5.0,30.0,55.0,60.0,10.0,46.0,62.0,30.0,72.0,21.6,22.2,31.4,24.6,13.7,14.8,33.3,35.2
Le Broc (63500),/management/ville/le-broc/ville-63054,20.0,25.0,25.0,35.0,95.0,80.0,138.0,140.0,78.0,157.0,20.3,34.0,34.6,18.1,18.0,12.1,27.1,34.4
Jouy-Mauvoisin (78200),/management/ville/jouy-mauvoisin/ville-78324,0.0,44.0,20.0,60.0,80.0,25.0,100.0,142.0,70.0,107.0,20.0,27.4,40.0,25.3,15.7,17.8,24.3,26.9
Fonds-Saint-Denis (97250),/management/ville/fonds-saint-denis/ville-97208,22.0,33.0,16.0,98.0,109.0,82.0,296.0,180.0,90.0,63.0,44.5,49.4,33.5,22.0,13.5,15.2,8.5,11.6
Ferrière-et-Lafolie (52300),/management/ville/ferriere-et-lafolie/ville-52199,0.0,10.0,5.0,0.0,0.0,5.0,11.0,12.0,7.0,10.0,18.2,38.9,40.9,17.6,13.6,22.2,27.3,22.2
Landéhen (22400),/management/ville/landehen/ville-22098,40.0,45.0,55.0,224.0,214.0,159.0,194.0,325.0,206.0,260.0,18.8,20.6,38.4,26.1,20.2,21.6,22.5,30.1
Évenos (83330),/management/ville/evenos/ville-83053,24.0,121.0,237.0,314.0,276.0,140.0,379.0,489.0,341.0,587.0,21.6,20.6,30.4,23.3,17.4,20.6,30.6,34.7
Le Menoux (36200),/management/ville/le-menoux/ville-36117,5.0,5.0,25.0,45.0,84.0,55.0,86.0,105.0,80.0,82.0,24.3,24.5,35.8,24.4,19.1,26.1,20.8,25.5
Les Bordes-sur-Arize (09350),/management/ville/les-bordes-sur-arize/ville-09061,25.0,10.0,5.0,40.0,60.0,15.0,103.0,114.0,88.0,84.0,23.6,29.0,34.6,24.3,22.0,23.2,19.8,23.2
Genilac (42800),/management/ville/genilac/ville-42225,25.0,95.0,185.0,545.0,515.0,480.0,548.0,855.0,537.0,783.0,18.8,21.4,35.1,25.6,20.0,19.4,26.1,31.4
Le Thillot (88160),/management/ville/le-thillot/ville-88468,5.0,110.0,70.0,285.0,355.0,550.0,1298.0,785.0,333.0,332.0,40.0,53.4,35.2,20.7,12.1,12.1,12.7,11.6
Fournes-en-Weppes (59134),/management/ville/fournes-en-weppes/ville-59250,21.0,41.0,284.0,348.0,195.0,152.0,411.0,284.0,279.0,644.0,21.7,28.7,22.7,13.5,17.2,17.3,38.4,41.1
Hocquigny (50320),/management/ville/hocquigny/ville-50247,5.0,0.0,0.0,10.0,20.0,20.0,41.0,52.0,19.0,22.0,24.2,36.8,53.0,22.7,13.6,14.7,9.1,23.5
Doignies (59400),/management/ville/doignies/ville-59176,0.0,5.0,5.0,36.0,51.0,92.0,60.0,69.0,50.0,62.0,24.4,25.6,33.3,22.6,21.1,20.7,21.1,30.6
Escragnolles (06460),/management/ville/escragnolles/ville-06058,10.0,65.0,10.0,79.0,115.0,50.0,121.0,159.0,84.0,95.0,28.3,24.0,41.7,24.8,15.0,22.5,15.0,27.9
La Jard (17460),/management/ville/la-jard/ville-17191,10.0,5.0,15.0,65.0,80.0,50.0,85.0,107.0,61.0,57.0,23.7,31.2,41.4,25.4,19.7,19.7,15.1,21.7
Jouy-sous-Thelle (60240),/management/ville/jouy-sous-thelle/ville-60327,5.0,25.0,55.0,205.0,95.0,95.0,197.0,248.0,130.0,142.0,24.3,30.7,42.0,24.8,18.2,18.0,15.5,24.2
La Chapelle-Thècle (71470),/management/ville/la-chapelle-thecle/ville-71097,28.0,19.0,9.0,33.0,28.0,104.0,123.0,148.0,52.0,70.0,24.5,38.6,48.5,23.3,11.8,14.8,15.2,20.6
Isle-Aubigny (10240),/management/ville/isle-aubigny/ville-10174,10.0,10.0,0.0,20.0,10.0,26.0,76.0,30.0,16.0,21.0,42.3,64.8,31.0,9.9,12.7,9.9,14.1,15.5
Dampierre-le-Château (51330),/management/ville/dampierre-le-chateau/ville-51206,5.0,5.0,0.0,15.0,21.0,26.0,28.0,23.0,11.0,11.0,34.3,41.7,37.1,23.1,14.3,16.7,14.3,16.7
Glisolles (27190),/management/ville/glisolles/ville-27287,0.0,39.0,82.0,121.0,116.0,72.0,133.0,187.0,142.0,169.0,21.7,20.8,32.5,26.7,17.8,27.1,28.0,25.6
Lascazères (65700),/management/ville/lascazeres/ville-65264,10.0,0.0,5.0,51.0,25.0,30.0,55.0,76.0,37.0,63.0,21.9,25.2,38.6,25.4,14.0,18.3,25.4,28.7
Le Tholonet (13100),/management/ville/le-tholonet/ville-13109,0.0,124.0,382.0,326.0,207.0,129.0,208.0,248.0,277.0,1019.0,11.0,12.7,14.5,14.0,15.9,15.8,58.5,57.7
Lachapelle-sous-Chanéac (07310),/management/ville/lachapelle-sous-chaneac/ville-07123,5.0,5.0,0.0,30.0,10.0,10.0,46.0,48.0,12.0,23.0,28.8,41.4,50.8,22.0,10.2,8.6,10.2,24.3
Lescure (09420),/management/ville/lescure/ville-09164,45.0,25.0,20.0,55.0,60.0,85.0,114.0,95.0,99.0,83.0,31.4,26.7,29.9,19.4,26.0,24.6,12.7,30.5
La Salle-en-Beaumont (38350),/management/ville/la-salle-en-beaumont/ville-38470,10.0,15.0,5.0,35.0,40.0,35.0,79.0,79.0,42.0,51.0,27.3,35.8,39.1,23.0,12.5,21.1,21.1,19.5
Escrennes (45300),/management/ville/escrennes/ville-45137,0.0,35.0,30.0,111.0,101.0,106.0,162.0,194.0,97.0,104.0,28.2,29.7,37.7,27.7,17.9,17.1,16.1,21.3
Grandvillers-aux-Bois (60190),/management/ville/grandvillers-aux-bois/ville-60285,0.0,5.0,10.0,69.0,30.0,69.0,64.0,67.0,33.0,49.0,28.8,31.7,36.9,23.7,14.4,16.3,19.8,26.0
Hautecour (73600),/management/ville/hautecour/ville-73131,0.0,15.0,20.0,40.0,25.0,40.0,59.0,73.0,37.0,75.0,21.6,26.3,37.6,20.6,15.2,15.3,25.6,36.4
Le Brouilh-Monbert (32350),/management/ville/le-brouilh-monbert/ville-32065,15.0,5.0,5.0,20.0,25.0,45.0,42.0,45.0,28.0,56.0,20.0,28.6,31.3,20.8,16.3,16.5,32.5,33.0
Droue-sur-Drouette (28230),/management/ville/droue-sur-drouette/ville-28135,0.0,20.0,218.0,168.0,112.0,81.0,172.0,237.0,164.0,354.0,14.7,22.3,28.2,22.0,17.3,17.9,39.8,36.8
Les Bottereaux (27250),/management/ville/les-bottereaux/ville-27096,0.0,0.0,21.0,31.0,46.0,72.0,91.0,81.0,49.0,40.0,33.6,36.0,37.2,23.3,17.5,20.8,11.7,19.2
Jouy-sur-Eure (27120),/management/ville/jouy-sur-eure/ville-27358,10.0,34.0,49.0,69.0,94.0,39.0,107.0,125.0,79.0,128.0,21.1,27.9,34.5,21.7,16.1,19.5,28.3,30.2
Landeleau (29530),/management/ville/landeleau/ville-29102,48.0,54.0,15.0,79.0,68.0,117.0,297.0,214.0,126.0,111.0,34.6,45.0,32.3,22.2,19.9,13.8,13.2,16.6
Évergnicourt (02190),/management/ville/evergnicourt/ville-02299,5.0,5.0,15.0,65.0,104.0,150.0,154.0,130.0,78.0,59.0,28.8,44.5,42.0,19.9,16.0,21.1,13.2,14.8
La Bastide-Pradines (12490),/management/ville/la-bastide-pradines/ville-12022,0.0,0.0,0.0,14.0,0.0,19.0,27.0,22.0,22.0,23.0,26.0,29.5,32.0,15.0,26.0,22.7,16.0,34.1
Genillé (37460),/management/ville/genille/ville-37111,10.0,70.0,80.0,134.0,178.0,164.0,433.0,328.0,197.0,234.0,30.6,41.4,36.4,19.2,14.4,18.6,18.5,20.6
Le Mérévillois (91660),/management/ville/le-merevillois/ville-91390,26.0,123.0,241.0,410.0,514.0,317.0,701.0,699.0,442.0,671.0,27.2,28.6,33.4,22.0,14.7,20.4,24.7,28.6
Isle-Aumont (10800),/management/ville/isle-aumont/ville-10173,10.0,0.0,31.0,81.0,31.0,31.0,96.0,139.0,56.0,91.0,24.0,26.3,40.6,27.9,12.5,16.8,22.9,24.7
Ferrière-la-Grande (59680),/management/ville/ferriere-la-grande/ville-59230,10.0,70.0,195.0,501.0,787.0,642.0,1189.0,1197.0,660.0,749.0,25.3,36.6,37.2,24.1,18.7,16.3,18.8,20.6
Frontenay-Rohan-Rohan (79270),/management/ville/frontenay-rohan-rohan/ville-79130,5.0,50.0,210.0,455.0,395.0,300.0,547.0,665.0,354.0,626.0,23.0,26.7,34.2,24.3,16.0,16.3,26.9,30.1
Fournet-Blancheroche (25140),/management/ville/fournet-blancheroche/ville-25255,0.0,21.0,37.0,53.0,21.0,68.0,58.0,80.0,62.0,69.0,22.7,20.2,32.6,26.2,20.6,25.6,24.1,27.9
Le Tholy (88530),/management/ville/le-tholy/ville-88470,10.0,30.0,65.0,190.0,205.0,240.0,408.0,368.0,174.0,279.0,30.8,35.5,33.3,23.7,14.2,14.1,21.7,23.6
Lascelle (15590),/management/ville/lascelle/ville-15096,5.0,10.0,5.0,50.0,40.0,30.0,85.0,70.0,33.0,42.0,31.0,42.7,38.9,20.5,15.0,13.7,15.0,21.4
Guillestre (05600),/management/ville/guillestre/ville-05065,15.0,76.0,105.0,271.0,352.0,216.0,491.0,479.0,362.0,501.0,21.4,31.7,32.8,19.7,21.3,18.3,24.5,30.0
La Chapelle-Thémer (85210),/management/ville/la-chapelle-themer/ville-85056,35.0,10.0,24.0,45.0,15.0,25.0,127.0,79.0,45.0,54.0,38.1,45.6,35.5,15.4,14.8,14.3,11.6,24.5
Hocquinghen (62850),/management/ville/hocquinghen/ville-62455,5.0,0.0,0.0,15.0,5.0,15.0,25.0,25.0,18.0,14.0,15.8,43.2,50.0,15.0,21.1,22.7,13.2,20.5
Doingt (80200),/management/ville/doingt/ville-80240,0.0,55.0,90.0,145.0,165.0,209.0,436.0,265.0,168.0,238.0,34.7,43.9,29.4,17.8,16.3,14.1,19.6,23.4
Dampierre-les-Bois (25490),/management/ville/dampierre-les-bois/ville-25190,0.0,65.0,74.0,229.0,180.0,195.0,376.0,358.0,224.0,282.0,24.1,36.4,34.3,22.0,19.3,16.9,22.3,23.3
La Bastide-Puylaurent (48250),/management/ville/la-bastide-puylaurent/ville-48021,10.0,15.0,10.0,5.0,15.0,25.0,45.0,46.0,13.0,26.0,31.3,37.9,40.6,25.6,7.8,12.1,20.3,19.7
Glisy (80440),/management/ville/glisy/ville-80379,0.0,21.0,114.0,113.0,72.0,31.0,109.0,113.0,91.0,191.0,15.7,27.5,29.5,15.4,18.9,17.1,35.8,40.2
Lachapelle-sous-Chaux (90300),/management/ville/lachapelle-sous-chaux/ville-90057,0.0,34.0,108.0,123.0,69.0,54.0,82.0,160.0,94.0,209.0,14.1,15.8,32.7,24.6,15.2,19.0,37.9,38.8
Le Mériot (10400),/management/ville/le-meriot/ville-10231,5.0,0.0,20.0,98.0,83.0,88.0,113.0,144.0,90.0,82.0,21.8,31.0,43.5,23.4,19.0,23.0,15.7,22.5
Fournets-Luisans (25390),/management/ville/fournets-luisans/ville-25288,14.0,0.0,29.0,77.0,58.0,168.0,111.0,170.0,82.0,114.0,19.8,27.0,40.5,26.3,19.4,14.8,20.2,27.8
Escrignelles (45250),/management/ville/escrignelles/ville-45138,10.0,0.0,0.0,5.0,0.0,5.0,7.0,10.0,10.0,14.0,16.7,17.6,25.0,22.2,29.2,17.6,29.2,41.2
Le Brugeron (63880),/management/ville/le-brugeron/ville-63057,0.0,14.0,5.0,24.0,19.0,25.0,79.0,62.0,23.0,41.0,31.7,44.3,37.6,20.8,11.9,10.4,18.8,21.7
Lescure-d'Albigeois (81380),/management/ville/lescure-d-albigeois/ville-81144,10.0,196.0,185.0,535.0,625.0,389.0,936.0,1146.0,622.0,754.0,23.4,30.4,39.9,25.1,16.1,19.7,20.5,22.9
Fongrave (47260),/management/ville/fongrave/ville-47099,20.0,25.0,40.0,55.0,95.0,75.0,121.0,139.0,105.0,111.0,24.3,26.4,37.4,22.5,18.3,25.6,20.0,26.4
Grandvilliers (60210),/management/ville/grandvilliers/ville-60286,0.0,79.0,69.0,207.0,295.0,437.0,1200.0,562.0,222.0,251.0,46.6,59.2,32.1,18.0,10.6,9.4,10.8,11.5
Jouy-sur-Morin (77320),/management/ville/jouy-sur-morin/ville-77240,25.0,45.0,75.0,269.0,314.0,274.0,592.0,461.0,218.0,243.0,33.7,44.4,38.7,20.7,13.9,15.0,13.7,18.5
Hautecourt-Romanèche (01250),/management/ville/hautecourt-romaneche/ville-01184,0.0,30.0,45.0,75.0,133.0,79.0,143.0,192.0,104.0,132.0,23.6,26.6,42.8,23.6,13.5,23.4,20.2,26.3
Émeringes (69840),/management/ville/emeringes/ville-69082,19.0,9.0,5.0,28.0,28.0,37.0,39.0,60.0,40.0,44.0,18.8,25.0,40.6,25.0,15.6,28.4,25.0,22.7
Isle-et-Bardais (03360),/management/ville/isle-et-bardais/ville-03130,24.0,0.0,19.0,19.0,48.0,10.0,76.0,70.0,39.0,43.0,30.8,35.5,38.3,21.2,17.5,16.8,13.3,25.2
Guilleville (28310),/management/ville/guilleville/ville-28189,0.0,0.0,5.0,10.0,56.0,41.0,36.0,43.0,16.0,35.0,23.2,32.8,40.6,22.6,8.7,17.2,27.5,25.9
Glomel (22110),/management/ville/glomel/ville-22061,46.0,35.0,40.0,111.0,172.0,167.0,258.0,285.0,207.0,361.0,21.0,25.4,29.9,20.7,19.4,17.8,29.7,35.3
Frontenex (73460),/management/ville/frontenex/ville-73121,0.0,35.0,106.0,192.0,294.0,238.0,401.0,466.0,227.0,308.0,21.8,34.8,39.0,25.0,16.9,15.6,22.4,21.6
Drouges (35130),/management/ville/drouges/ville-35102,10.0,10.0,10.0,54.0,54.0,105.0,111.0,139.0,64.0,54.0,29.1,31.6,41.8,28.8,16.3,19.0,12.8,16.7
Landelles (28190),/management/ville/landelles/ville-28203,5.0,10.0,35.0,100.0,75.0,90.0,99.0,155.0,83.0,122.0,21.7,21.5,42.0,24.2,16.8,19.3,19.5,33.5
Les Bouchoux (39370),/management/ville/les-bouchoux/ville-39068,5.0,10.0,15.0,50.0,40.0,50.0,86.0,59.0,43.0,63.0,31.0,37.7,30.2,16.1,19.4,14.8,19.4,31.1
Ferrière-la-Petite (59680),/management/ville/ferriere-la-petite/ville-59231,5.0,15.0,70.0,135.0,115.0,160.0,216.0,237.0,155.0,171.0,24.0,31.3,35.9,23.4,21.4,18.6,18.8,25.2
La Salle-les-Alpes (05240),/management/ville/la-salle-les-alpes/ville-05161,0.0,85.0,41.0,148.0,162.0,82.0,194.0,177.0,167.0,244.0,22.6,27.0,31.9,15.0,20.0,22.7,25.5,36.8
La Jarne (17220),/management/ville/la-jarne/ville-17193,0.0,61.0,122.0,339.0,394.0,293.0,437.0,578.0,359.0,498.0,20.0,26.2,34.7,25.6,18.3,20.0,27.0,26.3
La Chapelle-Thouarault (35590),/management/ville/la-chapelle-thouarault/ville-35065,15.0,37.0,63.0,313.0,332.0,272.0,363.0,524.0,288.0,392.0,20.5,25.8,38.6,26.1,16.7,19.9,24.1,25.9
Dampierre-lès-Conflans (70800),/management/ville/dampierre-les-conflans/ville-70196,5.0,0.0,0.0,15.0,26.0,41.0,63.0,58.0,35.0,42.0,32.3,32.0,32.3,24.8,16.7,17.5,18.8,23.3
Lasclaveries (64450),/management/ville/lasclaveries/ville-64321,5.0,5.0,10.0,25.0,30.0,30.0,38.0,71.0,29.0,39.0,20.9,22.1,47.3,29.2,12.1,20.9,19.8,24.4
Doissat (24170),/management/ville/doissat/ville-24151,0.0,0.0,15.0,0.0,5.0,20.0,34.0,21.0,10.0,24.0,34.1,42.2,29.5,16.0,15.9,6.7,20.5,33.3
Everly (77157),/management/ville/everly/ville-77174,0.0,15.0,20.0,78.0,124.0,94.0,134.0,141.0,84.0,71.0,28.4,33.3,40.7,24.9,16.7,21.9,14.2,18.9
La Bastide-Solages (12550),/management/ville/la-bastide-solages/ville-12023,5.0,0.0,5.0,0.0,20.0,15.0,34.0,33.0,14.0,15.0,38.0,32.6,36.0,27.8,14.0,15.2,12.0,19.6
Génis (24160),/management/ville/genis/ville-24196,10.0,5.0,5.0,19.0,58.0,58.0,141.0,141.0,54.0,72.0,28.2,41.3,38.3,25.8,14.8,11.4,18.7,16.4
Le Thor (84250),/management/ville/le-thor/ville-84132,30.0,374.0,597.0,1147.0,1168.0,904.0,1927.0,1652.0,1098.0,1881.0,26.4,32.1,30.3,20.1,15.3,18.0,28.0,29.3
Hodenc-en-Bray (60650),/management/ville/hodenc-en-bray/ville-60315,0.0,30.0,30.0,60.0,35.0,65.0,82.0,90.0,79.0,105.0,20.9,25.3,30.2,21.0,20.3,24.1,28.6,30.5
Lachapelle-sous-Gerberoy (60380),/management/ville/lachapelle-sous-gerberoy/ville-60335,0.0,5.0,15.0,25.0,15.0,10.0,31.0,38.0,8.0,31.0,20.8,36.4,43.4,22.7,7.5,7.3,28.3,29.1
Escroux (81530),/management/ville/escroux/ville-81085,5.0,10.0,0.0,0.0,10.0,10.0,24.0,10.0,5.0,4.0,52.2,60.0,30.4,15.8,4.3,20.0,13.0,5.0
Fourneville (14600),/management/ville/fourneville/ville-14286,5.0,31.0,41.0,71.0,46.0,41.0,91.0,107.0,63.0,111.0,17.8,31.3,36.1,20.0,17.8,16.5,28.3,31.3
Le Merlerault (61240),/management/ville/le-merlerault/ville-61275,14.0,44.0,25.0,35.0,79.0,132.0,289.0,190.0,110.0,88.0,38.1,47.0,35.0,20.7,15.5,16.9,11.5,14.4
Joyeuse (07260),/management/ville/joyeuse/ville-07110,10.0,116.0,15.0,158.0,244.0,179.0,577.0,320.0,231.0,229.0,36.3,47.6,28.8,18.8,17.8,16.4,17.2,16.7
Le Brusquet (04420),/management/ville/le-brusquet/ville-04036,5.0,39.0,60.0,163.0,148.0,99.0,171.0,156.0,153.0,253.0,22.5,24.1,24.5,18.7,20.9,20.9,32.1,36.9
Hautefage (19400),/management/ville/hautefage/ville-19091,5.0,20.0,5.0,45.0,40.0,15.0,92.0,72.0,39.0,44.0,30.3,43.3,31.1,23.5,21.8,10.2,16.8,18.9
Isle-Saint-Georges (33640),/management/ville/isle-saint-georges/ville-33206,5.0,15.0,50.0,99.0,77.0,79.0,124.0,131.0,54.0,102.0,29.4,30.7,40.2,22.0,11.3,15.1,19.1,30.2
Guilliers (56490),/management/ville/guilliers/ville-56080,50.0,45.0,5.0,85.0,159.0,181.0,392.0,301.0,154.0,191.0,34.7,40.9,32.7,22.9,15.8,13.8,16.8,19.8
Éméville (60123),/management/ville/emeville/ville-60207,0.0,5.0,5.0,39.0,71.0,23.0,64.0,66.0,43.0,44.0,23.4,35.5,36.4,23.5,19.6,20.0,20.6,20.0
Fongueusemare (76280),/management/ville/fongueusemare/ville-76268,15.0,0.0,10.0,20.0,20.0,40.0,33.0,36.0,22.0,35.0,24.6,27.9,29.2,25.0,18.5,16.4,27.7,27.9
Glonville (54122),/management/ville/glonville/ville-54229,19.0,10.0,15.0,39.0,29.0,48.0,82.0,86.0,54.0,44.0,26.8,34.8,42.5,23.0,18.1,22.5,12.6,19.6
Les Bréseux (25120),/management/ville/les-breseux/ville-25091,5.0,5.0,15.0,67.0,46.0,113.0,89.0,114.0,63.0,76.0,22.0,30.2,39.9,24.3,19.7,17.2,18.5,26.0
Frontignan (34110),/management/ville/frontignan/ville-34108,91.0,691.0,848.0,2525.0,3526.0,2151.0,5497.0,4960.0,3093.0,3802.0,30.0,33.2,32.6,23.6,17.1,18.4,20.4,23.2
Landelles-et-Coupigny (14380),/management/ville/landelles-et-coupigny/ville-14352,31.0,21.0,21.0,52.0,135.0,140.0,270.0,245.0,101.0,79.0,29.0,48.0,46.7,22.1,15.1,14.0,9.2,13.5
La Chapelle-Urée (50370),/management/ville/la-chapelle-uree/ville-50124,14.0,5.0,5.0,10.0,5.0,19.0,43.0,32.0,22.0,15.0,33.9,42.1,28.6,24.2,23.2,17.5,14.3,14.0
La Salvetat-Belmontet (82230),/management/ville/la-salvetat-belmontet/ville-82176,5.0,35.0,85.0,95.0,95.0,85.0,142.0,165.0,129.0,173.0,22.7,23.9,33.4,21.3,18.5,23.9,25.3,31.6
Lescure-Jaoul (12440),/management/ville/lescure-jaoul/ville-12128,29.0,9.0,23.0,4.0,10.0,5.0,91.0,43.0,33.0,35.0,38.0,53.8,25.9,15.5,20.4,11.8,15.7,18.3
Drouilly (51300),/management/ville/drouilly/ville-51220,10.0,5.0,0.0,10.0,30.0,15.0,34.0,35.0,18.0,23.0,28.6,33.3,35.7,24.2,19.6,13.0,16.1,25.9
Le Thoronet (83340),/management/ville/le-thoronet/ville-83136,15.0,135.0,120.0,196.0,356.0,261.0,510.0,516.0,371.0,460.0,23.5,31.0,32.4,22.9,19.4,20.4,24.7,24.9
Génissac (33420),/management/ville/genissac/ville-33185,15.0,91.0,122.0,210.0,283.0,252.0,364.0,366.0,286.0,372.0,23.8,28.7,32.5,20.3,20.5,20.7,23.2,30.4
Escueillens-et-Saint-Just-de-Bélengard (11240),/management/ville/escueillens-et-saint-just-de-belengard/ville-11128,5.0,5.0,0.0,27.0,16.0,27.0,45.0,27.0,30.0,42.0,35.6,26.8,19.2,18.8,20.5,21.1,24.7,33.8
Hodenc-l'Évêque (60430),/management/ville/hodenc-l-eveque/ville-60316,10.0,5.0,20.0,20.0,15.0,5.0,39.0,49.0,35.0,47.0,15.6,31.2,36.7,20.5,21.1,19.5,26.7,28.6
Doissin (38730),/management/ville/doissin/ville-38147,0.0,46.0,35.0,152.0,101.0,101.0,123.0,205.0,109.0,198.0,15.2,23.6,40.1,22.9,16.1,18.5,28.6,33.8
La Bastide-sur-l'Hers (09600),/management/ville/la-bastide-sur-l-hers/ville-09043,5.0,15.0,10.0,50.0,70.0,45.0,190.0,173.0,99.0,104.0,28.0,38.4,35.6,24.2,16.9,18.0,19.5,17.4
Le Merzer (22200),/management/ville/le-merzer/ville-22150,5.0,30.0,45.0,106.0,111.0,156.0,144.0,222.0,132.0,200.0,18.9,22.5,38.7,23.5,18.6,19.4,23.8,33.3
Ferrière-Larçon (37350),/management/ville/ferriere-larcon/ville-37107,5.0,5.0,0.0,20.0,40.0,25.0,68.0,73.0,43.0,25.0,22.0,44.4,42.2,23.9,26.6,13.1,9.2,15.2
Lasfaillades (81260),/management/ville/lasfaillades/ville-81137,0.0,10.0,0.0,0.0,10.0,5.0,21.0,24.0,7.0,13.0,42.4,21.9,39.4,27.0,6.1,15.6,12.1,31.3
Dampierre-Saint-Nicolas (76510),/management/ville/dampierre-saint-nicolas/ville-76210,10.0,10.0,10.0,47.0,62.0,47.0,135.0,132.0,70.0,44.0,27.5,42.7,44.0,24.2,18.7,18.1,9.9,13.1
Émiéville (14630),/management/ville/emieville/ville-14237,0.0,30.0,66.0,116.0,61.0,61.0,68.0,104.0,83.0,128.0,18.5,16.6,30.8,23.4,20.0,23.0,30.8,36.9
Le Bû-sur-Rouvres (14190),/management/ville/le-bu-sur-rouvres/ville-14116,15.0,5.0,0.0,10.0,15.0,25.0,18.0,36.0,20.0,9.0,20.0,23.8,47.5,34.8,20.0,28.6,12.5,9.5
Joyeux (01800),/management/ville/joyeux/ville-01198,0.0,20.0,26.0,20.0,36.0,20.0,40.0,43.0,33.0,81.0,19.4,20.6,27.6,17.6,10.2,22.7,42.9,40.2
Fournival (60130),/management/ville/fournival/ville-60252,15.0,10.0,5.0,88.0,63.0,73.0,96.0,110.0,59.0,98.0,26.4,26.9,37.8,21.0,14.0,18.7,21.8,32.7
Landerneau (29800),/management/ville/landerneau/ville-29103,15.0,301.0,1083.0,2004.0,2193.0,1497.0,2915.0,3059.0,2255.0,3495.0,20.1,28.9,30.0,21.9,19.7,18.9,30.2,29.5
Lescurry (65140),/management/ville/lescurry/ville-65269,10.0,5.0,5.0,10.0,25.0,10.0,38.0,40.0,23.0,35.0,24.3,31.8,32.9,24.6,12.9,21.2,30.0,21.2
Hodeng-au-Bosc (76340),/management/ville/hodeng-au-bosc/ville-76363,0.0,5.0,0.0,35.0,85.0,120.0,264.0,114.0,47.0,21.0,51.9,65.7,33.3,17.3,10.5,10.6,4.3,5.1
La Bastidonne (84120),/management/ville/la-bastidonne/ville-84010,5.0,34.0,53.0,86.0,106.0,38.0,106.0,123.0,114.0,246.0,16.8,19.2,27.3,15.7,18.5,20.2,37.4,45.7
Le Mesge (80310),/management/ville/le-mesge/ville-80535,5.0,5.0,5.0,20.0,20.0,35.0,50.0,45.0,13.0,24.0,35.8,40.0,38.8,24.4,10.4,9.2,14.9,21.5
Fonroque (24500),/management/ville/fonroque/ville-24186,5.0,10.0,10.0,30.0,39.0,49.0,80.0,75.0,42.0,57.0,27.2,34.9,36.0,21.9,16.8,17.1,20.0,24.8
Évette-Salbert (90350),/management/ville/evette-salbert/ville-90042,15.0,64.0,223.0,353.0,134.0,121.0,291.0,443.0,247.0,639.0,14.2,21.7,30.9,22.2,14.0,16.5,40.9,38.0
Glorianes (66320),/management/ville/glorianes/ville-66086,15.0,0.0,0.0,0.0,0.0,0.0,3.0,2.0,5.0,10.0,30.0,0.0,10.0,12.5,20.0,30.0,40.0,60.0
Droupt-Saint-Basle (10170),/management/ville/droupt-saint-basle/ville-10131,5.0,15.0,20.0,40.0,40.0,55.0,70.0,94.0,50.0,43.0,26.0,28.6,38.9,29.5,20.6,18.3,14.5,19.0
Le Bugue (24260),/management/ville/le-bugue/ville-24067,10.0,101.0,46.0,137.0,314.0,183.0,882.0,620.0,401.0,349.0,29.5,47.0,35.7,20.2,17.9,17.8,16.9,14.4
Landeronde (85150),/management/ville/landeronde/ville-85118,20.0,60.0,105.0,360.0,330.0,300.0,339.0,523.0,345.0,407.0,19.5,22.5,39.1,25.2,19.0,23.7,22.4,28.1
Lachapelle-sous-Rougemont (90360),/management/ville/lachapelle-sous-rougemont/ville-90058,5.0,15.0,41.0,76.0,76.0,46.0,86.0,142.0,78.0,103.0,20.1,22.2,33.8,29.9,20.6,17.4,25.5,25.1
Guilligomarc'h (29300),/management/ville/guilligomarc-h/ville-29071,5.0,15.0,20.0,85.0,65.0,155.0,139.0,175.0,122.0,114.0,21.4,29.0,41.3,22.3,22.9,21.5,14.4,26.9
La Jarrie (17220),/management/ville/la-jarrie/ville-17194,0.0,81.0,261.0,397.0,528.0,297.0,557.0,750.0,411.0,671.0,21.5,24.9,36.1,24.9,15.8,18.5,26.5,29.6
Génissieux (26750),/management/ville/genissieux/ville-26139,5.0,63.0,208.0,266.0,203.0,169.0,403.0,387.0,288.0,605.0,21.5,26.2,27.4,18.7,16.0,18.2,35.2,36.7
La Salvetat-Lauragais (31460),/management/ville/la-salvetat-lauragais/ville-31527,0.0,0.0,5.0,5.0,40.0,5.0,25.0,20.0,23.0,31.0,16.7,33.3,33.3,9.5,20.8,25.5,29.2,33.3
Hodeng-Hodenger (76780),/management/ville/hodeng-hodenger/ville-76364,10.0,10.0,10.0,40.0,15.0,40.0,72.0,58.0,39.0,45.0,28.4,38.8,34.9,19.0,15.6,21.4,21.1,21.4
La Chapelle-Vaupelteigne (89800),/management/ville/la-chapelle-vaupelteigne/ville-89081,0.0,0.0,0.0,15.0,5.0,19.0,29.0,17.0,10.0,20.0,40.0,34.2,27.5,18.4,7.5,18.4,25.0,28.9
Isle-sur-Marne (51290),/management/ville/isle-sur-marne/ville-51300,5.0,0.0,0.0,16.0,16.0,16.0,18.0,29.0,16.0,15.0,10.0,36.8,42.5,27.1,32.5,7.9,15.0,21.1
Escurès (64350),/management/ville/escures/ville-64210,0.0,10.0,5.0,15.0,0.0,5.0,31.0,37.0,17.0,25.0,19.6,35.6,37.3,25.7,19.6,11.9,23.5,22.0
Grane (26400),/management/ville/grane/ville-26144,50.0,64.0,124.0,238.0,208.0,149.0,333.0,377.0,240.0,473.0,21.8,25.0,29.1,22.1,17.9,15.9,31.2,35.3
Dampierre-sous-Bouhy (58310),/management/ville/dampierre-sous-bouhy/ville-58094,10.0,5.0,5.0,5.0,39.0,60.0,167.0,131.0,52.0,39.0,38.1,47.5,41.3,23.7,12.2,14.5,8.5,11.5
Lasgraisses (81300),/management/ville/lasgraisses/ville-81138,25.0,14.0,0.0,46.0,70.0,64.0,102.0,83.0,88.0,93.0,25.3,30.3,28.7,18.1,25.3,22.9,20.8,29.8
Hautefage-la-Tour (47340),/management/ville/hautefage-la-tour/ville-47117,5.0,50.0,45.0,125.0,185.0,100.0,131.0,209.0,140.0,203.0,18.5,19.8,38.2,22.7,20.3,20.7,23.0,36.2
Ferrière-sur-Beaulieu (37600),/management/ville/ferriere-sur-beaulieu/ville-37108,10.0,25.0,30.0,69.0,94.0,85.0,171.0,189.0,94.0,105.0,26.6,34.4,39.5,25.5,16.6,17.0,17.3,20.1
Guillon-les-Bains (25110),/management/ville/guillon-les-bains/ville-25299,0.0,10.0,5.0,5.0,24.0,24.0,32.0,17.0,15.0,14.0,34.3,43.5,28.6,17.8,20.0,19.6,17.1,19.6
Joze (63350),/management/ville/joze/ville-63180,15.0,45.0,65.0,85.0,155.0,150.0,229.0,261.0,150.0,183.0,23.0,32.3,41.2,22.5,15.4,20.8,20.5,23.9
Hodent (95420),/management/ville/hodent/ville-95309,0.0,0.0,30.0,35.0,15.0,25.0,51.0,41.0,28.0,37.0,31.2,33.8,32.5,19.8,16.9,18.8,19.5,27.5
Laslades (65350),/management/ville/laslades/ville-65265,0.0,5.0,16.0,48.0,43.0,27.0,37.0,74.0,50.0,97.0,12.3,16.4,34.6,22.5,16.9,21.9,36.2,39.1
Isles-les-Meldeuses (77440),/management/ville/isles-les-meldeuses/ville-77231,5.0,20.0,25.0,119.0,124.0,134.0,125.0,191.0,100.0,125.0,23.4,22.9,40.9,26.7,16.1,21.3,19.6,27.1
Lesdain (59258),/management/ville/lesdain/ville-59341,0.0,26.0,0.0,83.0,74.0,45.0,100.0,83.0,53.0,78.0,27.6,35.4,29.6,21.7,17.8,16.5,25.0,25.0
Granès (11500),/management/ville/granes/ville-11168,15.0,0.0,5.0,0.0,30.0,10.0,31.0,21.0,17.0,19.0,32.6,38.1,30.4,17.9,15.2,23.8,21.7,21.4
Hautefaye (24300),/management/ville/hautefaye/ville-24209,10.0,10.0,5.0,10.0,0.0,49.0,42.0,29.0,22.0,14.0,39.7,38.0,29.3,26.0,15.5,26.0,15.5,10.0
Le Mesnil (50580),/management/ville/le-mesnil/ville-50299,0.0,5.0,5.0,35.0,40.0,30.0,54.0,53.0,27.0,25.0,23.4,43.9,45.5,21.2,15.6,18.3,15.6,15.9
Les Bréviaires (78610),/management/ville/les-breviaires/ville-78108,11.0,32.0,187.0,209.0,134.0,90.0,225.0,192.0,179.0,331.0,23.8,24.8,26.1,16.2,15.9,23.0,34.2,37.4
Glos (14100),/management/ville/glos/ville-14303,5.0,45.0,30.0,146.0,163.0,65.0,244.0,225.0,102.0,112.0,34.1,37.2,36.5,25.8,14.8,15.3,14.5,18.2
Fons (07200),/management/ville/fons/ville-07091,0.0,15.0,50.0,60.0,55.0,25.0,46.0,71.0,54.0,83.0,13.1,23.4,33.8,21.3,23.1,19.4,30.0,35.5
Droupt-Sainte-Marie (10170),/management/ville/droupt-sainte-marie/ville-10132,15.0,5.0,5.0,15.0,60.0,70.0,50.0,79.0,29.0,24.0,20.0,34.8,48.9,30.2,20.0,12.0,11.1,15.2
Lassales (65670),/management/ville/lassales/ville-65266,5.0,9.0,0.0,0.0,0.0,5.0,5.0,5.0,6.0,10.0,23.1,21.4,30.8,10.0,7.7,35.7,38.5,35.7
Landerrouat (33790),/management/ville/landerrouat/ville-33223,10.0,5.0,0.0,5.0,25.0,35.0,75.0,43.0,29.0,15.0,43.0,48.8,30.4,21.6,20.3,15.9,6.3,12.2
Le Buis (87140),/management/ville/le-buis/ville-87023,0.0,0.0,25.0,45.0,5.0,25.0,46.0,43.0,30.0,32.0,28.0,32.9,37.3,21.1,13.3,26.3,21.3,21.1
Emlingen (68130),/management/ville/emlingen/ville-68080,0.0,5.0,71.0,20.0,35.0,20.0,44.0,81.0,35.0,55.0,13.4,28.4,38.4,29.4,19.6,12.7,28.6,22.5
La Salvetat-Peyralès (12440),/management/ville/la-salvetat-peyrales/ville-12258,35.0,55.0,25.0,30.0,99.0,50.0,340.0,181.0,139.0,153.0,36.5,46.6,29.8,15.9,15.5,18.5,18.1,19.4
La Jarrie-Audouin (17330),/management/ville/la-jarrie-audouin/ville-17195,0.0,15.0,0.0,20.0,19.0,24.0,97.0,70.0,38.0,20.0,35.8,48.8,39.6,22.1,17.9,15.7,6.6,11.6
Fournols (63980),/management/ville/fournols/ville-63162,0.0,10.0,10.0,10.0,35.0,54.0,129.0,75.0,31.0,40.0,43.3,50.4,31.2,20.9,12.1,10.4,13.5,15.6
Dampierre-sous-Brou (28160),/management/ville/dampierre-sous-brou/ville-28123,5.0,10.0,20.0,45.0,40.0,85.0,126.0,135.0,57.0,46.0,28.4,40.9,44.8,26.1,14.2,17.1,12.6,12.7
Les Brouzils (85260),/management/ville/les-brouzils/ville-85038,85.0,61.0,102.0,347.0,319.0,513.0,609.0,639.0,364.0,402.0,25.3,34.9,39.1,23.1,18.9,17.3,16.7,23.0
Le Mesnil-Adelée (50520),/management/ville/le-mesnil-adelee/ville-50300,15.0,15.0,0.0,25.0,0.0,15.0,53.0,37.0,18.0,18.0,31.3,54.1,40.6,15.6,17.2,11.5,10.9,18.0
La Chapelle-Vendômoise (41330),/management/ville/la-chapelle-vendomoise/ville-41040,5.0,10.0,44.0,88.0,136.0,73.0,149.0,202.0,85.0,155.0,21.4,29.0,43.5,22.8,13.3,15.5,21.8,30.6
Fons (30730),/management/ville/fons/ville-30112,0.0,68.0,82.0,135.0,232.0,145.0,248.0,272.0,177.0,293.0,25.7,24.3,31.7,22.2,17.8,17.9,24.8,34.3
Lassay-les-Châteaux (53110),/management/ville/lassay-les-chateaux/ville-53127,81.0,51.0,81.0,249.0,265.0,239.0,747.0,474.0,307.0,314.0,34.8,45.6,31.6,19.8,17.3,16.1,16.3,17.6
Lachassagne (69480),/management/ville/lachassagne/ville-69106,11.0,64.0,136.0,188.0,79.0,32.0,120.0,151.0,147.0,352.0,13.3,17.9,24.1,15.8,17.2,21.1,45.4,46.2
Frontignan-de-Comminges (31510),/management/ville/frontignan-de-comminges/ville-31200,0.0,0.0,9.0,5.0,14.0,5.0,16.0,20.0,10.0,19.0,20.7,27.8,41.4,18.9,17.2,16.7,20.7,36.1
Fouronnes (89560),/management/ville/fouronnes/ville-89182,0.0,5.0,0.0,20.0,15.0,25.0,47.0,44.0,12.0,18.0,36.4,41.8,40.9,25.8,9.1,10.9,13.6,16.4
Éveux (69210),/management/ville/eveux/ville-69083,5.0,40.0,158.0,178.0,89.0,69.0,168.0,190.0,140.0,353.0,19.0,20.5,24.4,19.6,16.2,16.7,40.5,42.5
Ferrières (17170),/management/ville/ferrieres/ville-17158,0.0,50.0,36.0,127.0,163.0,145.0,118.0,226.0,141.0,138.0,18.9,19.0,42.3,27.7,23.7,21.6,15.1,29.4
Jozerand (63460),/management/ville/jozerand/ville-63181,0.0,11.0,26.0,73.0,78.0,83.0,87.0,117.0,72.0,110.0,21.8,23.2,35.1,23.8,19.1,17.7,23.9,33.3
Hoéville (54370),/management/ville/hoeville/ville-54262,5.0,0.0,10.0,15.0,26.0,15.0,34.0,45.0,29.0,35.0,23.3,23.9,41.1,21.4,21.9,17.9,13.7,35.8
La Bâthie (73540),/management/ville/la-bathie/ville-73032,0.0,90.0,50.0,221.0,347.0,286.0,508.0,602.0,294.0,269.0,24.6,35.7,45.8,24.7,16.8,18.4,12.8,19.2
Isles-lès-Villenoy (77450),/management/ville/isles-les-villenoy/ville-77232,0.0,25.0,105.0,151.0,112.0,64.0,123.0,139.0,138.0,199.0,17.6,23.4,29.4,19.2,19.3,26.6,33.8,32.6
Les Brulais (35330),/management/ville/les-brulais/ville-35046,20.0,16.0,0.0,40.0,96.0,102.0,110.0,149.0,58.0,63.0,26.7,31.4,45.6,28.2,13.3,17.3,14.4,18.9
Grange-de-Vaivre (39600),/management/ville/grange-de-vaivre/ville-39259,0.0,0.0,0.0,0.0,0.0,0.0,10.0,6.0,3.0,11.0,27.3,36.8,27.3,15.0,9.1,10.5,36.4,36.8
Lesdins (02100),/management/ville/lesdins/ville-02420,0.0,35.0,50.0,125.0,80.0,35.0,166.0,199.0,98.0,164.0,23.1,29.7,36.8,24.4,14.7,16.6,25.4,26.9
Lachau (26560),/management/ville/lachau/ville-26154,25.0,5.0,5.0,5.0,5.0,15.0,63.0,55.0,33.0,39.0,35.8,30.5,28.4,26.4,16.8,17.9,18.9,22.1
Genlis (21110),/management/ville/genlis/ville-21292,15.0,95.0,214.0,645.0,906.0,813.0,1309.0,1285.0,623.0,765.0,25.8,39.0,39.1,23.7,16.1,15.2,18.9,19.4
Doix lès Fontaines (85200),/management/ville/doix-les-fontaines/ville-85080,32.0,75.0,50.0,153.0,249.0,275.0,467.0,415.0,213.0,204.0,33.3,38.3,37.8,24.5,15.0,17.7,13.9,17.4
Évian-les-Bains (74500),/management/ville/evian-les-bains/ville-74119,0.0,238.0,744.0,1334.0,1409.0,1029.0,1827.0,1760.0,1170.0,2269.0,20.2,31.0,29.5,20.3,17.2,16.2,33.2,31.5
Drouville (54370),/management/ville/drouville/ville-54173,0.0,5.0,20.0,0.0,39.0,25.0,41.0,31.0,21.0,36.0,29.4,34.9,26.5,20.3,13.2,19.0,30.9,25.4
Hoffen (67250),/management/ville/hoffen/ville-67206,15.0,34.0,45.0,124.0,238.0,211.0,303.0,310.0,127.0,153.0,27.4,40.8,42.7,23.5,14.4,13.9,15.5,18.9
Landerrouet-sur-Ségur (33540),/management/ville/landerrouet-sur-segur/ville-33224,0.0,0.0,25.0,30.0,5.0,5.0,11.0,23.0,10.0,29.0,12.5,17.1,40.6,23.8,3.1,22.0,43.8,36.6
Guillon-Terre-Plaine (89420),/management/ville/guillon-terre-plaine/ville-89197,25.0,20.0,20.0,65.0,151.0,81.0,223.0,167.0,125.0,110.0,27.2,43.8,32.1,20.5,24.6,15.5,16.1,18.9
Dampierre-sur-Avre (28350),/management/ville/dampierre-sur-avre/ville-28124,10.0,55.0,85.0,85.0,60.0,90.0,149.0,180.0,85.0,131.0,24.5,30.6,40.7,22.7,14.1,17.3,20.7,27.8
Les Brunels (11400),/management/ville/les-brunels/ville-11054,5.0,15.0,20.0,30.0,25.0,25.0,48.0,60.0,46.0,69.0,22.5,20.7,33.3,22.4,14.7,25.6,29.4,32.2
Le Buisson (48100),/management/ville/le-buisson/ville-48032,21.0,10.0,5.0,31.0,41.0,15.0,32.0,44.0,36.0,49.0,18.2,20.5,30.7,22.7,23.9,20.5,27.3,35.6
Le Mesnil-Amelot (77990),/management/ville/le-mesnil-amelot/ville-77291,0.0,0.0,15.0,145.0,180.0,140.0,249.0,159.0,162.0,120.0,39.1,31.7,24.9,21.0,23.5,23.5,12.5,24.6
Hautefeuille (77515),/management/ville/hautefeuille/ville-77224,0.0,0.0,25.0,25.0,25.0,75.0,110.0,29.0,21.0,43.0,56.9,51.1,13.8,14.6,8.3,12.8,21.1,21.3
La Jaudonnière (85110),/management/ville/la-jaudonniere/ville-85115,10.0,0.0,20.0,66.0,66.0,121.0,136.0,154.0,85.0,69.0,26.6,34.8,42.3,25.9,16.2,22.2,14.9,15.8
La Salvetat-Saint-Gilles (31880),/management/ville/la-salvetat-saint-gilles/ville-31526,11.0,192.0,983.0,1183.0,1236.0,722.0,1127.0,1344.0,1035.0,2321.0,16.3,22.3,27.1,19.1,16.5,19.0,40.1,39.6
Fons (46100),/management/ville/fons/ville-46108,0.0,5.0,35.0,35.0,70.0,30.0,99.0,97.0,60.0,72.0,25.5,34.7,39.1,20.5,15.5,21.0,19.9,24.0
Lassay-sur-Croisne (41230),/management/ville/lassay-sur-croisne/ville-41112,0.0,15.0,15.0,36.0,25.0,25.0,37.0,53.0,39.0,58.0,15.1,23.9,40.9,17.6,17.2,23.9,26.9,35.9
Glos-sur-Risle (27290),/management/ville/glos-sur-risle/ville-27288,0.0,15.0,25.0,103.0,34.0,98.0,117.0,142.0,74.0,87.0,26.8,29.1,37.1,27.2,18.0,16.9,18.0,23.0
Le Thou (17290),/management/ville/le-thou/ville-17447,10.0,115.0,55.0,185.0,310.0,235.0,344.0,486.0,239.0,255.0,24.8,27.2,40.9,28.7,16.6,19.6,17.8,20.8
La Chapelle-Vicomtesse (41270),/management/ville/la-chapelle-vicomtesse/ville-41041,11.0,5.0,0.0,16.0,27.0,16.0,41.0,59.0,20.0,25.0,20.5,36.6,47.9,26.4,17.8,9.9,13.7,21.1
Frontignan-Savès (31230),/management/ville/frontignan-saves/ville-31201,0.0,10.0,0.0,5.0,0.0,0.0,20.0,18.0,11.0,8.0,33.3,37.0,33.3,25.8,23.3,14.8,10.0,18.5
Lesges (02220),/management/ville/lesges/ville-02421,0.0,0.0,10.0,5.0,15.0,20.0,25.0,12.0,13.0,20.0,40.0,31.4,17.1,17.6,17.1,20.0,25.7,31.4
La Bâtie-des-Fonds (26310),/management/ville/la-batie-des-fonds/ville-26030,0.0,0.0,0.0,0.0,0.0,0.0,0.0,3.0,2.0,0.0,0.0,0.0,100.0,50.0,0.0,50.0,0.0,0.0
Doizieux (42740),/management/ville/doizieux/ville-42085,30.0,45.0,85.0,80.0,80.0,140.0,127.0,189.0,102.0,175.0,19.7,23.2,37.2,23.9,17.2,17.3,25.9,33.5
Isles-sur-Suippe (51110),/management/ville/isles-sur-suippe/ville-51299,5.0,25.0,60.0,135.0,155.0,95.0,137.0,170.0,130.0,201.0,21.7,21.3,27.6,24.3,21.1,19.7,29.7,33.3
Emmerin (59320),/management/ville/emmerin/ville-59193,10.0,90.0,310.0,595.0,310.0,230.0,566.0,542.0,390.0,790.0,20.7,28.3,27.0,20.0,16.8,17.2,35.5,33.7
Ferrières (54210),/management/ville/ferrieres/ville-54192,0.0,5.0,20.0,26.0,51.0,20.0,47.0,67.0,42.0,68.0,17.0,24.6,37.7,22.7,15.1,22.0,30.2,30.5
Jû-Belloc (32160),/management/ville/ju-belloc/ville-32163,10.0,29.0,0.0,40.0,24.0,29.0,99.0,73.0,35.0,37.0,37.0,44.0,33.1,23.7,15.0,13.8,15.0,15.5
Grangermont (45390),/management/ville/grangermont/ville-45159,5.0,0.0,5.0,25.0,15.0,40.0,38.0,54.0,31.0,29.0,23.4,26.7,39.0,29.3,18.2,22.7,19.5,18.7
Escurolles (03110),/management/ville/escurolles/ville-03109,15.0,15.0,10.0,95.0,110.0,100.0,162.0,185.0,95.0,109.0,27.3,31.5,43.6,22.7,14.5,19.9,14.5,25.0
Lachaussée (55210),/management/ville/lachaussee/ville-55267,10.0,10.0,10.0,40.0,40.0,25.0,57.0,58.0,39.0,46.0,30.0,27.0,26.0,27.4,24.0,15.0,20.0,26.0
Évigny (08090),/management/ville/evigny/ville-08160,0.0,20.0,15.0,30.0,10.0,33.0,25.0,34.0,36.0,53.0,11.0,22.4,31.5,16.4,21.9,26.3,35.6,36.8
Le Buisson (51300),/management/ville/le-buisson/ville-51095,10.0,0.0,0.0,0.0,15.0,10.0,24.0,20.0,9.0,12.0,36.7,37.1,23.3,28.3,23.3,5.7,16.7,20.0
Drouvin-le-Marais (62131),/management/ville/drouvin-le-marais/ville-62278,0.0,14.0,75.0,61.0,86.0,45.0,78.0,85.0,79.0,152.0,13.4,25.0,27.4,17.1,19.9,20.7,39.2,38.0
Fronton (31620),/management/ville/fronton/ville-31202,25.0,255.0,400.0,745.0,885.0,630.0,1109.0,1120.0,750.0,1255.0,22.9,29.3,32.4,20.4,16.6,18.8,28.1,31.1
Hohengœft (67310),/management/ville/hohengoeft/ville-67208,0.0,10.0,39.0,97.0,68.0,68.0,88.0,142.0,58.0,106.0,19.2,25.5,38.9,28.6,13.6,15.8,28.3,25.0
Guillonville (28140),/management/ville/guillonville/ville-28190,5.0,45.0,15.0,50.0,55.0,65.0,110.0,89.0,57.0,65.0,32.7,35.9,36.3,18.4,16.7,19.0,14.3,26.8
Fourques (30300),/management/ville/fourques/ville-30117,35.0,115.0,211.0,342.0,442.0,246.0,539.0,615.0,448.0,604.0,25.2,23.7,30.8,24.4,18.6,21.9,25.3,29.3
Hautefond (71600),/management/ville/hautefond/ville-71232,16.0,0.0,0.0,26.0,36.0,16.0,37.0,63.0,28.0,30.0,21.0,27.3,48.1,27.3,17.3,16.9,13.6,24.7
Le Mesnil-Amey (50570),/management/ville/le-mesnil-amey/ville-50302,5.0,0.0,0.0,57.0,41.0,36.0,65.0,73.0,27.0,32.0,27.7,38.9,45.5,24.8,12.9,13.7,13.9,18.9
Dampierre-sur-Boutonne (17470),/management/ville/dampierre-sur-boutonne/ville-17138,5.0,0.0,10.0,15.0,30.0,20.0,80.0,77.0,35.0,51.0,26.8,39.7,33.9,25.0,16.5,12.1,22.8,19.0
Fons-sur-Lussan (30580),/management/ville/fons-sur-lussan/ville-30113,10.0,35.0,5.0,44.0,15.0,0.0,57.0,42.0,47.0,46.0,27.8,31.3,28.9,16.9,23.7,25.3,19.6,28.3
La Javie (04000),/management/ville/la-javie/ville-04097,20.0,10.0,0.0,56.0,41.0,41.0,79.0,71.0,53.0,100.0,22.4,29.5,32.9,13.7,23.0,11.4,21.7,45.0
Juaye-Mondaye (14250),/management/ville/juaye-mondaye/ville-14346,20.0,25.0,25.0,105.0,90.0,85.0,133.0,176.0,82.0,107.0,23.8,29.8,40.4,26.2,16.9,16.0,18.8,24.4
Les Cabannes (09310),/management/ville/les-cabannes/ville-09070,5.0,20.0,10.0,43.0,27.0,24.0,86.0,76.0,47.0,81.0,21.1,37.8,33.3,18.4,17.0,16.1,28.6,27.3
Escœuilles (62850),/management/ville/escoeuilles/ville-62308,0.0,5.0,30.0,35.0,90.0,60.0,111.0,79.0,68.0,74.0,28.7,38.1,30.5,17.5,22.6,18.5,18.3,26.2
Landersheim (67700),/management/ville/landersheim/ville-67258,5.0,5.0,10.0,21.0,42.0,47.0,32.0,47.0,35.0,35.0,21.3,22.7,36.0,26.3,21.3,25.3,21.3,25.3
Lasse (64220),/management/ville/lasse/ville-64322,25.0,15.0,10.0,35.0,35.0,15.0,67.0,80.0,44.0,45.0,20.3,35.8,38.1,25.5,22.9,15.0,18.6,20.0
La Chapelle-Viel (61270),/management/ville/la-chapelle-viel/ville-61100,15.0,15.0,10.0,15.0,40.0,25.0,59.0,67.0,33.0,40.0,21.9,36.9,40.6,24.1,18.8,14.6,18.8,21.4
Gluiras (07190),/management/ville/gluiras/ville-07096,5.0,10.0,10.0,25.0,40.0,15.0,98.0,79.0,52.0,79.0,28.8,35.2,30.0,18.9,22.5,11.0,18.8,33.1
Le Thoult-Trosnay (51210),/management/ville/le-thoult-trosnay/ville-51570,5.0,5.0,5.0,10.0,0.0,24.0,16.0,30.0,12.0,20.0,23.3,16.2,37.2,34.1,9.3,21.6,30.2,21.6
La Bâtie-Montgascon (38110),/management/ville/la-batie-montgascon/ville-38029,10.0,100.0,70.0,205.0,225.0,275.0,363.0,411.0,249.0,328.0,22.4,31.1,36.2,23.4,18.6,18.3,22.8,25.6
Le Buisson-de-Cadouin (24480),/management/ville/le-buisson-de-cadouin/ville-24068,15.0,140.0,50.0,155.0,245.0,165.0,570.0,459.0,267.0,362.0,28.8,39.0,35.2,20.7,14.0,17.8,22.0,21.7
Le Mesnil-au-Grain (14260),/management/ville/le-mesnil-au-grain/ville-14412,5.0,0.0,5.0,0.0,5.0,15.0,16.0,16.0,9.0,15.0,23.1,33.3,38.5,18.8,19.2,13.3,19.2,33.3
Hautefontaine (60350),/management/ville/hautefontaine/ville-60305,0.0,5.0,15.0,35.0,55.0,55.0,94.0,71.0,37.0,58.0,36.1,36.3,29.9,22.0,13.6,15.0,20.4,24.8
Fonsomme (02110),/management/ville/fonsomme/ville-02319,5.0,10.0,15.0,35.0,45.0,117.0,156.0,80.0,54.0,59.0,41.3,47.4,27.4,18.0,15.6,15.6,15.6,18.5
Gennes (25660),/management/ville/gennes/ville-25267,5.0,16.0,94.0,94.0,78.0,73.0,104.0,121.0,87.0,156.0,20.6,23.8,29.0,21.8,18.5,19.0,31.9,34.6
Ferrières (60420),/management/ville/ferrieres/ville-60232,0.0,5.0,31.0,67.0,57.0,67.0,92.0,128.0,70.0,60.0,22.6,29.6,43.3,28.1,18.3,21.5,15.9,18.3
La Salvetat-sur-Agout (34330),/management/ville/la-salvetat-sur-agout/ville-34293,30.0,30.0,40.0,65.0,149.0,176.0,337.0,257.0,149.0,218.0,32.7,37.6,32.1,20.0,15.2,16.0,20.0,25.5
Granges (71390),/management/ville/granges/ville-71225,5.0,21.0,46.0,72.0,51.0,62.0,48.0,119.0,71.0,138.0,9.9,16.2,41.1,21.3,17.7,20.0,31.3,42.2
Lachaussée-du-Bois-d'Écu (60480),/management/ville/lachaussee-du-bois-d-ecu/ville-60336,5.0,0.0,5.0,5.0,54.0,11.0,45.0,48.0,27.0,40.0,33.8,22.8,35.0,24.1,10.0,24.1,21.3,29.1
Frontonas (38290),/management/ville/frontonas/ville-38176,15.0,55.0,228.0,302.0,203.0,188.0,318.0,352.0,239.0,570.0,19.3,23.6,28.9,18.6,15.0,17.2,36.8,40.2
Hohfrankenheim (67270),/management/ville/hohfrankenheim/ville-67209,0.0,0.0,10.0,58.0,34.0,39.0,40.0,86.0,38.0,39.0,17.6,22.0,49.0,31.6,14.7,22.0,18.6,20.0
Droux (87190),/management/ville/droux/ville-87061,15.0,21.0,5.0,10.0,41.0,41.0,106.0,103.0,55.0,36.0,29.4,41.2,46.4,21.9,14.4,23.0,9.8,14.2
Isneauville (76230),/management/ville/isneauville/ville-76377,5.0,115.0,400.0,375.0,275.0,60.0,434.0,407.0,329.0,889.0,17.1,24.7,22.9,16.6,17.0,15.1,43.0,43.3
Fourques (66300),/management/ville/fourques/ville-66084,26.0,68.0,32.0,185.0,148.0,126.0,294.0,260.0,155.0,217.0,30.4,33.0,33.8,21.7,15.1,18.3,20.7,26.1
Dol-de-Bretagne (35120),/management/ville/dol-de-bretagne/ville-35095,35.0,195.0,255.0,541.0,861.0,630.0,1632.0,1145.0,635.0,887.0,31.0,43.6,32.8,20.1,15.5,14.2,20.7,20.5
Évillers (25520),/management/ville/evillers/ville-25229,9.0,14.0,9.0,47.0,33.0,62.0,55.0,99.0,57.0,45.0,23.2,19.2,42.8,31.5,18.8,25.8,15.2,20.8
Guillos (33720),/management/ville/guillos/ville-33197,0.0,20.0,29.0,75.0,56.0,57.0,126.0,92.0,45.0,58.0,37.1,41.4,36.5,20.2,10.7,17.3,15.7,20.4
La Chapelle-Villars (42410),/management/ville/la-chapelle-villars/ville-42051,0.0,15.0,80.0,70.0,50.0,15.0,73.0,82.0,60.0,146.0,15.9,24.6,30.2,15.2,17.6,15.6,36.3,44.7
Lasserade (32160),/management/ville/lasserade/ville-32199,10.0,0.0,21.0,10.0,31.0,26.0,59.0,37.0,31.0,40.0,30.1,41.7,31.3,13.9,16.9,19.0,21.7,26.2
Émondeville (50310),/management/ville/emondeville/ville-50172,0.0,20.0,15.0,25.0,70.0,15.0,87.0,100.0,35.0,44.0,29.9,35.6,43.3,26.3,15.7,10.6,11.2,22.0
Jubainville (88630),/management/ville/jubainville/ville-88255,0.0,5.0,0.0,5.0,20.0,26.0,21.0,24.0,11.0,10.0,23.5,41.9,44.1,25.0,11.8,22.6,20.6,9.7
Les Cabannes (81170),/management/ville/les-cabannes/ville-81045,0.0,30.0,20.0,30.0,24.0,49.0,97.0,52.0,67.0,70.0,27.7,39.3,24.8,13.0,27.0,20.0,20.4,28.7
Landes (17380),/management/ville/landes/ville-17202,15.0,25.0,10.0,55.0,90.0,99.0,147.0,180.0,71.0,63.0,28.8,34.7,47.3,27.2,14.9,15.9,9.0,18.0
La Jemaye-Ponteyraud (24410),/management/ville/la-jemaye-ponteyraud/ville-24216,5.0,5.0,5.0,10.0,55.0,0.0,43.0,36.0,18.0,25.0,32.2,38.1,32.2,23.6,16.9,12.7,18.6,22.2
Lesgor (40400),/management/ville/lesgor/ville-40151,15.0,20.0,0.0,60.0,56.0,75.0,99.0,98.0,57.0,68.0,25.1,37.0,40.7,19.7,14.4,20.8,19.8,22.7
La Bâtie-Montsaléon (05700),/management/ville/la-batie-montsaleon/ville-05016,19.0,34.0,10.0,14.0,14.0,19.0,43.0,49.0,35.0,61.0,23.7,22.2,30.9,21.1,15.5,21.1,29.9,35.6
Glun (07300),/management/ville/glun/ville-07097,0.0,15.0,59.0,109.0,100.0,80.0,117.0,134.0,113.0,128.0,22.0,25.7,32.8,22.0,22.0,23.7,23.2,29.0
Eslettes (76710),/management/ville/eslettes/ville-76245,0.0,30.0,113.0,197.0,217.0,163.0,252.0,341.0,189.0,323.0,19.9,25.7,35.9,24.0,16.0,18.1,28.2,30.3
Fronville (52300),/management/ville/fronville/ville-52212,5.0,11.0,0.0,27.0,38.0,76.0,98.0,91.0,38.0,32.0,31.3,44.3,41.4,25.0,16.4,13.0,10.9,13.7
Dolaincourt (88170),/management/ville/dolaincourt/ville-88137,5.0,5.0,0.0,5.0,5.0,5.0,14.0,22.0,13.0,17.0,25.0,15.6,30.6,33.3,13.9,25.0,30.6,21.9
Guilly (36150),/management/ville/guilly/ville-36085,10.0,5.0,10.0,15.0,10.0,40.0,74.0,61.0,24.0,28.0,34.4,45.1,37.5,23.6,14.6,11.0,13.5,16.5
La Chapelotte (18250),/management/ville/la-chapelotte/ville-18051,25.0,0.0,10.0,15.0,20.0,15.0,55.0,36.0,20.0,19.0,42.4,43.1,31.8,21.7,13.6,16.9,12.1,16.9
Granges-Aumontzey (88640),/management/ville/granges-aumontzey/ville-88218,15.0,67.0,62.0,195.0,308.0,447.0,831.0,748.0,269.0,301.0,32.2,44.7,43.3,23.8,11.1,13.8,13.5,14.5
Lachaux (63290),/management/ville/lachaux/ville-63184,5.0,10.0,5.0,23.0,20.0,59.0,86.0,62.0,38.0,50.0,33.3,39.8,31.8,18.4,18.6,13.9,16.3,26.9
Le Thour (08190),/management/ville/le-thour/ville-08451,5.0,15.0,6.0,48.0,53.0,53.0,115.0,80.0,52.0,35.0,35.7,45.4,38.6,18.7,17.1,19.9,8.6,16.3
Hohrod (68140),/management/ville/hohrod/ville-68142,10.0,5.0,5.0,62.0,67.0,33.0,35.0,102.0,55.0,81.0,7.3,18.8,43.8,27.6,20.4,20.3,28.5,30.4
Landes-le-Gaulois (41190),/management/ville/landes-le-gaulois/ville-41109,15.0,30.0,40.0,89.0,104.0,75.0,125.0,151.0,85.0,168.0,18.7,28.4,36.6,19.6,16.4,16.0,28.2,35.1
Évin-Malmaison (62141),/management/ville/evin-malmaison/ville-62321,5.0,90.0,120.0,435.0,655.0,647.0,1226.0,876.0,572.0,533.0,32.1,43.7,34.2,20.6,17.2,18.5,16.6,16.7
Gennes-Ivergny (62390),/management/ville/gennes-ivergny/ville-62370,5.0,0.0,15.0,15.0,15.0,30.0,34.0,34.0,17.0,21.0,25.5,39.2,36.4,24.1,18.2,13.7,20.0,19.6
Le Mesnil-au-Val (50110),/management/ville/le-mesnil-au-val/ville-50305,15.0,10.0,30.0,105.0,95.0,105.0,115.0,178.0,111.0,119.0,18.8,25.6,40.4,25.2,22.0,20.3,18.8,27.2
Fonsorbes (31470),/management/ville/fonsorbes/ville-31187,4.0,301.0,1268.0,1863.0,1561.0,942.0,1730.0,1822.0,1564.0,3144.0,17.8,24.0,25.2,18.9,19.3,18.6,37.7,38.4
Ferrières (65560),/management/ville/ferrieres/ville-65176,0.0,6.0,6.0,17.0,0.0,12.0,25.0,30.0,7.0,23.0,29.2,30.8,33.3,26.9,12.5,2.6,25.0,30.8
Esley (88260),/management/ville/esley/ville-88162,0.0,0.0,0.0,20.0,15.0,25.0,57.0,44.0,22.0,24.0,31.1,46.6,40.5,18.4,14.9,15.1,13.5,19.2
La Saucelle (28250),/management/ville/la-saucelle/ville-28368,15.0,34.0,0.0,10.0,34.0,34.0,33.0,40.0,33.0,36.0,21.3,26.1,37.3,18.8,22.7,24.6,18.7,31.9
2.2,15.4,17.9,23.3,24.8
Le Buret (53170),/management/ville/le-buret/ville-53046,35.0,5.0,15.0,20.0,40.0,55.0,63.0,65.0,36.0,38.0,33.7,28.6,35.6,26.2,16.3,19.4,14.4,23.5
Dampierre-sur-le-Doubs (25420),/management/ville/dampierre-sur-le-doubs/ville-25191,0.0,0.0,30.0,51.0,61.0,41.0,120.0,114.0,51.0,82.0,29.1,36.2,35.2,23.8,15.4,11.9,20.3,24.3
Frossay (44320),/management/ville/frossay/ville-44061,20.0,82.0,97.0,376.0,436.0,630.0,625.0,760.0,421.0,427.0,24.6,31.2,40.5,25.6,18.7,19.0,16.2,22.0
Isola (06420),/management/ville/isola/ville-06073,0.0,40.0,15.0,105.0,155.0,65.0,169.0,145.0,139.0,116.0,28.6,31.0,29.5,21.3,25.4,23.1,16.5,25.1
Empeaux (31470),/management/ville/empeaux/ville-31166,0.0,0.0,20.0,35.0,15.0,20.0,48.0,47.0,34.0,45.0,37.6,18.0,22.4,29.5,14.1,24.7,25.9,25.8
La Jonchère (85540),/management/ville/la-jonchere/ville-85116,0.0,14.0,19.0,33.0,57.0,48.0,103.0,123.0,61.0,66.0,25.0,33.1,42.8,24.9,16.1,18.9,16.1,21.1
Jublains (53160),/management/ville/jublains/ville-53122,34.0,20.0,20.0,49.0,88.0,128.0,163.0,165.0,111.0,109.0,25.7,33.6,37.4,22.8,19.6,20.8,17.4,22.3
Glux-en-Glenne (58370),/management/ville/glux-en-glenne/ville-58128,0.0,0.0,0.0,10.0,5.0,0.0,31.0,8.0,17.0,22.0,39.5,40.0,14.0,7.1,18.6,25.7,27.9,28.6
Lasséran (32550),/management/ville/lasseran/ville-32200,5.0,11.0,26.0,74.0,63.0,42.0,58.0,64.0,63.0,95.0,20.6,20.8,29.4,17.2,22.8,22.9,27.2,40.3
La Bâtie-Neuve (05230),/management/ville/la-batie-neuve/ville-05017,10.0,90.0,90.0,390.0,430.0,280.0,356.0,532.0,380.0,499.0,18.8,21.5,37.1,23.3,20.5,22.4,23.7,32.6
Le Mesnil-Aubert (50510),/management/ville/le-mesnil-aubert/ville-50304,0.0,10.0,5.0,5.0,30.0,20.0,34.0,46.0,19.0,29.0,19.4,34.4,43.3,24.3,16.4,13.1,20.9,24.6
Les Cammazes (81540),/management/ville/les-cammazes/ville-81055,0.0,30.0,10.0,35.0,30.0,40.0,57.0,62.0,60.0,67.0,19.2,27.6,28.5,21.6,26.9,21.6,25.4,29.3
Dolancourt (10200),/management/ville/dolancourt/ville-10126,10.0,10.0,5.0,5.0,15.0,10.0,40.0,37.0,22.0,12.0,38.2,33.3,36.4,28.1,16.4,24.1,9.1,13.0
Lésignac-Durand (16310),/management/ville/lesignac-durand/ville-16183,0.0,15.0,5.0,15.0,10.0,40.0,69.0,28.0,29.0,27.0,40.0,50.0,24.0,13.3,21.3,16.7,14.7,20.5
Hautefort (24390),/management/ville/hautefort/ville-24210,5.0,40.0,30.0,74.0,73.0,112.0,259.0,232.0,141.0,160.0,26.1,38.8,37.1,21.5,15.4,20.1,21.4,19.2
Granges-d'Ans (24390),/management/ville/granges-d-ans/ville-24202,10.0,0.0,20.0,0.0,20.0,10.0,56.0,31.0,20.0,33.0,30.3,50.0,30.3,14.3,12.1,16.7,27.3,19.4
Lachelle (60190),/management/ville/lachelle/ville-60337,0.0,25.0,80.0,106.0,66.0,61.0,91.0,113.0,85.0,181.0,17.7,20.9,26.2,21.3,16.9,19.7,39.2,37.6
Guilly (45600),/management/ville/guilly/ville-45164,0.0,15.0,25.0,110.0,84.0,95.0,141.0,145.0,78.0,95.0,27.8,33.6,35.2,25.4,16.3,17.7,20.7,20.7
La Charce (26470),/management/ville/la-charce/ville-26075,10.0,0.0,0.0,0.0,0.0,0.0,9.0,7.0,8.0,6.0,35.3,23.1,17.6,30.8,23.5,30.8,23.5,15.4
Holacourt (57380),/management/ville/holacourt/ville-57328,0.0,0.0,0.0,11.0,27.0,5.0,13.0,16.0,14.0,20.0,17.2,21.9,24.1,22.2,34.5,12.5,24.1,40.6
Landes-sur-Ajon (14310),/management/ville/landes-sur-ajon/ville-14353,0.0,0.0,20.0,77.0,76.0,36.0,76.0,77.0,49.0,71.0,25.7,30.1,33.6,21.1,19.3,15.8,21.4,31.6
Le Thuel (02340),/management/ville/le-thuel/ville-02743,5.0,5.0,5.0,5.0,11.0,49.0,52.0,47.0,17.0,13.0,23.8,56.1,47.6,21.6,15.9,12.1,12.7,7.6
Évisa (20126),/management/ville/evisa/ville-2A108,5.0,11.0,1.0,15.0,18.0,12.0,74.0,51.0,31.0,32.0,35.1,43.6,34.0,18.4,19.1,14.9,11.7,22.3
Empurany (07270),/management/ville/empurany/ville-07085,45.0,25.0,0.0,20.0,90.0,80.0,248.0,86.0,64.0,61.0,54.3,53.7,17.7,18.4,16.0,11.6,11.9,14.8
Goas (82500),/management/ville/goas/ville-82071,5.0,0.0,5.0,0.0,9.0,0.0,8.0,5.0,5.0,9.0,20.0,41.7,20.0,14.3,33.3,0.0,26.7,41.7
Eslourenties-Daban (64420),/management/ville/eslourenties-daban/ville-64211,9.0,9.0,18.0,53.0,35.0,35.0,38.0,56.0,51.0,75.0,16.8,17.6,32.7,18.8,23.0,24.1,27.4,40.7
Font-Romeu-Odeillo-Via (66120),/management/ville/font-romeu-odeillo-via/ville-66124,5.0,94.0,94.0,253.0,282.0,179.0,289.0,331.0,278.0,497.0,18.7,22.8,26.3,20.8,20.1,19.8,35.0,36.3
Frotey-lès-Lure (70200),/management/ville/frotey-les-lure/ville-70260,0.0,10.0,15.0,121.0,81.0,81.0,159.0,149.0,62.0,142.0,27.8,34.4,38.1,19.2,9.9,13.9,24.2,31.3
Gennes-Longuefuye (53200),/management/ville/gennes-longuefuye/ville-53104,20.0,40.0,45.0,154.0,149.0,269.0,237.0,304.0,184.0,185.0,22.1,29.9,41.1,24.2,21.4,19.3,15.4,25.1
Isolaccio-di-Fiumorbo (20243),/management/ville/isolaccio-di-fiumorbo/ville-2B135,3.0,12.0,3.0,12.0,33.0,21.0,133.0,66.0,59.0,23.0,42.1,52.9,28.3,18.7,22.1,19.9,7.6,8.8
Fourquevaux (31450),/management/ville/fourquevaux/ville-31192,0.0,29.0,121.0,121.0,77.0,39.0,94.0,105.0,102.0,269.0,12.7,20.2,22.3,15.0,18.7,17.1,46.3,48.1
La Jonchère-Saint-Maurice (87340),/management/ville/la-jonchere-saint-maurice/ville-87079,10.0,10.0,15.0,65.0,140.0,110.0,199.0,193.0,113.0,113.0,30.1,34.3,35.3,24.9,18.8,17.8,15.9,20.7
Le Burgaud (31330),/management/ville/le-burgaud/ville-31093,15.0,36.0,86.0,107.0,102.0,117.0,157.0,178.0,146.0,174.0,25.7,22.1,31.2,23.1,20.7,24.0,22.4,31.1
Jugazan (33420),/management/ville/jugazan/ville-33209,5.0,20.0,15.0,30.0,25.0,35.0,70.0,56.0,29.0,56.0,34.0,32.4,29.0,22.5,11.0,16.2,26.0,27.0
Landes-Vieilles-et-Neuves (76390),/management/ville/landes-vieilles-et-neuves/ville-76381,0.0,10.0,0.0,10.0,15.0,30.0,55.0,36.0,9.0,10.0,47.5,53.1,37.7,22.4,8.2,8.2,6.6,12.2
La Charité-sur-Loire (58400),/management/ville/la-charite-sur-loire/ville-58059,15.0,160.0,135.0,440.0,564.0,490.0,1675.0,1109.0,570.0,813.0,32.1,46.7,33.2,19.8,14.1,13.3,20.6,18.7
Drubec (14130),/management/ville/drubec/ville-14230,0.0,5.0,5.0,5.0,35.0,10.0,30.0,25.0,18.0,18.0,35.4,30.2,31.3,23.3,16.7,23.3,16.7,23.3
Ferrières (80470),/management/ville/ferrieres/ville-80305,0.0,20.0,59.0,55.0,60.0,30.0,99.0,94.0,66.0,107.0,21.6,32.4,31.9,19.3,16.2,19.8,30.3,28.6
Lasserre (09230),/management/ville/lasserre/ville-09158,5.0,20.0,25.0,34.0,5.0,15.0,45.0,42.0,43.0,54.0,22.3,26.6,27.7,19.3,22.3,24.5,27.7,30.9
Le Mesnil-Aubry (95720),/management/ville/le-mesnil-aubry/ville-95395,5.0,20.0,85.0,206.0,130.0,85.0,170.0,155.0,139.0,173.0,28.8,24.4,26.3,21.9,23.5,20.2,21.4,33.0
La Bâtie-Rolland (26160),/management/ville/la-batie-rolland/ville-26031,0.0,34.0,73.0,131.0,107.0,102.0,184.0,198.0,130.0,206.0,24.7,26.4,32.0,21.9,19.4,16.8,23.9,33.5
Guilvinec (29730),/management/ville/guilvinec/ville-29072,0.0,49.0,49.0,143.0,310.0,311.0,840.0,675.0,411.0,381.0,26.9,44.2,37.5,21.5,17.6,18.0,18.0,15.2
Lachy (51120),/management/ville/lachy/ville-51313,0.0,10.0,20.0,35.0,25.0,30.0,89.0,70.0,33.0,66.0,28.5,40.0,35.8,18.6,9.8,15.6,26.0,25.2
Lésigny (77150),/management/ville/lesigny/ville-77249,0.0,264.0,980.0,1128.0,884.0,305.0,849.0,910.0,1158.0,2222.0,15.6,17.3,20.0,17.0,21.3,23.6,43.1,43.4
La Saulce (05110),/management/ville/la-saulce/ville-05162,15.0,65.0,55.0,157.0,172.0,166.0,404.0,298.0,185.0,223.0,30.3,41.7,36.3,18.4,15.2,18.1,18.2,21.7
Granges-la-Ville (70400),/management/ville/granges-la-ville/ville-70276,0.0,5.0,0.0,10.0,35.0,30.0,47.0,54.0,19.0,24.0,26.0,40.3,48.1,23.0,11.7,14.9,14.3,19.4
Le Thuit (27700),/management/ville/le-thuit/ville-27635,10.0,0.0,10.0,39.0,24.0,20.0,39.0,33.0,16.0,20.0,46.3,25.5,31.5,27.0,13.0,16.4,9.3,27.3
Dampierre-sur-Linotte (70230),/management/ville/dampierre-sur-linotte/ville-70197,0.0,15.0,45.0,90.0,100.0,115.0,151.0,172.0,105.0,116.0,25.4,30.1,35.1,26.0,19.0,19.6,20.5,22.1
Holling (57220),/management/ville/holling/ville-57329,0.0,0.0,0.0,40.0,50.0,109.0,85.0,101.0,76.0,52.0,18.8,33.1,37.0,27.2,25.4,23.4,18.8,14.9
Les Cars (87230),/management/ville/les-cars/ville-87029,0.0,30.0,15.0,35.0,54.0,79.0,232.0,114.0,77.0,91.0,35.8,53.7,30.9,14.4,15.2,14.4,18.1,17.4
Évosges (01230),/management/ville/evosges/ville-01155,5.0,0.0,5.0,10.0,15.0,30.0,31.0,33.0,18.0,26.0,22.6,34.5,37.7,22.4,15.1,18.2,24.5,23.6
Dolcourt (54170),/management/ville/dolcourt/ville-54158,0.0,15.0,0.0,10.0,24.0,10.0,23.0,24.0,21.0,21.0,20.0,31.3,33.3,21.3,24.4,22.9,22.2,25.0
Gennes-sur-Seiche (35370),/management/ville/gennes-sur-seiche/ville-35119,36.0,36.0,36.0,78.0,123.0,131.0,185.0,175.0,131.0,178.0,27.4,27.8,32.8,19.8,18.4,21.0,21.4,31.7
Isômes (52190),/management/ville/isomes/ville-52249,5.0,10.0,5.0,20.0,20.0,30.0,30.0,39.0,13.0,37.0,18.3,32.2,45.0,18.5,11.7,10.2,25.0,37.3
Godenvillers (60420),/management/ville/godenvillers/ville-60276,0.0,0.0,10.0,15.0,21.0,51.0,38.0,40.0,29.0,29.0,26.2,30.4,36.9,23.9,15.4,26.1,21.5,20.3
La Laigne (17170),/management/ville/la-laigne/ville-17201,0.0,10.0,25.0,65.0,91.0,55.0,76.0,115.0,69.0,79.0,20.4,24.6,38.3,26.9,20.4,20.5,21.0,25.7
Frotey-lès-Vesoul (70000),/management/ville/frotey-les-vesoul/ville-70261,0.0,50.0,95.0,120.0,234.0,150.0,320.0,271.0,212.0,277.0,30.6,28.7,27.7,22.6,16.6,22.4,25.0,26.2
Empuré (16240),/management/ville/empure/ville-16127,5.0,10.0,5.0,5.0,20.0,5.0,32.0,26.0,21.0,10.0,34.9,36.4,37.2,20.9,25.6,22.7,2.3,20.5
Le Busseau (79240),/management/ville/le-busseau/ville-79059,30.0,25.0,25.0,35.0,65.0,125.0,201.0,174.0,111.0,75.0,32.4,39.2,36.0,24.6,19.8,19.8,11.9,14.8
Fontain (25660),/management/ville/fontain/ville-25245,25.0,30.0,100.0,201.0,177.0,96.0,175.0,234.0,139.0,379.0,15.9,21.7,30.6,19.0,15.5,14.7,38.0,43.6
Esmans (77940),/management/ville/esmans/ville-77172,15.0,5.0,45.0,118.0,148.0,60.0,219.0,217.0,118.0,133.0,31.6,32.2,34.8,25.9,16.1,18.0,17.5,21.0
Fours (33390),/management/ville/fours/ville-33172,10.0,15.0,5.0,10.0,40.0,60.0,90.0,67.0,42.0,39.0,29.9,45.5,35.9,20.0,17.9,17.4,16.2,16.5
Jugeals-Nazareth (19500),/management/ville/jugeals-nazareth/ville-19093,5.0,30.0,15.0,127.0,137.0,117.0,129.0,220.0,137.0,195.0,15.0,22.9,42.1,22.5,17.9,22.3,25.0,32.3
Holnon (02760),/management/ville/holnon/ville-02382,0.0,25.0,71.0,163.0,188.0,132.0,277.0,309.0,174.0,288.0,22.0,30.5,35.5,22.4,16.0,17.2,26.5,28.5
La Charme (39230),/management/ville/la-charme/ville-39110,0.0,0.0,5.0,16.0,21.0,0.0,15.0,20.0,10.0,6.0,24.1,33.3,51.7,23.8,17.2,23.8,6.9,19.0
Granges-le-Bourg (70400),/management/ville/granges-le-bourg/ville-70277,10.0,10.0,30.0,65.0,30.0,45.0,91.0,90.0,55.0,58.0,26.4,35.6,37.8,23.0,15.5,21.9,20.3,19.2
Hauterive (03270),/management/ville/hauterive/ville-03126,0.0,35.0,25.0,147.0,177.0,167.0,264.0,314.0,159.0,176.0,23.4,34.2,42.7,24.3,17.5,17.3,16.4,22.0
Lésigny (86270),/management/ville/lesigny/ville-86129,0.0,10.0,20.0,64.0,70.0,79.0,119.0,139.0,77.0,91.0,21.9,34.1,38.4,23.8,19.6,16.8,20.1,23.1
Guimaëc (29620),/management/ville/guimaec/ville-29073,35.0,51.0,15.0,56.0,101.0,101.0,209.0,192.0,134.0,227.0,21.6,33.4,33.9,16.8,16.4,18.8,28.1,31.3
La Saulsotte (10400),/management/ville/la-saulsotte/ville-10367,0.0,15.0,30.0,75.0,75.0,110.0,137.0,181.0,77.0,80.0,27.6,30.2,45.7,27.0,14.0,18.5,12.8,21.1
Le Thuit de l'Oison (27370),/management/ville/le-thuit-de-l-oison/ville-27638,24.0,83.0,214.0,559.0,394.0,369.0,549.0,759.0,470.0,742.0,19.5,24.0,35.1,23.8,18.2,19.1,27.1,31.6
Landévant (56690),/management/ville/landevant/ville-56097,5.0,161.0,171.0,498.0,546.0,498.0,526.0,819.0,522.0,743.0,15.8,24.2,37.9,24.0,20.3,19.7,26.0,30.7
Le Mesnil-Conteville (60210),/management/ville/le-mesnil-conteville/ville-60397,5.0,5.0,11.0,11.0,0.0,16.0,26.0,24.0,15.0,13.0,33.3,34.1,38.9,22.7,19.4,17.1,8.3,24.4
La Bâtie-Vieille (05000),/management/ville/la-batie-vieille/ville-05018,11.0,42.0,21.0,42.0,48.0,16.0,37.0,53.0,55.0,111.0,10.9,18.1,25.6,16.1,24.8,18.1,38.8,48.0
Ferrières-en-Bray (76220),/management/ville/ferrieres-en-bray/ville-76260,5.0,65.0,45.0,145.0,179.0,286.0,599.0,389.0,178.0,140.0,43.4,48.2,35.0,22.6,13.1,14.1,8.5,12.7
Lasserre (47600),/management/ville/lasserre/ville-47139,5.0,10.0,0.0,20.0,0.0,0.0,12.0,9.0,14.0,24.0,22.6,17.9,22.6,9.5,16.1,32.1,38.7,42.9
.9,30.2,25.6,21.1,20.9,23.7
Lacollonge (90150),/management/ville/lacollonge/ville-90059,10.0,5.0,15.0,29.0,29.0,10.0,38.0,61.0,28.0,44.0,20.5,25.0,39.8,27.2,13.6,20.2,26.1,25.0
Les Cassés (11320),/management/ville/les-casses/ville-11074,0.0,15.0,25.0,25.0,40.0,15.0,39.0,47.0,46.0,64.0,19.4,20.4,27.6,21.3,22.4,24.5,30.6,34.7
Ispagnac (48320),/management/ville/ispagnac/ville-48075,55.0,30.0,60.0,80.0,105.0,50.0,220.0,167.0,139.0,186.0,29.7,32.4,29.7,18.4,17.9,20.8,22.7,28.9
Fours (58250),/management/ville/fours/ville-58118,10.0,10.0,10.0,51.0,61.0,66.0,221.0,193.0,84.0,57.0,30.5,48.9,45.7,22.5,14.9,15.1,8.9,11.3
Dole (39100),/management/ville/dole/ville-39198,12.0,497.0,1102.0,2374.0,2943.0,2685.0,5996.0,4480.0,2830.0,4326.0,30.3,37.1,29.8,20.6,16.2,15.9,23.7,25.2
Fontaine (10200),/management/ville/fontaine/ville-10150,10.0,10.0,10.0,25.0,20.0,40.0,79.0,68.0,29.0,42.0,30.8,41.2,38.5,21.9,14.4,12.3,16.3,21.9
Drucat (80132),/management/ville/drucat/ville-80260,0.0,45.0,90.0,100.0,95.0,65.0,150.0,145.0,120.0,262.0,20.5,23.9,24.5,18.9,16.2,19.1,38.8,38.2
La Lande-Chasles (49150),/management/ville/la-lande-chasles/ville-49171,0.0,5.0,0.0,20.0,5.0,25.0,41.0,18.0,14.0,16.0,51.1,40.9,17.8,21.7,13.3,18.2,17.8,18.2
Empury (58140),/management/ville/empury/ville-58108,5.0,10.0,0.0,10.0,0.0,0.0,22.0,14.0,5.0,28.0,30.3,34.2,30.3,12.2,9.1,5.3,30.3,47.4
Goderville (76110),/management/ville/goderville/ville-76302,5.0,79.0,89.0,407.0,372.0,283.0,733.0,618.0,360.0,434.0,26.2,41.3,35.6,21.1,18.9,14.9,19.3,21.0
Frouard (54390),/management/ville/frouard/ville-54215,5.0,165.0,325.0,800.0,1090.0,670.0,1532.0,1479.0,851.0,1014.0,26.9,35.4,33.9,24.6,18.3,16.7,20.9,20.7
Esmery-Hallon (80400),/management/ville/esmery-hallon/ville-80284,15.0,15.0,15.0,79.0,88.0,125.0,237.0,168.0,98.0,79.0,37.5,43.8,33.2,22.6,18.7,15.1,10.6,16.4
Gennes-Val-de-Loire (49160),/management/ville/gennes-val-de-loire/ville-49261,90.0,329.0,435.0,817.0,974.0,1073.0,2087.0,1810.0,1086.0,1382.0,28.9,36.4,34.0,21.9,16.6,17.5,20.5,22.9
Le Cabanial (31460),/management/ville/le-cabanial/ville-31097,15.0,20.0,26.0,56.0,56.0,31.0,73.0,79.0,80.0,130.0,19.1,21.6,28.9,16.3,22.5,21.6,29.5,41.6
La Saunière (23000),/management/ville/la-sauniere/ville-23169,0.0,15.0,30.0,119.0,109.0,30.0,104.0,159.0,107.0,97.0,20.6,23.8,41.6,25.8,21.4,24.2,16.4,25.5
Ferrières-en-Brie (77164),/management/ville/ferrieres-en-brie/ville-77181,0.0,108.0,399.0,685.0,488.0,225.0,361.0,446.0,477.0,991.0,16.3,15.4,25.1,15.3,21.0,21.0,37.6,49.4
Dampierre-sur-Salon (70180),/management/ville/dampierre-sur-salon/ville-70198,15.0,25.0,46.0,158.0,163.0,139.0,456.0,254.0,143.0,152.0,41.5,48.9,30.8,19.3,13.0,15.3,14.7,15.5
Lesme (71140),/management/ville/lesme/ville-71255,10.0,0.0,15.0,30.0,25.0,35.0,33.0,59.0,26.0,27.0,24.3,21.1,50.0,28.6,13.5,22.5,12.2,25.4
Landévennec (29560),/management/ville/landevennec/ville-29104,20.0,5.0,35.0,25.0,25.0,10.0,74.0,57.0,63.0,83.0,23.2,30.4,23.2,18.6,23.2,22.2,30.3,29.6
Hauterive (61250),/management/ville/hauterive/ville-61202,0.0,21.0,26.0,41.0,83.0,72.0,82.0,116.0,59.0,95.0,19.4,26.9,41.1,23.1,15.4,18.3,24.0,30.3
Jugon-les-Lacs - Commune nouvelle (22270),/management/ville/jugon-les-lacs-commune-nouvelle/ville-22084,30.0,120.0,70.0,245.0,280.0,360.0,461.0,569.0,310.0,432.0,20.1,31.4,39.3,23.2,19.8,15.4,20.8,27.6
Le Mesnil-Durdent (76460),/management/ville/le-mesnil-durdent/ville-76428,0.0,0.0,5.0,5.0,0.0,0.0,5.0,3.0,0.0,8.0,12.5,50.0,25.0,11.1,0.0,0.0,62.5,37.5
Granges-les-Beaumont (26600),/management/ville/granges-les-beaumont/ville-26379,10.0,15.0,50.0,69.0,129.0,169.0,233.0,193.0,112.0,163.0,34.4,31.9,28.8,23.7,16.9,15.1,19.9,26.6
La Bauche (73360),/management/ville/la-bauche/ville-73033,0.0,30.0,15.0,65.0,50.0,75.0,59.0,98.0,67.0,102.0,19.5,16.7,39.6,20.8,18.9,22.2,22.0,40.7
La Charmée (71100),/management/ville/la-charmee/ville-71102,10.0,10.0,64.0,95.0,94.0,66.0,104.0,148.0,100.0,170.0,19.4,20.5,32.8,22.6,19.4,18.9,28.4,37.0
Lasserre (64350),/management/ville/lasserre/ville-64323,15.0,5.0,0.0,5.0,15.0,24.0,25.0,20.0,16.0,10.0,25.0,43.2,41.7,18.2,19.4,27.0,13.9,13.5
Holque (59143),/management/ville/holque/ville-59307,0.0,20.0,20.0,90.0,135.0,150.0,210.0,219.0,115.0,102.0,24.9,39.8,43.8,23.1,16.4,19.1,14.8,16.7
Le Tiercent (35460),/management/ville/le-tiercent/ville-35336,9.0,9.0,5.0,28.0,24.0,14.0,23.0,46.0,29.0,33.0,11.4,23.3,44.3,24.6,21.4,23.3,22.9,28.3
Lacombe (11310),/management/ville/lacombe/ville-11182,0.0,15.0,10.0,15.0,20.0,5.0,48.0,26.0,34.0,28.0,39.1,31.9,26.1,15.1,15.9,34.8,18.8,21.7
Les Cent-Acres (76590),/management/ville/les-cent-acres/ville-76168,0.0,0.0,5.0,0.0,15.0,10.0,7.0,15.0,9.0,10.0,16.0,18.8,44.0,25.0,20.0,25.0,20.0,31.3
Guimiliau (29400),/management/ville/guimiliau/ville-29074,15.0,35.0,20.0,70.0,175.0,190.0,133.0,293.0,131.0,160.0,15.5,21.7,43.6,31.6,18.8,17.7,22.1,22.5
Le Cailar (30740),/management/ville/le-cailar/ville-30059,35.0,105.0,90.0,215.0,315.0,295.0,562.0,528.0,325.0,459.0,27.5,32.4,32.6,22.6,16.4,18.3,23.5,25.4
Esmoulières (70310),/management/ville/esmoulieres/ville-70217,0.0,5.0,10.0,0.0,10.0,15.0,30.0,32.0,12.0,10.0,28.9,43.6,46.7,23.9,17.8,10.3,6.7,17.9
La Lande-d'Airou (50800),/management/ville/la-lande-d-airou/ville-50262,30.0,25.0,10.0,60.0,65.0,75.0,164.0,105.0,69.0,53.0,39.2,45.0,27.1,23.4,21.1,14.1,12.6,14.7
Fontaine (38600),/management/ville/fontaine/ville-38169,7.0,398.0,1659.0,2653.0,3334.0,2558.0,5573.0,3826.0,2445.0,4508.0,31.6,36.3,27.1,19.3,13.7,16.0,27.5,27.6
Fourtou (11190),/management/ville/fourtou/ville-11155,10.0,5.0,5.0,0.0,0.0,10.0,21.0,6.0,11.0,17.0,35.5,39.1,16.1,5.0,22.6,17.4,25.8,39.1
Gennetines (03400),/management/ville/gennetines/ville-03121,25.0,10.0,30.0,80.0,105.0,75.0,111.0,147.0,94.0,136.0,20.2,25.1,35.9,22.6,21.8,16.7,22.2,33.9
Ispoure (64220),/management/ville/ispoure/ville-64275,0.0,40.0,30.0,40.0,45.0,50.0,197.0,154.0,92.0,113.0,35.8,35.1,27.2,25.3,16.0,17.1,21.0,19.7
Drucourt (27230),/management/ville/drucourt/ville-27207,5.0,30.0,20.0,66.0,61.0,76.0,142.0,145.0,73.0,88.0,27.7,35.6,39.7,23.0,15.6,16.9,17.0,22.7
Dolignon (02360),/management/ville/dolignon/ville-02266,10.0,0.0,5.0,5.0,10.0,5.0,15.0,6.0,12.0,8.0,31.6,40.9,15.8,15.0,36.8,22.7,15.8,22.7
Évrange (57570),/management/ville/evrange/ville-57203,0.0,0.0,15.0,35.0,51.0,10.0,32.0,34.0,29.0,76.0,19.5,18.2,22.0,18.4,14.6,19.3,43.9,44.3
Godewaersvelde (59270),/management/ville/godewaersvelde/ville-59262,20.0,50.0,135.0,220.0,215.0,330.0,483.0,353.0,257.0,405.0,30.4,34.1,28.1,18.8,16.4,17.9,25.2,28.9
Frouville (95690),/management/ville/frouville/ville-95258,5.0,28.0,50.0,77.0,40.0,19.0,57.0,48.0,54.0,110.0,21.5,21.4,20.8,15.7,20.8,19.3,36.9,44.3
Encausse (32430),/management/ville/encausse/ville-32120,10.0,15.0,30.0,85.0,40.0,60.0,71.0,64.0,51.0,115.0,21.3,25.8,28.7,14.0,19.3,14.6,30.7,45.7
Lesménils (54700),/management/ville/lesmenils/ville-54312,10.0,20.0,50.0,45.0,55.0,35.0,79.0,107.0,74.0,114.0,14.9,27.4,32.4,23.2,21.3,18.3,31.4,29.6
La Baule-Escoublac (44500),/management/ville/la-baule-escoublac/ville-44055,34.0,659.0,1134.0,1378.0,1550.0,671.0,3113.0,3025.0,2441.0,4364.0,18.3,28.6,24.9,21.6,17.9,19.6,38.9,29.7
Landevieille (85220),/management/ville/landevieille/ville-85120,25.0,45.0,20.0,182.0,202.0,147.0,299.0,369.0,180.0,183.0,23.4,34.2,44.8,25.6,14.7,20.0,17.1,18.3
Ferrières-en-Gâtinais (45210),/management/ville/ferrieres-en-gatinais/ville-45145,5.0,125.0,115.0,368.0,503.0,488.0,896.0,866.0,451.0,514.0,29.5,35.9,37.9,24.4,13.7,19.2,18.9,18.8
Lacommande (64360),/management/ville/lacommande/ville-64299,0.0,10.0,20.0,50.0,30.0,15.0,37.0,54.0,23.0,54.0,18.1,25.9,37.3,23.7,14.5,12.9,30.1,34.1
Granges-Narboz (25300),/management/ville/granges-narboz/ville-25293,10.0,51.0,36.0,189.0,158.0,143.0,149.0,254.0,167.0,238.0,18.5,18.1,35.4,25.5,21.5,20.1,24.6,34.4
Le Mesnil-en-Thelle (60530),/management/ville/le-mesnil-en-thelle/ville-60398,0.0,45.0,120.0,380.0,340.0,215.0,451.0,505.0,286.0,411.0,26.3,28.3,33.4,25.2,17.3,17.4,23.1,26.5
La Saussaye (27370),/management/ville/la-saussaye/ville-27616,5.0,74.0,158.0,237.0,168.0,198.0,316.0,399.0,241.0,431.0,18.2,27.1,32.9,23.0,17.7,17.2,31.2,31.0
Jugy (71240),/management/ville/jugy/ville-71245,20.0,5.0,31.0,31.0,41.0,36.0,50.0,71.0,43.0,79.0,20.0,21.8,38.3,20.2,15.0,20.2,26.7,37.9
Dampjoux (25190),/management/ville/dampjoux/ville-25192,0.0,5.0,15.0,20.0,31.0,36.0,33.0,58.0,18.0,25.0,15.6,32.9,53.1,29.1,14.1,12.9,17.2,18.6
Le Tignet (06530),/management/ville/le-tignet/ville-06140,0.0,200.0,211.0,480.0,353.0,216.0,513.0,671.0,509.0,824.0,19.7,21.1,30.1,23.2,17.6,22.8,32.6,32.9
Hauterive (89250),/management/ville/hauterive/ville-89200,20.0,5.0,20.0,65.0,55.0,85.0,82.0,79.0,54.0,79.0,23.2,32.2,33.8,20.3,16.9,19.7,26.1,27.6
Lasserre-de-Prouille (11270),/management/ville/lasserre-de-prouille/ville-11193,10.0,5.0,0.0,40.0,15.0,40.0,50.0,52.0,43.0,48.0,18.4,32.1,28.7,23.3,29.9,16.0,23.0,26.4
Holtzheim (67810),/management/ville/holtzheim/ville-67212,0.0,117.0,323.0,646.0,382.0,347.0,556.0,821.0,433.0,942.0,15.9,24.1,34.9,23.0,16.2,15.3,33.0,35.3
La Chartre-sur-le-Loir (72340),/management/ville/la-chartre-sur-le-loir/ville-72068,5.0,56.0,40.0,86.0,126.0,207.0,520.0,334.0,175.0,158.0,37.0,49.5,36.2,20.0,14.8,14.7,12.0,14.4
Les Cerqueux (49360),/management/ville/les-cerqueux/ville-49058,0.0,0.0,25.0,55.0,71.0,237.0,231.0,196.0,110.0,65.0,33.3,43.5,40.5,23.9,16.3,19.9,9.9,11.4
Évrecy (14210),/management/ville/evrecy/ville-14257,15.0,35.0,136.0,333.0,252.0,131.0,270.0,321.0,267.0,515.0,17.6,21.5,28.1,19.1,20.8,18.4,33.6,40.9
Le Caire (04250),/management/ville/le-caire/ville-04037,5.0,0.0,5.0,9.0,0.0,5.0,11.0,21.0,14.0,17.0,13.2,23.1,44.7,21.7,15.8,30.8,26.3,26.9
Guimps (16300),/management/ville/guimps/ville-16160,20.0,20.0,5.0,20.0,70.0,110.0,140.0,133.0,44.0,63.0,31.2,42.5,43.0,23.5,10.8,12.4,15.1,18.1
La Lande-de-Fronsac (33240),/management/ville/la-lande-de-fronsac/ville-33219,21.0,69.0,112.0,309.0,268.0,305.0,550.0,533.0,333.0,373.0,26.4,34.9,36.7,22.2,18.3,18.9,18.5,23.1
Dolleren (68290),/management/ville/dolleren/ville-68073,0.0,0.0,24.0,59.0,69.0,113.0,70.0,145.0,60.0,71.0,16.1,24.0,48.8,30.3,17.3,17.1,17.9,22.9
Fontaine (90150),/management/ville/fontaine/ville-90047,0.0,20.0,65.0,80.0,85.0,45.0,91.0,131.0,67.0,136.0,21.1,21.5,33.8,25.0,15.0,16.7,30.0,34.0
Isques (62360),/management/ville/isques/ville-62474,5.0,15.0,51.0,151.0,192.0,137.0,304.0,237.0,165.0,174.0,30.8,38.1,30.8,21.9,19.7,18.0,18.8,20.8
Drudas (31480),/management/ville/drudas/ville-31164,0.0,5.0,21.0,27.0,43.0,16.0,39.0,40.0,30.0,60.0,21.2,24.1,28.2,19.5,15.3,20.5,35.3,36.1
Foussais-Payré (85240),/management/ville/foussais-payre/ville-85094,68.0,44.0,39.0,83.0,117.0,92.0,273.0,264.0,146.0,184.0,29.1,33.7,37.0,22.9,15.6,18.0,18.3,23.9
Genneton (79150),/management/ville/genneton/ville-79132,35.0,0.0,15.0,15.0,20.0,30.0,107.0,65.0,46.0,36.0,39.2,44.5,31.2,19.7,19.2,17.2,10.4,18.0
Esmoulins (70100),/management/ville/esmoulins/ville-70218,10.0,5.0,5.0,20.0,10.0,10.0,34.0,30.0,23.0,17.0,25.9,40.0,31.5,23.6,27.8,16.0,14.8,18.0
Godisson (61240),/management/ville/godisson/ville-61192,0.0,10.0,0.0,10.0,20.0,5.0,16.0,33.0,4.0,23.0,17.1,25.7,51.2,25.5,9.8,0.0,22.0,40.0
Frouzins (31270),/management/ville/frouzins/ville-31203,5.0,259.0,888.0,1339.0,1333.0,751.0,1484.0,1444.0,1303.0,2135.0,21.2,25.2,26.2,19.9,19.2,21.7,33.4,33.7
Encausse-les-Thermes (31160),/management/ville/encausse-les-thermes/ville-31167,10.0,35.0,10.0,85.0,121.0,55.0,126.0,140.0,91.0,167.0,21.5,26.2,32.2,21.2,16.1,18.6,30.2,33.3
Lesmont (10500),/management/ville/lesmont/ville-10193,0.0,5.0,5.0,30.0,40.0,25.0,77.0,68.0,51.0,39.0,30.2,35.3,34.5,24.1,17.2,26.1,18.1,15.1
Granges-sur-Aube (51260),/management/ville/granges-sur-aube/ville-51279,10.0,0.0,10.0,20.0,20.0,50.0,46.0,33.0,28.0,21.0,36.2,35.6,34.8,17.3,17.4,27.1,11.6,22.0
La Baume (74430),/management/ville/la-baume/ville-74030,5.0,15.0,20.0,25.0,60.0,70.0,62.0,58.0,43.0,66.0,22.3,31.6,33.9,17.1,20.5,17.1,23.2,34.2
Ferrières-Haut-Clocher (27190),/management/ville/ferrieres-haut-clocher/ville-27238,10.0,15.0,66.0,229.0,138.0,132.0,166.0,211.0,146.0,258.0,19.6,23.0,32.5,21.0,18.6,18.6,29.4,36.7
Dampleux (02600),/management/ville/dampleux/ville-02259,5.0,0.0,20.0,45.0,91.0,40.0,94.0,82.0,68.0,65.0,32.4,28.7,30.4,23.4,18.9,24.8,18.2,23.6
Juicq (17770),/management/ville/juicq/ville-17198,0.0,10.0,15.0,35.0,35.0,20.0,51.0,57.0,36.0,60.0,24.3,25.7,36.9,18.8,16.5,18.8,22.3,36.6
Holving (57510),/management/ville/holving/ville-57330,5.0,40.0,70.0,131.0,216.0,191.0,339.0,332.0,152.0,194.0,26.8,39.9,37.4,24.4,16.5,13.4,19.3,18.9
Le Mesnil-Esnard (76240),/management/ville/le-mesnil-esnard/ville-76429,10.0,189.0,913.0,1121.0,931.0,475.0,1389.0,1153.0,1056.0,2212.0,19.7,27.5,23.3,17.1,17.8,18.5,39.1,37.2
Landeyrat (15160),/management/ville/landeyrat/ville-15091,16.0,0.0,5.0,16.0,10.0,16.0,24.0,28.0,17.0,9.0,25.6,36.4,41.9,28.6,18.6,24.2,14.0,9.1
La Sauve (33670),/management/ville/la-sauve/ville-33505,10.0,36.0,46.0,192.0,259.0,188.0,286.0,338.0,190.0,245.0,25.3,28.7,37.9,24.1,17.0,18.9,19.8,26.6
Lasserre-Pradère (31530),/management/ville/lasserre-pradere/ville-31277,5.0,15.0,242.0,251.0,144.0,102.0,143.0,220.0,168.0,527.0,10.9,16.0,25.1,16.6,14.7,17.1,49.2,50.4
Lacoste (34800),/management/ville/lacoste/ville-34124,15.0,25.0,15.0,51.0,20.0,10.0,64.0,60.0,54.0,75.0,24.8,26.3,26.3,20.5,21.2,21.2,27.7,32.2
Le Tilleul (76790),/management/ville/le-tilleul/ville-76693,0.0,25.0,30.0,90.0,75.0,70.0,97.0,153.0,100.0,156.0,18.4,19.9,38.0,22.3,18.4,21.1,25.2,36.3
La Chassagne (39230),/management/ville/la-chassagne/ville-39112,0.0,5.0,0.0,5.0,10.0,5.0,41.0,31.0,15.0,12.0,24.5,59.2,38.8,20.4,18.4,12.2,18.4,6.1
Èvres (55250),/management/ville/evres/ville-55185,5.0,0.0,0.0,21.0,10.0,15.0,28.0,21.0,19.0,14.0,27.8,39.5,33.3,19.5,22.2,23.3,16.7,18.6
Hauterive-la-Fresse (25650),/management/ville/hauterive-la-fresse/ville-25303,5.0,5.0,20.0,30.0,25.0,30.0,27.0,53.0,27.0,42.0,13.3,22.4,41.3,26.4,20.0,15.8,25.3,31.6
Les Chalesmes (39150),/management/ville/les-chalesmes/ville-39091,10.0,0.0,0.0,5.0,10.0,10.0,19.0,17.0,15.0,11.0,21.9,40.0,34.4,19.4,31.3,16.7,12.5,23.3
Dollon (72390),/management/ville/dollon/ville-72118,30.0,25.0,30.0,121.0,206.0,261.0,446.0,352.0,171.0,137.0,35.4,45.3,38.3,23.4,14.5,16.3,11.7,12.9
La Lande-de-Goult (61320),/management/ville/la-lande-de-goult/ville-61216,15.0,20.0,5.0,15.0,15.0,10.0,33.0,41.0,26.0,45.0,16.9,29.4,37.7,16.9,22.1,13.2,23.4,39.7
Fontaine-au-Bois (59550),/management/ville/fontaine-au-bois/ville-59242,10.0,31.0,21.0,77.0,113.0,113.0,144.0,169.0,100.0,105.0,24.6,30.7,42.5,23.4,15.5,22.8,17.5,22.8
Le Cambout (22210),/management/ville/le-cambout/ville-22027,55.0,5.0,5.0,25.0,35.0,55.0,164.0,96.0,58.0,38.0,38.5,54.0,35.2,17.7,19.2,13.1,7.1,14.2
Issac (24400),/management/ville/issac/ville-24211,10.0,20.0,15.0,60.0,40.0,15.0,124.0,87.0,56.0,78.0,33.5,37.7,29.2,20.3,18.6,14.2,18.6,26.2
Genneville (14600),/management/ville/genneville/ville-14299,10.0,59.0,49.0,78.0,108.0,98.0,192.0,155.0,90.0,144.0,30.1,36.0,34.9,18.4,13.1,17.8,21.8,27.7
Guinarthe-Parenties (64390),/management/ville/guinarthe-parenties/ville-64251,0.0,5.0,5.0,10.0,20.0,31.0,53.0,61.0,26.0,37.0,21.0,37.5,42.0,24.1,21.0,8.3,16.0,25.0
Druelle Balsac (12000),/management/ville/druelle-balsac/ville-12090,44.0,93.0,196.0,537.0,392.0,237.0,448.0,595.0,419.0,795.0,18.8,21.0,32.8,19.1,18.4,18.7,30.0,41.1
Esnandes (17137),/management/ville/esnandes/ville-17153,20.0,55.0,99.0,234.0,324.0,180.0,457.0,459.0,259.0,364.0,26.5,32.7,33.7,24.0,16.4,17.2,23.3,23.9
Enchastrayes (04400),/management/ville/enchastrayes/ville-04073,15.0,35.0,15.0,50.0,20.0,25.0,87.0,80.0,63.0,111.0,22.9,27.8,25.3,20.5,20.5,16.5,31.3,34.1
Foussemagne (90150),/management/ville/foussemagne/ville-90049,0.0,15.0,75.0,80.0,156.0,90.0,132.0,203.0,119.0,168.0,18.6,23.5,35.7,26.6,21.3,17.1,24.4,29.4
Godoncourt (88410),/management/ville/godoncourt/ville-88208,5.0,5.0,0.0,34.0,16.0,16.0,49.0,29.0,14.0,16.0,44.2,46.4,34.6,18.6,11.5,14.3,9.6,19.6
Ferrières-la-Verrerie (61390),/management/ville/ferrieres-la-verrerie/ville-61166,11.0,0.0,5.0,5.0,22.0,33.0,37.0,44.0,23.0,27.0,23.6,33.9,38.9,23.9,20.8,13.6,16.7,25.4
Lacoste (84480),/management/ville/lacoste/ville-84058,10.0,35.0,45.0,30.0,40.0,20.0,65.0,85.0,60.0,123.0,22.7,16.8,31.2,20.4,16.2,19.6,29.9,43.0
Lesneven (29260),/management/ville/lesneven/ville-29124,15.0,210.0,264.0,783.0,1083.0,773.0,1610.0,1498.0,1011.0,1302.0,22.4,35.7,33.7,21.6,19.5,17.9,24.3,23.7
Granges-sur-Lot (47260),/management/ville/granges-sur-lot/ville-47111,10.0,45.0,5.0,30.0,56.0,91.0,206.0,131.0,61.0,58.0,39.3,51.1,36.1,20.4,12.8,13.6,11.9,13.2
Hombleux (80400),/management/ville/hombleux/ville-80442,15.0,40.0,5.0,100.0,130.0,320.0,353.0,256.0,124.0,124.0,36.8,45.2,36.5,22.1,13.0,15.8,13.7,15.1
Juif (71440),/management/ville/juif/ville-71246,10.0,5.0,10.0,20.0,10.0,60.0,78.0,62.0,34.0,28.0,35.2,42.3,36.2,22.6,18.1,15.5,10.5,17.5
Dampmart (77400),/management/ville/dampmart/ville-77155,0.0,148.0,300.0,435.0,475.0,380.0,594.0,592.0,453.0,758.0,23.8,25.7,29.4,20.3,17.0,20.7,29.8,33.3
Froville (54290),/management/ville/froville/ville-54216,0.0,10.0,10.0,5.0,20.0,10.0,14.0,31.0,21.0,25.0,8.0,22.7,40.0,26.1,24.0,22.7,28.0,27.3
Landifay-et-Bertaignemont (02120),/management/ville/landifay-et-bertaignemont/ville-02403,0.0,10.0,16.0,26.0,21.0,47.0,81.0,63.0,29.0,32.0,33.3,44.8,37.3,21.4,16.7,12.4,12.7,19.0
Lasseube (64290),/management/ville/lasseube/ville-64324,60.0,75.0,80.0,255.0,150.0,165.0,261.0,374.0,209.0,427.0,18.0,23.1,35.6,21.7,16.6,16.3,29.8,37.4
La Baume-Cornillane (26120),/management/ville/la-baume-cornillane/ville-26032,20.0,44.0,59.0,68.0,35.0,44.0,75.0,62.0,68.0,133.0,21.5,22.6,22.7,14.9,18.6,22.0,37.2,41.7
La Sauvetat (32500),/management/ville/la-sauvetat/ville-32417,20.0,20.0,15.0,20.0,45.0,5.0,89.0,51.0,67.0,69.0,31.7,32.7,23.0,16.3,23.8,24.7,21.4,28.0
Hauterives (26390),/management/ville/hauterives/ville-26148,25.0,50.0,80.0,155.0,206.0,192.0,454.0,381.0,226.0,404.0,27.5,34.2,31.2,20.3,14.7,16.0,26.6,28.5
Évreux (27000),/management/ville/evreux/ville-27229,17.0,659.0,2747.0,5200.0,6724.0,5878.0,12179.0,7722.0,5655.0,8818.0,32.2,38.1,25.7,19.1,16.9,16.0,25.2,26.0
La Châtaigneraie (85120),/management/ville/la-chataigneraie/ville-85059,5.0,55.0,75.0,158.0,217.0,430.0,952.0,613.0,272.0,238.0,37.3,52.9,38.0,20.5,13.8,12.5,10.8,12.0
Le Tilleul-Lambert (27110),/management/ville/le-tilleul-lambert/ville-27641,0.0,5.0,10.0,40.0,30.0,49.0,34.0,41.0,32.0,52.0,17.5,25.0,33.8,18.9,15.0,25.0,33.8,32.5
Le Mesnil-Eudes (14100),/management/ville/le-mesnil-eudes/ville-14419,11.0,19.0,9.0,14.0,13.0,44.0,63.0,77.0,32.0,39.0,24.1,35.9,45.4,24.3,14.8,15.5,15.7,21.4
Les Champeaux (61120),/management/ville/les-champeaux/ville-61086,0.0,20.0,5.0,0.0,30.0,20.0,30.0,30.0,16.0,14.0,31.3,34.9,33.3,29.4,18.8,16.3,16.7,14.0
La Lande-de-Lougé (61210),/management/ville/la-lande-de-louge/ville-61217,10.0,0.0,0.0,10.0,0.0,5.0,16.0,14.0,5.0,8.0,33.3,42.1,33.3,26.1,12.5,10.5,20.8,15.8
Dollot (89150),/management/ville/dollot/ville-89143,10.0,0.0,5.0,49.0,49.0,44.0,83.0,77.0,35.0,61.0,25.6,39.1,36.4,22.0,13.2,14.1,24.8,22.7
Drugeac (15140),/management/ville/drugeac/ville-15063,25.0,5.0,5.0,20.0,55.0,70.0,124.0,81.0,50.0,27.0,37.9,49.6,37.1,20.0,17.9,17.7,7.1,12.1
Issamoulenc (07190),/management/ville/issamoulenc/ville-07104,5.0,0.0,0.0,5.0,10.0,10.0,35.0,21.0,12.0,16.0,39.1,44.7,26.1,21.4,15.2,13.2,19.6,18.4
Guincourt (08130),/management/ville/guincourt/ville-08204,10.0,10.0,0.0,5.0,0.0,15.0,22.0,17.0,14.0,18.0,32.4,29.4,24.3,22.2,21.6,17.6,21.6,29.4
Enchenberg (57415),/management/ville/enchenberg/ville-57192,0.0,25.0,71.0,152.0,202.0,207.0,279.0,337.0,175.0,200.0,19.9,36.4,42.0,23.5,19.7,15.7,18.5,21.9
Foussignac (16200),/management/ville/foussignac/ville-16145,5.0,20.0,30.0,54.0,84.0,124.0,156.0,144.0,78.0,115.0,27.1,35.7,39.4,19.1,15.7,16.3,17.8,28.3
5.7,15.0,16.3
Gennevilliers (92230),/management/ville/gennevilliers/ville-92036,1.0,903.0,2486.0,5147.0,7975.0,4729.0,12782.0,6115.0,5364.0,7327.0,41.3,39.6,21.3,17.5,15.8,18.1,21.6,24.8
Le Cannet (06110),/management/ville/le-cannet/ville-06030,13.0,1610.0,2406.0,4471.0,6308.0,3228.0,10768.0,7588.0,6519.0,8483.0,31.7,32.8,26.0,20.4,17.1,21.6,25.2,25.6
Esnans (25110),/management/ville/esnans/ville-25221,5.0,0.0,0.0,21.0,0.0,16.0,13.0,14.0,9.0,5.0,27.3,38.9,40.9,21.1,27.3,16.7,4.5,22.2
Goès (64400),/management/ville/goes/ville-64245,15.0,30.0,30.0,46.0,81.0,86.0,127.0,167.0,91.0,97.0,23.5,28.9,38.5,27.9,17.7,20.3,20.4,19.9
7,22.5,13.9,13.9,13.4,12.5
La Sauvetat (63730),/management/ville/la-sauvetat/ville-63413,25.0,15.0,30.0,106.0,86.0,76.0,129.0,161.0,111.0,155.0,18.7,27.6,34.5,22.3,21.6,18.6,25.2,30.5
Homblières (02720),/management/ville/homblieres/ville-02383,5.0,35.0,100.0,200.0,180.0,150.0,285.0,315.0,163.0,319.0,24.1,28.4,34.4,22.5,13.9,16.1,27.6,31.2
Les Champs-Géraux (22630),/management/ville/les-champs-geraux/ville-22035,45.0,15.0,35.0,110.0,85.0,160.0,225.0,262.0,148.0,152.0,25.1,32.2,40.8,24.0,18.4,19.2,15.7,23.1
Le Titre (80132),/management/ville/le-titre/ville-80763,0.0,15.0,15.0,31.0,67.0,26.0,68.0,86.0,63.0,53.0,19.7,30.2,40.2,24.4,19.7,26.6,20.5,19.4
Lasseube-Propre (32550),/management/ville/lasseube-propre/ville-32201,0.0,5.0,40.0,45.0,40.0,20.0,64.0,56.0,56.0,75.0,29.1,21.8,22.0,23.3,18.9,25.8,29.9,29.8
Grangues (14160),/management/ville/grangues/ville-14316,15.0,10.0,10.0,20.0,30.0,30.0,59.0,55.0,36.0,43.0,30.0,31.3,33.0,24.0,13.0,24.0,24.0,20.8
Landigou (61100),/management/ville/landigou/ville-61221,0.0,19.0,24.0,29.0,58.0,48.0,72.0,125.0,53.0,65.0,20.4,25.5,47.5,28.1,14.2,19.6,17.9,23.5
La Châtelaine (39600),/management/ville/la-chatelaine/ville-39116,5.0,5.0,10.0,35.0,5.0,20.0,30.0,19.0,16.0,37.0,29.4,29.4,29.4,8.7,13.7,17.6,27.5,45.1
Lacougotte-Cadoul (81500),/management/ville/lacougotte-cadoul/ville-81126,0.0,0.0,5.0,15.0,40.0,15.0,19.0,27.0,31.0,48.0,16.1,14.3,24.2,19.7,27.4,22.2,32.3,44.4
Évricourt (60310),/management/ville/evricourt/ville-60227,5.0,0.0,5.0,34.0,29.0,29.0,41.0,58.0,26.0,29.0,24.7,29.3,38.3,30.0,17.3,16.0,19.8,18.7
Hauteroche (21150),/management/ville/hauteroche/ville-21314,5.0,0.0,5.0,0.0,5.0,5.0,16.0,20.0,13.0,16.0,17.6,31.3,41.2,21.2,20.6,18.8,20.6,28.1
Juignac (16190),/management/ville/juignac/ville-16170,15.0,31.0,0.0,20.0,56.0,41.0,103.0,85.0,86.0,71.0,29.4,30.4,31.9,19.9,24.4,25.5,14.4,25.5
Le Mesnil-Eury (50570),/management/ville/le-mesnil-eury/ville-50310,0.0,10.0,0.0,10.0,20.0,30.0,48.0,32.0,24.0,18.0,32.3,46.4,29.2,21.7,23.1,16.1,15.4,14.3
Froyelles (80150),/management/ville/froyelles/ville-80371,6.0,6.0,0.0,11.0,11.0,6.0,25.0,22.0,11.0,17.0,27.5,38.9,32.5,23.1,15.0,16.7,25.0,19.4
Dampniat (19360),/management/ville/dampniat/ville-19068,16.0,31.0,37.0,115.0,105.0,62.0,123.0,194.0,101.0,152.0,20.3,23.1,38.8,26.4,16.8,18.5,24.1,29.2
Ferrières-le-Lac (25470),/management/ville/ferrieres-le-lac/ville-25234,10.0,10.0,0.0,20.0,10.0,64.0,28.0,40.0,22.0,20.0,21.8,29.1,43.6,26.7,20.0,20.0,14.5,21.8
Issancourt-et-Rumel (08440),/management/ville/issancourt-et-rumel/ville-08235,0.0,20.0,15.0,25.0,110.0,55.0,103.0,92.0,64.0,51.0,26.5,40.5,37.0,21.3,21.0,20.3,15.4,17.6
Encourtiech (09200),/management/ville/encourtiech/ville-09110,0.0,0.0,0.0,15.0,15.0,0.0,22.0,18.0,17.0,17.0,26.3,33.3,31.6,18.2,21.1,25.0,21.1,25.0
Dolmayrac (47110),/management/ville/dolmayrac/ville-47081,29.0,43.0,35.0,78.0,70.0,94.0,184.0,142.0,93.0,130.0,31.6,35.4,31.3,20.0,15.6,18.2,21.5,25.9
La Lande-Patry (61100),/management/ville/la-lande-patry/ville-61218,5.0,39.0,72.0,116.0,251.0,246.0,492.0,426.0,222.0,251.0,31.2,39.2,36.1,23.0,17.5,14.5,15.2,20.7
Genod (39240),/management/ville/genod/ville-39247,0.0,5.0,0.0,25.0,5.0,0.0,13.0,23.0,8.0,9.0,21.4,28.0,50.0,31.0,10.7,20.0,17.9,16.0
Esnes (59127),/management/ville/esnes/ville-59209,35.0,0.0,15.0,45.0,76.0,99.0,164.0,148.0,103.0,88.0,26.5,38.5,34.8,22.9,21.3,19.8,17.4,17.9
Guindrecourt-aux-Ormes (52300),/management/ville/guindrecourt-aux-ormes/ville-52231,15.0,0.0,10.0,20.0,5.0,0.0,15.0,25.0,11.0,21.0,24.3,17.6,35.1,29.7,8.1,23.5,32.4,26.5
Fouvent-Saint-Andoche (70600),/management/ville/fouvent-saint-andoche/ville-70247,5.0,5.0,0.0,5.0,36.0,10.0,65.0,67.0,21.0,26.0,31.1,42.5,46.7,24.8,10.0,12.6,12.2,16.1
Fontaine-Bellenger (27600),/management/ville/fontaine-bellenger/ville-27249,5.0,35.0,59.0,187.0,133.0,123.0,163.0,256.0,123.0,197.0,16.2,27.6,41.8,25.2,15.7,17.5,26.4,27.1
Druillat (01160),/management/ville/druillat/ville-01151,15.0,56.0,40.0,166.0,171.0,126.0,264.0,268.0,150.0,185.0,26.1,34.7,37.0,23.1,16.8,17.9,20.0,22.6
Le Cannet-des-Maures (83340),/management/ville/le-cannet-des-maures/ville-83031,15.0,196.0,181.0,448.0,674.0,409.0,993.0,935.0,671.0,759.0,26.4,32.7,30.5,23.9,20.5,19.4,22.5,22.6
Lesparrou (09300),/management/ville/lesparrou/ville-09165,0.0,10.0,5.0,5.0,25.0,10.0,49.0,58.0,44.0,55.0,25.7,21.8,29.5,25.2,21.9,20.8,22.9,30.7
Landiras (33720),/management/ville/landiras/ville-33225,15.0,82.0,128.0,324.0,262.0,216.0,354.0,548.0,326.0,413.0,20.0,23.1,39.3,26.0,18.8,20.8,21.9,28.2
Granieu (38490),/management/ville/granieu/ville-38183,5.0,15.0,29.0,93.0,49.0,44.0,74.0,110.0,70.0,87.0,17.9,25.1,39.3,24.4,20.2,20.5,22.6,28.7
Hombourg (68490),/management/ville/hombourg/ville-68144,0.0,16.0,83.0,144.0,212.0,211.0,241.0,318.0,158.0,242.0,22.3,27.8,40.5,24.3,13.6,19.4,23.6,26.9
La Sauvetat-de-Savères (47270),/management/ville/la-sauvetat-de-saveres/ville-47289,0.0,30.0,35.0,70.0,50.0,105.0,91.0,124.0,74.0,84.0,23.4,25.4,41.3,24.6,17.4,22.2,17.9,27.0
Lacour (82190),/management/ville/lacour/ville-82084,0.0,10.0,0.0,10.0,5.0,35.0,52.0,30.0,29.0,34.0,30.1,41.7,24.7,17.1,20.5,19.4,24.7,22.2
Lasseubetat (64290),/management/ville/lasseubetat/ville-64325,0.0,0.0,20.0,30.0,40.0,5.0,35.0,44.0,36.0,45.0,23.2,20.5,34.1,22.5,15.9,29.5,26.8,29.5
Le Torp-Mesnil (76560),/management/ville/le-torp-mesnil/ville-76699,10.0,10.0,10.0,82.0,34.0,62.0,76.0,97.0,58.0,62.0,20.9,31.0,43.9,22.1,17.6,22.1,17.6,24.8
La Châtre (36400),/management/ville/la-chatre/ville-36046,0.0,67.0,104.0,311.0,554.0,373.0,1443.0,922.0,488.0,612.0,31.0,49.3,33.2,20.0,16.3,12.5,19.4,16.3
Les Chapelles (73700),/management/ville/les-chapelles/ville-73077,0.0,15.0,20.0,134.0,64.0,69.0,52.0,124.0,84.0,146.0,12.3,13.4,37.7,22.8,18.9,23.2,31.1,40.7
Goetzenbruck (57620),/management/ville/goetzenbruck/ville-57250,0.0,26.0,41.0,180.0,221.0,318.0,470.0,421.0,157.0,227.0,29.5,44.0,41.5,21.9,13.1,11.5,15.9,19.6
Le Mesnil-Fuguet (27930),/management/ville/le-mesnil-fuguet/ville-27401,0.0,15.0,10.0,30.0,20.0,15.0,23.0,42.0,30.0,49.0,12.5,19.4,36.1,21.9,20.8,20.8,30.6,37.5
Hauteroche (39210),/management/ville/hauteroche/ville-39177,24.0,25.0,53.0,133.0,99.0,104.0,215.0,217.0,143.0,160.0,26.9,31.4,33.7,23.8,19.1,20.1,20.4,23.5
Frozes (86190),/management/ville/frozes/ville-86102,5.0,35.0,30.0,64.0,109.0,79.0,72.0,104.0,98.0,109.0,18.0,19.9,30.2,24.2,26.5,25.0,25.4,31.1
Évriguet (56490),/management/ville/evriguet/ville-56056,10.0,0.0,0.0,5.0,15.0,10.0,63.0,47.0,11.0,24.0,33.8,53.6,37.8,21.7,9.5,5.8,18.9,14.5
Juigné-des-Moutiers (44670),/management/ville/juigne-des-moutiers/ville-44078,10.0,20.0,10.0,10.0,34.0,73.0,126.0,82.0,34.0,30.0,40.4,51.9,39.0,20.1,10.3,14.8,10.3,11.9
La Baume-de-Transit (26790),/management/ville/la-baume-de-transit/ville-26033,25.0,40.0,61.0,111.0,86.0,81.0,207.0,175.0,102.0,158.0,30.0,34.2,34.2,19.9,15.3,16.1,20.4,28.8
Ferrières-les-Bois (25410),/management/ville/ferrieres-les-bois/ville-25235,5.0,10.0,10.0,80.0,30.0,15.0,41.0,69.0,42.0,72.0,16.5,20.0,35.8,24.4,18.3,19.1,29.4,34.8
Endoufielle (32600),/management/ville/endoufielle/ville-32121,16.0,15.0,50.0,64.0,60.0,44.0,94.0,98.0,97.0,117.0,20.7,25.4,29.3,19.7,24.5,23.4,25.5,32.5
La Lande-Saint-Léger (27210),/management/ville/la-lande-saint-leger/ville-27361,10.0,5.0,26.0,31.0,47.0,72.0,71.0,70.0,44.0,61.0,25.0,32.5,35.5,20.5,18.5,17.9,21.0,28.5
Landisacq (61100),/management/ville/landisacq/ville-61222,0.0,30.0,45.0,69.0,94.0,109.0,169.0,183.0,107.0,95.0,29.3,31.7,39.9,24.7,17.3,21.4,13.4,21.0
Issanlas (07510),/management/ville/issanlas/ville-07105,10.0,0.0,5.0,5.0,10.0,10.0,37.0,21.0,14.0,12.0,29.5,58.5,34.1,16.3,20.5,12.2,15.9,12.2
Fontaine-Bonneleau (60360),/management/ville/fontaine-bonneleau/ville-60240,15.0,10.0,0.0,41.0,21.0,36.0,71.0,61.0,33.0,35.0,28.3,43.0,42.4,18.4,16.2,16.0,13.1,22.0
Esnes-en-Argonne (55100),/management/ville/esnes-en-argonne/ville-55180,0.0,5.0,0.0,5.0,20.0,35.0,20.0,30.0,17.0,25.0,13.6,29.2,43.2,22.0,18.2,18.8,25.0,29.2
Génolhac (30450),/management/ville/genolhac/ville-30130,0.0,45.0,20.0,90.0,125.0,80.0,259.0,178.0,125.0,153.0,30.7,40.8,32.5,18.3,18.6,16.6,18.3,24.0
Lespéron (07660),/management/ville/lesperon/ville-07142,5.0,0.0,5.0,35.0,65.0,30.0,51.0,89.0,40.0,69.0,20.0,20.9,39.3,27.2,17.8,13.9,23.0,33.0
Damprichard (25450),/management/ville/damprichard/ville-25193,20.0,35.0,60.0,151.0,161.0,479.0,531.0,444.0,251.0,202.0,30.7,43.3,36.5,23.9,18.1,17.1,14.8,13.5
Le Carbet (97221),/management/ville/le-carbet/ville-97204,61.0,71.0,133.0,393.0,536.0,276.0,1088.0,555.0,458.0,698.0,39.8,38.1,23.2,17.1,14.2,18.2,22.7,26.8
Guindrecourt-sur-Blaise (52330),/management/ville/guindrecourt-sur-blaise/ville-52232,5.0,5.0,0.0,0.0,5.0,14.0,13.0,12.0,7.0,5.0,29.4,36.8,29.4,28.6,23.5,21.1,17.6,10.5
La Châtre-Langlin (36170),/management/ville/la-chatre-langlin/ville-36047,11.0,11.0,5.0,42.0,32.0,58.0,194.0,144.0,55.0,64.0,35.9,49.1,39.7,20.6,13.5,10.5,11.0,17.3
Dolomieu (38110),/management/ville/dolomieu/ville-38148,15.0,148.0,202.0,394.0,365.0,296.0,545.0,628.0,400.0,666.0,21.1,27.5,35.0,20.8,17.3,18.3,26.6,32.7
Fouzilhon (34480),/management/ville/fouzilhon/ville-34105,0.0,5.0,5.0,35.0,30.0,35.0,50.0,50.0,39.0,44.0,25.3,29.3,37.4,18.2,20.9,21.7,16.5,31.5
La Sauvetat-du-Dropt (47800),/management/ville/la-sauvetat-du-dropt/ville-47290,20.0,45.0,40.0,40.0,30.0,35.0,159.0,134.0,60.0,86.0,31.5,40.7,37.1,22.3,12.2,15.0,19.2,19.9
Frucourt (80490),/management/ville/frucourt/ville-80372,0.0,15.0,10.0,10.0,10.0,10.0,34.0,28.0,10.0,26.0,29.8,40.0,23.4,26.2,17.0,4.0,29.8,22.0
Drulhe (12350),/management/ville/drulhe/ville-12091,30.0,15.0,10.0,35.0,80.0,30.0,111.0,92.0,91.0,65.0,25.3,37.0,31.7,20.1,26.3,24.3,16.7,19.7
Gogney (54450),/management/ville/gogney/ville-54230,15.0,0.0,5.0,0.0,0.0,5.0,19.0,13.0,5.0,7.0,34.8,52.4,30.4,23.1,17.4,4.8,17.4,14.3
Énencourt-Léage (60590),/management/ville/enencourt-leage/ville-60208,10.0,0.0,20.0,20.0,31.0,0.0,23.0,22.0,19.0,33.0,28.0,19.6,28.0,18.6,16.0,23.9,28.0,39.1
Lacour-d'Arcenay (21210),/management/ville/lacour-d-arcenay/ville-21335,0.0,9.0,0.0,0.0,19.0,24.0,39.0,30.0,21.0,8.0,38.3,41.2,27.7,28.3,25.5,15.7,8.5,9.8
Landivisiau (29400),/management/ville/landivisiau/ville-29105,30.0,220.0,361.0,1026.0,1353.0,1206.0,2067.0,1853.0,1276.0,1586.0,26.3,34.2,30.5,22.9,20.1,17.7,23.1,23.7
Le Torpt (27210),/management/ville/le-torpt/ville-27646,15.0,10.0,20.0,54.0,79.0,59.0,93.0,120.0,47.0,58.0,27.7,30.2,48.4,24.9,11.9,18.2,11.9,24.5
Hautes-Duyes (04380),/management/ville/hautes-duyes/ville-04177,0.0,0.0,0.0,5.0,15.0,5.0,7.0,9.0,11.0,7.0,27.3,8.3,22.7,33.3,31.8,33.3,18.2,25.0
Évron (53150),/management/ville/evron/ville-53097,71.0,132.0,214.0,618.0,870.0,1545.0,2823.0,2094.0,898.0,887.0,36.9,46.7,36.9,23.3,13.6,13.2,12.5,13.8
Juigné-sur-Sarthe (72300),/management/ville/juigne-sur-sarthe/ville-72151,20.0,25.0,40.0,120.0,145.0,201.0,220.0,297.0,135.0,190.0,22.0,30.4,42.1,25.4,15.2,16.9,20.8,24.4
Ferrières-lès-Ray (70130),/management/ville/ferrieres-les-ray/ville-70231,0.0,0.0,0.0,10.0,10.0,10.0,13.0,11.0,4.0,2.0,41.2,46.2,35.3,29.4,17.6,7.7,5.9,7.7
Les Chapelles-Bourbon (77610),/management/ville/les-chapelles-bourbon/ville-77091,0.0,19.0,48.0,53.0,58.0,29.0,62.0,86.0,60.0,88.0,22.5,19.3,34.4,23.1,17.5,23.7,25.6,34.1
Grans (13450),/management/ville/grans/ville-13044,14.0,120.0,485.0,606.0,654.0,452.0,757.0,919.0,660.0,1364.0,18.2,22.6,29.3,20.1,17.2,18.4,35.2,38.5
La Lande-Saint-Siméon (61100),/management/ville/la-lande-saint-simeon/ville-61219,5.0,0.0,0.0,0.0,29.0,29.0,29.0,35.0,19.0,26.0,27.4,22.9,40.3,22.9,14.5,22.9,17.7,31.3
Lassicourt (10500),/management/ville/lassicourt/ville-10189,5.0,0.0,0.0,5.0,10.0,5.0,17.0,11.0,11.0,7.0,33.3,40.9,29.2,18.2,29.2,18.2,8.3,22.7
La Baussaine (35190),/management/ville/la-baussaine/ville-35017,30.0,10.0,45.0,119.0,74.0,94.0,93.0,132.0,98.0,126.0,19.5,22.2,35.5,22.4,22.5,21.3,22.5,33.8
Le Mesnil-Garnier (50450),/management/ville/le-mesnil-garnier/ville-50311,15.0,5.0,5.0,25.0,20.0,41.0,56.0,51.0,41.0,36.0,27.5,34.1,38.5,18.4,22.0,22.0,12.1,26.4
Fontaine-Chaalis (60300),/management/ville/fontaine-chaalis/ville-60241,0.0,14.0,62.0,30.0,40.0,21.0,44.0,36.0,38.0,122.0,17.8,19.0,16.9,13.6,16.1,15.7,49.2,52.1
Dampvalley-lès-Colombe (70000),/management/ville/dampvalley-les-colombe/ville-70199,0.0,0.0,5.0,9.0,14.0,5.0,28.0,17.0,16.0,23.0,37.2,27.5,23.3,18.4,18.6,22.5,20.9,32.5
Issans (25550),/management/ville/issans/ville-25316,0.0,10.0,15.0,30.0,25.0,10.0,51.0,64.0,33.0,47.0,23.5,28.9,35.7,26.9,15.3,18.6,25.5,22.7
Lesperon (40260),/management/ville/lesperon/ville-40152,5.0,41.0,15.0,107.0,86.0,203.0,303.0,251.0,130.0,140.0,32.0,41.8,39.1,20.9,13.3,18.3,15.6,18.3
Gognies-Chaussée (59600),/management/ville/gognies-chaussee/ville-59264,5.0,21.0,21.0,78.0,124.0,104.0,121.0,174.0,121.0,153.0,16.6,25.7,33.9,25.4,22.9,19.7,26.6,27.3
Dolus-d'Oléron (17550),/management/ville/dolus-d-oleron/ville-17140,99.0,159.0,124.0,283.0,448.0,304.0,966.0,759.0,445.0,512.0,32.3,39.4,35.1,21.2,15.4,17.6,17.2,20.8
Génos (31510),/management/ville/genos/ville-31217,0.0,0.0,0.0,6.0,6.0,0.0,16.0,12.0,17.0,15.0,30.8,24.2,15.4,22.9,42.3,18.2,11.5,33.3
Esnon (89210),/management/ville/esnon/ville-89156,0.0,5.0,5.0,40.0,55.0,80.0,84.0,119.0,48.0,33.0,25.2,34.0,47.6,30.7,15.4,18.4,11.9,11.3
Le Cardonnois (80500),/management/ville/le-cardonnois/ville-80174,5.0,0.0,10.0,15.0,10.0,0.0,20.0,13.0,7.0,14.0,35.7,38.5,32.1,16.0,7.1,19.2,25.0,26.9
La Sauvetat-sur-Lède (47150),/management/ville/la-sauvetat-sur-lede/ville-47291,0.0,26.0,5.0,92.0,97.0,62.0,135.0,130.0,91.0,111.0,29.1,29.0,30.4,23.9,19.1,19.7,21.3,26.1
Drulingen (67320),/management/ville/drulingen/ville-67105,15.0,41.0,36.0,143.0,128.0,240.0,388.0,359.0,154.0,218.0,23.3,44.7,39.7,22.1,17.2,10.8,19.8,19.2
Hautesvignes (47400),/management/ville/hautesvignes/ville-47118,10.0,10.0,10.0,25.0,5.0,25.0,30.0,40.0,20.0,30.0,27.1,23.0,35.6,27.9,13.6,19.7,23.7,26.2
Frugerès-les-Mines (43250),/management/ville/frugeres-les-mines/ville-43099,0.0,15.0,10.0,78.0,40.0,112.0,145.0,146.0,92.0,56.0,27.8,37.7,44.0,23.6,17.7,24.2,10.5,14.7
Foville (57420),/management/ville/foville/ville-57231,0.0,10.0,0.0,10.0,15.0,20.0,16.0,26.0,15.0,15.0,17.9,27.3,46.2,22.9,23.1,18.2,12.8,30.3
Ferrières-lès-Scey (70360),/management/ville/ferrieres-les-scey/ville-70232,0.0,5.0,0.0,10.0,25.0,15.0,27.0,27.0,18.0,21.0,27.1,31.1,29.2,25.0,25.0,13.3,18.8,26.7
Guinecourt (62130),/management/ville/guinecourt/ville-62396,0.0,0.0,0.0,0.0,0.0,0.0,9.0,4.0,3.0,0.0,50.0,66.7,30.0,16.7,20.0,16.7,0.0,0.0
Le Torquesne (14130),/management/ville/le-torquesne/ville-14694,0.0,21.0,21.0,56.0,101.0,67.0,85.0,121.0,70.0,72.0,24.9,23.9,40.5,28.2,14.5,26.1,20.2,21.0
Juignettes (27250),/management/ville/juignettes/ville-27359,9.0,19.0,0.0,0.0,28.0,23.0,117.0,32.0,12.0,13.0,62.2,71.7,23.2,13.3,6.1,7.6,8.5,6.5
Granville (50400),/management/ville/granville/ville-50218,14.0,311.0,500.0,1093.0,1551.0,1120.0,4030.0,2686.0,1508.0,2204.0,32.9,43.0,31.4,20.2,14.1,14.8,21.7,20.7
Hombourg-Haut (57470),/management/ville/hombourg-haut/ville-57332,0.0,105.0,131.0,463.0,831.0,863.0,1819.0,1760.0,747.0,758.0,30.5,40.6,38.3,26.8,15.0,14.4,16.2,13.8
Génos (65240),/management/ville/genos/ville-65195,5.0,0.0,5.0,26.0,37.0,16.0,22.0,39.0,30.0,27.0,12.1,26.4,43.9,18.8,25.8,26.4,18.2,30.2
Landivy (53190),/management/ville/landivy/ville-53125,90.0,55.0,20.0,60.0,80.0,155.0,422.0,250.0,116.0,101.0,39.4,54.9,36.6,18.7,14.3,11.9,9.6,13.0
Lacourt (09200),/management/ville/lacourt/ville-09149,15.0,0.0,0.0,35.0,40.0,5.0,43.0,60.0,29.0,26.0,21.9,32.1,50.7,25.6,12.3,23.8,15.1,17.9
Évry (89140),/management/ville/evry/ville-89162,0.0,26.0,31.0,76.0,26.0,20.0,77.0,97.0,52.0,57.0,25.7,28.7,37.8,26.6,19.6,16.9,16.9,24.3
La Bazeuge (87210),/management/ville/la-bazeuge/ville-87008,10.0,10.0,5.0,10.0,10.0,10.0,31.0,44.0,22.0,12.0,32.8,25.0,39.7,34.4,17.2,23.1,10.3,11.5
Le Mesnil-Gilbert (50670),/management/ville/le-mesnil-gilbert/ville-50312,15.0,5.0,0.0,10.0,10.0,20.0,51.0,28.0,13.0,25.0,42.4,47.4,28.8,16.4,11.9,10.5,16.9,24.6
Lassigny (60310),/management/ville/lassigny/ville-60350,5.0,45.0,65.0,145.0,215.0,215.0,290.0,352.0,165.0,205.0,24.4,32.8,40.8,25.6,16.8,15.8,18.0,22.5
Fontaine-Chalendray (17510),/management/ville/fontaine-chalendray/ville-17162,10.0,5.0,0.0,15.0,0.0,15.0,90.0,28.0,45.0,20.0,43.7,55.3,14.9,15.7,28.7,20.2,12.6,9.6
Ferrières-les-Verreries (34190),/management/ville/ferrieres-les-verreries/ville-34099,0.0,0.0,5.0,14.0,5.0,0.0,5.0,6.0,8.0,23.0,10.5,13.6,21.1,10.5,15.8,22.7,52.6,54.5
Enfonvelle (52400),/management/ville/enfonvelle/ville-52185,0.0,5.0,0.0,0.0,5.0,5.0,37.0,13.0,10.0,3.0,46.2,67.6,30.8,13.9,15.4,16.2,7.7,2.7
Issarlès (07470),/management/ville/issarles/ville-07106,20.0,0.0,0.0,15.0,5.0,20.0,55.0,31.0,20.0,18.0,39.1,50.0,34.4,15.8,12.5,20.0,14.1,15.0
La Landec (22980),/management/ville/la-landec/ville-22097,10.0,25.0,10.0,71.0,148.0,97.0,108.0,202.0,91.0,104.0,18.1,24.6,47.6,28.9,15.7,20.3,18.5,22.7
Les Charmontois (51330),/management/ville/les-charmontois/ville-51132,10.0,10.0,0.0,5.0,5.0,15.0,44.0,34.0,15.0,7.0,38.5,50.0,38.5,25.4,17.3,12.0,5.8,8.0
Esnouveaux (52340),/management/ville/esnouveaux/ville-52190,0.0,20.0,0.0,25.0,40.0,55.0,69.0,84.0,35.0,42.0,23.0,38.0,40.2,26.7,18.9,11.1,18.0,18.5
La Sauzière-Saint-Jean (81630),/management/ville/la-sauziere-saint-jean/ville-81279,10.0,15.0,5.0,25.0,20.0,46.0,65.0,54.0,37.0,51.0,32.1,31.2,33.0,18.7,15.2,20.4,19.6,30.1
Dampvalley-Saint-Pancras (70210),/management/ville/dampvalley-saint-pancras/ville-70200,0.0,0.0,0.0,0.0,5.0,5.0,10.0,6.0,4.0,5.0,41.7,42.9,25.0,21.4,8.3,21.4,25.0,14.3
Le Carlaret (09100),/management/ville/le-carlaret/ville-09081,15.0,10.0,36.0,36.0,41.0,15.0,50.0,49.0,39.0,54.0,25.5,27.6,31.9,19.6,19.1,20.4,23.4,32.7
Granzay-Gript (79360),/management/ville/granzay-gript/ville-79137,20.0,20.0,40.0,135.0,120.0,115.0,141.0,246.0,129.0,155.0,19.3,22.7,44.2,27.4,16.0,22.4,20.5,25.7
Gohory (28160),/management/ville/gohory/ville-28182,10.0,15.0,5.0,55.0,55.0,59.0,84.0,79.0,28.0,45.0,28.7,42.6,37.4,24.2,16.5,7.4,17.4,20.5
Drumettaz-Clarafond (73420),/management/ville/drumettaz-clarafond/ville-73103,5.0,132.0,213.0,456.0,285.0,208.0,351.0,500.0,334.0,767.0,15.0,20.9,30.9,19.9,17.1,17.1,37.0,41.3
La Chaulme (63660),/management/ville/la-chaulme/ville-63104,0.0,0.0,0.0,10.0,5.0,5.0,28.0,43.0,21.0,13.0,25.9,26.0,48.1,31.0,18.5,20.0,7.4,18.0
Guînes (62340),/management/ville/guines/ville-62397,35.0,135.0,110.0,385.0,785.0,870.0,1493.0,1287.0,662.0,538.0,30.7,43.7,37.7,24.4,18.7,14.8,13.0,14.0
Hautevelle (70800),/management/ville/hautevelle/ville-70284,5.0,10.0,5.0,15.0,25.0,60.0,61.0,67.0,24.0,37.0,21.5,42.7,50.5,19.2,12.9,12.5,15.1,24.0
Fruges (62310),/management/ville/fruges/ville-62364,15.0,5.0,40.0,182.0,303.0,414.0,775.0,513.0,245.0,275.0,38.9,46.2,34.3,21.2,14.2,12.9,12.5,17.5
Landogne (63380),/management/ville/landogne/ville-63186,10.0,15.0,10.0,5.0,24.0,15.0,56.0,50.0,36.0,41.0,26.4,33.7,34.1,20.2,22.0,18.5,17.6,27.2
Fontaine-Couverte (53350),/management/ville/fontaine-couverte/ville-53098,60.0,0.0,0.0,50.0,30.0,60.0,100.0,119.0,56.0,37.0,26.1,38.3,47.8,25.8,15.5,20.8,10.6,13.4
Homécourt (54310),/management/ville/homecourt/ville-54263,0.0,115.0,135.0,609.0,884.0,924.0,1472.0,1794.0,741.0,652.0,24.5,38.1,45.4,27.7,15.8,16.0,14.4,13.7
Évry-Courcouronnes (91000),/management/ville/evry-courcouronnes/ville-91228,0.0,977.0,4554.0,8308.0,10861.0,6621.0,12360.0,7999.0,8609.0,13657.0,27.8,30.1,20.3,17.9,19.7,20.7,32.2,31.9
Fox-Amphoux (83670),/management/ville/fox-amphoux/ville-83060,20.0,40.0,5.0,45.0,75.0,15.0,110.0,89.0,87.0,81.0,27.0,32.6,29.3,20.8,22.4,24.9,21.3,22.8
Genouillac (23350),/management/ville/genouillac/ville-23089,31.0,26.0,15.0,31.0,113.0,67.0,181.0,200.0,116.0,97.0,25.5,35.1,42.2,24.8,17.0,21.7,15.2,17.3
Dolus-le-Sec (37310),/management/ville/dolus-le-sec/ville-37097,5.0,25.0,55.0,135.0,105.0,80.0,97.0,139.0,95.0,150.0,17.9,22.7,36.9,20.3,18.7,21.0,26.6,36.2
Lacourt-Saint-Pierre (82290),/management/ville/lacourt-saint-pierre/ville-82085,34.0,34.0,59.0,151.0,210.0,83.0,213.0,259.0,146.0,221.0,18.9,32.2,37.9,21.8,19.2,15.4,24.1,28.8
Le Touquet-Paris-Plage (62520),/management/ville/le-touquet-paris-plage/ville-62826,0.0,177.0,261.0,335.0,449.0,143.0,1108.0,556.0,694.0,1296.0,22.6,36.0,16.3,15.2,17.9,19.8,43.2,29.7
La Bazoche-Gouet (28330),/management/ville/la-bazoche-gouet/ville-28027,35.0,45.0,10.0,81.0,141.0,136.0,474.0,331.0,106.0,116.0,37.1,54.6,40.7,21.5,9.2,11.4,13.0,9.7
Lespesses (62190),/management/ville/lespesses/ville-62500,5.0,5.0,35.0,45.0,55.0,20.0,81.0,80.0,67.0,81.0,21.1,31.2,32.9,19.7,21.1,22.3,25.0,27.4
Espagnac (19150),/management/ville/espagnac/ville-19075,5.0,25.0,10.0,20.0,30.0,35.0,96.0,84.0,62.0,62.0,23.2,40.3,38.1,17.5,20.0,20.8,18.7,22.1

Juillac (19350),/management/ville/juillac/ville-19094,50.0,40.0,50.0,60.0,100.0,220.0,321.0,289.0,157.0,157.0,30.3,39.1,39.1,22.7,14.2,19.7,16.4,17.6
Le Mesnil-Guillaume (14100),/management/ville/le-mesnil-guillaume/ville-14421,0.0,10.0,35.0,80.0,85.0,80.0,108.0,176.0,70.0,93.0,18.4,29.6,47.0,28.0,13.8,17.4,20.7,20.9
Les Châtelets (28270),/management/ville/les-chatelets/ville-28090,0.0,10.0,10.0,5.0,10.0,0.0,26.0,23.0,12.0,20.0,25.6,38.1,33.3,21.7,15.4,14.3,25.6,23.8
Ferrières-Poussarou (34360),/management/ville/ferrieres-poussarou/ville-34100,6.0,0.0,6.0,6.0,11.0,0.0,14.0,22.0,10.0,18.0,22.9,23.3,40.0,25.0,11.4,20.0,25.7,30.0
Dampvitoux (54470),/management/ville/dampvitoux/ville-54153,15.0,5.0,5.0,5.0,5.0,0.0,12.0,12.0,13.0,12.0,18.2,29.6,40.9,14.3,18.2,33.3,22.7,25.9
Engayrac (47470),/management/ville/engayrac/ville-47087,0.0,0.0,5.0,31.0,15.0,15.0,36.0,33.0,26.0,34.0,25.0,30.8,33.3,19.4,16.7,23.1,25.0,27.7
Frugières-le-Pin (43230),/management/ville/frugieres-le-pin/ville-43100,5.0,5.0,10.0,15.0,10.0,25.0,40.0,37.0,16.0,24.0,27.1,41.4,39.0,21.9,13.6,13.8,20.3,20.7
La Séauve-sur-Semène (43140),/management/ville/la-seauve-sur-semene/ville-43236,30.0,50.0,75.0,125.0,195.0,205.0,249.0,292.0,213.0,269.0,22.2,26.5,32.6,23.8,20.0,21.6,25.1,27.4
La Lanterne-et-les-Armonts (70270),/management/ville/la-lanterne-et-les-armonts/ville-70295,5.0,10.0,10.0,34.0,20.0,15.0,54.0,44.0,32.0,27.0,27.5,39.7,30.0,23.3,26.3,15.4,16.3,19.2
Le Castelet (14540),/management/ville/le-castelet/ville-14554,10.0,49.0,62.0,248.0,219.0,145.0,220.0,291.0,202.0,280.0,19.8,24.4,34.2,23.6,20.4,20.2,25.5,30.8
Gras (07700),/management/ville/gras/ville-07099,20.0,10.0,40.0,80.0,70.0,35.0,99.0,130.0,103.0,148.0,20.0,21.3,31.4,22.1,22.4,20.4,26.1,35.7
La Chaume (21520),/management/ville/la-chaume/ville-21159,0.0,0.0,5.0,5.0,10.0,29.0,38.0,32.0,16.0,6.0,38.5,45.2,42.3,25.6,11.5,23.8,7.7,4.8
Lasson (89570),/management/ville/lasson/ville-89219,5.0,20.0,15.0,15.0,31.0,15.0,47.0,35.0,20.0,15.0,41.3,39.6,30.2,25.9,15.9,18.9,12.7,13.2
Guingamp (22200),/management/ville/guingamp/ville-22070,0.0,139.0,299.0,570.0,826.0,881.0,1730.0,1330.0,876.0,1056.0,27.7,40.2,31.6,21.5,18.6,16.7,22.2,20.3
Drusenheim (67410),/management/ville/drusenheim/ville-67106,15.0,148.0,255.0,606.0,652.0,918.0,1232.0,1390.0,565.0,716.0,27.0,35.8,41.1,26.1,15.1,13.9,16.8,19.8
Goin (57420),/management/ville/goin/ville-57251,0.0,15.0,15.0,49.0,35.0,35.0,55.0,80.0,42.0,68.0,20.8,24.8,36.2,26.0,14.6,19.7,28.5,27.4
Landorthe (31800),/management/ville/landorthe/ville-31270,15.0,20.0,55.0,95.0,150.0,85.0,185.0,201.0,156.0,229.0,22.0,25.9,32.3,20.7,17.1,23.3,28.6,30.8
Lacq (64170),/management/ville/lacq/ville-64300,0.0,10.0,30.0,85.0,110.0,75.0,130.0,203.0,104.0,109.0,20.6,26.9,42.7,28.9,16.5,21.5,20.2,19.7
Espagnac-Sainte-Eulalie (46320),/management/ville/espagnac-sainte-eulalie/ville-46093,0.0,0.0,10.0,10.0,0.0,5.0,22.0,17.0,17.0,31.0,20.0,30.8,24.4,14.3,15.6,23.1,40.0,33.3
Dolving (57400),/management/ville/dolving/ville-57180,0.0,0.0,5.0,55.0,68.0,87.0,89.0,101.0,53.0,35.0,22.0,40.8,44.7,25.8,21.2,17.7,12.1,12.9
Évry-Grégy-sur-Yerre (77166),/management/ville/evry-gregy-sur-yerre/ville-77175,0.0,151.0,282.0,531.0,297.0,156.0,364.0,452.0,391.0,708.0,20.9,17.2,26.2,21.0,20.1,20.7,32.8,41.1
Ferrières-Saint-Hilaire (27270),/management/ville/ferrieres-saint-hilaire/ville-27239,5.0,45.0,25.0,30.0,45.0,45.0,95.0,95.0,73.0,75.0,25.6,30.7,34.1,22.1,19.9,23.5,20.5,24.1
Genouillé (17430),/management/ville/genouille/ville-17174,5.0,34.0,24.0,87.0,165.0,155.0,173.0,228.0,105.0,131.0,25.2,29.4,44.5,24.3,16.0,16.8,14.4,27.1
Hommarting (57405),/management/ville/hommarting/ville-57333,15.0,0.0,50.0,114.0,135.0,90.0,211.0,186.0,111.0,125.0,26.5,39.9,38.8,19.5,19.4,15.8,15.2,23.8
Isse (51150),/management/ville/isse/ville-51301,11.0,5.0,11.0,21.0,11.0,0.0,18.0,35.0,11.0,27.0,24.0,15.0,44.0,25.5,16.0,5.0,16.0,47.5
Juillac (32230),/management/ville/juillac/ville-32164,0.0,15.0,0.0,5.0,30.0,15.0,45.0,26.0,14.0,19.0,45.1,40.4,33.3,17.3,9.8,17.3,11.8,25.0
Le Tour-du-Parc (56370),/management/ville/le-tour-du-parc/ville-56252,40.0,63.0,56.0,66.0,139.0,114.0,266.0,288.0,186.0,243.0,23.3,30.4,33.6,23.8,19.3,18.8,23.8,25.5
Fontaine-de-Vaucluse (84800),/management/ville/fontaine-de-vaucluse/ville-84139,11.0,48.0,27.0,75.0,107.0,64.0,132.0,165.0,106.0,101.0,16.9,34.8,42.6,22.4,23.6,18.6,16.9,23.1
Le Mesnil-Jourdain (27400),/management/ville/le-mesnil-jourdain/ville-27403,5.0,0.0,20.0,25.0,29.0,39.0,46.0,40.0,31.0,61.0,22.7,28.9,26.1,18.3,19.3,15.6,31.8,36.7
Lespielle (64350),/management/ville/lespielle/ville-64337,10.0,5.0,0.0,15.0,26.0,10.0,37.0,48.0,11.0,21.0,28.8,33.9,55.9,23.8,5.1,14.3,10.2,25.0
Fozières (34700),/management/ville/fozieres/ville-34106,5.0,10.0,10.0,35.0,10.0,20.0,42.0,30.0,25.0,50.0,23.6,32.9,29.2,12.3,18.1,15.8,29.2,39.5
La Bazoge (72650),/management/ville/la-bazoge/ville-72024,25.0,105.0,196.0,588.0,527.0,341.0,650.0,820.0,461.0,722.0,20.5,28.3,37.5,23.0,17.0,17.8,25.0,29.3
Hautevesnes (02810),/management/ville/hautevesnes/ville-02375,5.0,5.0,5.0,36.0,23.0,15.0,42.0,32.0,25.0,24.0,27.1,40.3,37.3,15.3,22.0,19.4,13.6,25.8
Damrémont (52400),/management/ville/damremont/ville-52164,16.0,5.0,5.0,26.0,16.0,32.0,63.0,56.0,22.0,16.0,31.2,48.1,48.1,21.3,15.6,13.6,5.2,14.8
Guinglange (57690),/management/ville/guinglange/ville-57276,5.0,0.0,15.0,66.0,71.0,36.0,47.0,80.0,38.0,59.0,15.0,26.8,38.9,27.4,20.4,12.5,25.7,27.7
La Chaumusse (39150),/management/ville/la-chaumusse/ville-39126,5.0,41.0,15.0,77.0,31.0,72.0,70.0,119.0,38.0,75.0,21.8,24.8,44.2,28.4,11.5,13.1,22.4,27.6
La Latette (39250),/management/ville/la-latette/ville-39282,21.0,0.0,0.0,10.0,0.0,5.0,24.0,7.0,16.0,11.0,34.4,52.0,18.8,4.8,31.3,20.0,15.6,24.0
Goincourt (60000),/management/ville/goincourt/ville-60277,5.0,16.0,90.0,157.0,171.0,147.0,334.0,289.0,157.0,228.0,29.4,36.8,34.1,22.1,14.0,17.0,22.6,22.7
Landos (43340),/management/ville/landos/ville-43111,40.0,10.0,5.0,64.0,94.0,89.0,274.0,209.0,131.0,98.0,35.4,41.6,34.0,22.7,19.8,17.0,10.7,17.0
Le Castellard-Mélan (04380),/management/ville/le-castellard-melan/ville-04040,10.0,5.0,5.0,10.0,5.0,0.0,11.0,11.0,10.0,18.0,14.8,30.4,29.6,13.0,25.9,13.0,29.6,43.5
La Ségalassière (15290),/management/ville/la-segalassiere/ville-15224,10.0,0.0,0.0,20.0,15.0,0.0,33.0,27.0,20.0,24.0,32.7,30.6,34.5,18.2,12.7,26.5,20.0,26.5
Les Châteliers (79340),/management/ville/les-chateliers/ville-79105,36.0,16.0,37.0,21.0,78.0,36.0,106.0,116.0,82.0,66.0,28.9,28.3,36.8,24.7,22.1,22.2,12.1,23.9
Lassouts (12500),/management/ville/lassouts/ville-12124,49.0,15.0,15.0,24.0,39.0,5.0,112.0,42.0,38.0,43.0,43.2,51.7,22.0,13.8,18.6,13.8,16.1,20.7
Druy-Parigny (58160),/management/ville/druy-parigny/ville-58105,0.0,10.0,10.0,45.0,45.0,40.0,52.0,87.0,48.0,58.0,21.5,20.9,41.5,26.8,17.7,21.7,19.2,28.7
Engente (10200),/management/ville/engente/ville-10137,5.0,0.0,0.0,5.0,11.0,0.0,19.0,5.0,8.0,2.0,47.1,64.7,17.6,12.5,29.4,17.6,5.9,5.9
Fruncé (28190),/management/ville/frunce/ville-28167,5.0,10.0,10.0,11.0,83.0,68.0,70.0,100.0,48.0,66.0,21.8,27.5,41.5,25.8,16.9,16.9,19.7,26.8
Grassac (16380),/management/ville/grassac/ville-16158,10.0,0.0,15.0,21.0,15.0,36.0,96.0,72.0,34.0,59.0,32.8,40.2,33.6,19.7,13.4,13.4,20.1,25.2
Lacquy (40120),/management/ville/lacquy/ville-40137,25.0,10.0,20.0,35.0,20.0,35.0,55.0,61.0,38.0,57.0,22.5,29.2,32.4,24.3,15.7,20.8,29.4,24.5
Espalais (82400),/management/ville/espalais/ville-82054,5.0,5.0,10.0,26.0,52.0,47.0,84.0,96.0,54.0,51.0,26.2,32.6,41.1,25.2,16.3,21.5,16.3,19.4
Hauteville (02120),/management/ville/hauteville/ville-02376,0.0,10.0,5.0,28.0,15.0,28.0,47.0,32.0,27.0,20.0,35.4,37.1,26.2,23.5,27.7,16.1,10.8,21.0
Juillac (33890),/management/ville/juillac/ville-33210,11.0,27.0,16.0,5.0,38.0,32.0,62.0,54.0,36.0,40.0,32.4,32.6,33.3,21.6,17.1,19.8,17.1,25.6
Ferrières-Saint-Mary (15170),/management/ville/ferrieres-saint-mary/ville-15069,25.0,5.0,0.0,10.0,35.0,20.0,89.0,59.0,36.0,28.0,33.0,52.0,36.6,17.8,17.0,17.0,13.4,13.0
Genouillé (86250),/management/ville/genouille/ville-86104,15.0,10.0,30.0,50.0,40.0,66.0,164.0,120.0,64.0,63.0,37.4,42.9,37.9,19.5,12.6,18.7,12.1,18.7
Issel (11400),/management/ville/issel/ville-11175,5.0,25.0,31.0,50.0,60.0,57.0,117.0,80.0,68.0,114.0,25.8,36.7,30.5,12.4,17.9,17.6,25.8,34.0
Hommert (57870),/management/ville/hommert/ville-57334,0.0,5.0,5.0,45.0,30.0,70.0,101.0,71.0,51.0,58.0,28.0,43.0,34.1,17.7,17.4,18.8,20.5,20.8
Excenevex (74140),/management/ville/excenevex/ville-74121,5.0,65.0,60.0,190.0,135.0,100.0,216.0,163.0,166.0,252.0,26.3,27.9,22.7,18.5,21.7,20.0,29.3,33.9
La Laupie (26740),/management/ville/la-laupie/ville-26157,15.0,26.0,41.0,82.0,92.0,113.0,116.0,147.0,105.0,172.0,19.0,23.9,33.3,20.9,19.8,18.9,27.9,35.7
Fry (76780),/management/ville/fry/ville-76292,5.0,0.0,0.0,42.0,26.0,21.0,41.0,28.0,22.0,28.0,36.9,30.4,26.2,20.7,18.5,17.9,18.5,30.4
Le Mesnil-le-Roi (78600),/management/ville/le-mesnil-le-roi/ville-78396,0.0,225.0,1205.0,670.0,510.0,245.0,757.0,758.0,606.0,2250.0,15.1,19.3,17.6,16.7,12.8,14.8,54.6,48.8
La Bazoge-Montpinçon (53440),/management/ville/la-bazoge-montpincon/ville-53021,20.0,5.0,35.0,175.0,115.0,135.0,119.0,197.0,120.0,203.0,18.4,18.9,37.4,23.5,16.5,21.1,27.7,35.8
Dom-le-Mesnil (08160),/management/ville/dom-le-mesnil/ville-08140,0.0,30.0,45.0,100.0,149.0,130.0,273.0,238.0,146.0,157.0,26.7,39.4,35.4,22.5,18.5,17.4,19.3,19.2
Hauteville (08300),/management/ville/hauteville/ville-08219,10.0,0.0,0.0,5.0,25.0,10.0,33.0,21.0,15.0,16.0,35.4,44.7,27.1,19.0,22.9,10.5,14.6,23.7
Lacrabe (40700),/management/ville/lacrabe/ville-40138,5.0,10.0,5.0,25.0,35.0,25.0,68.0,67.0,30.0,44.0,32.4,32.4,37.1,24.5,10.5,18.6,20.0,22.5
Damvillers (55150),/management/ville/damvillers/ville-55145,5.0,20.0,5.0,35.0,95.0,70.0,177.0,156.0,59.0,88.0,27.1,46.0,39.7,22.6,12.2,12.4,21.0,16.0
La Chaussade (23200),/management/ville/la-chaussade/ville-23059,5.0,16.0,0.0,5.0,11.0,11.0,21.0,34.0,14.0,18.0,25.0,24.4,45.5,28.6,9.1,22.2,20.5,22.2
Landouzy-la-Cour (02140),/management/ville/landouzy-la-cour/ville-02404,20.0,0.0,5.0,0.0,30.0,30.0,46.0,42.0,24.0,17.0,32.8,38.5,31.3,28.9,20.3,16.9,15.6,10.8
Le Castellet (04700),/management/ville/le-castellet/ville-04041,10.0,15.0,10.0,10.0,39.0,39.0,51.0,79.0,46.0,37.0,21.0,26.6,40.0,30.0,21.0,22.9,18.1,17.4
Fontaine-Denis-Nuisy (51120),/management/ville/fontaine-denis-nuisy/ville-51254,25.0,5.0,20.0,15.0,5.0,10.0,69.0,54.0,36.0,31.0,25.3,46.5,36.3,20.2,22.0,16.2,16.5,16.2
Excideuil (24160),/management/ville/excideuil/ville-24164,10.0,65.0,10.0,60.0,75.0,160.0,423.0,244.0,129.0,209.0,37.5,45.5,33.3,16.9,11.9,13.5,17.2,23.4
Le Mesnil-Lieubray (76780),/management/ville/le-mesnil-lieubray/ville-76431,10.0,0.0,0.0,10.0,16.0,10.0,21.0,22.0,17.0,12.0,29.7,27.3,40.5,23.3,16.2,30.3,13.5,21.2
Engenville (45300),/management/ville/engenville/ville-45133,5.0,20.0,10.0,95.0,75.0,65.0,108.0,133.0,63.0,82.0,27.1,28.9,44.2,22.3,16.6,16.0,12.1,31.0
Les Châtelliers-Notre-Dame (28120),/management/ville/les-chatelliers-notre-dame/ville-28091,5.0,0.0,0.0,20.0,20.0,15.0,30.0,28.0,19.0,20.0,28.6,33.3,34.7,23.9,12.2,27.1,24.5,16.7
Golancourt (60640),/management/ville/golancourt/ville-60278,15.0,15.0,15.0,45.0,35.0,65.0,85.0,106.0,48.0,48.0,23.7,35.1,38.8,28.7,20.9,12.8,16.5,16.9
Lacres (62830),/management/ville/lacres/ville-62483,10.0,5.0,15.0,15.0,41.0,36.0,36.0,52.0,38.0,43.0,14.9,27.8,41.4,20.3,24.1,20.3,19.5,31.6
Frœningen (68720),/management/ville/froeningen/ville-68099,5.0,19.0,61.0,108.0,85.0,75.0,89.0,187.0,79.0,194.0,15.5,16.6,35.4,27.6,14.4,14.8,34.7,36.1
Druye (37190),/management/ville/druye/ville-37099,20.0,40.0,40.0,163.0,129.0,119.0,139.0,195.0,143.0,211.0,19.3,21.1,33.9,23.0,18.5,22.8,28.3,33.0
Lespignan (34710),/management/ville/lespignan/ville-34135,35.0,85.0,155.0,316.0,457.0,280.0,726.0,788.0,461.0,474.0,26.3,32.7,37.3,25.5,17.4,20.1,19.0,19.8
La Chaussée (76590),/management/ville/la-chaussee/ville-76173,0.0,15.0,15.0,56.0,112.0,71.0,97.0,140.0,65.0,82.0,25.0,25.9,41.5,26.6,18.5,15.1,15.0,28.1
Fozzano (20143),/management/ville/fozzano/ville-2A118,5.0,14.0,4.0,19.0,36.0,27.0,65.0,44.0,27.0,43.0,37.6,35.1,30.6,19.4,9.4,20.2,22.4,25.5
Le Tourne (33550),/management/ville/le-tourne/ville-33534,0.0,20.0,55.0,105.0,115.0,85.0,105.0,172.0,88.0,223.0,15.6,20.1,29.6,24.6,18.4,11.6,36.4,39.5
Le Mesnil-Ozenne (50220),/management/ville/le-mesnil-ozenne/ville-50317,5.0,5.0,10.0,54.0,25.0,49.0,41.0,57.0,29.0,48.0,17.6,30.2,41.8,21.3,14.3,18.6,26.4,29.1
Enghien-les-Bains (95880),/management/ville/enghien-les-bains/ville-95210,0.0,393.0,2097.0,1466.0,1177.0,349.0,1499.0,995.0,1468.0,4329.0,15.7,20.0,13.0,12.1,16.0,19.1,55.3,49.7
Les Chavannes-en-Maurienne (73660),/management/ville/les-chavannes-en-maurienne/ville-73083,0.0,5.0,0.0,51.0,26.0,31.0,58.0,77.0,39.0,27.0,23.3,34.7,47.6,26.7,18.4,21.4,10.7,15.3
Issendolus (46500),/management/ville/issendolus/ville-46132,15.0,25.0,25.0,30.0,69.0,74.0,105.0,122.0,90.0,100.0,23.7,26.6,33.3,25.1,18.4,25.1,24.6,23.2
Ferrières-sur-Ariège (09000),/management/ville/ferrieres-sur-ariege/ville-09121,0.0,20.0,20.0,138.0,123.0,61.0,123.0,152.0,118.0,204.0,15.7,24.8,28.8,22.4,19.0,20.2,36.5,32.0
Genouilleux (01090),/management/ville/genouilleux/ville-01169,5.0,24.0,53.0,96.0,87.0,87.0,96.0,122.0,87.0,124.0,19.4,25.4,31.9,22.8,24.5,16.0,24.1,33.8
La Léchère (73260),/management/ville/la-lechere/ville-73187,19.0,106.0,63.0,280.0,388.0,353.0,519.0,743.0,331.0,362.0,22.3,31.0,45.9,26.0,17.9,16.0,13.9,23.4
Grasse (06130),/management/ville/grasse/ville-06069,12.0,1771.0,3607.0,5707.0,7302.0,5219.0,11576.0,8619.0,6132.0,11315.0,30.7,30.8,26.0,19.5,15.0,17.5,28.3,31.7
Golbey (88190),/management/ville/golbey/ville-88209,0.0,160.0,306.0,932.0,1427.0,1072.0,2282.0,1965.0,969.0,1297.0,30.1,39.0,35.7,23.4,14.1,15.5,20.2,19.7
La Chaussée (86330),/management/ville/la-chaussee/ville-86069,5.0,10.0,5.0,20.0,25.0,40.0,54.0,46.0,25.0,21.0,29.2,44.6,33.3,24.7,25.0,9.5,12.5,16.2
La Bazoque (14490),/management/ville/la-bazoque/ville-14050,0.0,5.0,0.0,15.0,10.0,46.0,52.0,43.0,18.0,31.0,30.4,44.6,34.2,21.1,16.5,7.7,19.0,23.1
La Séguinière (49280),/management/ville/la-seguiniere/ville-49332,40.0,101.0,304.0,542.0,562.0,491.0,822.0,868.0,500.0,774.0,23.7,31.6,33.5,23.3,17.1,16.7,25.7,26.5
Le Touvet (38660),/management/ville/le-touvet/ville-38511,15.0,93.0,436.0,490.0,325.0,286.0,503.0,478.0,382.0,899.0,17.3,26.5,26.2,16.7,17.1,16.7,39.4,40.0
Le Mesnil-Réaume (76260),/management/ville/le-mesnil-reaume/ville-76435,0.0,26.0,11.0,74.0,119.0,111.0,194.0,147.0,110.0,75.0,33.7,40.0,34.9,21.3,20.0,21.9,11.4,17.0
Juillac-le-Coq (16130),/management/ville/juillac-le-coq/ville-16171,10.0,55.0,20.0,70.0,95.0,140.0,169.0,157.0,83.0,106.0,29.0,36.9,35.5,23.4,14.3,18.0,21.2,20.0
Le Castellet (83330),/management/ville/le-castellet/ville-83035,35.0,230.0,325.0,385.0,475.0,295.0,744.0,826.0,549.0,929.0,23.0,25.8,31.9,22.1,14.9,21.0,30.2,30.8
Espalem (43450),/management/ville/espalem/ville-43088,30.0,0.0,20.0,35.0,35.0,35.0,52.0,65.0,54.0,47.0,21.2,26.7,32.7,25.5,27.4,21.9,18.6,24.8
Damvix (85420),/management/ville/damvix/ville-85078,25.0,10.0,10.0,65.0,126.0,100.0,188.0,233.0,103.0,94.0,26.4,34.1,46.5,26.6,14.2,19.1,12.9,17.5
Exermont (08250),/management/ville/exermont/ville-08161,10.0,0.0,0.0,0.0,0.0,0.0,4.0,12.0,3.0,6.0,15.4,16.7,53.8,33.3,7.7,16.7,23.1,25.0
Lassur (09310),/management/ville/lassur/ville-09159,0.0,0.0,0.0,5.0,20.0,15.0,14.0,24.0,15.0,12.0,15.6,27.3,50.0,25.8,15.6,30.3,18.8,18.2
Fontaine-en-Bray (76440),/management/ville/fontaine-en-bray/ville-76269,5.0,5.0,5.0,25.0,25.0,5.0,43.0,42.0,18.0,24.0,29.5,37.5,44.3,21.2,9.8,18.8,16.4,21.9
Hommes (37340),/management/ville/hommes/ville-37117,20.0,35.0,20.0,99.0,120.0,145.0,233.0,180.0,109.0,107.0,28.3,45.3,36.8,20.0,17.9,16.8,16.9,17.1
Landouzy-la-Ville (02140),/management/ville/landouzy-la-ville/ville-02405,15.0,15.0,26.0,36.0,57.0,52.0,136.0,101.0,69.0,99.0,26.0,40.7,29.2,19.3,22.4,12.1,22.4,26.2
Fragnes-La Loyère (71530),/management/ville/fragnes-la-loyere/ville-71204,0.0,45.0,74.0,243.0,149.0,194.0,216.0,343.0,207.0,297.0,16.5,24.0,36.7,25.7,19.7,19.1,27.1,28.9
Lacroisille (81470),/management/ville/lacroisille/ville-81127,10.0,0.0,20.0,30.0,10.0,10.0,26.0,27.0,14.0,27.0,20.4,35.6,40.8,14.9,18.4,11.1,20.4,37.8
Frœschwiller (67360),/management/ville/froeschwiller/ville-67147,0.0,5.0,10.0,48.0,77.0,103.0,139.0,145.0,60.0,54.0,25.2,44.9,49.0,22.0,13.4,16.8,12.4,14.8
Domagné (35113),/management/ville/domagne/ville-35096,55.0,45.0,109.0,278.0,287.0,387.0,417.0,464.0,281.0,413.0,23.9,29.1,34.8,22.5,18.6,17.0,22.8,29.8
Druyes-les-Belles-Fontaines (89560),/management/ville/druyes-les-belles-fontaines/ville-89148,9.0,5.0,10.0,24.0,29.0,23.0,82.0,65.0,42.0,42.0,33.3,37.2,31.6,23.1,18.8,17.7,16.2,20.4
Hauteville (51290),/management/ville/hauteville/ville-51286,0.0,0.0,0.0,15.0,51.0,61.0,45.0,60.0,35.0,38.0,26.7,23.3,33.7,29.4,19.8,20.0,19.8,23.3
Guinkirchen (57220),/management/ville/guinkirchen/ville-57277,0.0,10.0,5.0,20.0,30.0,30.0,39.0,34.0,17.0,23.0,30.9,37.9,30.9,24.6,20.0,10.3,18.2,22.4
Lespinasse (31150),/management/ville/lespinasse/ville-31293,10.0,82.0,182.0,468.0,383.0,344.0,493.0,583.0,373.0,501.0,25.4,25.1,34.7,24.2,16.7,21.5,23.2,28.3
Engins (38360),/management/ville/engins/ville-38153,5.0,30.0,25.0,74.0,39.0,40.0,62.0,92.0,59.0,131.0,17.0,19.0,31.3,21.4,15.3,19.0,36.4,39.9
Genouilly (18310),/management/ville/genouilly/ville-18100,15.0,10.0,5.0,76.0,81.0,102.0,156.0,218.0,98.0,68.0,23.7,34.1,50.0,28.2,13.7,22.6,12.6,13.0
Ferrières-sur-Sichon (03250),/management/ville/ferrieres-sur-sichon/ville-03113,26.0,26.0,51.0,36.0,92.0,67.0,160.0,129.0,85.0,97.0,29.7,38.4,30.5,22.2,20.5,15.5,19.2,22.0
La Limouzinière (44310),/management/ville/la-limouziniere/ville-44083,35.0,35.0,99.0,273.0,343.0,383.0,405.0,517.0,290.0,385.0,20.6,29.9,38.6,24.4,18.6,17.7,22.2,25.9
Les Chères (69380),/management/ville/les-cheres/ville-69055,25.0,65.0,140.0,215.0,185.0,105.0,201.0,248.0,182.0,395.0,19.5,19.7,25.9,21.6,16.9,18.5,37.7,39.4
Grassendorf (67350),/management/ville/grassendorf/ville-67166,0.0,5.0,15.0,30.0,40.0,60.0,35.0,57.0,21.0,63.0,18.9,20.9,36.7,23.3,15.6,8.1,28.9,43.0
Dancevoir (52210),/management/ville/dancevoir/ville-52165,10.0,5.0,0.0,25.0,20.0,10.0,60.0,43.0,28.0,35.0,34.6,38.2,32.1,20.2,12.8,20.2,20.5,21.3
Le Trait (76580),/management/ville/le-trait/ville-76709,0.0,51.0,142.0,351.0,626.0,926.0,1589.0,1330.0,484.0,429.0,33.6,48.5,43.1,23.7,13.1,12.2,10.2,12.0
Lassy (35580),/management/ville/lassy/ville-35149,0.0,26.0,117.0,300.0,236.0,160.0,227.0,261.0,222.0,387.0,19.3,22.1,29.3,18.9,19.6,20.8,31.8,38.7
Le Mesnil-Robert (14380),/management/ville/le-mesnil-robert/ville-14424,0.0,5.0,0.0,0.0,25.0,70.0,52.0,49.0,22.0,15.0,35.7,39.7,42.9,25.3,14.3,17.6,7.1,14.7
La Selle-Craonnaise (53800),/management/ville/la-selle-craonnaise/ville-53258,51.0,36.0,26.0,62.0,112.0,149.0,306.0,186.0,119.0,89.0,43.1,44.6,29.0,21.9,17.4,16.5,10.6,15.5
La Bazoque (61100),/management/ville/la-bazoque/ville-61030,0.0,0.0,5.0,50.0,20.0,40.0,40.0,55.0,36.0,50.0,24.5,19.5,26.6,28.3,26.6,12.6,22.3,33.3
Le Castéra (31530),/management/ville/le-castera/ville-31120,20.0,15.0,110.0,95.0,110.0,50.0,95.0,129.0,91.0,224.0,14.1,21.1,30.1,18.1,14.1,19.6,41.6,41.5
Goldbach-Altenbach (68760),/management/ville/goldbach-altenbach/ville-68106,20.0,5.0,10.0,25.0,35.0,66.0,58.0,78.0,27.0,55.0,20.4,33.7,44.2,23.3,13.3,11.5,22.1,27.9
Exideuil-sur-Vienne (16150),/management/ville/exideuil-sur-vienne/ville-16134,5.0,25.0,15.0,66.0,106.0,177.0,259.0,323.0,130.0,104.0,28.2,35.2,46.5,28.1,15.1,17.0,10.2,15.3
La Chaussée-d'Ivry (28260),/management/ville/la-chaussee-d-ivry/ville-28096,9.0,28.0,66.0,222.0,142.0,90.0,223.0,261.0,159.0,176.0,23.5,31.0,37.6,24.7,19.3,19.4,19.6,23.2
Espalion (12500),/management/ville/espalion/ville-12096,55.0,209.0,149.0,333.0,671.0,482.0,1362.0,957.0,578.0,755.0,31.9,42.0,32.9,19.7,14.8,16.7,20.4,20.9
Juillan (65290),/management/ville/juillan/ville-65235,5.0,171.0,212.0,499.0,527.0,327.0,787.0,947.0,592.0,844.0,20.9,28.4,36.5,22.8,18.2,19.1,24.5,28.6
Ferrussac (43300),/management/ville/ferrussac/ville-43094,10.0,5.0,0.0,0.0,5.0,10.0,24.0,22.0,11.0,11.0,25.0,46.9,41.7,20.0,19.4,12.5,13.9,18.8
Issenheim (68500),/management/ville/issenheim/ville-68156,0.0,80.0,210.0,380.0,440.0,420.0,756.0,853.0,396.0,608.0,21.9,34.9,37.5,25.0,15.6,14.8,24.9,21.9
Genouilly (71460),/management/ville/genouilly/ville-71214,5.0,25.0,10.0,25.0,50.0,80.0,119.0,113.0,45.0,57.0,32.4,39.0,39.4,24.2,14.7,12.2,13.5,20.7
Landrais (17290),/management/ville/landrais/ville-17203,10.0,45.0,20.0,80.0,120.0,90.0,121.0,165.0,106.0,132.0,20.7,25.6,35.9,25.9,17.4,23.2,25.9,24.4
Fuans (25390),/management/ville/fuans/ville-25262,5.0,15.0,10.0,62.0,46.0,132.0,117.0,110.0,83.0,48.0,29.3,36.4,33.7,25.7,26.1,19.7,10.9,16.2
Englancourt (02260),/management/ville/englancourt/ville-02276,10.0,0.0,0.0,5.0,10.0,31.0,31.0,24.0,16.0,25.0,22.0,44.4,32.0,17.0,18.0,13.3,28.0,24.4
Lacroix-Barrez (12600),/management/ville/lacroix-barrez/ville-12118,45.0,40.0,20.0,50.0,40.0,30.0,173.0,129.0,74.0,51.0,34.4,46.3,35.9,22.6,19.6,15.1,10.0,13.8
Guinzeling (57670),/management/ville/guinzeling/ville-57278,5.0,0.0,0.0,20.0,0.0,5.0,16.0,17.0,12.0,11.0,23.3,34.6,30.0,26.7,26.7,15.4,20.0,19.2
La Livinière (34210),/management/ville/la-liviniere/ville-34141,0.0,42.0,5.0,37.0,78.0,73.0,134.0,124.0,79.0,100.0,30.7,30.5,34.4,22.0,16.0,19.9,18.9,27.0
Domaize (63520),/management/ville/domaize/ville-63136,15.0,10.0,20.0,45.0,40.0,25.0,84.0,80.0,52.0,78.0,26.4,30.8,37.8,17.5,12.8,22.6,23.0,30.1
Fontaine-en-Dormois (51800),/management/ville/fontaine-en-dormois/ville-51255,7.0,0.0,0.0,0.0,0.0,0.0,8.0,1.0,3.0,5.0,27.3,83.3,9.1,0.0,27.3,0.0,36.4,16.7
Lespinassière (11160),/management/ville/lespinassiere/ville-11200,10.0,20.0,0.0,0.0,15.0,0.0,23.0,27.0,29.0,37.0,15.8,23.7,26.3,21.1,26.3,23.7,31.6,32.2
Dry (45370),/management/ville/dry/ville-45130,0.0,35.0,90.0,220.0,140.0,130.0,323.0,313.0,164.0,243.0,18.6,41.4,41.6,19.0,18.0,13.8,21.8,24.6
Homps (11200),/management/ville/homps/ville-11172,15.0,44.0,49.0,10.0,83.0,49.0,157.0,127.0,68.0,103.0,29.9,38.7,33.2,21.7,14.2,15.2,22.7,22.6
Frahier-et-Chatebier (70400),/management/ville/frahier-et-chatebier/ville-70248,0.0,40.0,114.0,189.0,145.0,90.0,239.0,303.0,155.0,310.0,19.4,28.2,35.7,22.2,15.9,14.8,28.9,32.7
Les Choux (45290),/management/ville/les-choux/ville-45096,0.0,10.0,29.0,73.0,78.0,58.0,104.0,125.0,66.0,86.0,25.1,29.3,38.7,25.0,16.2,18.3,19.9,25.1
Hauteville (62810),/management/ville/hauteville/ville-62418,0.0,20.0,0.0,35.0,45.0,35.0,60.0,53.0,41.0,66.0,24.3,30.1,32.7,16.8,15.9,21.2,27.1,32.7
La Bazouge-de-Chemeré (53170),/management/ville/la-bazouge-de-chemere/ville-53022,20.0,20.0,30.0,45.0,55.0,105.0,113.0,97.0,65.0,75.0,30.6,34.1,33.3,21.3,16.9,20.4,19.1,24.0
Le Mesnil-Rouxelin (50000),/management/ville/le-mesnil-rouxelin/ville-50321,5.0,10.0,35.0,65.0,85.0,40.0,90.0,113.0,75.0,110.0,26.8,19.6,32.5,24.5,18.0,20.6,22.7,34.0
Espaly-Saint-Marcel (43000),/management/ville/espaly-saint-marcel/ville-43089,0.0,125.0,250.0,415.0,490.0,365.0,776.0,650.0,480.0,735.0,26.5,31.9,28.9,20.4,17.9,18.4,26.7,28.8
Lassy (95270),/management/ville/lassy/ville-95331,0.0,5.0,15.0,29.0,15.0,10.0,24.0,24.0,29.0,44.0,14.3,25.0,26.8,15.9,26.8,22.1,32.1,38.2
La Selle-en-Hermoy (45210),/management/ville/la-selle-en-hermoy/ville-45306,16.0,26.0,21.0,109.0,115.0,141.0,167.0,229.0,82.0,143.0,25.7,27.9,40.1,27.9,12.8,13.9,21.4,24.8
Grateloup-Saint-Gayrand (47400),/management/ville/grateloup-saint-gayrand/ville-47112,30.0,35.0,20.0,30.0,60.0,55.0,92.0,125.0,52.0,64.0,20.7,35.2,47.7,24.0,14.9,16.4,16.7,22.0
Dancourt (76340),/management/ville/dancourt/ville-76211,25.0,10.0,0.0,0.0,10.0,50.0,92.0,48.0,31.0,16.0,42.9,56.2,32.7,17.0,20.4,12.4,4.1,13.5
Le Tranger (36700),/management/ville/le-tranger/ville-36225,19.0,5.0,10.0,14.0,19.0,5.0,57.0,41.0,20.0,23.0,32.9,48.5,34.2,20.0,18.4,9.1,14.5,19.7
Juillé (16230),/management/ville/juille/ville-16173,5.0,0.0,0.0,0.0,41.0,36.0,56.0,51.0,25.0,17.0,33.8,42.7,44.6,22.8,13.5,18.7,8.1,14.7
Exincourt (25400),/management/ville/exincourt/ville-25230,0.0,80.0,171.0,307.0,357.0,477.0,859.0,776.0,392.0,469.0,27.3,40.9,37.6,23.1,15.3,16.1,19.8,17.9
La Chaussée-Saint-Victor (41260),/management/ville/la-chaussee-saint-victor/ville-41047,0.0,80.0,373.0,610.0,669.0,344.0,960.0,992.0,569.0,990.0,23.0,30.9,32.6,22.7,16.2,16.2,28.2,28.2
Golfech (82400),/management/ville/golfech/ville-82072,5.0,15.0,30.0,135.0,190.0,140.0,217.0,229.0,134.0,130.0,26.8,34.4,39.1,24.1,17.3,20.5,16.8,19.9
Duault (22160),/management/ville/duault/ville-22052,30.0,10.0,5.0,40.0,30.0,40.0,85.0,81.0,62.0,58.0,23.4,36.2,36.6,20.6,20.0,23.4,20.0,20.6
Lacroix-Falgarde (31120),/management/ville/lacroix-falgarde/ville-31259,0.0,79.0,431.0,243.0,158.0,64.0,181.0,235.0,239.0,831.0,8.9,15.3,19.2,13.0,16.7,15.5,55.3,56.5
Fublaines (77470),/management/ville/fublaines/ville-77199,0.0,14.0,75.0,216.0,221.0,127.0,240.0,235.0,184.0,237.0,25.2,28.3,29.6,22.4,20.9,20.2,24.3,28.5
Fertans (25330),/management/ville/fertans/ville-25236,20.0,5.0,15.0,35.0,35.0,15.0,41.0,64.0,34.0,52.0,22.9,20.0,37.5,25.9,19.8,15.8,19.8,34.7
Domalain (35680),/management/ville/domalain/ville-35097,65.0,60.0,40.0,196.0,231.0,411.0,461.0,461.0,231.0,216.0,29.3,38.2,40.8,24.2,15.6,18.2,14.2,17.4
Englebelmer (80300),/management/ville/englebelmer/ville-80266,0.0,25.0,20.0,15.0,15.0,35.0,61.0,63.0,42.0,44.0,23.9,34.3,40.4,18.8,19.3,21.2,16.5,26.3
Fontaine-Étoupefour (14790),/management/ville/fontaine-etoupefour/ville-14274,0.0,90.0,315.0,370.0,225.0,70.0,252.0,328.0,279.0,711.0,14.2,17.8,23.2,18.6,17.6,17.9,45.0,45.6
Le Cateau-Cambrésis (59360),/management/ville/le-cateau-cambresis/ville-59136,40.0,96.0,177.0,417.0,846.0,1110.0,2467.0,1430.0,625.0,578.0,43.5,52.7,33.9,20.8,11.6,12.8,11.0,11.6
Issepts (46320),/management/ville/issepts/ville-46133,10.0,10.0,15.0,41.0,26.0,41.0,46.0,59.0,30.0,45.0,21.3,30.7,39.4,22.0,21.3,11.4,18.1,33.0
Guipavas (29490),/management/ville/guipavas/ville-29075,81.0,273.0,1174.0,1940.0,1818.0,1302.0,2261.0,3013.0,1818.0,3361.0,17.8,25.2,32.2,23.7,17.4,17.4,32.7,31.7
Landrecies (59550),/management/ville/landrecies/ville-59331,30.0,25.0,85.0,270.0,400.0,540.0,1146.0,796.0,344.0,351.0,35.9,50.3,38.0,21.1,12.8,13.3,13.3,13.3
Lespinoy (62990),/management/ville/lespinoy/ville-62501,5.0,5.0,10.0,20.0,25.0,25.0,55.0,61.0,25.0,34.0,31.8,31.0,39.8,25.2,17.0,11.5,11.4,27.6
Homps (32120),/management/ville/homps/ville-32154,0.0,0.0,0.0,5.0,15.0,25.0,32.0,20.0,10.0,18.0,40.0,40.0,35.0,15.8,5.0,20.0,20.0,25.0
La Llagonne (66210),/management/ville/la-llagonne/ville-66098,0.0,6.0,28.0,51.0,44.0,4.0,42.0,47.0,38.0,59.0,19.8,26.1,32.3,19.0,17.7,22.7,30.2,33.0
Gensac (33890),/management/ville/gensac/ville-33186,25.0,40.0,15.0,44.0,98.0,108.0,252.0,172.0,82.0,126.0,37.8,41.6,28.6,22.7,15.9,10.4,17.7,21.7
Fraignot-et-Vesvrotte (21580),/management/ville/fraignot-et-vesvrotte/ville-21283,13.0,0.0,0.0,4.0,0.0,4.0,15.0,12.0,12.0,9.0,28.6,35.0,35.7,15.8,25.0,20.0,10.7,30.0
Lastic (15500),/management/ville/lastic/ville-15097,21.0,0.0,5.0,16.0,16.0,27.0,39.0,26.0,19.0,17.0,26.0,51.9,34.0,16.4,26.0,11.5,14.0,19.2
Gratens (31430),/management/ville/gratens/ville-31229,0.0,29.0,73.0,78.0,88.0,54.0,118.0,144.0,73.0,162.0,21.4,26.3,37.5,19.2,14.5,14.7,26.6,38.6
Espanès (31450),/management/ville/espanes/ville-31171,0.0,15.0,41.0,46.0,20.0,25.0,31.0,48.0,21.0,126.0,12.2,14.5,27.0,14.9,7.0,11.8,53.9,58.2
Le Mesnil-Saint-Denis (78320),/management/ville/le-mesnil-saint-denis/ville-78397,0.0,89.0,1298.0,867.0,555.0,238.0,660.0,738.0,791.0,2618.0,10.6,16.5,16.3,14.9,15.5,17.4,57.6,51.7
La Bazouge-des-Alleux (53470),/management/ville/la-bazouge-des-alleux/ville-53023,25.0,25.0,15.0,105.0,50.0,70.0,51.0,88.0,86.0,111.0,15.4,15.0,30.8,22.2,26.6,24.6,27.2,38.9
Le Translay (80140),/management/ville/le-translay/ville-80767,10.0,5.0,5.0,0.0,35.0,30.0,77.0,46.0,30.0,29.0,39.1,45.6,31.5,18.5,16.3,16.7,13.0,18.9
Dancourt-Popincourt (80700),/management/ville/dancourt-popincourt/ville-80233,5.0,0.0,0.0,15.0,15.0,45.0,41.0,29.0,17.0,30.0,30.6,40.0,33.9,15.1,11.3,18.2,24.2,27.3
Juillé (72170),/management/ville/juille/ville-72152,10.0,0.0,10.0,40.0,40.0,40.0,147.0,116.0,50.0,52.0,34.4,45.9,39.4,22.2,12.8,14.6,13.3,15.1
La Chaussée-sur-Marne (51240),/management/ville/la-chaussee-sur-marne/ville-51141,5.0,61.0,41.0,97.0,122.0,97.0,155.0,195.0,106.0,117.0,23.2,31.1,42.2,24.1,17.3,19.8,17.3,23.7
La Selle-en-Luitré (35133),/management/ville/la-selle-en-luitre/ville-35324,39.0,5.0,10.0,88.0,58.0,146.0,110.0,132.0,72.0,73.0,31.2,25.0,38.7,28.1,13.6,23.9,16.6,21.3
Les Clayes-sous-Bois (78340),/management/ville/les-clayes-sous-bois/ville-78165,0.0,285.0,1944.0,2366.0,2708.0,1308.0,3328.0,2809.0,2109.0,4186.0,22.2,30.9,25.6,19.4,16.5,17.4,35.7,31.9
Exireuil (79400),/management/ville/exireuil/ville-79114,20.0,30.0,58.0,130.0,216.0,278.0,426.0,368.0,204.0,190.0,33.9,37.6,36.2,24.6,14.1,20.0,15.7,16.3
Hauteville (73390),/management/ville/hauteville/ville-73133,15.0,20.0,35.0,50.0,35.0,30.0,40.0,63.0,58.0,87.0,11.9,20.2,31.0,20.8,23.0,23.4,34.1,36.3
Ducey-Les Chéris (50220),/management/ville/ducey-les-cheris/ville-50168,5.0,86.0,50.0,191.0,356.0,408.0,961.0,556.0,289.0,320.0,39.3,50.4,33.4,18.4,14.7,12.7,12.7,17.2
Fontaine-Fourches (77480),/management/ville/fontaine-fourches/ville-77187,0.0,50.0,25.0,40.0,105.0,55.0,156.0,140.0,76.0,62.0,31.1,40.9,37.9,24.2,18.3,16.7,12.8,15.8
Golinhac (12140),/management/ville/golinhac/ville-12110,55.0,15.0,5.0,20.0,55.0,15.0,122.0,66.0,51.0,53.0,40.1,43.3,32.4,14.6,12.7,22.0,14.8,21.3
La Loge (62140),/management/ville/la-loge/ville-62521,0.0,10.0,5.0,10.0,29.0,14.0,55.0,41.0,34.0,24.0,30.3,42.1,32.9,19.7,23.7,19.7,13.2,18.4
Le Catelet (02420),/management/ville/le-catelet/ville-02143,0.0,10.0,0.0,5.0,45.0,40.0,49.0,44.0,27.0,21.0,25.4,42.5,40.3,22.1,20.9,17.8,13.4,16.4
Lespiteau (31160),/management/ville/lespiteau/ville-31294,5.0,0.0,0.0,10.0,21.0,15.0,22.0,25.0,14.0,17.0,21.4,36.4,35.7,24.3,21.4,15.2,21.4,21.2
Lacroix-Saint-Ouen (60610),/management/ville/lacroix-saint-ouen/ville-60338,5.0,106.0,403.0,680.0,505.0,435.0,896.0,837.0,571.0,1120.0,24.8,27.5,26.6,21.1,16.8,16.5,31.8,33.6
Hon-Hergies (59570),/management/ville/hon-hergies/ville-59310,20.0,41.0,81.0,122.0,71.0,86.0,130.0,143.0,110.0,235.0,16.7,25.6,27.7,17.9,20.3,15.2,35.4,40.8
Landrecourt-Lempire (55100),/management/ville/landrecourt-lempire/ville-55276,0.0,15.0,0.0,15.0,20.0,40.0,35.0,58.0,28.0,33.0,20.5,25.0,47.4,25.9,15.4,21.1,16.7,26.3
Guipel (35440),/management/ville/guipel/ville-35128,50.0,35.0,90.0,171.0,291.0,246.0,307.0,359.0,220.0,318.0,23.5,27.5,33.6,23.8,19.7,16.8,23.3,29.7
Domancy (74700),/management/ville/domancy/ville-74103,47.0,160.0,141.0,273.0,264.0,165.0,261.0,432.0,302.0,533.0,15.7,18.5,36.9,20.4,16.0,23.5,31.4,38.4
Englefontaine (59530),/management/ville/englefontaine/ville-59194,5.0,20.0,25.0,159.0,170.0,209.0,328.0,261.0,150.0,215.0,28.5,39.6,34.0,20.1,16.3,15.1,21.1,23.9
Isserpent (03120),/management/ville/isserpent/ville-03131,24.0,19.0,24.0,68.0,68.0,77.0,129.0,116.0,75.0,80.0,25.6,38.5,36.9,20.2,21.0,17.1,16.4,23.4
Gensac (65140),/management/ville/gensac/ville-65196,0.0,0.0,0.0,6.0,11.0,34.0,23.0,29.0,10.0,14.0,27.0,31.6,48.6,26.8,5.4,21.1,18.9,18.4
Fuilla (66820),/management/ville/fuilla/ville-66085,0.0,15.0,15.0,34.0,49.0,10.0,95.0,89.0,69.0,86.0,31.4,24.9,27.2,24.3,19.5,20.7,21.9,29.0
Fertrève (58270),/management/ville/fertreve/ville-58113,0.0,0.0,15.0,20.0,5.0,0.0,33.0,20.0,9.0,24.0,34.1,42.2,24.4,20.0,9.8,11.1,31.7,24.4
Gratentour (31150),/management/ville/gratentour/ville-31230,0.0,158.0,425.0,505.0,401.0,240.0,657.0,670.0,415.0,987.0,22.1,26.0,28.1,20.1,14.5,16.0,35.4,36.9
La Bazouge-du-Désert (35420),/management/ville/la-bazouge-du-desert/ville-35018,56.0,20.0,15.0,56.0,169.0,215.0,217.0,320.0,132.0,133.0,21.5,32.8,47.9,27.3,17.1,15.8,13.4,19.8
Le Transloy (62450),/management/ville/le-transloy/ville-62829,10.0,10.0,24.0,48.0,62.0,52.0,90.0,94.0,57.0,52.0,25.8,35.7,42.6,21.0,16.8,22.1,14.8,21.4
La Selle-Guerchaise (35130),/management/ville/la-selle-guerchaise/ville-35325,10.0,5.0,10.0,10.0,26.0,36.0,34.0,38.0,24.0,16.0,30.5,32.7,40.7,26.9,15.3,26.9,13.6,13.5
Dancy (28800),/management/ville/dancy/ville-28126,15.0,5.0,5.0,10.0,25.0,30.0,47.0,58.0,13.0,30.0,24.0,39.7,50.7,23.8,5.3,12.3,20.0,20.5
Hauteville-la-Guichard (50570),/management/ville/hauteville-la-guichard/ville-50232,20.0,10.0,15.0,45.0,50.0,55.0,73.0,101.0,74.0,71.0,21.3,24.5,38.1,24.5,23.8,22.6,16.9,27.7
Espaon (32220),/management/ville/espaon/ville-32124,10.0,15.0,15.0,25.0,20.0,25.0,48.0,47.0,25.0,31.0,27.6,36.8,38.2,22.0,17.1,15.8,17.1,23.7
Juillé (79170),/management/ville/juille/ville-79142,0.0,0.0,10.0,14.0,19.0,19.0,28.0,21.0,12.0,14.0,32.4,37.5,29.7,24.4,18.9,15.0,18.9,20.0
Lastic (63760),/management/ville/lastic/ville-63191,20.0,0.0,0.0,5.0,5.0,5.0,49.0,28.0,13.0,11.0,40.4,57.1,34.6,18.5,15.4,10.2,9.6,12.2
Exoudun (79800),/management/ville/exoudun/ville-79115,31.0,5.0,15.0,36.0,67.0,83.0,149.0,134.0,87.0,91.0,27.0,37.9,35.9,21.3,19.8,17.4,17.3,22.3
La Chaussée-Tirancourt (80310),/management/ville/la-chaussee-tirancourt/ville-80187,5.0,15.0,20.0,85.0,100.0,65.0,151.0,146.0,87.0,117.0,22.7,37.1,36.8,21.3,16.1,18.5,24.4,22.4
Le Mesnil-Saint-Firmin (60120),/management/ville/le-mesnil-saint-firmin/ville-60399,0.0,5.0,0.0,20.0,15.0,26.0,47.0,36.0,19.0,31.0,36.2,35.6,31.0,21.8,12.1,16.4,20.7,24.7
Fraillicourt (08220),/management/ville/fraillicourt/ville-08178,15.0,0.0,0.0,5.0,10.0,15.0,74.0,33.0,10.0,20.0,50.0,56.5,35.3,13.5,7.4,7.2,7.4,21.7
Les Clefs (74230),/management/ville/les-clefs/ville-74079,20.0,54.0,34.0,98.0,73.0,63.0,57.0,141.0,100.0,153.0,12.3,12.6,37.9,23.6,22.6,21.9,27.2,41.4
Fontaine-Française (21610),/management/ville/fontaine-francaise/ville-21277,10.0,10.0,30.0,80.0,119.0,174.0,230.0,176.0,99.0,172.0,30.4,37.4,30.4,20.0,14.6,14.6,24.5,26.6
Lespouey (65190),/management/ville/lespouey/ville-65270,0.0,10.0,10.0,25.0,35.0,25.0,28.0,55.0,44.0,35.0,19.0,15.6,35.7,31.2,23.8,31.2,21.4,22.1
Gensac (82120),/management/ville/gensac/ville-82067,21.0,10.0,0.0,16.0,16.0,10.0,29.0,29.0,18.0,18.0,28.0,37.2,36.0,23.9,18.0,18.6,18.0,18.6
Le Catelier (76590),/management/ville/le-catelier/ville-76162,10.0,0.0,24.0,24.0,39.0,20.0,58.0,45.0,27.0,52.0,33.3,29.5,28.7,20.0,14.9,15.8,23.0,33.7
Duclair (76480),/management/ville/duclair/ville-76222,20.0,114.0,184.0,528.0,672.0,503.0,1101.0,1002.0,487.0,597.0,26.8,41.3,39.9,22.0,16.1,14.6,17.1,20.1
La Loge-aux-Chèvres (10140),/management/ville/la-loge-aux-chevres/ville-10200,0.0,5.0,15.0,10.0,15.0,10.0,22.0,25.0,7.0,13.0,25.7,41.2,42.9,25.6,14.3,5.9,17.1,20.6
Guipry-Messac (35480),/management/ville/guipry-messac/ville-35176,106.0,231.0,322.0,698.0,930.0,923.0,1645.0,1521.0,854.0,963.0,28.8,37.1,36.4,22.9,17.6,16.7,17.1,21.4
Landremont (54380),/management/ville/landremont/ville-54294,0.0,10.0,20.0,15.0,30.0,10.0,25.0,35.0,18.0,30.0,18.2,28.3,40.0,23.2,14.5,18.9,27.3,28.3
Englesqueville-en-Auge (14800),/management/ville/englesqueville-en-auge/ville-14238,5.0,10.0,15.0,10.0,5.0,0.0,32.0,22.0,21.0,18.0,31.1,37.8,28.9,17.8,26.7,17.8,13.3,26.7
Lacroix-sur-Meuse (55300),/management/ville/lacroix-sur-meuse/ville-55268,15.0,5.0,10.0,50.0,165.0,120.0,168.0,162.0,96.0,100.0,26.6,37.1,38.2,22.0,20.1,16.5,15.1,22.8
Golleville (50390),/management/ville/golleville/ville-50207,10.0,5.0,0.0,15.0,20.0,30.0,35.0,45.0,30.0,21.0,16.4,37.5,44.8,23.8,20.9,25.0,17.9,14.1
Isserteaux (63270),/management/ville/isserteaux/ville-63177,25.0,20.0,10.0,75.0,40.0,40.0,81.0,114.0,56.0,70.0,27.7,22.6,41.0,26.9,15.7,19.4,15.7,28.4
Hondainville (60250),/management/ville/hondainville/ville-60317,0.0,5.0,24.0,88.0,127.0,92.0,116.0,169.0,101.0,122.0,20.3,25.2,37.8,26.4,19.9,20.2,21.9,26.0
Domarin (38300),/management/ville/domarin/ville-38149,5.0,34.0,150.0,285.0,166.0,174.0,288.0,286.0,212.0,387.0,23.7,25.4,28.2,20.0,18.2,18.0,29.8,36.1
Fuissé (71960),/management/ville/fuisse/ville-71210,15.0,5.0,30.0,55.0,35.0,70.0,64.0,71.0,48.0,107.0,20.4,23.8,27.2,20.4,17.7,15.4,34.7,39.2
La Chaux (25650),/management/ville/la-chaux/ville-25139,14.0,5.0,14.0,66.0,33.0,114.0,87.0,119.0,69.0,97.0,18.9,28.7,35.8,24.5,21.9,15.2,23.4,28.7
Expiremont (17130),/management/ville/expiremont/ville-17156,10.0,0.0,0.0,15.0,10.0,30.0,26.0,31.0,16.0,17.0,27.3,30.4,50.0,21.4,6.8,28.3,15.9,21.7
Fescamps (80500),/management/ville/fescamps/ville-80306,0.0,15.0,5.0,5.0,5.0,31.0,44.0,34.0,25.0,12.0,36.2,40.7,37.9,21.2,19.0,24.1,6.9,14.8
Juillenay (21210),/management/ville/juillenay/ville-21328,0.0,0.0,0.0,5.0,0.0,15.0,8.0,16.0,8.0,9.0,17.4,22.2,56.5,18.8,13.0,27.8,13.0,33.3
Les Clérimois (89190),/management/ville/les-clerimois/ville-89111,15.0,20.0,10.0,36.0,20.0,26.0,71.0,62.0,46.0,33.0,34.9,31.7,38.5,21.1,16.5,27.9,10.1,21.2
Le Tréhou (29450),/management/ville/le-trehou/ville-29294,35.0,15.0,5.0,55.0,90.0,90.0,83.0,143.0,107.0,93.0,13.6,25.4,39.9,26.6,25.4,24.9,21.1,22.5
Danestal (14430),/management/ville/danestal/ville-14218,0.0,10.0,34.0,67.0,43.0,43.0,60.0,98.0,40.0,57.0,17.6,29.6,45.8,27.1,15.3,16.0,21.4,23.2
Fraimbois (54300),/management/ville/fraimbois/ville-54206,10.0,20.0,25.0,40.0,60.0,35.0,54.0,93.0,54.0,72.0,14.1,25.4,47.4,21.3,17.0,22.5,21.5,31.2
Hauteville-lès-Dijon (21121),/management/ville/hauteville-les-dijon/ville-21315,10.0,25.0,150.0,140.0,105.0,75.0,164.0,218.0,140.0,378.0,15.0,21.2,27.6,20.5,13.1,17.8,44.4,39.8
La Beaume (05140),/management/ville/la-beaume/ville-05019,0.0,10.0,0.0,0.0,10.0,5.0,46.0,36.0,28.0,25.0,35.2,32.8,33.8,20.3,15.5,26.6,15.5,21.9
Lastours (11600),/management/ville/lastours/ville-11194,0.0,20.0,0.0,5.0,20.0,15.0,22.0,54.0,22.0,28.0,17.4,17.9,44.9,32.4,20.3,14.3,17.4,26.8
Le Mesnil-Saint-Jean (27560),/management/ville/le-mesnil-saint-jean/ville-27541,0.0,0.0,20.0,20.0,45.0,20.0,48.0,34.0,24.0,44.0,26.6,38.4,29.1,15.1,16.5,15.1,27.8,31.5
Esparron (05110),/management/ville/esparron/ville-05049,8.0,0.0,0.0,0.0,4.0,4.0,9.0,15.0,7.0,6.0,21.1,26.3,63.2,17.6,10.5,26.3,5.3,31.6
Gratibus (80500),/management/ville/gratibus/ville-80386,10.0,0.0,5.0,20.0,40.0,25.0,37.0,46.0,32.0,25.0,26.8,26.1,38.0,26.0,23.9,21.7,11.3,24.6
Fontaine-Henry (14610),/management/ville/fontaine-henry/ville-14275,15.0,5.0,30.0,56.0,51.0,56.0,65.0,105.0,52.0,119.0,16.9,21.4,36.0,23.8,12.2,17.9,34.9,35.1
Gensac-de-Boulogne (31350),/management/ville/gensac-de-boulogne/ville-31218,17.0,0.0,11.0,6.0,12.0,6.0,35.0,28.0,16.0,28.0,22.2,43.4,38.9,13.7,13.0,17.0,25.9,26.4
Ducos (97224),/management/ville/ducos/ville-97207,76.0,639.0,878.0,2011.0,2723.0,1502.0,4627.0,2547.0,2652.0,3161.0,38.8,32.8,20.9,19.0,19.6,21.2,20.7,27.6
Domart-en-Ponthieu (80620),/management/ville/domart-en-ponthieu/ville-80241,5.0,10.0,31.0,88.0,202.0,145.0,336.0,249.0,128.0,146.0,31.9,46.2,37.6,19.6,14.1,15.5,16.4,17.8
Lespourcy (64160),/management/ville/lespourcy/ville-64338,5.0,21.0,15.0,21.0,10.0,10.0,30.0,56.0,16.0,31.0,22.4,21.5,44.8,31.4,14.9,9.2,17.9,27.7
Fuligny (10200),/management/ville/fuligny/ville-10163,0.0,0.0,0.0,11.0,5.0,5.0,13.0,11.0,6.0,15.0,23.8,31.8,28.6,16.7,19.0,9.1,28.6,40.9
Issigeac (24560),/management/ville/issigeac/ville-24212,23.0,65.0,46.0,50.0,117.0,31.0,244.0,168.0,77.0,145.0,33.7,42.7,29.6,20.6,15.2,9.8,21.5,24.0
Lacropte (24380),/management/ville/lacropte/ville-24220,30.0,10.0,10.0,91.0,84.0,109.0,239.0,154.0,54.0,62.0,45.3,48.8,33.7,22.7,11.2,9.9,9.7,14.9
La Loge-Pomblin (10210),/management/ville/la-loge-pomblin/ville-10201,5.0,0.0,0.0,0.0,5.0,15.0,17.0,22.0,6.0,7.0,14.8,52.0,55.6,22.6,18.5,4.0,11.1,16.0
Hondeghem (59190),/management/ville/hondeghem/ville-59308,31.0,21.0,47.0,145.0,120.0,125.0,131.0,180.0,147.0,255.0,16.1,20.9,29.9,20.7,20.3,20.9,33.8,37.6
Englesqueville-la-Percée (14710),/management/ville/englesqueville-la-percee/ville-14239,5.0,0.0,0.0,5.0,20.0,10.0,31.0,20.0,15.0,8.0,35.1,48.6,32.4,22.2,16.2,24.3,16.2,5.4
Gombergean (41310),/management/ville/gombergean/ville-41098,5.0,10.0,5.0,20.0,40.0,30.0,34.0,42.0,32.0,30.0,19.4,29.6,38.8,23.2,20.9,25.4,20.9,22.5
Le Caule-Sainte-Beuve (76390),/management/ville/le-caule-sainte-beuve/ville-76166,20.0,5.0,5.0,45.0,45.0,96.0,161.0,105.0,49.0,48.0,39.9,49.1,37.2,19.4,11.2,16.2,11.7,14.5
Guipy (58420),/management/ville/guipy/ville-58132,5.0,10.0,0.0,25.0,40.0,30.0,69.0,47.0,46.0,31.0,33.0,38.7,33.0,18.0,25.0,22.6,9.1,21.7
Landres (54970),/management/ville/landres/ville-54295,0.0,25.0,10.0,80.0,156.0,146.0,230.0,232.0,135.0,110.0,26.1,38.3,38.4,25.5,20.1,18.0,15.3,15.5
Dangé-Saint-Romain (86220),/management/ville/dange-saint-romain/ville-86092,15.0,50.0,70.0,164.0,406.0,535.0,955.0,806.0,287.0,327.0,33.3,46.3,41.8,23.6,11.8,12.3,13.1,14.3
Le Tremblay-Omonville (27110),/management/ville/le-tremblay-omonville/ville-27658,0.0,5.0,15.0,15.0,50.0,70.0,77.0,96.0,24.0,46.0,24.2,39.0,51.7,23.6,9.2,10.6,15.0,22.8
La Bégude-de-Mazenc (26160),/management/ville/la-begude-de-mazenc/ville-26045,15.0,106.0,91.0,202.0,207.0,131.0,280.0,311.0,218.0,425.0,20.4,24.8,31.4,19.2,17.1,18.2,31.1,37.5
Fesches-le-Châtel (25490),/management/ville/fesches-le-chatel/ville-25237,0.0,20.0,131.0,257.0,207.0,474.0,480.0,584.0,297.0,332.0,22.2,34.8,41.7,24.8,17.2,17.8,18.9,20.3
La Selle-la-Forge (61100),/management/ville/la-selle-la-forge/ville-61466,5.0,15.0,65.0,115.0,175.0,200.0,351.0,387.0,172.0,174.0,29.0,35.5,40.8,27.0,15.3,16.4,14.9,17.1
Frain (88320),/management/ville/frain/ville-88180,10.0,0.0,0.0,10.0,20.0,5.0,37.0,38.0,11.0,17.0,19.2,52.8,51.9,19.7,13.5,7.5,15.4,17.0
La Chaux (61600),/management/ville/la-chaux/ville-61104,0.0,0.0,5.0,5.0,15.0,10.0,9.0,12.0,11.0,8.0,9.5,36.8,42.9,17.6,28.6,26.3,19.0,21.1
Les Cluses (66480),/management/ville/les-cluses/ville-66063,0.0,22.0,5.0,11.0,32.0,11.0,62.0,53.0,42.0,48.0,28.7,31.7,30.7,20.8,21.8,19.2,18.8,27.9
Lataule (60490),/management/ville/lataule/ville-60351,0.0,0.0,5.0,19.0,24.0,19.0,25.0,27.0,17.0,21.0,25.5,30.4,29.8,25.9,23.4,13.0,21.3,26.1
Juilles (32200),/management/ville/juilles/ville-32165,10.0,10.0,10.0,35.0,15.0,30.0,50.0,58.0,22.0,46.0,25.0,32.1,41.3,21.7,10.9,14.3,22.8,29.8
Le Mesnil-Simon (14140),/management/ville/le-mesnil-simon/ville-14425,5.0,22.0,11.0,27.0,16.0,11.0,30.0,35.0,19.0,49.0,21.7,23.1,31.9,19.4,13.0,16.9,33.3,40.0
Hauteville-sur-Fier (74150),/management/ville/hauteville-sur-fier/ville-74141,10.0,51.0,62.0,88.0,133.0,164.0,137.0,203.0,117.0,173.0,19.6,24.0,40.1,23.5,16.7,20.5,23.7,31.1
Esparron (31420),/management/ville/esparron/ville-31172,0.0,10.0,0.0,5.0,15.0,0.0,20.0,14.0,5.0,11.0,41.4,38.1,27.6,24.0,10.3,9.5,20.7,23.8
Eybens (38320),/management/ville/eybens/ville-38158,0.0,369.0,1145.0,1621.0,1379.0,708.0,1722.0,1610.0,1173.0,2972.0,20.3,25.4,24.3,18.5,15.4,15.9,39.9,39.6
Hondevilliers (77510),/management/ville/hondevilliers/ville-77228,20.0,5.0,25.0,45.0,35.0,15.0,34.0,79.0,35.0,43.0,18.3,17.2,47.1,30.9,14.4,23.0,20.2,25.3
Englos (59320),/management/ville/englos/ville-59195,0.0,35.0,89.0,109.0,49.0,30.0,64.0,95.0,65.0,203.0,13.7,16.7,23.1,19.1,19.3,11.6,43.9,50.9
La Londe (76500),/management/ville/la-londe/ville-76391,0.0,64.0,153.0,435.0,262.0,238.0,323.0,447.0,336.0,602.0,15.7,21.9,31.6,21.1,19.1,20.1,33.7,36.7
Gomelange (57220),/management/ville/gomelange/ville-57252,0.0,10.0,21.0,73.0,78.0,88.0,85.0,135.0,77.0,81.0,14.9,29.8,44.1,26.0,18.1,22.5,22.9,20.4
Ducy-Sainte-Marguerite (14250),/management/ville/ducy-sainte-marguerite/ville-14232,0.0,0.0,20.0,15.0,30.0,5.0,29.0,23.0,25.0,37.0,27.1,23.6,25.4,17.0,15.3,29.1,32.2,32.7
Domart-sur-la-Luce (80110),/management/ville/domart-sur-la-luce/ville-80242,0.0,5.0,31.0,73.0,68.0,31.0,68.0,105.0,56.0,98.0,18.3,23.2,37.2,25.3,15.2,18.9,29.3,30.5
Gensac-la-Pallue (16130),/management/ville/gensac-la-pallue/ville-16150,20.0,30.0,86.0,147.0,208.0,172.0,371.0,461.0,201.0,234.0,23.4,34.7,43.3,26.1,17.0,14.6,16.2,20.5
Issirac (30760),/management/ville/issirac/ville-30134,20.0,20.0,5.0,27.0,31.0,32.0,54.0,51.0,57.0,56.0,23.9,26.0,27.4,20.0,25.6,26.9,23.1,28.8
Fontaine-l'Abbé (27470),/management/ville/fontaine-l-abbe/ville-27251,10.0,14.0,18.0,75.0,66.0,58.0,159.0,137.0,65.0,54.0,31.5,44.9,37.0,25.0,20.0,11.7,11.5,14.0
Lespugue (31350),/management/ville/lespugue/ville-31295,0.0,5.0,5.0,0.0,5.0,15.0,22.0,18.0,16.0,11.0,25.8,38.9,32.3,21.6,29.0,19.4,12.9,19.4
Landres-et-Saint-Georges (08240),/management/ville/landres-et-saint-georges/ville-08246,9.0,5.0,0.0,0.0,5.0,5.0,28.0,18.0,17.0,5.0,45.5,39.4,27.3,24.2,24.2,24.2,3.0,12.1
Fulleren (68210),/management/ville/fulleren/ville-68100,0.0,0.0,20.0,40.0,46.0,66.0,81.0,92.0,32.0,57.0,23.7,38.2,44.3,22.5,13.7,10.7,18.3,25.2
Le Causé (82500),/management/ville/le-cause/ville-82036,20.0,10.0,5.0,15.0,20.0,0.0,41.0,29.0,20.0,23.0,40.4,32.8,23.1,26.2,13.5,21.3,23.1,18.0
Guiry-en-Vexin (95450),/management/ville/guiry-en-vexin/ville-95295,0.0,6.0,46.0,23.0,17.0,29.0,17.0,49.0,26.0,46.0,9.6,15.4,43.8,25.8,13.7,24.6,32.9,33.8
Lacrost (71700),/management/ville/lacrost/ville-71248,5.0,20.0,30.0,90.0,75.0,55.0,179.0,163.0,112.0,111.0,27.5,35.9,35.0,22.5,18.2,21.1,19.3,20.1
Le Tremblay-sur-Mauldre (78490),/management/ville/le-tremblay-sur-mauldre/ville-78623,0.0,25.0,186.0,119.0,99.0,90.0,112.0,121.0,131.0,255.0,16.5,19.6,20.2,19.3,21.5,20.8,41.8,40.7
Dangeau (28160),/management/ville/dangeau/ville-28127,30.0,60.0,35.0,146.0,141.0,216.0,324.0,298.0,171.0,166.0,30.1,37.6,38.1,23.0,16.6,19.0,15.2,19.2
La Selle-sur-le-Bied (45210),/management/ville/la-selle-sur-le-bied/ville-45307,0.0,21.0,31.0,125.0,140.0,171.0,206.0,273.0,143.0,158.0,25.2,27.6,40.5,27.0,16.5,20.2,17.8,22.7
Hauteville-sur-Mer (50590),/management/ville/hauteville-sur-mer/ville-50231,20.0,50.0,20.0,55.0,80.0,50.0,194.0,169.0,91.0,134.0,25.9,39.4,37.4,20.0,14.7,16.1,21.9,23.5
La Chaux (71310),/management/ville/la-chaux/ville-71121,0.0,5.0,10.0,15.0,55.0,64.0,113.0,81.0,32.0,22.0,37.4,53.2,39.8,22.7,13.8,12.1,8.9,8.9
Gratreuil (51800),/management/ville/gratreuil/ville-51280,0.0,0.0,0.0,0.0,0.0,5.0,15.0,4.0,2.0,3.0,50.0,75.0,33.3,0.0,8.3,8.3,8.3,16.7
Frais (90150),/management/ville/frais/ville-90050,0.0,0.0,24.0,43.0,14.0,14.0,33.0,47.0,29.0,45.0,15.1,27.5,35.6,24.4,17.8,18.8,31.5,27.5
La Bellière (61570),/management/ville/la-belliere/ville-61039,14.0,0.0,5.0,5.0,10.0,14.0,24.0,30.0,17.0,27.0,19.2,31.1,34.6,23.1,23.1,11.1,23.1,31.1
Lathuile (74210),/management/ville/lathuile/ville-74147,10.0,20.0,61.0,164.0,87.0,97.0,121.0,213.0,177.0,283.0,13.8,16.7,33.4,21.0,21.2,23.4,31.6,39.6
Fesmy-le-Sart (02450),/management/ville/fesmy-le-sart/ville-02308,10.0,0.0,10.0,20.0,85.0,95.0,150.0,107.0,52.0,64.0,36.4,44.6,34.8,20.3,13.1,14.9,15.7,18.9
Esparron (83560),/management/ville/esparron/ville-83052,5.0,15.0,5.0,46.0,41.0,15.0,77.0,72.0,62.0,50.0,31.9,27.2,31.9,24.6,19.3,28.8,17.0,20.8
Eybouleuf (87400),/management/ville/eybouleuf/ville-87062,10.0,24.0,15.0,65.0,54.0,48.0,66.0,104.0,58.0,77.0,20.6,23.0,38.7,25.9,20.6,16.9,20.0,31.1
Juilley (50220),/management/ville/juilley/ville-50259,16.0,16.0,42.0,89.0,105.0,110.0,138.0,156.0,81.0,112.0,26.3,30.0,37.3,24.5,15.3,18.0,21.2,25.3
Le Mesnil-Simon (28260),/management/ville/le-mesnil-simon/ville-28247,0.0,26.0,37.0,110.0,68.0,84.0,71.0,152.0,78.0,109.0,15.2,19.3,43.8,27.2,19.0,19.3,21.9,31.2
Les Combes (25500),/management/ville/les-combes/ville-25160,21.0,15.0,35.0,69.0,98.0,187.0,135.0,147.0,112.0,127.0,24.0,28.0,34.3,22.2,18.8,24.4,22.9,26.0
Engomer (09800),/management/ville/engomer/ville-09111,15.0,24.0,5.0,44.0,24.0,20.0,49.0,52.0,63.0,60.0,23.2,20.0,29.5,20.0,25.9,30.9,21.4,31.8
Hondouville (27400),/management/ville/hondouville/ville-27339,5.0,20.0,55.0,150.0,55.0,105.0,135.0,170.0,123.0,157.0,19.7,26.2,35.2,23.1,19.4,22.6,25.7,27.9
Fultot (76560),/management/ville/fultot/ville-76293,0.0,0.0,14.0,18.0,41.0,27.0,51.0,33.0,33.0,42.0,33.3,31.2,25.9,16.0,23.5,18.2,17.3,35.1
Guiscard (60640),/management/ville/guiscard/ville-60291,10.0,35.0,35.0,95.0,224.0,299.0,539.0,397.0,186.0,167.0,34.6,48.0,40.0,21.1,14.7,14.2,10.7,14.9
La Londe-les-Maures (83250),/management/ville/la-londe-les-maures/ville-83071,45.0,408.0,333.0,994.0,1262.0,795.0,2312.0,2403.0,1670.0,2081.0,24.5,29.9,32.5,23.7,18.5,20.8,24.5,24.7
Fontaine-l'Étalon (62390),/management/ville/fontaine-l-etalon/ville-62345,0.0,0.0,5.0,5.0,5.0,10.0,33.0,29.0,11.0,11.0,34.8,45.0,39.1,24.5,17.4,7.5,8.7,17.5
Domats (89150),/management/ville/domats/ville-89144,25.0,45.0,25.0,80.0,110.0,125.0,172.0,199.0,107.0,126.0,27.6,29.3,38.7,25.7,14.5,20.8,19.2,22.5
Le Caylar (34520),/management/ville/le-caylar/ville-34064,5.0,30.0,10.0,35.0,60.0,100.0,135.0,110.0,55.0,60.0,34.4,40.5,36.6,22.3,15.1,15.6,14.0,19.7
Duerne (69850),/management/ville/duerne/ville-69078,55.0,30.0,10.0,95.0,100.0,105.0,233.0,113.0,137.0,78.0,43.0,40.0,22.0,20.0,21.6,27.4,13.4,14.4
Gensac-sur-Garonne (31310),/management/ville/gensac-sur-garonne/ville-31219,0.0,21.0,30.0,62.0,50.0,55.0,97.0,82.0,57.0,76.0,33.3,28.9,28.8,23.6,13.7,22.6,24.2,24.5
Landresse (25530),/management/ville/landresse/ville-25325,0.0,10.0,10.0,15.0,35.0,15.0,54.0,45.0,25.0,38.0,30.9,35.8,35.8,19.3,13.6,17.3,19.8,27.2
Gomené (22230),/management/ville/gomene/ville-22062,20.0,40.0,20.0,35.0,60.0,90.0,141.0,146.0,78.0,68.0,29.1,36.2,38.6,25.6,18.8,17.1,13.5,18.1
Lesquerde (66220),/management/ville/lesquerde/ville-66097,0.0,0.0,5.0,14.0,19.0,9.0,44.0,25.0,17.0,23.0,36.7,43.3,24.5,19.4,22.4,10.0,16.3,25.0
Lacrouzette (81210),/management/ville/lacrouzette/ville-81128,0.0,120.0,25.0,174.0,240.0,205.0,616.0,430.0,180.0,170.0,39.0,49.2,40.3,19.7,12.3,13.6,8.4,16.0
Fraisans (39700),/management/ville/fraisans/ville-39235,0.0,5.0,82.0,113.0,170.0,191.0,273.0,322.0,137.0,206.0,26.0,32.0,38.9,25.9,15.5,13.8,19.6,24.1
La Selve (02150),/management/ville/la-selve/ville-02705,10.0,5.0,10.0,15.0,30.0,45.0,61.0,50.0,22.0,27.0,32.6,44.6,37.2,20.9,18.6,8.1,11.6,23.0
Lathus-Saint-Rémy (86390),/management/ville/lathus-saint-remy/ville-86120,35.0,35.0,15.0,85.0,120.0,90.0,429.0,254.0,158.0,147.0,38.7,48.3,29.4,20.5,17.6,14.3,14.4,15.4
Le Tremblois (70100),/management/ville/le-tremblois/ville-70505,0.0,5.0,10.0,25.0,20.0,34.0,31.0,36.0,30.0,27.0,27.1,22.7,28.8,27.4,28.8,19.7,15.3,27.3
Le Mesnil-sous-Jumièges (76480),/management/ville/le-mesnil-sous-jumieges/ville-76436,10.0,0.0,31.0,102.0,71.0,137.0,141.0,144.0,87.0,104.0,25.2,34.0,37.2,22.4,16.5,20.4,21.1,22.6
Haution (02140),/management/ville/haution/ville-02377,39.0,5.0,5.0,5.0,5.0,15.0,34.0,31.0,24.0,21.0,24.1,37.0,34.5,19.3,29.3,14.8,12.1,27.8
Issoire (63500),/management/ville/issoire/ville-63178,11.0,351.0,579.0,1465.0,2573.0,1634.0,3527.0,3105.0,2229.0,2598.0,23.3,37.1,33.8,20.8,20.8,18.3,22.1,23.2
Fesques (76270),/management/ville/fesques/ville-76262,10.0,5.0,15.0,10.0,10.0,10.0,49.0,20.0,12.0,12.0,57.1,48.9,22.4,19.1,10.2,15.6,10.2,15.6
Dangers (28190),/management/ville/dangers/ville-28128,10.0,5.0,25.0,60.0,35.0,45.0,73.0,102.0,56.0,79.0,22.5,24.8,39.4,24.4,16.9,19.0,21.3,30.1
Esparron-de-Verdon (04800),/management/ville/esparron-de-verdon/ville-04081,5.0,46.0,15.0,36.0,51.0,36.0,75.0,104.0,68.0,100.0,24.3,19.2,32.8,25.3,18.6,20.9,24.3,33.1
La Chaux-du-Dombief (39150),/management/ville/la-chaux-du-dombief/ville-39131,5.0,20.0,25.0,74.0,70.0,115.0,138.0,121.0,72.0,68.0,26.6,42.9,41.9,18.5,17.2,18.9,14.3,19.9
Grattepanche (80680),/management/ville/grattepanche/ville-80387,0.0,10.0,15.0,50.0,40.0,40.0,50.0,76.0,29.0,71.0,18.9,25.2,39.6,24.2,12.6,13.0,28.8,33.9
Juilly (21140),/management/ville/juilly/ville-21329,0.0,0.0,0.0,5.0,0.0,5.0,14.0,11.0,5.0,9.0,33.3,35.3,28.6,23.8,19.0,5.9,19.0,29.4
La Bellière (76440),/management/ville/la-belliere/ville-76074,5.0,5.0,0.0,15.0,10.0,0.0,12.0,12.0,7.0,10.0,20.0,38.1,45.0,13.6,25.0,9.5,10.0,38.1
Eyburie (19140),/management/ville/eyburie/ville-19079,30.0,5.0,5.0,25.0,95.0,60.0,140.0,123.0,82.0,54.0,25.8,42.8,39.6,22.0,24.2,17.7,10.4,16.3
Les Contamines-Montjoie (74170),/management/ville/les-contamines-montjoie/ville-74085,10.0,74.0,40.0,134.0,173.0,148.0,207.0,235.0,200.0,263.0,21.8,24.0,33.6,19.6,21.1,23.1,23.6,34.1
Lesquielles-Saint-Germain (02120),/management/ville/lesquielles-saint-germain/ville-02422,15.0,10.0,5.0,75.0,105.0,135.0,247.0,185.0,81.0,89.0,35.5,46.3,40.6,20.3,10.6,16.2,13.3,16.2
Domazan (30390),/management/ville/domazan/ville-30103,37.0,36.0,70.0,144.0,115.0,90.0,166.0,172.0,143.0,219.0,22.6,24.7,30.3,19.4,20.3,20.8,26.8,35.5
Engwiller (67350),/management/ville/engwiller/ville-67123,5.0,5.0,25.0,75.0,90.0,90.0,81.0,163.0,65.0,86.0,11.9,29.4,54.2,25.7,13.4,19.6,20.4,23.2
Le Cayrol (12500),/management/ville/le-cayrol/ville-12064,30.0,25.0,0.0,15.0,35.0,25.0,81.0,60.0,50.0,28.0,35.3,38.8,35.3,20.5,22.5,23.3,6.9,18.1
Genté (16130),/management/ville/gente/ville-16151,15.0,20.0,35.0,89.0,133.0,134.0,234.0,222.0,128.0,115.0,30.7,36.2,36.8,24.3,20.1,16.5,12.4,20.5
Gomer (64420),/management/ville/gomer/ville-64246,21.0,10.0,21.0,47.0,21.0,31.0,38.0,54.0,43.0,77.0,15.9,19.6,34.6,18.0,16.8,23.4,32.7,40.2
Landrethun-le-Nord (62250),/management/ville/landrethun-le-nord/ville-62487,10.0,20.0,45.0,100.0,223.0,184.0,296.0,243.0,163.0,182.0,28.7,38.3,32.3,21.4,20.0,17.0,19.0,22.0
La Longeville (25650),/management/ville/la-longeville/ville-25347,15.0,15.0,15.0,80.0,140.0,160.0,115.0,168.0,98.0,160.0,17.8,24.8,38.5,21.8,19.6,16.5,24.0,35.3
Fontaine-la-Gaillarde (89100),/management/ville/fontaine-la-gaillarde/ville-89172,10.0,10.0,50.0,55.0,60.0,60.0,96.0,117.0,59.0,113.0,22.3,27.6,38.3,21.8,11.2,19.1,28.2,30.7
Hondschoote (59122),/management/ville/hondschoote/ville-59309,25.0,45.0,87.0,361.0,567.0,669.0,1253.0,684.0,452.0,514.0,36.9,48.8,30.1,17.3,15.8,15.4,17.2,18.2
Duesme (21510),/management/ville/duesme/ville-21235,5.0,5.0,0.0,5.0,0.0,5.0,10.0,13.0,8.0,12.0,9.5,36.4,47.6,14.3,19.0,18.2,23.8,31.8
Fulvy (89160),/management/ville/fulvy/ville-89184,10.0,0.0,0.0,10.0,15.0,5.0,41.0,35.0,12.0,15.0,35.8,44.0,35.8,26.2,13.2,10.0,15.1,14.0
Guiscriff (56560),/management/ville/guiscriff/ville-56081,88.0,64.0,44.0,177.0,173.0,358.0,686.0,610.0,205.0,234.0,33.5,45.5,43.2,23.7,11.4,12.3,11.9,15.0
Fraisnes-en-Saintois (54930),/management/ville/fraisnes-en-saintois/ville-54207,0.0,5.0,5.0,15.0,15.0,10.0,26.0,25.0,8.0,23.0,32.6,30.8,34.9,22.2,9.3,10.3,23.3,33.3
Lacs (36400),/management/ville/lacs/ville-36091,10.0,25.0,10.0,70.0,119.0,85.0,163.0,207.0,74.0,76.0,25.2,37.0,46.9,27.7,14.0,14.5,14.0,15.6
La Belliole (89150),/management/ville/la-belliole/ville-89036,5.0,5.0,15.0,35.0,25.0,35.0,63.0,55.0,43.0,39.0,32.7,30.3,27.7,26.2,19.8,23.2,19.8,19.2
Juilly (77230),/management/ville/juilly/ville-77241,0.0,40.0,140.0,280.0,329.0,209.0,390.0,402.0,246.0,305.0,27.4,30.7,35.6,22.8,19.0,17.8,18.1,27.3
Fessanvilliers-Mattanvilliers (28270),/management/ville/fessanvilliers-mattanvilliers/ville-28151,5.0,5.0,0.0,20.0,5.0,35.0,49.0,38.0,15.0,12.0,38.3,48.1,38.3,23.8,15.0,11.1,8.3,13.0
Hautmont (59330),/management/ville/hautmont/ville-59291,0.0,187.0,268.0,964.0,1804.0,2126.0,4014.0,3262.0,1531.0,1333.0,32.9,45.5,38.8,23.8,14.4,15.7,14.0,12.4
Le Tréport (76470),/management/ville/le-treport/ville-76711,20.0,104.0,144.0,327.0,703.0,683.0,1810.0,1163.0,502.0,431.0,38.7,52.8,36.7,21.7,12.0,13.5,12.5,9.8
Issor (64570),/management/ville/issor/ville-64276,26.0,0.0,0.0,10.0,31.0,21.0,63.0,59.0,35.0,44.0,25.3,36.9,35.4,21.7,22.2,12.6,17.2,26.2
Grattery (70170),/management/ville/grattery/ville-70278,0.0,0.0,10.0,40.0,35.0,40.0,41.0,48.0,30.0,44.0,21.2,29.5,34.1,22.6,20.0,16.7,24.7,29.5
Dangeul (72260),/management/ville/dangeul/ville-72112,25.0,15.0,0.0,55.0,49.0,65.0,155.0,121.0,65.0,38.0,34.7,48.0,39.6,21.7,17.8,16.4,7.9,12.4
La Chaux-en-Bresse (39230),/management/ville/la-chaux-en-bresse/ville-39132,0.0,5.0,0.0,0.0,10.0,5.0,7.0,7.0,9.0,7.0,14.3,31.3,28.6,20.0,35.7,25.0,21.4,25.0
Eycheil (09200),/management/ville/eycheil/ville-09119,5.0,10.0,15.0,50.0,100.0,30.0,136.0,133.0,71.0,97.0,29.9,32.2,30.9,25.5,21.1,12.0,18.1,25.8
Le Mesnil-sur-Blangy (14130),/management/ville/le-mesnil-sur-blangy/ville-14426,0.0,10.0,0.0,10.0,46.0,25.0,39.0,30.0,23.0,37.0,25.4,34.9,31.7,14.8,19.0,17.5,23.8,33.3
La Selve (12170),/management/ville/la-selve/ville-12267,110.0,5.0,5.0,50.0,40.0,25.0,210.0,136.0,84.0,83.0,35.9,46.2,30.2,20.7,19.5,13.1,14.5,17.9
Latillé (86190),/management/ville/latille/ville-86121,10.0,51.0,36.0,188.0,198.0,178.0,362.0,345.0,180.0,215.0,28.5,36.8,37.1,24.1,15.0,17.5,19.4,19.6
Esparros (65130),/management/ville/esparros/ville-65165,5.0,20.0,5.0,0.0,25.0,20.0,41.0,43.0,33.0,37.0,23.4,29.9,35.1,20.8,22.1,20.8,19.5,28.6
Lesquin (59810),/management/ville/lesquin/ville-59343,16.0,232.0,729.0,1233.0,1009.0,720.0,1413.0,1223.0,994.0,1939.0,21.7,28.6,25.9,18.4,17.5,18.1,34.8,34.8
La Longine (70310),/management/ville/la-longine/ville-70308,0.0,15.0,0.0,0.0,20.0,30.0,112.0,42.0,14.0,18.0,54.2,66.7,29.2,14.6,6.3,8.9,10.4,8.9
Gometz-la-Ville (91400),/management/ville/gometz-la-ville/ville-91274,0.0,66.0,287.0,212.0,137.0,86.0,152.0,180.0,148.0,538.0,14.7,15.0,18.7,16.5,12.9,16.2,53.7,52.2
Fontaine-la-Guyon (28190),/management/ville/fontaine-la-guyon/ville-28154,10.0,55.0,45.0,281.0,191.0,176.0,344.0,344.0,210.0,294.0,22.5,34.5,36.9,21.3,16.0,18.9,24.6,24.6
Ennemain (80200),/management/ville/ennemain/ville-80267,0.0,10.0,5.0,35.0,25.0,50.0,61.0,58.0,38.0,36.0,28.6,34.7,33.7,24.0,22.4,16.8,15.3,22.1
Fumay (08170),/management/ville/fumay/ville-08185,0.0,80.0,40.0,286.0,346.0,572.0,1498.0,710.0,281.0,241.0,47.6,61.6,31.9,18.4,11.6,9.1,8.9,8.8
Guise (02120),/management/ville/guise/ville-02361,10.0,124.0,89.0,212.0,639.0,711.0,1998.0,1051.0,381.0,343.0,46.1,58.7,34.4,19.9,10.5,9.8,9.0,9.1
Les Corvées-les-Yys (28240),/management/ville/les-corvees-les-yys/ville-28109,20.0,0.0,35.0,30.0,40.0,35.0,68.0,69.0,43.0,46.0,27.2,33.0,35.1,24.2,19.3,18.8,18.4,22.3
Gentelles (80800),/management/ville/gentelles/ville-80376,10.0,50.0,70.0,100.0,80.0,45.0,70.0,112.0,88.0,167.0,13.1,18.8,32.4,19.1,21.6,18.8,32.9,43.3
Honfleur (14600),/management/ville/honfleur/ville-14333,16.0,264.0,320.0,600.0,1064.0,801.0,2634.0,1327.0,808.0,1007.0,39.0,51.0,28.9,17.4,14.4,13.7,17.8,17.2
Duffort (32170),/management/ville/duffort/ville-32116,15.0,5.0,5.0,5.0,30.0,20.0,37.0,40.0,20.0,18.0,26.8,37.3,39.3,26.1,21.4,13.6,12.5,18.6
Landrethun-lès-Ardres (62610),/management/ville/landrethun-les-ardres/ville-62488,29.0,20.0,15.0,88.0,113.0,69.0,135.0,132.0,103.0,136.0,21.1,32.0,32.0,19.6,24.7,16.2,22.3,31.3
Dombasle-devant-Darney (88260),/management/ville/dombasle-devant-darney/ville-88138,0.0,5.0,5.0,10.0,10.0,5.0,30.0,16.0,11.0,8.0,34.4,57.6,40.6,10.3,12.5,21.2,12.5,12.1
Le Cellier (44850),/management/ville/le-cellier/ville-44028,25.0,154.0,331.0,508.0,450.0,332.0,563.0,756.0,495.0,877.0,18.2,23.6,30.7,23.7,19.1,17.7,32.0,33.1
Fraisse (24130),/management/ville/fraisse/ville-24191,0.0,10.0,25.0,15.0,25.0,34.0,39.0,43.0,18.0,31.0,35.2,23.8,36.6,25.0,12.7,14.3,15.5,33.3
Le Trévoux (29380),/management/ville/le-trevoux/ville-29300,24.0,60.0,31.0,227.0,182.0,238.0,283.0,305.0,254.0,311.0,20.9,28.0,32.5,21.0,22.0,22.1,24.6,29.2
La Bénisson-Dieu (42720),/management/ville/la-benisson-dieu/ville-42016,0.0,5.0,20.0,45.0,90.0,80.0,96.0,106.0,52.0,63.0,28.0,32.7,40.2,23.7,17.1,15.7,14.6,25.5
Issou (78440),/management/ville/issou/ville-78314,0.0,84.0,252.0,771.0,677.0,432.0,757.0,807.0,552.0,676.0,25.0,29.2,33.7,23.2,19.5,20.1,21.8,26.6
Graulhet (81300),/management/ville/graulhet/ville-81105,73.0,318.0,317.0,970.0,1533.0,1596.0,4078.0,2620.0,1461.0,1417.0,40.3,44.6,31.3,22.3,13.8,16.5,14.6,15.0
Dangolsheim (67310),/management/ville/dangolsheim/ville-67085,20.0,25.0,35.0,101.0,96.0,71.0,94.0,138.0,112.0,189.0,11.4,24.1,33.1,19.4,18.4,23.8,37.1,33.7
Fessenheim (68740),/management/ville/fessenheim/ville-68091,10.0,41.0,81.0,406.0,319.0,382.0,422.0,611.0,305.0,404.0,18.0,31.0,38.7,27.0,18.9,16.1,24.4,21.9
Hautot-l'Auvray (76450),/management/ville/hautot-l-auvray/ville-76346,16.0,11.0,11.0,37.0,32.0,59.0,95.0,65.0,39.0,50.0,36.4,40.0,30.7,19.3,15.0,16.4,17.9,23.6
Ladapeyre (23270),/management/ville/ladapeyre/ville-23102,20.0,35.0,5.0,20.0,20.0,30.0,83.0,81.0,65.0,46.0,28.6,31.8,35.0,24.6,21.4,25.8,15.0,18.2
Jujols (66360),/management/ville/jujols/ville-66090,10.0,0.0,0.0,0.0,5.0,10.0,11.0,9.0,5.0,14.0,25.0,35.3,29.2,11.1,16.7,5.9,29.2,47.1
Latilly (02210),/management/ville/latilly/ville-02411,10.0,10.0,5.0,20.0,44.0,25.0,45.0,41.0,24.0,32.0,30.1,33.8,35.6,21.1,17.8,15.5,16.4,28.2
La Chavanne (73800),/management/ville/la-chavanne/ville-73082,10.0,25.0,55.0,95.0,100.0,80.0,65.0,98.0,91.0,161.0,13.4,17.8,28.9,19.1,22.9,21.0,34.8,42.5
Le Mesnil-sur-Bulles (60130),/management/ville/le-mesnil-sur-bulles/ville-60400,5.0,10.0,10.0,47.0,62.0,21.0,48.0,60.0,41.0,35.0,21.1,30.5,38.9,24.8,24.4,20.0,15.6,23.2
La Sentinelle (59174),/management/ville/la-sentinelle/ville-59564,0.0,53.0,53.0,314.0,504.0,410.0,919.0,674.0,323.0,382.0,34.2,45.4,33.9,22.4,15.5,12.7,16.4,16.7
Eydoche (38690),/management/ville/eydoche/ville-38159,10.0,15.0,55.0,75.0,40.0,65.0,136.0,73.0,92.0,64.0,35.1,39.4,22.2,18.8,27.0,23.3,15.7,19.4
Guiseniers (27700),/management/ville/guiseniers/ville-27307,15.0,5.0,25.0,65.0,60.0,65.0,81.0,120.0,58.0,69.0,23.3,26.1,44.2,26.2,17.2,18.2,15.3,26.7
Honguemare-Guenouville (27310),/management/ville/honguemare-guenouville/ville-27340,25.0,35.0,55.0,100.0,85.0,70.0,80.0,173.0,105.0,142.0,12.9,19.3,39.1,26.8,23.4,18.4,24.6,32.4
Le Cendre (63670),/management/ville/le-cendre/ville-63069,5.0,83.0,383.0,643.0,741.0,520.0,1030.0,1107.0,745.0,1074.0,22.1,29.5,33.6,22.4,17.5,20.0,26.8,27.4
Fumel (47500),/management/ville/fumel/ville-47106,15.0,114.0,74.0,274.0,560.0,594.0,1832.0,1088.0,496.0,472.0,40.7,52.6,33.6,21.0,12.6,12.9,13.1,11.3
Gentilly (94250),/management/ville/gentilly/ville-94037,4.0,385.0,2268.0,2295.0,2785.0,1296.0,3537.0,2133.0,2146.0,4696.0,26.7,29.8,18.8,15.9,15.9,18.3,38.6,36.5
Lessac (16500),/management/ville/lessac/ville-16181,26.0,10.0,10.0,42.0,83.0,52.0,160.0,145.0,77.0,62.0,34.7,37.3,37.5,25.1,17.1,17.5,10.6,17.5
Esparsac (82500),/management/ville/esparsac/ville-82055,10.0,0.0,24.0,14.0,24.0,24.0,65.0,56.0,36.0,41.0,28.1,37.6,37.5,19.6,16.7,18.8,17.7,23.8
Fontaine-la-Louvet (27230),/management/ville/fontaine-la-louvet/ville-27252,5.0,25.0,10.0,30.0,45.0,45.0,90.0,81.0,42.0,40.0,34.6,36.4,31.5,27.5,18.5,14.9,15.4,16.5
La Longueville (59570),/management/ville/la-longueville/ville-59357,0.0,35.0,86.0,278.0,227.0,262.0,439.0,495.0,224.0,405.0,20.4,35.1,39.0,22.6,14.3,14.3,26.3,25.6
Dombasle-en-Argonne (55120),/management/ville/dombasle-en-argonne/ville-55155,5.0,5.0,25.0,61.0,76.0,25.0,73.0,101.0,54.0,73.0,18.5,30.3,40.4,23.7,20.5,15.1,20.5,28.3
Les Costes-Gozon (12400),/management/ville/les-costes-gozon/ville-12078,15.0,5.0,15.0,5.0,10.0,20.0,42.0,42.0,40.0,34.0,25.6,27.8,33.7,19.4,25.6,25.0,15.1,29.2
Landrévarzec (29510),/management/ville/landrevarzec/ville-29106,31.0,45.0,86.0,241.0,237.0,226.0,262.0,369.0,281.0,388.0,15.5,25.0,34.8,21.2,23.7,19.5,25.9,33.9
Gometz-le-Châtel (91940),/management/ville/gometz-le-chatel/ville-91275,0.0,100.0,507.0,306.0,211.0,141.0,318.0,285.0,259.0,913.0,15.5,20.1,17.3,15.0,14.4,14.8,52.8,50.1
Ennery (57365),/management/ville/ennery/ville-57193,0.0,51.0,97.0,301.0,250.0,259.0,351.0,469.0,222.0,474.0,19.6,26.6,33.9,24.9,14.4,14.7,32.1,30.5
Dugny (93440),/management/ville/dugny/ville-93030,0.0,172.0,339.0,992.0,2190.0,1169.0,2609.0,1679.0,1337.0,1272.0,39.9,35.8,26.1,22.4,17.1,21.5,16.8,20.0
Latoue (31800),/management/ville/latoue/ville-31278,30.0,25.0,5.0,25.0,40.0,20.0,83.0,74.0,54.0,49.0,25.0,38.2,34.7,22.1,21.8,19.9,18.5,19.1
La Chavatte (80700),/management/ville/la-chavatte/ville-80189,0.0,5.0,0.0,10.0,10.0,5.0,17.0,13.0,10.0,9.0,27.3,40.7,36.4,18.5,22.7,18.5,13.6,22.2
Fraisse-Cabardès (11600),/management/ville/fraisse-cabardes/ville-11156,5.0,0.0,0.0,10.0,10.0,20.0,17.0,27.0,18.0,24.0,19.0,20.5,38.1,25.0,16.7,25.0,26.2,29.5
Hautot-le-Vatois (76190),/management/ville/hautot-le-vatois/ville-76347,15.0,5.0,19.0,39.0,44.0,34.0,61.0,70.0,46.0,76.0,18.4,29.9,32.8,21.6,18.4,17.3,30.4,29.9
Dangu (27720),/management/ville/dangu/ville-27199,0.0,15.0,45.0,101.0,76.0,66.0,122.0,141.0,69.0,89.0,25.9,32.4,35.6,27.2,18.0,14.4,20.5,21.3
La Serpent (11190),/management/ville/la-serpent/ville-11376,11.0,11.0,0.0,0.0,11.0,0.0,23.0,21.0,12.0,16.0,19.4,47.1,38.9,18.9,19.4,11.8,22.2,20.6
Issoudun (36100),/management/ville/issoudun/ville-36088,28.0,213.0,477.0,1022.0,1475.0,1616.0,3624.0,2842.0,1208.0,1690.0,32.2,44.3,37.4,21.8,12.9,12.9,17.5,18.5
Le Mesnil-sur-Oger (51190),/management/ville/le-mesnil-sur-oger/ville-51367,64.0,20.0,10.0,79.0,123.0,203.0,271.0,293.0,134.0,127.0,26.8,38.5,44.6,24.7,15.4,16.8,13.2,17.5
Grauves (51190),/management/ville/grauves/ville-51281,35.0,15.0,74.0,49.0,74.0,109.0,144.0,180.0,81.0,75.0,26.6,33.5,44.3,27.1,17.3,16.5,11.8,19.0
Jujurieux (01640),/management/ville/jujurieux/ville-01199,15.0,56.0,133.0,282.0,251.0,374.0,423.0,449.0,294.0,456.0,22.6,29.3,33.7,21.5,16.3,19.8,27.4,28.9
Ladaux (33760),/management/ville/ladaux/ville-33215,0.0,5.0,15.0,15.0,40.0,40.0,54.0,39.0,21.0,35.0,31.2,42.5,28.6,20.5,18.2,9.6,22.1,24.7
Le Triadou (34270),/management/ville/le-triadou/ville-34314,0.0,20.0,25.0,55.0,36.0,26.0,56.0,72.0,45.0,116.0,19.1,19.7,27.9,21.1,14.0,16.4,39.0,41.4
La Berlière (08240),/management/ville/la-berliere/ville-08061,0.0,0.0,0.0,17.0,6.0,0.0,8.0,11.0,6.0,7.0,31.6,14.3,31.6,30.0,31.6,0.0,5.3,42.9
Eygalayes (26560),/management/ville/eygalayes/ville-26126,0.0,0.0,10.0,10.0,10.0,0.0,27.0,17.0,12.0,14.0,42.4,35.1,24.2,22.0,21.2,13.5,12.1,27.0
Lessard-en-Bresse (71440),/management/ville/lessard-en-bresse/ville-71256,0.0,15.0,5.0,55.0,75.0,110.0,105.0,142.0,88.0,65.0,25.5,27.0,42.9,27.5,18.9,25.0,12.8,19.6
Espartignac (19140),/management/ville/espartignac/ville-19076,40.0,20.0,30.0,30.0,56.0,51.0,108.0,107.0,60.0,89.0,25.0,33.9,34.9,22.9,16.9,15.6,23.3,25.5
Gomiécourt (62121),/management/ville/gomiecourt/ville-62374,5.0,0.0,10.0,10.0,25.0,25.0,37.0,49.0,16.0,13.0,23.1,39.7,55.8,27.4,11.5,15.9,9.6,12.7
Honnechy (59980),/management/ville/honnechy/ville-59311,15.0,0.0,20.0,54.0,39.0,89.0,146.0,103.0,55.0,57.0,36.0,44.3,39.3,17.9,12.4,18.4,12.4,19.5
Guissény (29880),/management/ville/guisseny/ville-29077,30.0,60.0,90.0,169.0,210.0,150.0,457.0,454.0,288.0,353.0,22.9,35.9,36.0,21.7,18.5,18.6,22.6,22.9
Fontaine-la-Mallet (76290),/management/ville/fontaine-la-mallet/ville-76270,5.0,74.0,248.0,303.0,253.0,124.0,440.0,545.0,346.0,691.0,17.5,25.7,30.2,22.4,17.2,17.1,35.2,33.3
Le Cercueil (61500),/management/ville/le-cercueil/ville-61076,10.0,15.0,15.0,10.0,15.0,15.0,31.0,28.0,22.0,23.0,29.8,29.8,33.3,20.5,17.5,25.5,19.3,25.5
Landreville (10110),/management/ville/landreville/ville-10187,79.0,4.0,23.0,40.0,28.0,82.0,142.0,108.0,66.0,47.0,32.6,44.9,37.7,21.4,18.9,17.6,10.9,15.0
Gentioux-Pigerolles (23340),/management/ville/gentioux-pigerolles/ville-23090,25.0,10.0,34.0,76.0,30.0,20.0,131.0,64.0,50.0,90.0,33.7,45.3,22.3,15.2,17.1,12.6,26.9,26.4
La Loubière (12740),/management/ville/la-loubiere/ville-12131,50.0,60.0,80.0,190.0,190.0,140.0,189.0,327.0,223.0,360.0,15.8,18.6,38.0,21.9,16.8,23.8,29.3,36.2
Ennery (95300),/management/ville/ennery/ville-95211,5.0,30.0,274.0,393.0,344.0,105.0,445.0,429.0,317.0,595.0,21.3,27.9,28.4,20.1,16.4,19.0,34.0,32.8
Dombasle-en-Xaintois (88500),/management/ville/dombasle-en-xaintois/ville-88139,5.0,0.0,11.0,16.0,16.0,11.0,41.0,34.0,14.0,12.0,40.0,40.8,42.0,23.6,12.0,14.3,6.0,18.4
Les Coteaux Périgourdins (24120),/management/ville/les-coteaux-perigourdins/ville-24117,20.0,35.0,15.0,64.0,99.0,79.0,90.0,165.0,80.0,101.0,17.2,24.1,43.9,27.7,18.1,19.0,20.8,25.9
Fumichon (14590),/management/ville/fumichon/ville-14293,0.0,5.0,10.0,35.0,60.0,50.0,53.0,78.0,27.0,48.0,18.8,32.4,52.5,22.1,9.9,16.2,18.8,27.6
Fessenheim-le-Bas (67117),/management/ville/fessenheim-le-bas/ville-67138,35.0,5.0,36.0,77.0,98.0,62.0,78.0,115.0,73.0,121.0,16.4,23.9,34.4,23.4,20.8,16.9,28.4,33.8
Dugny-sur-Meuse (55100),/management/ville/dugny-sur-meuse/ville-55166,20.0,25.0,59.0,163.0,188.0,129.0,225.0,354.0,186.0,202.0,16.9,29.1,42.9,27.9,18.4,20.0,21.9,20.0
Dangy (50750),/management/ville/dangy/ville-50159,5.0,20.0,29.0,64.0,98.0,54.0,171.0,165.0,79.0,88.0,32.1,36.1,40.1,24.0,11.9,19.4,15.9,19.0
Graval (76270),/management/ville/graval/ville-76323,0.0,20.0,10.0,15.0,20.0,20.0,23.0,29.0,27.0,25.0,19.6,25.0,30.4,25.5,25.0,27.1,25.0,22.9
Hautot-Saint-Sulpice (76190),/management/ville/hautot-saint-sulpice/ville-76348,10.0,25.0,35.0,95.0,90.0,90.0,122.0,145.0,88.0,133.0,20.6,29.4,39.5,19.7,17.7,18.4,22.2,32.2
La Serre (12380),/management/ville/la-serre/ville-12269,35.0,0.0,0.0,5.0,5.0,5.0,42.0,20.0,20.0,17.0,42.6,42.2,25.9,14.6,18.5,22.2,13.0,22.2
Le Trioulou (15600),/management/ville/le-trioulou/ville-15242,21.0,5.0,5.0,0.0,5.0,16.0,18.0,29.0,16.0,22.0,30.2,11.9,37.2,30.4,11.6,23.8,20.9,31.0
Le Mesnil-Théribus (60240),/management/ville/le-mesnil-theribus/ville-60401,0.0,20.0,40.0,95.0,125.0,130.0,181.0,142.0,117.0,126.0,31.6,32.4,29.9,21.0,17.4,24.1,21.2,23.4
Fraissé-des-Corbières (11360),/management/ville/fraisse-des-corbieres/ville-11157,16.0,5.0,5.0,16.0,21.0,11.0,48.0,50.0,42.0,47.0,21.0,31.0,30.0,22.5,24.0,20.7,25.0,25.3
La Chenalotte (25500),/management/ville/la-chenalotte/ville-25148,0.0,5.0,34.0,54.0,44.0,171.0,80.0,108.0,64.0,85.0,21.1,26.5,36.6,25.4,17.7,20.4,24.6,25.9
Issoudun-Létrieix (23130),/management/ville/issoudun-letrieix/ville-23097,55.0,0.0,15.0,20.0,30.0,20.0,72.0,73.0,52.0,37.0,25.2,36.5,39.5,23.0,20.2,24.3,15.1,16.5
Latouille-Lentillac (46400),/management/ville/latouille-lentillac/ville-46159,20.0,0.0,5.0,30.0,35.0,20.0,49.0,66.0,35.0,31.0,23.5,31.6,43.1,25.0,21.6,16.5,11.8,24.1
Ladern-sur-Lauquet (11250),/management/ville/ladern-sur-lauquet/ville-11183,5.0,5.0,5.0,45.0,30.0,21.0,48.0,46.0,41.0,66.0,18.7,28.2,35.2,13.9,19.8,20.9,26.4,38.2
Julianges (48140),/management/ville/julianges/ville-48077,5.0,0.0,0.0,0.0,0.0,5.0,25.0,14.0,11.0,3.0,33.3,66.7,33.3,17.4,27.3,9.5,6.1,4.8
Eygalières (13810),/management/ville/eygalieres/ville-13034,30.0,140.0,77.0,177.0,234.0,165.0,506.0,324.0,246.0,459.0,31.0,34.7,26.7,15.8,16.2,15.8,26.0,33.6
Lessard-et-le-Chêne (14140),/management/ville/lessard-et-le-chene/ville-14362,10.0,5.0,10.0,29.0,20.0,10.0,28.0,39.0,26.0,35.0,22.2,21.7,34.9,25.7,15.9,24.6,27.0,27.5
Espas (32370),/management/ville/espas/ville-32125,35.0,5.0,5.0,10.0,10.0,0.0,43.0,23.0,19.0,21.0,36.0,44.6,20.0,21.0,24.0,12.5,20.0,19.6
2.5,19.5
Fontaine-la-Rivière (91690),/management/ville/fontaine-la-riviere/ville-91240,6.0,0.0,12.0,36.0,54.0,12.0,27.0,42.0,46.0,58.0,17.4,13.8,27.9,22.8,23.3,29.9,31.4,35.6
Guisy (62140),/management/ville/guisy/ville-62398,0.0,0.0,10.0,20.0,52.0,57.0,75.0,54.0,38.0,46.0,38.1,32.1,27.6,22.5,15.2,21.1,19.0,23.9
5,48.6,31.4,18.7,14.5,13.1,16.6,18.3
La Bernardière (85610),/management/ville/la-bernardiere/ville-85021,5.0,44.0,69.0,254.0,235.0,333.0,212.0,433.0,259.0,310.0,14.1,21.0,41.7,27.0,22.0,20.6,22.2,29.0
Landrichamps (08600),/management/ville/landrichamps/ville-08247,0.0,0.0,5.0,15.0,15.0,30.0,32.0,32.0,24.0,13.0,27.1,35.8,33.3,28.1,25.0,22.6,14.6,11.3
Ennetières-en-Weppes (59320),/management/ville/ennetieres-en-weppes/ville-59196,10.0,40.0,160.0,140.0,145.0,80.0,216.0,183.0,139.0,418.0,18.7,26.2,23.0,15.3,14.8,14.3,43.5,44.0
La Loupe (28240),/management/ville/la-loupe/ville-28214,5.0,61.0,41.0,291.0,428.0,387.0,1273.0,730.0,304.0,308.0,40.6,55.2,36.3,19.3,11.7,11.5,11.4,12.1
Le Cergne (42460),/management/ville/le-cergne/ville-42033,0.0,44.0,40.0,63.0,84.0,99.0,165.0,131.0,94.0,104.0,28.4,38.4,33.7,19.0,20.2,18.0,17.7,24.4
Furchhausen (67700),/management/ville/furchhausen/ville-67149,0.0,5.0,50.0,70.0,70.0,35.0,57.0,104.0,46.0,97.0,12.8,25.0,36.5,26.1,19.9,10.1,30.8,33.1
Dombasle-sur-Meurthe (54110),/management/ville/dombasle-sur-meurthe/ville-54159,5.0,227.0,358.0,1120.0,1515.0,969.0,2062.0,2368.0,1227.0,1431.0,23.9,33.8,39.0,25.6,17.6,17.1,19.6,20.7
Fraisse-sur-Agout (34330),/management/ville/fraisse-sur-agout/ville-34107,40.0,5.0,0.0,30.0,24.0,44.0,92.0,78.0,66.0,51.0,30.3,33.6,29.7,24.6,20.7,25.7,19.3,16.4
Danizy (02800),/management/ville/danizy/ville-02260,0.0,5.0,24.0,44.0,145.0,82.0,155.0,157.0,82.0,57.0,31.0,37.6,37.1,27.4,23.0,13.9,8.9,16.0
Les Côtes-d'Arey (38138),/management/ville/les-cotes-d-arey/ville-38131,25.0,99.0,198.0,297.0,262.0,168.0,284.0,382.0,261.0,567.0,17.1,20.9,30.4,20.3,16.3,18.7,36.2,39.7
Le Mesnil-Thomas (28250),/management/ville/le-mesnil-thomas/ville-28248,0.0,25.0,15.0,35.0,45.0,45.0,84.0,87.0,38.0,42.0,33.6,33.3,42.2,24.8,11.7,18.7,12.5,21.1
Issus (31450),/management/ville/issus/ville-31240,5.0,15.0,100.0,100.0,55.0,55.0,62.0,68.0,83.0,179.0,16.8,14.8,21.4,14.4,21.4,20.9,40.3,51.0
Fessevillers (25470),/management/ville/fessevillers/ville-25238,5.0,0.0,5.0,9.0,10.0,30.0,42.0,36.0,20.0,18.0,36.1,36.4,36.1,24.6,13.1,21.8,14.8,16.4
Le Tronchet (35540),/management/ville/le-tronchet/ville-35362,15.0,44.0,49.0,114.0,163.0,128.0,280.0,257.0,161.0,156.0,26.3,39.0,39.8,20.9,17.1,20.5,16.9,19.6
La Serre-Bussière-Vieille (23190),/management/ville/la-serre-bussiere-vieille/ville-23172,15.0,10.0,0.0,10.0,5.0,0.0,36.0,33.0,13.0,16.0,32.0,41.7,42.0,22.2,14.0,12.5,12.0,20.8
Hautot-sur-Mer (76550),/management/ville/hautot-sur-mer/ville-76349,5.0,91.0,111.0,181.0,227.0,176.0,439.0,426.0,226.0,423.0,24.4,32.9,33.5,21.8,13.9,15.8,28.1,27.9
Gravelines (59820),/management/ville/gravelines/ville-59273,3.0,119.0,487.0,1632.0,1535.0,1326.0,2933.0,2192.0,1400.0,1757.0,29.0,41.4,30.7,21.1,18.1,15.8,22.1,20.4
La Cheppe (51600),/management/ville/la-cheppe/ville-51147,20.0,15.0,0.0,36.0,31.0,40.0,52.0,68.0,45.0,67.0,18.0,27.0,33.6,22.3,23.0,15.3,25.4,33.3
Lessard-le-National (71530),/management/ville/lessard-le-national/ville-71257,5.0,31.0,26.0,112.0,86.0,71.0,101.0,168.0,85.0,111.0,19.9,23.2,41.9,27.6,16.1,20.6,22.0,25.9
Honskirch (57670),/management/ville/honskirch/ville-57335,5.0,10.0,0.0,15.0,30.0,30.0,67.0,54.0,22.0,25.0,35.3,43.9,40.0,22.0,12.9,13.4,11.8,18.3
Eygaliers (26170),/management/ville/eygaliers/ville-26127,0.0,10.0,0.0,5.0,15.0,20.0,23.0,25.0,13.0,25.0,23.3,30.2,32.6,22.4,18.6,11.6,25.6,32.6
Gommecourt (78270),/management/ville/gommecourt/ville-78276,5.0,20.0,55.0,75.0,90.0,60.0,123.0,127.0,108.0,122.0,22.9,28.5,32.7,20.5,22.4,22.6,22.0,28.9
Guitalens-L'Albarède (81220),/management/ville/guitalens-l-albarede/ville-81132,15.0,46.0,36.0,67.0,122.0,97.0,217.0,193.0,138.0,119.0,27.8,37.0,37.3,21.2,19.1,22.2,15.7,19.8
La Bernerie-en-Retz (44760),/management/ville/la-bernerie-en-retz/ville-44012,0.0,80.0,145.0,245.0,255.0,190.0,720.0,722.0,413.0,570.0,20.8,37.1,38.1,21.6,17.2,16.9,23.9,23.2
Latour (31310),/management/ville/latour/ville-31279,10.0,5.0,5.0,0.0,0.0,15.0,25.0,14.0,15.0,12.0,37.5,36.0,30.0,10.0,20.0,28.0,12.5,28.0
Juliénas (69840),/management/ville/julienas/ville-69103,55.0,40.0,45.0,120.0,125.0,50.0,179.0,190.0,140.0,175.0,20.1,31.9,33.3,21.6,22.8,18.2,23.7,27.4
Le Chaffal (26190),/management/ville/le-chaffal/ville-26066,11.0,0.0,5.0,5.0,5.0,0.0,10.0,5.0,9.0,11.0,13.3,44.4,26.7,7.1,20.0,27.8,40.0,22.2
Ennevelin (59710),/management/ville/ennevelin/ville-59197,20.0,85.0,240.0,425.0,265.0,60.0,308.0,313.0,266.0,636.0,19.4,21.0,21.9,18.9,17.2,17.8,41.5,42.0
Espaubourg (60650),/management/ville/espaubourg/ville-60220,0.0,30.0,20.0,50.0,70.0,55.0,100.0,113.0,68.0,64.0,23.4,34.5,41.5,23.2,19.3,20.1,15.8,21.3
La Louptière-Thénard (10400),/management/ville/la-louptiere-thenard/ville-10208,5.0,5.0,15.0,30.0,35.0,35.0,53.0,63.0,40.0,47.0,19.2,33.3,39.4,22.0,18.3,21.2,23.1,23.2
Landricourt (02380),/management/ville/landricourt/ville-02406,0.0,0.0,0.0,15.0,15.0,20.0,23.0,35.0,19.0,22.0,27.8,17.8,40.7,28.3,13.0,26.7,18.5,26.7
Ladevèze-Rivière (32230),/management/ville/ladeveze-riviere/ville-32174,19.0,5.0,5.0,10.0,44.0,24.0,90.0,36.0,25.0,28.0,45.9,53.7,28.2,12.8,15.3,13.7,10.6,20.0
Georfans (70110),/management/ville/georfans/ville-70264,0.0,5.0,0.0,5.0,0.0,10.0,18.0,18.0,7.0,5.0,26.1,48.0,52.2,22.2,13.0,16.0,8.7,12.0
Fontaine-Lavaganne (60690),/management/ville/fontaine-lavaganne/ville-60242,0.0,10.0,25.0,60.0,70.0,50.0,93.0,102.0,66.0,68.0,28.4,28.1,35.8,25.3,17.9,22.2,17.9,23.4
Le Tronchet (72170),/management/ville/le-tronchet/ville-72362,5.0,0.0,5.0,24.0,39.0,24.0,16.0,30.0,30.0,33.0,13.8,15.7,37.9,19.5,20.7,35.3,27.6,33.3
Issy-l'Évêque (71760),/management/ville/issy-l-eveque/ville-71239,68.0,36.0,0.0,10.0,68.0,36.0,230.0,222.0,94.0,83.0,24.3,47.3,48.6,21.6,16.1,13.9,11.0,15.1
Furdenheim (67117),/management/ville/furdenheim/ville-67150,5.0,50.0,110.0,241.0,171.0,105.0,129.0,252.0,177.0,376.0,10.2,17.2,29.9,22.9,18.8,18.9,41.0,39.8
La Seyne-sur-Mer (83500),/management/ville/la-seyne-sur-mer/ville-83126,35.0,1769.0,2951.0,6758.0,9947.0,4969.0,15274.0,12314.0,9164.0,12103.0,27.9,34.2,28.4,21.7,18.6,18.9,25.1,24.5
La Chevallerais (44810),/management/ville/la-chevallerais/ville-44221,10.0,30.0,172.0,207.0,207.0,207.0,148.0,306.0,190.0,347.0,14.7,15.3,34.4,25.4,18.1,20.2,32.8,37.3
Fraisses (42490),/management/ville/fraisses/ville-42099,0.0,85.0,150.0,522.0,567.0,381.0,670.0,951.0,510.0,664.0,21.7,26.0,39.3,26.5,17.4,19.0,21.6,25.7
Hautot-sur-Seine (76113),/management/ville/hautot-sur-seine/ville-76350,0.0,15.0,30.0,93.0,32.0,55.0,57.0,77.0,50.0,111.0,18.9,19.6,28.7,22.3,18.2,15.7,34.3,40.5
Duilhac-sous-Peyrepertuse (11350),/management/ville/duilhac-sous-peyrepertuse/ville-11123,5.0,20.0,5.0,5.0,30.0,15.0,35.0,35.0,23.0,21.0,27.3,33.9,45.5,18.2,16.4,23.7,10.9,25.4
Le Mesnil-Véneron (50620),/management/ville/le-mesnil-veneron/ville-50324,5.0,10.0,5.0,15.0,10.0,15.0,18.0,35.0,15.0,12.0,22.5,23.1,47.5,31.3,22.5,15.4,7.5,23.1
Fessy (74890),/management/ville/fessy/ville-74126,10.0,46.0,66.0,91.0,76.0,152.0,132.0,171.0,130.0,189.0,18.6,23.7,35.3,19.6,21.5,20.4,24.6,36.5
Domblain (52130),/management/ville/domblain/ville-52169,0.0,5.0,0.0,5.0,21.0,26.0,18.0,17.0,13.0,13.0,30.0,29.0,23.3,27.8,26.7,16.1,20.0,22.6
Danjoutin (90400),/management/ville/danjoutin/ville-90032,0.0,90.0,251.0,462.0,517.0,372.0,818.0,726.0,440.0,751.0,24.8,34.4,30.4,21.6,16.0,16.2,28.8,26.3
Les Côtes-de-Corps (38970),/management/ville/les-cotes-de-corps/ville-38132,5.0,0.0,5.0,0.0,0.0,5.0,16.0,20.0,10.0,12.0,23.3,33.3,36.7,25.0,23.3,11.1,16.7,25.9
Gravelotte (57130),/management/ville/gravelotte/ville-57256,5.0,20.0,50.0,160.0,145.0,110.0,120.0,202.0,113.0,176.0,19.7,19.6,33.0,28.3,21.0,16.1,26.3,31.2
Lessay (50430),/management/ville/lessay/ville-50267,29.0,113.0,39.0,126.0,252.0,413.0,712.0,559.0,208.0,200.0,38.1,46.3,40.8,23.6,10.6,14.1,10.6,13.1
Guitera-les-Bains (20153),/management/ville/guitera-les-bains/ville-2A133,7.0,7.0,3.0,11.0,24.0,10.0,46.0,31.0,32.0,18.0,34.4,38.1,29.7,19.4,29.7,20.6,6.3,22.2
La Berthenoux (36400),/management/ville/la-berthenoux/ville-36017,35.0,24.0,0.0,29.0,54.0,34.0,157.0,87.0,62.0,44.0,41.0,48.0,26.6,21.6,20.2,15.8,12.1,13.0
Gommegnies (59144),/management/ville/gommegnies/ville-59265,5.0,64.0,163.0,351.0,366.0,218.0,406.0,422.0,278.0,554.0,17.2,31.6,32.6,17.7,18.7,14.9,31.6,35.2
Espèche (65130),/management/ville/espeche/ville-65166,5.0,0.0,10.0,10.0,5.0,0.0,7.0,14.0,7.0,11.0,23.8,11.1,38.1,28.6,19.0,16.7,19.0,38.9
Ladevèze-Ville (32230),/management/ville/ladeveze-ville/ville-32175,5.0,0.0,0.0,43.0,22.0,16.0,106.0,50.0,28.0,38.0,47.2,48.2,25.9,17.9,13.9,11.4,13.0,21.1
Julienne (16200),/management/ville/julienne/ville-16174,5.0,25.0,35.0,86.0,76.0,45.0,90.0,119.0,83.0,79.0,21.7,26.7,38.9,25.6,21.7,22.6,17.7,24.1
Ennezat (63720),/management/ville/ennezat/ville-63148,5.0,40.0,145.0,346.0,351.0,190.0,416.0,555.0,299.0,562.0,17.5,27.5,36.8,22.6,16.2,16.3,29.6,31.7
Eygliers (05600),/management/ville/eygliers/ville-05052,10.0,43.0,10.0,140.0,149.0,43.0,109.0,180.0,110.0,203.0,14.1,21.7,37.4,21.8,17.8,18.8,30.6,36.8
Hontanx (40190),/management/ville/hontanx/ville-40127,15.0,25.0,10.0,30.0,75.0,85.0,137.0,164.0,84.0,75.0,23.4,36.2,42.4,26.1,18.2,18.3,16.0,16.6
Latour-Bas-Elne (66200),/management/ville/latour-bas-elne/ville-66094,6.0,126.0,159.0,314.0,357.0,214.0,639.0,603.0,356.0,428.0,30.3,32.5,33.2,24.6,17.3,17.9,19.2,22.7
La Louvière-Lauragais (11410),/management/ville/la-louviere-lauragais/ville-11208,15.0,0.0,5.0,5.0,5.0,0.0,23.0,16.0,9.0,19.0,32.4,38.2,26.5,19.4,11.8,14.7,29.4,26.5
Le Chaffaut-Saint-Jurson (04510),/management/ville/le-chaffaut-saint-jurson/ville-04046,0.0,15.0,41.0,106.0,120.0,101.0,98.0,146.0,104.0,159.0,18.3,20.2,36.7,22.0,17.9,22.8,27.1,35.2
Géovreisset (01100),/management/ville/geovreisset/ville-01171,0.0,52.0,57.0,146.0,62.0,141.0,204.0,186.0,114.0,159.0,27.2,34.2,33.5,22.0,14.5,20.1,24.8,23.1
Landricourt (51290),/management/ville/landricourt/ville-51315,0.0,5.0,10.0,16.0,16.0,31.0,29.0,37.0,25.0,23.0,30.6,19.2,33.9,30.9,17.7,26.9,17.7,21.2
Fontaine-le-Bourg (76690),/management/ville/fontaine-le-bourg/ville-76271,0.0,31.0,77.0,231.0,274.0,247.0,374.0,383.0,174.0,321.0,25.3,34.4,39.3,20.6,12.7,15.1,22.7,28.5
Issy-les-Moulineaux (92130),/management/ville/issy-les-moulineaux/ville-92040,0.0,1410.0,17573.0,9311.0,7348.0,2044.0,7718.0,4973.0,6395.0,29875.0,14.1,17.2,10.1,10.6,12.5,13.5,63.3,59.0
Le Troncq (27110),/management/ville/le-troncq/ville-27663,5.0,5.0,0.0,15.0,10.0,35.0,30.0,36.0,25.0,30.0,16.1,33.9,37.1,21.3,22.6,18.6,24.2,25.4
Furiani (20600),/management/ville/furiani/ville-2B120,7.0,258.0,304.0,692.0,899.0,465.0,1099.0,898.0,1005.0,1367.0,25.6,24.7,24.8,18.1,20.7,25.2,29.0,33.5
Les Cresnays (50370),/management/ville/les-cresnays/ville-50152,10.0,5.0,13.0,19.0,33.0,40.0,85.0,48.0,25.0,25.0,41.8,51.8,34.7,14.9,15.3,12.9,8.2,20.0
Graveron-Sémerville (27110),/management/ville/graveron-semerville/ville-27298,0.0,24.0,19.0,39.0,10.0,58.0,48.0,60.0,43.0,68.0,23.6,19.8,26.4,26.0,20.8,18.0,29.2,33.3
Hauts de Bienne (39400),/management/ville/hauts-de-bienne/ville-39368,0.0,100.0,161.0,401.0,743.0,1224.0,1500.0,1084.0,619.0,609.0,33.7,44.9,35.0,21.0,15.8,16.7,15.6,16.4
La Chevillotte (25620),/management/ville/la-chevillotte/ville-25152,0.0,0.0,5.0,19.0,19.0,19.0,14.0,24.0,12.0,39.0,11.4,20.0,29.5,22.6,18.2,8.9,40.9,44.4
Domblans (39210),/management/ville/domblans/ville-39199,10.0,20.0,54.0,142.0,177.0,132.0,185.0,333.0,160.0,234.0,16.6,23.8,43.3,27.1,16.6,18.4,23.5,27.6
Le Mesnil-Villeman (50450),/management/ville/le-mesnil-villeman/ville-50326,40.0,10.0,5.0,15.0,20.0,45.0,64.0,56.0,28.0,43.0,30.3,36.3,35.4,21.4,14.1,15.4,20.2,25.3
Danne-et-Quatre-Vents (57370),/management/ville/danne-et-quatre-vents/ville-57168,0.0,0.0,30.0,101.0,121.0,76.0,136.0,176.0,71.0,127.0,19.5,33.6,41.8,24.4,12.4,15.1,26.3,23.9
Fraissines (81340),/management/ville/fraissines/ville-81094,5.0,0.0,0.0,5.0,10.0,5.0,28.0,19.0,15.0,16.0,36.6,35.1,22.0,25.6,17.1,21.6,24.4,16.2
La Sommette (25510),/management/ville/la-sommette/ville-25550,5.0,5.0,0.0,25.0,31.0,66.0,27.0,50.0,35.0,43.0,15.0,20.5,41.3,23.3,21.3,23.3,22.5,32.9
Festes-et-Saint-André (11300),/management/ville/festes-et-saint-andre/ville-11142,25.0,0.0,10.0,20.0,40.0,10.0,42.0,41.0,43.0,39.0,28.2,22.5,30.6,21.1,22.4,30.0,18.8,28.8
Duingt (74410),/management/ville/duingt/ville-74108,0.0,60.0,75.0,200.0,120.0,45.0,197.0,135.0,153.0,222.0,29.2,26.5,18.1,20.6,20.6,22.6,32.1,30.7
Ladignac-le-Long (87500),/management/ville/ladignac-le-long/ville-87082,45.0,45.0,15.0,75.0,130.0,95.0,374.0,250.0,159.0,176.0,30.4,46.6,33.8,18.5,18.1,15.2,17.7,18.9
Hôpital-Camfrout (29460),/management/ville/hopital-camfrout/ville-29080,5.0,45.0,191.0,262.0,226.0,166.0,297.0,379.0,308.0,608.0,14.7,22.5,27.2,19.9,21.4,17.3,36.7,39.6
La Loye (39380),/management/ville/la-loye/ville-39305,10.0,10.0,15.0,75.0,60.0,45.0,102.0,136.0,78.0,98.0,25.1,24.1,37.4,26.0,17.5,20.2,19.9,27.6
Jullianges (43500),/management/ville/jullianges/ville-43108,10.0,20.0,15.0,30.0,65.0,55.0,82.0,140.0,55.0,63.0,18.2,30.5,49.4,28.2,14.8,17.7,17.6,19.5
Landroff (57340),/management/ville/landroff/ville-57379,10.0,20.0,0.0,20.0,49.0,30.0,55.0,76.0,39.0,31.0,21.9,33.0,49.0,26.4,14.6,23.6,14.6,16.0
Fontaine-le-Comte (86240),/management/ville/fontaine-le-comte/ville-86100,5.0,105.0,370.0,625.0,465.0,190.0,635.0,747.0,529.0,955.0,19.3,24.8,31.2,21.0,17.5,19.3,32.0,34.5
Gommenec'h (22290),/management/ville/gommenec-h/ville-22063,5.0,15.0,10.0,56.0,81.0,91.0,93.0,125.0,92.0,91.0,19.6,27.2,37.3,24.7,20.6,25.1,22.5,23.0
Lesse (57580),/management/ville/lesse/ville-57395,5.0,0.0,10.0,30.0,30.0,25.0,53.0,43.0,22.0,29.0,34.2,38.0,36.8,20.5,11.8,18.3,17.1,22.5
Espéchède (64160),/management/ville/espechede/ville-64212,5.0,0.0,16.0,21.0,31.0,10.0,28.0,30.0,20.0,40.0,24.1,24.6,29.3,21.2,17.2,14.8,29.3,37.7
La Besace (08450),/management/ville/la-besace/ville-08063,5.0,0.0,0.0,0.0,16.0,31.0,42.0,24.0,23.0,22.0,35.0,42.0,30.0,14.6,13.3,30.0,21.7,16.0
Guitinières (17500),/management/ville/guitinieres/ville-17187,20.0,15.0,10.0,35.0,76.0,96.0,124.0,134.0,59.0,58.0,33.2,33.0,40.5,27.6,13.7,17.8,12.6,17.8
Ger (50850),/management/ville/ger/ville-50200,15.0,45.0,0.0,35.0,66.0,121.0,304.0,202.0,91.0,68.0,41.0,50.8,35.6,22.6,13.5,13.7,9.9,10.3
Eygluy-Escoulin (26400),/management/ville/eygluy-escoulin/ville-26128,0.0,0.0,15.0,0.0,0.0,5.0,15.0,8.0,12.0,17.0,30.8,26.9,23.1,9.5,19.2,26.9,26.9,38.5
Latour-de-Carol (66760),/management/ville/latour-de-carol/ville-66095,0.0,40.0,15.0,50.0,35.0,30.0,75.0,83.0,77.0,84.0,17.8,28.7,36.8,18.2,20.4,27.5,25.0,27.5
Le Chalange (61390),/management/ville/le-chalange/ville-61082,0.0,0.0,0.0,21.0,21.0,10.0,22.0,15.0,14.0,21.0,43.6,16.7,15.4,24.2,20.5,16.7,20.5,40.0
Ennordres (18380),/management/ville/ennordres/ville-18088,15.0,10.0,5.0,25.0,15.0,30.0,43.0,62.0,38.0,27.0,18.4,32.1,43.7,27.2,24.1,20.2,13.8,17.9
Istres (13118),/management/ville/istres/ville-13047,49.0,726.0,2047.0,5743.0,7230.0,4400.0,8640.0,8547.0,6646.0,8082.0,24.9,29.1,29.3,23.5,21.4,20.3,24.5,26.1
La Sône (38840),/management/ville/la-sone/ville-38495,5.0,5.0,20.0,25.0,99.0,94.0,129.0,134.0,67.0,124.0,23.3,33.3,35.0,22.3,14.3,15.6,27.4,26.8
Fraissinet-de-Fourques (48400),/management/ville/fraissinet-de-fourques/ville-48065,19.0,0.0,0.0,14.0,0.0,5.0,23.0,19.0,8.0,10.0,33.3,41.9,30.0,25.0,16.7,12.9,20.0,16.1
Duisans (62161),/management/ville/duisans/ville-62279,0.0,50.0,115.0,175.0,140.0,105.0,165.0,237.0,196.0,356.0,15.0,19.4,26.3,22.9,20.0,21.1,38.7,36.0
Le Tronquay (14490),/management/ville/le-tronquay/ville-14714,5.0,35.0,45.0,119.0,104.0,89.0,165.0,192.0,109.0,112.0,26.3,30.7,39.2,24.5,20.5,17.4,14.0,25.1
Dombras (55150),/management/ville/dombras/ville-55156,0.0,0.0,0.0,15.0,15.0,49.0,25.0,45.0,22.0,13.0,16.3,29.8,61.2,26.7,18.4,22.8,4.1,19.3
Hautteville-Bocage (50390),/management/ville/hautteville-bocage/ville-50233,0.0,0.0,5.0,5.0,32.0,30.0,41.0,27.0,21.0,14.0,39.2,39.6,35.3,18.4,17.6,24.5,7.8,18.9
Festieux (02840),/management/ville/festieux/ville-02309,10.0,55.0,25.0,90.0,115.0,90.0,121.0,144.0,91.0,100.0,23.2,29.7,35.0,25.3,24.1,16.1,17.7,25.8
Le Mesnil-Villement (14690),/management/ville/le-mesnil-villement/ville-14427,0.0,0.0,10.0,30.0,55.0,60.0,88.0,64.0,35.0,36.0,33.6,45.5,35.4,20.3,16.8,14.5,14.2,18.2
Graves-Saint-Amant (16120),/management/ville/graves-saint-amant/ville-16297,10.0,20.0,25.0,30.0,41.0,56.0,77.0,85.0,43.0,64.0,24.8,32.8,39.1,23.2,12.8,18.7,23.3,23.9
Les Croûtes (10130),/management/ville/les-croutes/ville-10118,0.0,0.0,0.0,5.0,11.0,5.0,28.0,34.0,11.0,11.0,34.8,33.3,41.3,31.9,13.0,11.1,10.9,13.9
La Chèvrerie (16240),/management/ville/la-chevrerie/ville-16098,5.0,0.0,0.0,10.0,25.0,30.0,31.0,46.0,16.0,19.0,23.3,32.7,46.7,29.5,11.7,17.3,18.3,15.4
Furmeyer (05400),/management/ville/furmeyer/ville-05060,4.0,0.0,0.0,22.0,22.0,13.0,31.0,35.0,22.0,42.0,19.7,27.5,31.1,21.1,21.3,13.0,27.9,36.2
Dannelbourg (57820),/management/ville/dannelbourg/ville-57169,0.0,10.0,25.0,80.0,60.0,45.0,96.0,142.0,61.0,74.0,17.6,34.0,47.1,25.8,16.6,16.0,18.7,20.7
Lesseux (88490),/management/ville/lesseux/ville-88268,0.0,0.0,5.0,43.0,16.0,16.0,38.0,43.0,15.0,27.0,27.4,34.4,41.9,25.0,8.1,16.4,22.6,21.3
Gommersdorf (68210),/management/ville/gommersdorf/ville-68107,29.0,0.0,10.0,48.0,24.0,44.0,67.0,104.0,43.0,60.0,18.9,29.8,43.2,27.6,18.2,12.8,19.7,24.1
La Lucerne-d'Outremer (50320),/management/ville/la-lucerne-d-outremer/ville-50281,26.0,26.0,31.0,52.0,104.0,166.0,190.0,200.0,92.0,123.0,26.2,36.0,40.3,23.4,16.2,14.5,17.2,23.3
Ladignac-sur-Rondelles (19150),/management/ville/ladignac-sur-rondelles/ville-19096,0.0,5.0,20.0,61.0,86.0,15.0,69.0,134.0,59.0,59.0,15.8,26.8,49.3,29.8,19.1,17.3,15.8,20.8
Latour-de-France (66720),/management/ville/latour-de-france/ville-66096,10.0,50.0,30.0,74.0,129.0,163.0,314.0,185.0,144.0,159.0,34.6,43.2,27.7,18.3,20.1,16.0,17.7,21.9
Isturits (64240),/management/ville/isturits/ville-64277,22.0,5.0,22.0,65.0,49.0,43.0,121.0,104.0,56.0,96.0,26.4,37.6,37.9,17.3,14.3,15.2,21.4,29.4
Horbourg-Wihr (68180),/management/ville/horbourg-wihr/ville-68145,14.0,121.0,342.0,944.0,795.0,650.0,739.0,1372.0,803.0,1565.0,13.7,19.0,33.1,25.7,18.2,17.6,35.0,34.9
Eyguières (13430),/management/ville/eyguieres/ville-13035,88.0,266.0,679.0,1092.0,893.0,748.0,1424.0,1220.0,1038.0,1633.0,25.6,28.0,25.5,20.3,19.6,19.5,29.3,32.0
Espédaillac (46320),/management/ville/espedaillac/ville-46094,0.0,10.0,20.0,5.0,39.0,20.0,59.0,57.0,33.0,70.0,21.2,32.2,31.7,19.3,14.4,16.5,32.7,31.3
Le Chalard (87500),/management/ville/le-chalard/ville-87031,5.0,20.0,10.0,15.0,41.0,25.0,94.0,67.0,55.0,46.0,33.3,39.5,29.5,21.7,19.7,21.7,17.4,17.1
La Besseyre-Saint-Mary (43170),/management/ville/la-besseyre-saint-mary/ville-43029,25.0,0.0,0.0,5.0,5.0,0.0,38.0,18.0,12.0,10.0,52.3,44.1,25.0,19.4,15.9,14.7,6.8,20.6
Fontaine-le-Dun (76740),/management/ville/fontaine-le-dun/ville-76272,0.0,40.0,20.0,60.0,120.0,215.0,253.0,212.0,112.0,115.0,27.5,44.7,39.8,20.9,17.4,15.1,15.3,17.8
Enquin-lez-Guinegatte (62145),/management/ville/enquin-lez-guinegatte/ville-62295,35.0,25.0,55.0,155.0,250.0,215.0,351.0,380.0,190.0,209.0,24.8,37.3,42.1,23.3,16.5,17.2,16.6,20.4
Jullié (69840),/management/ville/jullie/ville-69104,35.0,35.0,10.0,35.0,60.0,40.0,136.0,66.0,75.0,50.0,42.4,40.8,20.0,20.8,23.5,22.3,14.1,16.6
Guitrancourt (78440),/management/ville/guitrancourt/ville-78296,5.0,40.0,36.0,106.0,91.0,60.0,108.0,113.0,94.0,132.0,25.6,22.5,27.9,21.4,24.7,17.6,21.9,37.4
Landry (73210),/management/ville/landry/ville-73142,15.0,51.0,25.0,167.0,142.0,76.0,121.0,169.0,144.0,182.0,19.6,19.9,30.7,23.8,23.4,23.3,26.3,32.9
Ger (64530),/management/ville/ger/ville-64238,35.0,50.0,130.0,184.0,255.0,204.0,285.0,442.0,291.0,406.0,16.6,23.5,38.4,22.8,20.8,19.9,24.1,33.0
Dullin (73610),/management/ville/dullin/ville-73104,14.0,23.0,28.0,46.0,55.0,37.0,45.0,73.0,68.0,124.0,11.7,17.7,28.8,17.8,25.8,18.4,33.7,46.3
Fraize (88230),/management/ville/fraize/ville-88181,25.0,96.0,66.0,222.0,399.0,460.0,1025.0,738.0,323.0,267.0,37.6,48.8,37.3,23.3,13.6,13.9,11.6,11.1
La Souche (07380),/management/ville/la-souche/ville-07315,5.0,20.0,5.0,35.0,35.0,10.0,94.0,80.0,53.0,68.0,26.4,37.1,32.6,21.0,18.1,17.9,22.9,23.2
Graveson (13690),/management/ville/graveson/ville-13045,81.0,223.0,268.0,575.0,639.0,539.0,924.0,1001.0,647.0,991.0,24.5,27.3,32.2,23.1,17.3,18.9,26.0,29.5
Hautvillers (51160),/management/ville/hautvillers/ville-51287,21.0,15.0,46.0,67.0,83.0,88.0,152.0,143.0,99.0,168.0,22.3,31.4,28.6,21.0,20.1,15.4,29.0,30.7
Dannemarie (25310),/management/ville/dannemarie/ville-25194,0.0,5.0,0.0,15.0,10.0,20.0,39.0,31.0,12.0,7.0,34.0,54.8,44.7,21.3,14.9,11.9,6.4,9.5
4.7
19.5,19.5,27.9,30.9
Les Crozets (39260),/management/ville/les-crozets/ville-39184,0.0,0.0,25.0,25.0,10.0,50.0,57.0,48.0,20.0,36.0,34.8,37.0,33.7,22.5,10.1,15.1,21.3,23.3
Dombrot-le-Sec (88140),/management/ville/dombrot-le-sec/ville-88140,41.0,14.0,0.0,60.0,56.0,61.0,79.0,127.0,41.0,35.0,28.5,28.5,52.6,31.8,10.2,18.1,8.8,15.3
Festigny (51700),/management/ville/festigny/ville-51249,41.0,5.0,21.0,26.0,41.0,77.0,99.0,107.0,64.0,51.0,23.2,39.0,42.1,23.0,19.5,20.1,15.2,17.0
Ladinhac (15120),/management/ville/ladinhac/ville-15089,50.0,30.0,0.0,20.0,60.0,50.0,132.0,114.0,67.0,44.0,27.3,47.1,43.7,19.5,18.0,19.5,10.9,13.8
Guîtres (33230),/management/ville/guitres/ville-33198,0.0,45.0,65.0,160.0,210.0,190.0,372.0,409.0,144.0,229.0,29.5,34.6,41.7,25.8,10.8,14.0,18.0,21.5
Lessy (57160),/management/ville/lessy/ville-57396,0.0,20.0,94.0,125.0,64.0,34.0,110.0,134.0,110.0,241.0,13.4,23.2,24.7,19.6,20.3,17.0,41.6,39.5
Espelette (64250),/management/ville/espelette/ville-64213,16.0,124.0,57.0,244.0,311.0,202.0,329.0,510.0,324.0,429.0,17.5,23.6,40.2,23.5,20.3,20.4,22.0,31.5
Le Chalon (26350),/management/ville/le-chalon/ville-26068,0.0,15.0,25.0,45.0,25.0,5.0,41.0,44.0,25.0,43.0,32.5,21.1,39.0,19.7,7.8,25.0,20.8,35.5
Itancourt (02240),/management/ville/itancourt/ville-02387,0.0,5.0,65.0,126.0,121.0,131.0,202.0,208.0,148.0,224.0,20.9,30.4,33.2,20.4,17.6,19.9,28.3,29.2
Latour-en-Woëvre (55160),/management/ville/latour-en-woevre/ville-55281,0.0,0.0,0.0,15.0,0.0,30.0,14.0,22.0,20.0,14.0,11.4,28.6,34.3,26.3,37.1,20.0,17.1,22.9
Hordain (59111),/management/ville/hordain/ville-59313,0.0,40.0,50.0,145.0,165.0,240.0,345.0,302.0,209.0,189.0,25.2,39.9,38.9,20.1,20.1,19.9,15.8,20.1
Eygurande (19340),/management/ville/eygurande/ville-19080,20.0,5.0,10.0,80.0,105.0,77.0,259.0,138.0,90.0,85.0,40.0,50.5,30.5,17.3,16.5,15.0,13.0,16.7
La Bezole (11300),/management/ville/la-bezole/ville-11039,4.0,0.0,4.0,0.0,4.0,4.0,7.0,9.0,8.0,11.0,23.5,17.6,35.3,23.1,5.9,41.2,35.3,23.5
.4,24.6,26.2
Fontaine-le-Pin (14190),/management/ville/fontaine-le-pin/ville-14276,15.0,20.0,5.0,35.0,35.0,35.0,71.0,81.0,38.0,62.0,28.3,28.0,37.8,23.9,14.2,16.0,19.7,29.6
Jullouville (50610),/management/ville/jullouville/ville-50066,10.0,114.0,125.0,244.0,214.0,140.0,586.0,469.0,320.0,485.0,26.0,36.4,31.4,19.5,16.1,18.1,26.5,25.7
Gommerville (28310),/management/ville/gommerville/ville-28183,24.0,29.0,10.0,74.0,104.0,109.0,143.0,138.0,79.0,105.0,27.7,33.8,34.9,22.8,17.2,16.7,20.2,25.0
Ger (65100),/management/ville/ger/ville-65197,11.0,5.0,5.0,27.0,48.0,11.0,27.0,43.0,20.0,41.0,22.8,18.7,29.8,29.5,14.0,17.3,33.3,29.3
Enquin-sur-Baillons (62650),/management/ville/enquin-sur-baillons/ville-62296,0.0,10.0,15.0,25.0,35.0,35.0,67.0,46.0,23.0,53.0,30.7,39.6,30.7,17.1,15.9,8.9,22.7,32.7
Dumes (40500),/management/ville/dumes/ville-40092,5.0,5.0,0.0,21.0,31.0,68.0,35.0,74.0,25.0,46.0,15.6,23.1,45.6,29.5,15.6,13.2,23.3,27.5
Gravières (07140),/management/ville/gravieres/ville-07100,5.0,15.0,20.0,30.0,70.0,20.0,114.0,104.0,64.0,99.0,29.0,30.8,36.1,19.3,13.7,19.7,21.3,30.3
Hautvillers-Ouville (80132),/management/ville/hautvillers-ouville/ville-80422,0.0,15.0,35.0,55.0,96.0,86.0,123.0,116.0,72.0,101.0,29.2,30.4,34.2,21.6,15.8,19.3,20.8,28.0
Fussey (21700),/management/ville/fussey/ville-21289,0.0,0.0,15.0,25.0,10.0,5.0,14.0,28.0,14.0,29.0,14.0,19.0,41.9,23.3,11.6,21.4,32.6,35.7
Festigny (89480),/management/ville/festigny/ville-89164,0.0,5.0,0.0,5.0,5.0,5.0,32.0,23.0,10.0,5.0,42.4,48.6,42.4,22.5,12.1,16.2,3.0,10.8
Le Truel (12430),/management/ville/le-truel/ville-12284,35.0,5.0,5.0,50.0,10.0,30.0,102.0,84.0,42.0,62.0,30.6,40.9,30.6,23.8,14.0,15.2,24.8,17.4
La Souterraine (23300),/management/ville/la-souterraine/ville-23176,24.0,109.0,197.0,475.0,697.0,597.0,1712.0,1154.0,610.0,700.0,33.7,47.1,33.3,20.9,16.3,13.2,16.7,16.8
La Chèze (22210),/management/ville/la-cheze/ville-22039,10.0,20.0,15.0,40.0,80.0,45.0,202.0,135.0,73.0,49.0,37.9,49.6,35.2,22.1,17.4,14.6,9.6,11.7
Dombrot-sur-Vair (88170),/management/ville/dombrot-sur-vair/ville-88141,5.0,5.0,10.0,0.0,52.0,46.0,73.0,51.0,40.0,27.0,37.8,38.7,28.6,24.2,20.4,22.6,13.3,14.0
Le Meux (60880),/management/ville/le-meux/ville-60402,5.0,50.0,240.0,335.0,280.0,280.0,361.0,432.0,249.0,570.0,22.1,22.7,29.9,22.0,14.8,16.1,33.1,37.6
Dannemarie (68210),/management/ville/dannemarie/ville-68068,5.0,65.0,95.0,232.0,402.0,356.0,559.0,589.0,268.0,310.0,24.3,39.4,39.6,25.5,17.4,13.9,18.8,17.3
Les Damps (27340),/management/ville/les-damps/ville-27196,5.0,20.0,89.0,221.0,132.0,157.0,247.0,307.0,187.0,281.0,19.7,28.1,33.2,24.8,19.5,17.2,27.5,27.3
Espeluche (26780),/management/ville/espeluche/ville-26121,5.0,70.0,55.0,100.0,160.0,95.0,176.0,229.0,135.0,254.0,19.6,24.6,32.9,23.3,16.1,17.9,31.4,32.6
Latrape (31310),/management/ville/latrape/ville-31280,20.0,10.0,55.0,45.0,50.0,25.0,53.0,57.0,53.0,106.0,18.8,20.8,29.2,13.4,17.4,22.4,34.7,44.8
Le Chambon (07160),/management/ville/le-chambon/ville-07049,0.0,0.0,0.0,5.0,5.0,5.0,19.0,8.0,9.0,3.0,36.8,60.0,31.6,11.1,26.3,20.0,5.3,10.0
Gommerville (76430),/management/ville/gommerville/ville-76303,5.0,20.0,61.0,137.0,86.0,112.0,117.0,175.0,94.0,136.0,18.7,26.1,39.7,25.3,16.8,19.5,24.8,27.2
Fontaine-le-Port (77590),/management/ville/fontaine-le-port/ville-77188,0.0,30.0,192.0,114.0,84.0,30.0,113.0,170.0,120.0,341.0,16.5,13.6,24.5,20.3,15.7,16.6,43.4,48.5
Eygurande-et-Gardedeuil (24700),/management/ville/eygurande-et-gardedeuil/ville-24165,15.0,25.0,5.0,50.0,35.0,65.0,70.0,92.0,73.0,74.0,20.0,24.9,37.1,25.3,15.7,30.2,27.1,21.3
Lestanville (76730),/management/ville/lestanville/ville-76383,0.0,5.0,5.0,5.0,20.0,10.0,24.0,23.0,12.0,8.0,40.5,30.0,32.4,31.4,16.2,20.0,10.8,13.3
Ens (65170),/management/ville/ens/ville-65157,5.0,5.0,11.0,0.0,0.0,0.0,3.0,5.0,3.0,11.0,21.4,0.0,21.4,22.2,21.4,0.0,35.7,71.4
La Machine (58260),/management/ville/la-machine/ville-58151,0.0,54.0,65.0,163.0,441.0,407.0,1381.0,818.0,351.0,230.0,42.7,55.9,36.8,20.6,13.3,12.0,7.2,9.3
Geraise (39110),/management/ville/geraise/ville-39248,5.0,0.0,0.0,0.0,10.0,0.0,12.0,6.0,6.0,7.0,47.1,28.6,17.6,20.0,23.5,14.3,11.8,35.7
Landudal (29510),/management/ville/landudal/ville-29107,15.0,15.0,45.0,110.0,105.0,100.0,146.0,183.0,133.0,174.0,18.8,27.1,35.1,21.8,22.4,19.6,23.6,30.8
Ladirat (46400),/management/ville/ladirat/ville-46146,25.0,0.0,0.0,15.0,15.0,5.0,32.0,25.0,17.0,14.0,35.4,37.5,31.3,22.7,22.9,15.0,10.4,22.5
Jully (89160),/management/ville/jully/ville-89210,14.0,10.0,0.0,16.0,16.0,21.0,36.0,38.0,18.0,26.0,27.9,35.7,37.7,23.4,16.4,12.5,18.0,25.0
Iteuil (86240),/management/ville/iteuil/ville-86113,0.0,85.0,125.0,515.0,355.0,215.0,521.0,627.0,414.0,619.0,23.6,24.2,32.8,23.7,17.9,20.0,25.7,31.0
Guitté (22350),/management/ville/guitte/ville-22071,0.0,25.0,35.0,35.0,94.0,114.0,102.0,163.0,109.0,123.0,19.2,21.6,39.2,26.7,17.1,26.4,24.5,25.2
Horgues (65310),/management/ville/horgues/ville-65223,0.0,75.0,110.0,156.0,151.0,66.0,118.0,224.0,182.0,396.0,10.0,15.5,29.0,20.1,19.0,20.4,42.0,44.0
La Bigottière (53240),/management/ville/la-bigottiere/ville-53031,40.0,10.0,5.0,45.0,85.0,85.0,79.0,103.0,77.0,70.0,21.7,26.6,36.0,25.0,24.6,22.1,17.7,25.3
Frambouhans (25140),/management/ville/frambouhans/ville-25256,20.0,30.0,30.0,84.0,89.0,217.0,185.0,207.0,102.0,124.0,22.0,37.5,40.8,23.9,17.4,15.4,19.7,20.5
La Sure en Chartreuse (38134),/management/ville/la-sure-en-chartreuse/ville-38407,26.0,44.0,96.0,204.0,56.0,84.0,118.0,168.0,129.0,324.0,16.4,15.3,25.6,19.6,16.4,18.6,41.5,46.3
Fussy (18110),/management/ville/fussy/ville-18097,5.0,46.0,76.0,157.0,228.0,142.0,386.0,542.0,242.0,425.0,20.3,27.7,39.4,25.3,15.7,14.6,24.5,28.7
Domecy-sur-Cure (89450),/management/ville/domecy-sur-cure/ville-89145,0.0,5.0,20.0,20.0,75.0,50.0,92.0,104.0,40.0,68.0,27.5,32.9,39.6,25.3,12.1,14.2,20.8,23.9
La Chomette (43230),/management/ville/la-chomette/ville-43072,5.0,10.0,5.0,5.0,15.0,35.0,34.0,44.0,23.0,21.0,25.0,30.6,43.3,26.9,16.7,21.0,15.0,19.4
Le Tuzan (33125),/management/ville/le-tuzan/ville-33536,5.0,21.0,21.0,21.0,42.0,26.0,43.0,65.0,47.0,56.0,18.8,22.0,36.6,24.3,23.8,20.2,20.8,32.1
Le Minihic-sur-Rance (35870),/management/ville/le-minihic-sur-rance/ville-35181,0.0,25.0,100.0,186.0,144.0,51.0,303.0,252.0,217.0,346.0,19.1,34.1,27.3,18.1,21.9,17.1,31.7,30.4
Hauville (27350),/management/ville/hauville/ville-27316,0.0,15.0,35.0,162.0,141.0,253.0,249.0,299.0,157.0,261.0,24.5,26.9,37.0,23.1,15.6,16.9,22.9,31.2
Dun (09600),/management/ville/dun/ville-09107,5.0,18.0,28.0,73.0,83.0,32.0,77.0,98.0,131.0,135.0,19.0,15.9,33.3,15.8,22.7,36.6,25.0,35.7
Les Déserts (73230),/management/ville/les-deserts/ville-73098,5.0,77.0,39.0,168.0,58.0,106.0,72.0,143.0,110.0,255.0,11.9,13.2,31.5,17.9,18.0,19.9,38.6,49.5
Dannemarie (78550),/management/ville/dannemarie/ville-78194,0.0,15.0,32.0,15.0,15.0,5.0,35.0,37.0,33.0,67.0,15.4,26.3,27.5,15.8,18.7,20.0,38.5,38.8
Gravigny (27930),/management/ville/gravigny/ville-27299,5.0,60.0,239.0,466.0,557.0,664.0,996.0,831.0,523.0,585.0,32.2,35.5,33.8,22.7,15.8,19.6,18.2,21.4
Festubert (62149),/management/ville/festubert/ville-62330,0.0,50.0,119.0,170.0,175.0,115.0,267.0,217.0,175.0,279.0,25.9,30.8,28.3,18.5,17.9,19.3,27.9,31.6
Espenel (26340),/management/ville/espenel/ville-26122,0.0,9.0,0.0,9.0,9.0,24.0,32.0,38.0,15.0,43.0,15.3,34.3,39.0,18.5,18.6,5.7,27.1,38.6
Eyjeaux (87220),/management/ville/eyjeaux/ville-87063,20.0,30.0,66.0,198.0,208.0,122.0,148.0,290.0,191.0,275.0,16.4,16.3,36.0,25.4,23.9,18.1,23.7,37.6
La Madelaine-sous-Montreuil (62170),/management/ville/la-madelaine-sous-montreuil/ville-62535,0.0,25.0,15.0,10.0,20.0,15.0,24.0,33.0,23.0,52.0,16.9,19.4,28.2,20.0,18.3,16.1,36.6,43.5
Ladiville (16120),/management/ville/ladiville/ville-16177,5.0,0.0,0.0,19.0,15.0,15.0,30.0,30.0,11.0,17.0,31.7,35.4,41.5,23.2,14.6,10.4,12.2,27.1
Gomméville (21400),/management/ville/gommeville/ville-21302,0.0,0.0,0.0,0.0,20.0,35.0,56.0,35.0,11.0,9.0,47.5,54.9,36.1,22.4,8.2,11.8,8.2,7.8
Ittenheim (67117),/management/ville/ittenheim/ville-67226,10.0,66.0,257.0,325.0,299.0,115.0,362.0,437.0,293.0,559.0,18.1,25.6,30.9,21.3,17.4,18.0,33.5,34.2
Jully-lès-Buxy (71390),/management/ville/jully-les-buxy/ville-71247,15.0,20.0,10.0,25.0,70.0,40.0,69.0,76.0,59.0,80.0,22.7,25.9,35.5,18.8,19.9,21.7,22.0,34.3
Fontaine-le-Sec (80140),/management/ville/fontaine-le-sec/ville-80324,10.0,5.0,0.0,30.0,5.0,10.0,55.0,32.0,22.0,11.0,43.3,48.3,26.7,23.2,25.0,11.7,5.0,13.3
Lestards (19170),/management/ville/lestards/ville-19112,10.0,10.0,0.0,0.0,0.0,5.0,27.0,21.0,17.0,26.0,34.7,23.8,24.5,20.0,22.4,14.3,18.4,40.5
Latrecey-Ormoy-sur-Aube (52120),/management/ville/latrecey-ormoy-sur-aube/ville-52274,10.0,0.0,15.0,20.0,49.0,20.0,76.0,74.0,36.0,54.0,24.8,37.5,40.7,20.4,15.9,14.8,18.6,25.8
Le Chambon-Feugerolles (42500),/management/ville/le-chambon-feugerolles/ville-42044,0.0,261.0,276.0,933.0,1517.0,1739.0,3957.0,2721.0,1212.0,1228.0,38.1,47.9,36.5,21.9,12.3,14.1,13.1,13.8
Landudec (29710),/management/ville/landudec/ville-29108,15.0,19.0,34.0,166.0,209.0,245.0,212.0,363.0,222.0,257.0,16.4,23.9,40.3,26.0,23.7,18.3,19.6,29.2
Ensigné (79170),/management/ville/ensigne/ville-79111,15.0,5.0,5.0,10.0,40.0,40.0,71.0,78.0,33.0,42.0,32.8,30.8,35.3,27.9,16.4,13.1,15.5,22.4
Gérardmer (88400),/management/ville/gerardmer/ville-88196,28.0,271.0,444.0,770.0,1084.0,756.0,2000.0,1904.0,1132.0,1531.0,26.4,34.1,33.3,23.3,17.2,17.3,23.1,23.5
La Suze-sur-Sarthe (72210),/management/ville/la-suze-sur-sarthe/ville-72346,10.0,75.0,140.0,415.0,620.0,690.0,1070.0,1083.0,517.0,627.0,26.3,38.1,40.8,23.3,15.4,16.0,17.5,20.4
Le Miroir (71480),/management/ville/le-miroir/ville-71300,10.0,15.0,25.0,34.0,84.0,108.0,159.0,153.0,73.0,59.0,33.6,38.4,43.8,23.8,11.9,21.0,10.6,16.0
La Biolle (73410),/management/ville/la-biolle/ville-73043,14.0,82.0,173.0,403.0,278.0,317.0,296.0,529.0,328.0,588.0,16.8,17.3,34.3,24.2,20.9,16.9,28.1,39.3
Hornaing (59171),/management/ville/hornaing/ville-59314,10.0,55.0,105.0,370.0,480.0,460.0,803.0,743.0,398.0,483.0,27.0,38.7,37.3,22.5,17.0,15.9,18.7,21.0
Domecy-sur-le-Vault (89200),/management/ville/domecy-sur-le-vault/ville-89146,10.0,0.0,0.0,5.0,0.0,20.0,29.0,12.0,9.0,14.0,51.5,38.7,21.2,16.7,9.1,19.4,18.2,25.8
Fustérouau (32400),/management/ville/fusterouau/ville-32135,0.0,15.0,5.0,15.0,20.0,20.0,36.0,35.0,15.0,23.0,28.3,37.3,39.6,22.4,15.1,11.9,17.0,25.4
Le Val (25440),/management/ville/le-val/ville-25460,5.0,25.0,20.0,30.0,10.0,35.0,37.0,43.0,24.0,62.0,19.5,25.3,35.4,16.3,15.9,13.3,29.3,44.6
Hauviné (08310),/management/ville/hauvine/ville-08220,10.0,10.0,0.0,39.0,54.0,39.0,57.0,73.0,47.0,47.0,28.7,21.6,37.4,26.8,16.5,26.1,17.4,25.2
La Ciotat (13600),/management/ville/la-ciotat/ville-13028,22.0,1153.0,2457.0,3930.0,4627.0,2599.0,8247.0,6689.0,4858.0,7919.0,28.0,31.3,28.6,20.0,16.2,18.6,27.2,29.8
Dun-le-Palestel (23800),/management/ville/dun-le-palestel/ville-23075,15.0,25.0,35.0,60.0,159.0,99.0,405.0,274.0,112.0,155.0,31.3,51.8,39.3,18.9,13.5,10.5,15.9,16.8
Framecourt (62130),/management/ville/framecourt/ville-62352,10.0,5.0,0.0,15.0,5.0,10.0,28.0,19.0,13.0,17.0,28.2,44.7,33.3,16.2,15.4,18.4,23.1,21.1
Guivry (02300),/management/ville/guivry/ville-02362,10.0,15.0,10.0,30.0,30.0,15.0,48.0,50.0,31.0,52.0,20.5,32.3,36.4,19.6,13.6,20.4,29.5,28.0
Dannemarie-sur-Crète (25410),/management/ville/dannemarie-sur-crete/ville-25195,0.0,24.0,145.0,256.0,125.0,97.0,154.0,226.0,153.0,346.0,15.2,19.6,30.4,20.2,19.1,15.9,35.3,43.1
Gravon (77118),/management/ville/gravon/ville-77212,5.0,0.0,0.0,24.0,5.0,24.0,40.0,40.0,21.0,25.0,30.6,31.7,38.7,23.1,14.5,20.6,16.1,23.8
Jully-sur-Sarce (10260),/management/ville/jully-sur-sarce/ville-10181,11.0,5.0,11.0,11.0,27.0,49.0,69.0,68.0,31.0,36.0,30.9,36.1,37.2,26.2,16.0,13.9,16.0,19.4
Le Chambon-sur-Lignon (43400),/management/ville/le-chambon-sur-lignon/ville-43051,31.0,122.0,71.0,284.0,233.0,193.0,627.0,500.0,405.0,516.0,24.8,35.6,33.6,17.2,18.9,20.5,22.6,27.4
Ensisheim (68190),/management/ville/ensisheim/ville-68082,10.0,139.0,383.0,994.0,1028.0,914.0,1531.0,1904.0,900.0,1282.0,22.9,31.5,38.5,25.9,16.5,15.6,22.2,23.5
Espérausses (81260),/management/ville/esperausses/ville-81086,20.0,10.0,10.0,5.0,10.0,25.0,42.0,32.0,34.0,39.0,32.9,25.0,31.4,15.6,17.1,28.9,18.6,32.9
Ladoix-Serrigny (21550),/management/ville/ladoix-serrigny/ville-21606,40.0,50.0,106.0,207.0,216.0,283.0,367.0,408.0,209.0,316.0,26.9,29.5,38.4,22.8,15.3,16.8,19.4,29.1
Féternes (74500),/management/ville/feternes/ville-74127,5.0,20.0,79.0,258.0,228.0,174.0,214.0,333.0,196.0,286.0,20.4,21.2,39.8,24.4,16.4,21.6,23.4,31.9
Landujan (35360),/management/ville/landujan/ville-35143,11.0,37.0,47.0,116.0,147.0,110.0,143.0,216.0,143.0,163.0,19.5,23.8,36.0,26.5,22.1,20.9,22.4,26.9
Les Deux Alpes (38520),/management/ville/les-deux-alpes/ville-38253,10.0,151.0,81.0,293.0,435.0,222.0,306.0,335.0,425.0,436.0,20.6,20.3,28.1,18.0,28.5,28.1,22.8,35.9
Eymet (24500),/management/ville/eymet/ville-24167,35.0,157.0,86.0,213.0,243.0,233.0,819.0,625.0,343.0,444.0,32.6,40.1,33.0,21.9,15.7,15.1,18.6,21.0
Fontaine-les-Bassets (61160),/management/ville/fontaine-les-bassets/ville-61171,0.0,0.0,0.0,0.0,20.0,10.0,31.0,23.0,7.0,16.0,34.1,47.2,36.6,19.5,9.8,8.3,19.5,22.2
La Madeleine (59110),/management/ville/la-madeleine/ville-59368,4.0,457.0,3728.0,3173.0,2713.0,1292.0,3411.0,2188.0,2060.0,7999.0,18.0,25.0,16.8,11.9,12.0,14.1,53.3,49.2
Lestelle-Bétharram (64800),/management/ville/lestelle-betharram/ville-64339,5.0,15.0,40.0,66.0,111.0,111.0,184.0,209.0,92.0,150.0,27.1,30.8,39.4,23.7,13.9,15.1,19.6,27.7
Latresne (33360),/management/ville/latresne/ville-33234,10.0,205.0,455.0,370.0,290.0,180.0,520.0,552.0,402.0,1073.0,17.6,22.9,22.5,20.1,14.8,16.7,45.1,39.5
Gomont (08190),/management/ville/gomont/ville-08195,0.0,5.0,10.0,30.0,65.0,30.0,93.0,82.0,38.0,29.0,33.1,43.8,40.5,24.1,17.4,14.0,9.1,14.9
Itterswiller (67140),/management/ville/itterswiller/ville-67227,10.0,0.0,10.0,25.0,15.0,30.0,58.0,57.0,25.0,43.0,26.7,36.6,34.4,23.2,20.0,7.5,18.9,28.0
Géraudot (10220),/management/ville/geraudot/ville-10165,10.0,11.0,5.0,58.0,31.0,16.0,93.0,64.0,32.0,62.0,33.6,40.2,29.4,20.0,13.4,12.1,23.5,25.8
Hornoy-le-Bourg (80640),/management/ville/hornoy-le-bourg/ville-80443,60.0,60.0,20.0,105.0,239.0,194.0,498.0,307.0,205.0,251.0,36.8,42.1,29.2,19.1,14.9,17.7,19.2,20.7
Le Molay-Littry (14330),/management/ville/le-molay-littry/ville-14370,46.0,86.0,66.0,238.0,420.0,359.0,1004.0,753.0,277.0,284.0,35.4,50.6,41.3,21.5,12.3,11.7,11.0,13.5
La Clayette (71800),/management/ville/la-clayette/ville-71133,5.0,77.0,56.0,117.0,153.0,235.0,551.0,424.0,197.0,240.0,25.7,49.9,38.4,21.0,15.6,12.6,20.3,14.3
Le Val (83143),/management/ville/le-val/ville-83143,15.0,76.0,141.0,359.0,590.0,485.0,1065.0,900.0,635.0,753.0,29.5,33.9,31.6,21.7,18.3,19.5,20.6,24.2
La Table (73110),/management/ville/la-table/ville-73289,0.0,27.0,21.0,74.0,90.0,48.0,64.0,102.0,71.0,96.0,17.7,20.9,38.9,22.2,18.3,24.7,25.1,32.9
Doméliers (60360),/management/ville/domeliers/ville-60199,0.0,5.0,10.0,41.0,25.0,10.0,53.0,52.0,39.0,34.0,34.4,25.6,35.6,24.7,14.4,29.1,15.6,22.1
Fustignac (31430),/management/ville/fustignac/ville-31204,0.0,5.0,0.0,0.0,15.0,10.0,20.0,16.0,11.0,14.0,35.7,30.3,35.7,18.8,14.3,21.2,14.3,30.3
La Bloutière (50800),/management/ville/la-bloutiere/ville-50060,5.0,0.0,0.0,25.0,50.0,104.0,116.0,126.0,49.0,35.0,31.0,40.2,47.5,26.6,13.3,16.6,8.2,13.0
Haux (33550),/management/ville/haux/ville-33201,10.0,20.0,41.0,133.0,123.0,87.0,125.0,173.0,130.0,178.0,18.2,22.9,35.0,23.2,17.5,25.2,29.3,29.4
Dun-le-Poëlier (36210),/management/ville/dun-le-poelier/ville-36068,15.0,26.0,10.0,15.0,56.0,61.0,142.0,132.0,51.0,47.0,34.4,41.7,43.5,24.4,12.4,15.5,9.7,15.5
Guizancourt (80290),/management/ville/guizancourt/ville-80402,5.0,0.0,0.0,14.0,19.0,10.0,23.0,28.0,14.0,20.0,15.8,35.4,39.5,23.1,18.4,16.7,26.3,22.9
Framerville-Rainecourt (80131),/management/ville/framerville-rainecourt/ville-80342,0.0,10.0,35.0,90.0,55.0,65.0,93.0,80.0,51.0,93.0,24.7,34.2,30.9,18.2,19.1,12.9,25.3,33.5
Dannemoine (89700),/management/ville/dannemoine/ville-89137,0.0,25.0,15.0,65.0,55.0,65.0,97.0,130.0,65.0,70.0,22.4,30.7,43.5,26.5,16.5,19.3,17.6,20.8
Gray (70100),/management/ville/gray/ville-70279,5.0,148.0,146.0,336.0,704.0,639.0,1975.0,1061.0,576.0,620.0,42.1,50.3,28.7,20.5,12.6,14.4,16.6,13.1
Julos (65100),/management/ville/julos/ville-65236,9.0,27.0,14.0,59.0,63.0,45.0,71.0,100.0,51.0,72.0,25.9,22.7,39.9,25.9,16.1,18.0,18.2,30.7
Ensuès-la-Redonne (13820),/management/ville/ensues-la-redonne/ville-13033,20.0,270.0,625.0,910.0,595.0,340.0,841.0,923.0,721.0,1601.0,20.7,20.4,26.7,18.5,16.4,18.9,36.1,42.3
Feucherolles (78810),/management/ville/feucherolles/ville-78233,20.0,130.0,660.0,225.0,140.0,50.0,229.0,214.0,279.0,1260.0,8.8,14.2,11.0,11.0,13.8,14.3,66.4,60.9
Fontaine-lès-Boulans (62134),/management/ville/fontaine-les-boulans/ville-62342,0.0,0.0,0.0,5.0,19.0,19.0,16.0,19.0,23.0,13.0,17.1,27.8,34.3,22.6,28.Landunvez (29840),/management/ville/landunvez/ville-29109,35.0,20.0,80.0,170.0,135.0,140.0,221.0,274.0,256.0,415.0,14.5,23.0,27.2,20.0,24.0,20.0,34.3,37.0
La Madeleine-Bouvet (61110),/management/ville/la-madeleine-bouvet/ville-61241,0.0,15.0,20.0,25.0,55.0,55.0,123.0,95.0,42.0,55.0,36.8,40.7,36.2,22.2,13.2,13.6,13.8,21.0
Itteville (91760),/management/ville/itteville/ville-91315,5.0,167.0,604.0,1177.0,949.0,512.0,977.0,1297.0,921.0,1504.0,21.2,20.4,31.0,23.1,19.8,19.4,28.0,35.9
Latrille (40800),/management/ville/latrille/ville-40146,14.0,5.0,9.0,9.0,24.0,19.0,40.0,38.0,26.0,20.0,30.8,34.5,38.5,22.8,18.5,24.1,12.3,19.0
Goncelin (38570),/management/ville/goncelin/ville-38181,5.0,92.0,298.0,322.0,275.0,245.0,351.0,454.0,271.0,624.0,18.3,22.7,31.8,20.8,15.2,16.7,34.7,38.6
Eymeux (26730),/management/ville/eymeux/ville-26129,15.0,65.0,55.0,120.0,175.0,105.0,259.0,129.0,158.0,145.0,39.6,35.4,19.4,19.9,18.2,27.4,22.9,19.1
Lestelle-de-Saint-Martory (31360),/management/ville/lestelle-de-saint-martory/ville-31296,10.0,0.0,10.0,39.0,99.0,75.0,121.0,108.0,64.0,50.0,29.0,41.4,39.8,22.0,17.6,20.1,13.6,16.0
Le Champ-de-la-Pierre (61320),/management/ville/le-champ-de-la-pierre/ville-61085,0.0,0.0,5.0,0.0,0.0,0.0,16.0,6.0,5.0,8.0,41.2,47.1,29.4,6.7,11.8,17.6,17.6,29.4
Espéraza (11260),/management/ville/esperaza/ville-11129,9.0,39.0,33.0,103.0,187.0,195.0,771.0,377.0,246.0,225.0,45.5,49.3,26.6,19.4,16.0,14.5,11.8,15.5
Horsarrieu (40700),/management/ville/horsarrieu/ville-40128,5.0,15.0,5.0,85.0,110.0,105.0,150.0,180.0,84.0,123.0,22.1,34.1,38.6,24.7,16.9,14.4,22.4,23.5
La Clisse (17600),/management/ville/la-clisse/ville-17112,0.0,0.0,39.0,117.0,92.0,97.0,103.0,152.0,90.0,140.0,17.9,24.1,34.6,25.7,19.7,17.8,27.8,29.6
Le Monastère (12000),/management/ville/le-monastere/ville-12146,24.0,73.0,176.0,318.0,382.0,245.0,302.0,417.0,376.0,565.0,16.7,19.7,30.9,20.6,20.5,24.7,31.9,36.1
Le Val d'Hazey (27600),/management/ville/le-val-d-hazey/ville-27022,5.0,129.0,168.0,560.0,748.0,890.0,1391.0,1139.0,618.0,650.0,32.4,40.5,34.5,23.6,16.1,16.4,17.0,17.2
Gerbaix (73470),/management/ville/gerbaix/ville-73122,5.0,23.0,32.0,93.0,28.0,32.0,44.0,86.0,57.0,112.0,11.0,18.7,38.4,19.4,21.2,16.8,29.5,44.5
Futeau (55120),/management/ville/futeau/ville-55202,0.0,5.0,5.0,10.0,20.0,0.0,69.0,37.0,16.0,15.0,46.7,54.8,32.0,19.1,12.0,11.3,9.3,12.9
Domène (38420),/management/ville/domene/ville-38150,5.0,130.0,620.0,965.0,960.0,610.0,1298.0,1308.0,784.0,1582.0,23.0,28.9,30.0,21.4,16.0,15.5,31.0,32.5
Ladon (45270),/management/ville/ladon/ville-45178,5.0,40.0,30.0,119.0,223.0,173.0,358.0,360.0,152.0,166.0,29.8,38.8,41.4,25.7,13.0,16.2,15.8,16.0
La Boisse (01120),/management/ville/la-boisse/ville-01049,10.0,118.0,232.0,473.0,350.0,277.0,533.0,586.0,363.0,648.0,21.9,28.1,31.2,22.5,15.9,18.2,31.0,29.9
Framicourt (80140),/management/ville/framicourt/ville-80343,5.0,0.0,5.0,47.0,31.0,21.0,38.0,46.0,23.0,24.0,19.0,38.8,49.2,21.4,15.9,17.9,15.9,20.9
La Tâche (16260),/management/ville/la-tache/ville-16377,15.0,0.0,10.0,30.0,10.0,0.0,29.0,28.0,14.0,16.0,25.0,40.4,42.5,20.8,22.5,10.6,10.0,25.5
Haux (64470),/management/ville/haux/ville-64258,5.0,4.0,0.0,5.0,10.0,10.0,28.0,23.0,8.0,10.0,38.2,42.9,38.2,23.8,14.7,8.6,8.8,20.0
Gray-la-Ville (70100),/management/ville/gray-la-ville/ville-70280,0.0,30.0,50.0,86.0,106.0,126.0,250.0,211.0,130.0,183.0,29.2,35.1,33.5,20.8,15.4,18.0,21.9,25.4
Dun-les-Places (58230),/management/ville/dun-les-places/ville-58106,10.0,10.0,10.0,40.0,25.0,25.0,119.0,90.0,39.0,46.0,34.3,46.4,40.6,19.5,14.0,12.6,11.2,19.9
Guizengeard (16480),/management/ville/guizengeard/ville-16161,5.0,5.0,0.0,15.0,36.0,10.0,47.0,45.0,24.0,13.0,30.2,43.9,46.0,23.2,15.9,19.7,7.9,12.1
Julvécourt (55120),/management/ville/julvecourt/ville-55260,0.0,5.0,0.0,0.0,0.0,11.0,17.0,13.0,13.0,9.0,32.0,33.3,36.0,15.0,20.0,29.2,12.0,25.0
Lanespède (65190),/management/ville/lanespede/ville-65256,0.0,10.0,10.0,5.0,15.0,25.0,28.0,35.0,26.0,31.0,17.2,29.0,37.9,20.0,27.6,16.1,17.2,33.9
Fontaine-lès-Cappy (80340),/management/ville/fontaine-les-cappy/ville-80325,0.0,0.0,0.0,14.0,5.0,5.0,12.0,9.0,7.0,9.0,27.3,38.9,36.4,12.5,13.6,22.2,22.7,27.8
Itxassou (64250),/management/ville/itxassou/ville-64279,52.0,174.0,132.0,193.0,245.0,160.0,342.0,488.0,304.0,482.0,16.5,25.5,37.6,22.4,18.0,19.5,27.9,31.7
Dannemois (91490),/management/ville/dannemois/ville-91195,0.0,50.0,50.0,115.0,85.0,50.0,145.0,159.0,113.0,212.0,24.1,21.9,28.2,22.1,14.2,21.9,33.4,34.0
Gond-Pontouvre (16160),/management/ville/gond-pontouvre/ville-16154,0.0,135.0,285.0,640.0,885.0,620.0,1346.0,1358.0,856.0,1071.0,24.0,33.3,35.7,23.2,16.1,20.5,24.3,22.2
Lesterps (16420),/management/ville/lesterps/ville-16182,35.0,25.0,0.0,20.0,70.0,60.0,159.0,109.0,47.0,69.0,37.6,44.9,34.4,20.6,11.8,12.6,16.1,19.7
Feuchy (62223),/management/ville/feuchy/ville-62331,10.0,20.0,45.0,86.0,136.0,131.0,255.0,241.0,132.0,170.0,29.3,34.4,34.8,23.5,16.0,17.2,19.8,22.9
La Madeleine-de-Nonancourt (27320),/management/ville/la-madeleine-de-nonancourt/ville-27378,35.0,15.0,99.0,158.0,137.0,166.0,365.0,247.0,144.0,145.0,37.2,43.7,36.7,18.6,13.9,17.8,12.2,19.7
Les Deux-Villes (08110),/management/ville/les-deux-villes/ville-08138,5.0,10.0,5.0,5.0,40.0,35.0,62.0,60.0,27.0,26.0,28.0,41.9,43.9,22.9,18.3,12.9,9.8,19.4
Entrages (04000),/management/ville/entrages/ville-04074,10.0,5.0,10.0,10.0,5.0,5.0,24.0,29.0,9.0,29.0,29.2,24.4,33.3,24.5,10.4,9.8,27.1,36.6
Lados (33124),/management/ville/lados/ville-33216,5.0,10.0,10.0,20.0,20.0,10.0,46.0,35.0,19.0,32.0,30.2,39.1,28.6,22.1,15.9,13.0,25.4,23.2
Le Champ-près-Froges (38190),/management/ville/le-champ-pres-froges/ville-38070,0.0,25.0,102.0,178.0,173.0,61.0,231.0,256.0,125.0,298.0,24.4,26.3,32.6,21.5,13.9,13.6,29.1,36.4
La Clotte (17360),/management/ville/la-clotte/ville-17113,10.0,46.0,0.0,36.0,85.0,127.0,214.0,189.0,67.0,57.0,34.4,47.0,46.3,23.1,11.6,13.5,7.7,13.5
Le Monastier-sur-Gazeille (43150),/management/ville/le-monastier-sur-gazeille/ville-43135,40.0,35.0,35.0,145.0,260.0,178.0,549.0,373.0,219.0,299.0,32.6,43.1,31.7,19.3,17.3,13.3,18.5,22.9
Horville-en-Ornois (55130),/management/ville/horville-en-ornois/ville-55247,0.0,0.0,0.0,0.0,10.0,15.0,18.0,15.0,8.0,4.0,48.0,30.0,28.0,34.8,12.0,25.0,12.0,5.0
Latronche (19160),/management/ville/latronche/ville-19110,30.0,0.0,0.0,10.0,10.0,15.0,31.0,43.0,19.0,17.0,27.3,29.1,36.4,33.3,18.2,16.4,18.2,12.7
Eymouthiers (16220),/management/ville/eymouthiers/ville-16135,5.0,0.0,15.0,5.0,25.0,71.0,89.0,75.0,44.0,39.0,32.2,39.8,38.8,21.7,17.4,17.9,11.6,19.5
La Boissière (14340),/management/ville/la-boissiere/ville-14082,0.0,5.0,20.0,15.0,35.0,10.0,25.0,44.0,19.0,37.0,15.3,24.2,49.2,21.7,11.9,18.2,23.7,34.8
Esperce (31190),/management/ville/esperce/ville-31173,10.0,10.0,19.0,43.0,38.0,19.0,37.0,53.0,39.0,59.0,21.9,17.2,27.1,26.4,25.0,16.1,26.0,36.6
Framont (70600),/management/ville/framont/ville-70252,5.0,0.0,5.0,20.0,29.0,35.0,53.0,36.0,19.0,28.0,33.8,44.9,39.7,13.2,13.2,14.5,13.2,27.5
Fuveau (13710),/management/ville/fuveau/ville-13040,20.0,488.0,1230.0,1426.0,1125.0,652.0,1428.0,1557.0,1263.0,2966.0,18.5,21.0,24.1,19.1,16.7,18.3,40.8,41.4
Domérat (03410),/management/ville/domerat/ville-03101,25.0,257.0,232.0,989.0,1069.0,817.0,1943.0,2671.0,1117.0,1395.0,20.9,32.9,44.8,27.2,14.2,17.0,20.1,19.1
Le Val d'Ocre (89110),/management/ville/le-val-d-ocre/ville-89334,0.0,10.0,56.0,77.0,46.0,56.0,118.0,137.0,58.0,116.0,19.7,34.8,40.4,21.8,13.5,14.0,26.4,27.1
La Tagnière (71190),/management/ville/la-tagniere/ville-71531,15.0,15.0,29.0,15.0,20.0,30.0,44.0,57.0,36.0,43.0,25.0,23.9,37.0,24.5,20.7,19.3,17.4,30.7
Guizerix (65230),/management/ville/guizerix/ville-65213,5.0,10.0,10.0,10.0,26.0,0.0,43.0,19.0,17.0,30.0,46.3,33.3,13.0,22.6,7.4,24.1,33.3,20.4
Dun-sur-Auron (18130),/management/ville/dun-sur-auron/ville-18087,25.0,100.0,124.0,337.0,662.0,400.0,1201.0,980.0,420.0,473.0,32.6,44.8,39.9,22.2,14.1,13.2,13.3,17.2
Lanester (56600),/management/ville/lanester/ville-56098,22.0,401.0,756.0,2323.0,3288.0,2910.0,5198.0,5216.0,2855.0,3452.0,25.8,35.6,36.9,24.2,16.9,17.3,20.5,20.8
Dannes (62187),/management/ville/dannes/ville-62264,0.0,15.0,20.0,138.0,199.0,225.0,381.0,304.0,165.0,124.0,32.4,45.7,38.2,22.6,17.1,16.9,12.2,13.1
Havange (57650),/management/ville/havange/ville-57305,0.0,0.0,15.0,45.0,90.0,100.0,62.0,99.0,62.0,97.0,14.7,23.5,36.7,25.3,14.7,23.5,34.0,27.1
Lestiac-sur-Garonne (33550),/management/ville/lestiac-sur-garonne/ville-33241,5.0,10.0,50.0,35.0,105.0,45.0,105.0,122.0,71.0,112.0,22.3,28.4,38.8,21.3,16.0,18.5,22.9,31.1
Feugarolles (47230),/management/ville/feugarolles/ville-47097,30.0,41.0,35.0,51.0,116.0,152.0,319.0,193.0,116.0,123.0,40.4,44.4,28.6,21.3,15.7,15.2,15.4,17.3
Itzac (81170),/management/ville/itzac/ville-81108,5.0,10.0,10.0,20.0,5.0,5.0,40.0,18.0,23.0,38.0,30.5,36.7,18.6,12.7,18.6,20.0,32.2,31.7
Grayan-et-l'Hôpital (33590),/management/ville/grayan-et-l-hopital/ville-33193,5.0,81.0,10.0,96.0,182.0,147.0,335.0,386.0,176.0,200.0,25.3,35.3,42.0,25.9,14.2,17.9,18.5,18.1
Les Échelles (73360),/management/ville/les-echelles/ville-73105,5.0,25.0,35.0,153.0,188.0,184.0,258.0,276.0,156.0,205.0,25.6,31.8,37.1,23.7,15.7,19.0,21.6,24.1
La Madeleine-sur-Loing (77570),/management/ville/la-madeleine-sur-loing/ville-77267,0.0,5.0,45.0,35.0,50.0,35.0,68.0,81.0,40.0,71.0,22.5,29.5,36.4,23.6,14.0,17.1,27.1,27.9
Gondecourt (59147),/management/ville/gondecourt/ville-59266,0.0,84.0,474.0,701.0,494.0,183.0,626.0,654.0,458.0,1122.0,18.7,24.8,25.7,19.5,15.7,16.3,39.9,38.6
Jumeauville (78580),/management/ville/jumeauville/ville-78325,15.0,25.0,70.0,75.0,65.0,35.0,87.0,102.0,74.0,169.0,18.4,21.8,30.2,17.9,13.2,20.9,38.2,40.0
Hosta (64120),/management/ville/hosta/ville-64265,25.0,0.0,10.0,0.0,5.0,5.0,19.0,22.0,10.0,13.0,28.1,31.3,34.4,27.5,21.9,9.4,15.6,25.0
Latronquière (46210),/management/ville/latronquiere/ville-46160,21.0,21.0,10.0,31.0,79.0,42.0,144.0,109.0,70.0,68.0,32.8,40.1,35.5,20.7,17.5,18.4,14.2,20.3
Gerbécourt (57170),/management/ville/gerbecourt/ville-57247,0.0,0.0,0.0,17.0,11.0,6.0,29.0,16.0,16.0,11.0,40.5,38.9,21.6,22.2,21.6,22.2,16.2,16.7
Fontaine-lès-Clercs (02680),/management/ville/fontaine-les-clercs/ville-02320,0.0,11.0,16.0,27.0,43.0,32.0,42.0,64.0,35.0,64.0,19.8,20.0,37.6,23.9,15.8,18.1,26.7,36.2
Eymoutiers (87120),/management/ville/eymoutiers/ville-87064,30.0,70.0,45.0,215.0,255.0,210.0,602.0,424.0,316.0,363.0,30.3,39.9,31.3,19.1,17.6,19.4,20.8,21.7
Le Champ-Saint-Père (85540),/management/ville/le-champ-saint-pere/ville-85050,20.0,60.0,15.0,160.0,245.0,280.0,492.0,470.0,221.0,235.0,31.2,37.9,38.8,25.1,14.4,16.8,15.7,17.4
La Boissière (27220),/management/ville/la-boissiere/ville-27078,0.0,5.0,30.0,30.0,30.0,50.0,50.0,50.0,36.0,52.0,29.9,23.1,25.8,25.8,17.5,20.9,26.8,28.6
La Clusaz (74220),/management/ville/la-clusaz/ville-74080,26.0,184.0,133.0,241.0,230.0,133.0,361.0,382.0,244.0,400.0,23.7,28.5,32.6,21.1,17.9,17.3,25.8,32.1
Frampas (52220),/management/ville/frampas/ville-52206,10.0,0.0,15.0,30.0,20.0,15.0,32.0,41.0,25.0,36.0,29.0,18.5,34.8,25.0,15.9,21.5,20.3,33.8
Ladoye-sur-Seille (39210),/management/ville/ladoye-sur-seille/ville-39272,0.0,0.0,0.0,10.0,21.0,0.0,14.0,14.0,9.0,9.0,27.3,31.8,36.4,22.7,18.2,22.7,18.2,22.7
Espère (46090),/management/ville/espere/ville-46095,0.0,34.0,34.0,89.0,187.0,138.0,245.0,243.0,135.0,153.0,28.2,34.5,36.2,24.9,16.3,18.4,19.3,20.0
Entraigues (38740),/management/ville/entraigues/ville-38154,5.0,10.0,10.0,0.0,40.0,10.0,51.0,60.0,35.0,42.0,26.0,28.4,41.0,21.3,17.0,20.5,16.0,29.5
Le Monestier (63890),/management/ville/le-monestier/ville-63230,0.0,10.0,5.0,20.0,10.0,55.0,35.0,35.0,42.0,45.0,16.3,28.6,31.3,14.7,28.8,24.7,23.8,33.8
Gujan-Mestras (33470),/management/ville/gujan-mestras/ville-33199,119.0,946.0,1389.0,2096.0,3031.0,1429.0,3897.0,4626.0,3213.0,4773.0,20.2,26.7,30.2,24.5,19.3,19.6,30.3,27.7
Le Val-d'Ajol (88340),/management/ville/le-val-d-ajol/ville-88487,71.0,111.0,91.0,297.0,408.0,599.0,1262.0,872.0,469.0,510.0,35.9,45.0,35.1,20.3,13.5,16.6,15.5,17.2
Lestiou (41500),/management/ville/lestiou/ville-41114,5.0,5.0,10.0,49.0,34.0,29.0,31.0,63.0,37.0,70.0,10.4,20.6,41.7,20.4,21.9,15.9,26.0,42.1
Dun-sur-Grandry (58110),/management/ville/dun-sur-grandry/ville-58107,6.0,6.0,6.0,12.0,23.0,12.0,47.0,45.0,21.0,26.0,26.8,41.2,43.7,20.0,12.7,17.6,16.9,20.6
Ivergny (62810),/management/ville/ivergny/ville-62475,0.0,5.0,10.0,35.0,15.0,30.0,61.0,59.0,33.0,27.0,30.2,37.2,37.2,25.5,20.9,16.0,11.6,18.1
Domesmont (80370),/management/ville/domesmont/ville-80243,0.0,0.0,0.0,6.0,0.0,12.0,15.0,15.0,1.0,6.0,31.6,47.4,63.2,18.2,0.0,5.3,5.3,26.3
Feugères (50190),/management/ville/feugeres/ville-50181,15.0,25.0,0.0,40.0,40.0,45.0,77.0,74.0,45.0,48.0,31.0,32.2,35.7,23.6,16.7,20.3,16.7,22.9
Lanet (11330),/management/ville/lanet/ville-11187,0.0,5.0,0.0,5.0,0.0,0.0,12.0,10.0,9.0,15.0,20.0,33.3,24.0,18.2,24.0,14.3,32.0,33.3
Dannevoux (55110),/management/ville/dannevoux/ville-55146,15.0,5.0,0.0,5.0,20.0,30.0,50.0,50.0,30.0,30.0,22.1,41.9,37.2,22.5,20.9,16.2,19.8,17.6
Les Écorces (25140),/management/ville/les-ecorces/ville-25213,0.0,25.0,35.0,55.0,89.0,159.0,135.0,162.0,71.0,123.0,22.0,33.2,36.2,24.9,17.9,10.9,24.0,26.3
Fyé (72610),/management/ville/fye/ville-72139,0.0,31.0,82.0,118.0,153.0,88.0,193.0,250.0,129.0,153.0,22.4,30.7,42.6,24.8,15.6,19.8,19.3,23.0
Graye-et-Charnay (39320),/management/ville/graye-et-charnay/ville-39261,5.0,0.0,10.0,15.0,10.0,25.0,19.0,40.0,22.0,25.0,13.2,22.6,43.4,28.8,20.8,20.8,22.6,24.5
La Taillée (85450),/management/ville/la-taillee/ville-85286,20.0,30.0,10.0,50.0,80.0,91.0,154.0,135.0,60.0,78.0,30.7,41.3,42.0,19.7,14.2,14.1,13.2,23.5
Gondenans-les-Moulins (25680),/management/ville/gondenans-les-moulins/ville-25277,0.0,0.0,5.0,5.0,5.0,5.0,20.0,10.0,10.0,15.0,39.3,33.3,21.4,15.4,17.9,18.5,21.4,33.3
Gerbécourt-et-Haplemont (54740),/management/ville/gerbecourt-et-haplemont/ville-54221,5.0,14.0,10.0,39.0,19.0,5.0,29.0,44.0,29.0,61.0,13.3,22.5,31.3,21.2,19.3,16.3,36.1,38.8
Havelu (28410),/management/ville/havelu/ville-28193,0.0,0.0,26.0,16.0,26.0,11.0,24.0,26.0,18.0,37.0,22.6,24.5,24.5,24.1,15.1,17.0,37.7,32.1
Fontaine-lès-Clerval (25340),/management/ville/fontaine-les-clerval/ville-25246,0.0,5.0,5.0,21.0,15.0,67.0,84.0,64.0,30.0,31.0,39.4,40.8,37.5,21.9,14.4,13.6,8.7,21.4
Hoste (57510),/management/ville/hoste/ville-57337,0.0,15.0,20.0,71.0,93.0,113.0,123.0,170.0,92.0,105.0,19.4,31.0,40.9,25.7,18.7,18.8,21.0,22.2
La Cluse-et-Mijoux (25300),/management/ville/la-cluse-et-mijoux/ville-25157,15.0,40.0,35.0,130.0,216.0,236.0,279.0,287.0,203.0,227.0,23.8,32.3,34.3,22.3,22.4,18.2,19.4,26.1
Francalmont (70800),/management/ville/francalmont/ville-70249,10.0,0.0,5.0,10.0,5.0,10.0,39.0,30.0,15.0,13.0,31.3,50.0,37.5,23.2,18.8,10.4,12.5,12.5
Lattainville (60240),/management/ville/lattainville/ville-60352,0.0,5.0,20.0,15.0,15.0,10.0,30.0,32.0,26.0,22.0,23.3,32.0,33.3,25.0,20.0,28.0,23.3,16.0
Jumeaux (63570),/management/ville/jumeaux/ville-63182,0.0,30.0,25.0,54.0,45.0,114.0,183.0,183.0,75.0,58.0,30.5,42.3,45.1,25.5,14.2,15.7,10.3,13.1
Lafage (11420),/management/ville/lafage/ville-11184,5.0,5.0,0.0,0.0,24.0,14.0,18.0,14.0,12.0,21.0,25.0,28.6,27.8,14.8,22.2,17.9,25.0,39.3
La Madeleine-Villefrouin (41370),/management/ville/la-madeleine-villefrouin/ville-41121,0.0,5.0,5.0,5.0,10.0,5.0,4.0,3.0,6.0,11.0,25.0,8.3,16.7,10.0,25.0,25.0,33.3,58.3
Eyne (66800),/management/ville/eyne/ville-66075,5.0,5.0,0.0,24.0,24.0,15.0,19.0,17.0,21.0,41.0,25.9,12.8,25.9,10.0,20.4,23.4,27.8,55.3
La Boissière (34150),/management/ville/la-boissiere/ville-34035,20.0,25.0,75.0,150.0,150.0,75.0,132.0,146.0,144.0,335.0,17.2,17.7,24.9,14.0,17.7,20.6,40.3,48.7
Le Charme (45230),/management/ville/le-charme/ville-45079,5.0,0.0,15.0,19.0,19.0,10.0,39.0,34.0,25.0,21.0,30.5,33.3,27.1,26.2,23.7,20.0,18.6,18.3
Espès-Undurein (64130),/management/ville/espes-undurein/ville-64214,20.0,36.0,5.0,46.0,56.0,61.0,130.0,132.0,65.0,81.0,26.8,36.3,39.7,23.4,16.0,16.3,17.5,21.9
Dun-sur-Meuse (55110),/management/ville/dun-sur-meuse/ville-55167,0.0,15.0,10.0,35.0,65.0,80.0,211.0,165.0,91.0,77.0,28.7,47.0,33.6,24.1,21.3,13.0,16.4,12.3
Gumbrechtshoffen (67110),/management/ville/gumbrechtshoffen/ville-67174,5.0,30.0,30.0,100.0,175.0,230.0,261.0,387.0,134.0,149.0,20.3,35.6,48.5,29.0,14.1,14.7,17.1,14.9
Feuges (10150),/management/ville/feuges/ville-10149,0.0,0.0,25.0,46.0,35.0,35.0,58.0,59.0,58.0,65.0,17.5,31.0,32.5,17.8,24.2,24.1,25.8,28.4
Laneuvelle (52400),/management/ville/laneuvelle/ville-52264,0.0,6.0,0.0,0.0,11.0,6.0,17.0,29.0,7.0,9.0,27.6,28.1,55.2,31.7,6.9,12.5,10.3,18.8
Danzé (41160),/management/ville/danze/ville-41073,20.0,15.0,35.0,60.0,93.0,128.0,182.0,170.0,74.0,84.0,30.7,40.5,40.9,23.3,13.4,15.6,15.0,18.3
La Talaudière (42350),/management/ville/la-talaudiere/ville-42305,10.0,153.0,365.0,700.0,705.0,632.0,1563.0,1534.0,832.0,1274.0,25.6,34.1,35.2,22.2,16.9,15.1,22.2,26.6
Gerbépal (88430),/management/ville/gerbepal/ville-88198,5.0,10.0,45.0,40.0,65.0,95.0,115.0,135.0,83.0,100.0,22.4,31.0,37.7,23.0,19.7,18.6,20.2,26.2
Gondenans-Montby (25340),/management/ville/gondenans-montby/ville-25276,0.0,5.0,15.0,35.0,5.0,35.0,36.0,44.0,20.0,28.0,24.6,31.3,39.3,25.6,18.0,13.4,18.0,25.4
Lattes (34970),/management/ville/lattes/ville-34129,22.0,626.0,1746.0,2618.0,2159.0,811.0,2684.0,2458.0,2463.0,5228.0,18.8,22.8,22.0,17.2,18.5,19.8,40.7,40.7
Gaas (40350),/management/ville/gaas/ville-40101,16.0,26.0,16.0,42.0,99.0,57.0,88.0,132.0,74.0,89.0,21.0,25.4,39.5,26.1,21.0,17.5,18.5,28.0
Les Écrennes (77820),/management/ville/les-ecrennes/ville-77165,0.0,30.0,70.0,75.0,109.0,70.0,102.0,143.0,109.0,96.0,20.4,25.1,33.6,27.1,27.9,20.7,18.1,24.7
Domessargues (30350),/management/ville/domessargues/ville-30104,6.0,29.0,40.0,96.0,102.0,90.0,159.0,175.0,86.0,101.0,28.2,33.2,39.8,24.3,17.7,15.0,14.3,24.5
Le Val-d'Esnoms (52190),/management/ville/le-val-d-esnoms/ville-52189,29.0,0.0,0.0,15.0,29.0,69.0,83.0,79.0,52.0,61.0,25.7,35.1,38.9,17.8,18.8,19.1,16.7,28.2
Graye-sur-Mer (14470),/management/ville/graye-sur-mer/ville-14318,0.0,22.0,27.0,49.0,92.0,109.0,168.0,149.0,69.0,114.0,30.2,36.6,36.3,21.4,14.3,13.4,19.2,26.4
Eynesse (33220),/management/ville/eynesse/ville-33160,10.0,20.0,10.0,55.0,95.0,95.0,120.0,141.0,82.0,119.0,23.6,28.0,34.3,24.5,19.4,16.3,22.7,28.5
La Boissière (39240),/management/ville/la-boissiere/ville-39062,5.0,0.0,0.0,5.0,5.0,10.0,6.0,11.0,14.0,18.0,4.0,19.2,28.0,18.2,28.0,30.8,40.0,34.6
Francaltroff (57670),/management/ville/francaltroff/ville-57232,0.0,35.0,30.0,84.0,79.0,148.0,156.0,193.0,106.0,105.0,24.5,31.3,36.1,28.4,21.2,16.5,18.2,19.0
Fontaine-les-Coteaux (41800),/management/ville/fontaine-les-coteaux/ville-41087,20.0,43.0,5.0,15.0,29.0,63.0,115.0,87.0,57.0,23.0,36.0,45.5,37.3,23.0,20.0,20.1,6.7,10.4
Iverny (77165),/management/ville/iverny/ville-77233,10.0,15.0,30.0,95.0,90.0,60.0,92.0,137.0,85.0,81.0,24.1,22.5,41.5,27.5,16.9,26.0,17.4,23.5
Jumel (80250),/management/ville/jumel/ville-80452,10.0,0.0,35.0,80.0,70.0,60.0,62.0,107.0,74.0,104.0,16.0,19.6,37.0,23.2,23.2,19.0,23.8,36.9
Laneuvelotte (54280),/management/ville/laneuvelotte/ville-54296,10.0,15.0,50.0,45.0,35.0,46.0,51.0,101.0,72.0,101.0,13.0,18.4,36.4,26.1,18.5,25.2,32.1,30.1
Lafage-sur-Sombre (19320),/management/ville/lafage-sur-sombre/ville-19097,10.0,5.0,0.0,19.0,5.0,15.0,24.0,38.0,24.0,17.0,25.0,22.0,42.3,28.8,21.2,26.0,11.5,22.0
Grayssas (47270),/management/ville/grayssas/ville-47113,0.0,5.0,0.0,5.0,10.0,20.0,33.0,35.0,16.0,16.0,37.7,27.7,35.8,28.1,18.9,12.8,7.5,25.5
Le Charmel (02850),/management/ville/le-charmel/ville-02164,0.0,20.0,5.0,40.0,59.0,30.0,91.0,76.0,36.0,35.0,33.3,43.0,41.0,22.0,12.0,18.2,13.7,15.7
Le Val-David (27120),/management/ville/le-val-david/ville-27668,0.0,39.0,39.0,109.0,74.0,84.0,152.0,152.0,107.0,144.0,24.1,30.5,32.7,22.1,17.3,21.5,25.9,25.8
Lestrade-et-Thouels (12430),/management/ville/lestrade-et-thouels/ville-12129,66.0,5.0,5.0,15.0,46.0,31.0,134.0,92.0,77.0,57.0,32.3,42.3,33.9,17.2,23.1,20.0,10.8,21.1
La Collancelle (58800),/management/ville/la-collancelle/ville-58080,15.0,0.0,0.0,15.0,5.0,10.0,41.0,65.0,19.0,24.0,23.7,30.6,51.3,29.9,10.5,15.3,14.5,18.1
Haveluy (59255),/management/ville/haveluy/ville-59292,0.0,65.0,55.0,265.0,385.0,470.0,832.0,747.0,352.0,301.0,31.1,43.0,41.3,24.2,14.0,17.4,13.7,13.3
Le Monestier-du-Percy (38930),/management/ville/le-monestier-du-percy/ville-38243,5.0,20.0,10.0,25.0,20.0,10.0,38.0,47.0,32.0,71.0,18.7,21.4,29.7,19.4,18.7,15.3,33.0,42.9
Gumery (10400),/management/ville/gumery/ville-10169,11.0,0.0,5.0,44.0,27.0,33.0,47.0,58.0,32.0,45.0,22.1,30.6,44.2,18.8,15.8,18.8,17.9,31.8
Duneau (72160),/management/ville/duneau/ville-72122,10.0,0.0,10.0,123.0,113.0,233.0,304.0,281.0,106.0,99.0,31.7,45.1,44.7,23.8,12.4,14.4,11.2,13.9
La Tardière (85120),/management/ville/la-tardiere/ville-85289,69.0,45.0,0.0,85.0,138.0,261.0,400.0,314.0,160.0,118.0,33.3,47.5,39.2,22.2,16.2,16.0,11.3,12.5
Espeyrac (12140),/management/ville/espeyrac/ville-12097,5.0,10.0,10.0,0.0,24.0,15.0,81.0,50.0,34.0,35.0,35.3,46.9,33.3,17.0,14.7,18.8,16.7,17.7
Feuguerolles (27110),/management/ville/feuguerolles/ville-27241,10.0,5.0,5.0,35.0,0.0,25.0,36.0,35.0,21.0,38.0,29.7,25.8,35.9,18.5,12.5,19.7,21.9,36.4
Daon (53200),/management/ville/daon/ville-53089,0.0,24.0,34.0,78.0,29.0,63.0,95.0,112.0,63.0,96.0,24.7,27.1,32.8,25.0,20.4,13.8,22.0,30.4
Gerberoy (60380),/management/ville/gerberoy/ville-60271,5.0,5.0,5.0,10.0,10.0,5.0,21.0,14.0,14.0,21.0,27.8,32.4,25.0,16.7,13.9,26.5,33.3,26.5
Hostens (33125),/management/ville/hostens/ville-33202,5.0,40.0,71.0,116.0,215.0,150.0,259.0,312.0,161.0,209.0,22.9,31.7,40.1,24.6,15.7,18.7,21.4,23.0
Francarville (31460),/management/ville/francarville/ville-31194,0.0,15.0,41.0,20.0,20.0,5.0,16.0,21.0,25.0,60.0,9.4,17.2,23.4,11.5,18.8,20.7,48.4,51.7
Lattre-Saint-Quentin (62810),/management/ville/lattre-saint-quentin/ville-62490,5.0,0.0,20.0,54.0,15.0,35.0,30.0,47.0,46.0,68.0,14.7,16.3,28.4,20.7,27.5,20.7,29.4,42.4
Entraigues (63720),/management/ville/entraigues/ville-63149,5.0,30.0,60.0,80.0,55.0,100.0,127.0,159.0,82.0,128.0,22.9,28.3,39.4,23.1,15.3,17.8,22.5,29.1
Gabarnac (33410),/management/ville/gabarnac/ville-33176,10.0,25.0,36.0,41.0,10.0,25.0,82.0,73.0,45.0,66.0,29.0,32.8,30.5,22.7,17.6,15.3,22.9,27.0
La Magdelaine-sur-Tarn (31340),/management/ville/la-magdelaine-sur-tarn/ville-31311,5.0,40.0,64.0,212.0,188.0,94.0,177.0,261.0,152.0,218.0,21.4,22.4,38.0,25.4,17.4,20.0,23.2,30.3
Iviers (02360),/management/ville/iviers/ville-02388,15.0,10.0,5.0,31.0,26.0,26.0,67.0,57.0,31.0,25.0,35.5,40.7,39.8,22.2,15.1,18.6,9.7,17.4
Domessin (73330),/management/ville/domessin/ville-73100,10.0,35.0,110.0,226.0,241.0,145.0,353.0,397.0,248.0,371.0,21.7,29.7,34.9,21.9,18.9,17.4,24.4,29.7
La Boissière (53800),/management/ville/la-boissiere/ville-53033,5.0,0.0,0.0,10.0,25.0,15.0,19.0,25.0,21.0,14.0,25.6,22.2,30.2,30.0,30.2,22.2,14.0,22.2
Daoulas (29460),/management/ville/daoulas/ville-29043,5.0,45.0,177.0,202.0,182.0,137.0,267.0,291.0,243.0,510.0,15.6,24.5,24.0,20.0,19.5,17.8,40.9,37.1
La Terrasse (38660),/management/ville/la-terrasse/ville-38503,5.0,105.0,387.0,429.0,269.0,134.0,345.0,389.0,268.0,809.0,14.8,22.8,26.0,17.1,14.7,14.9,44.6,44.7
Les Éduts (17510),/management/ville/les-eduts/ville-17149,0.0,0.0,0.0,0.0,0.0,11.0,13.0,30.0,8.0,3.0,16.7,32.0,73.3,33.3,3.3,28.0,6.7,4.0
Fontaine-lès-Croisilles (62128),/management/ville/fontaine-les-croisilles/ville-62343,9.0,5.0,15.0,35.0,30.0,30.0,55.0,52.0,45.0,50.0,26.9,28.6,35.6,17.2,17.3,26.5,20.2,29.6
Laneuveville-aux-Bois (54370),/management/ville/laneuveville-aux-bois/ville-54297,5.0,10.0,10.0,15.0,55.0,35.0,85.0,80.0,41.0,33.0,31.1,40.0,42.0,23.6,15.1,19.2,11.8,15.8
Grazac (31190),/management/ville/grazac/ville-31231,5.0,21.0,36.0,113.0,57.0,62.0,94.0,147.0,88.0,112.0,21.3,21.1,37.4,26.9,19.1,20.6,22.2,29.2
Jumelles (27220),/management/ville/jumelles/ville-27360,0.0,5.0,14.0,53.0,39.0,39.0,55.0,66.0,44.0,54.0,20.0,30.3,43.6,17.3,19.1,21.1,17.3,32.1
Lafare (84190),/management/ville/lafare/ville-84059,16.0,5.0,0.0,31.0,0.0,10.0,15.0,31.0,14.0,32.0,14.0,17.0,51.2,18.4,14.0,14.9,20.9,48.9
La Colle-sur-Loup (06480),/management/ville/la-colle-sur-loup/ville-06044,10.0,442.0,929.0,974.0,879.0,402.0,1230.0,1123.0,1009.0,2480.0,19.0,22.8,21.9,17.0,17.1,17.4,42.0,42.9
Havernas (80670),/management/ville/havernas/ville-80423,0.0,10.0,20.0,70.0,53.0,50.0,61.0,76.0,58.0,91.0,18.4,24.5,33.3,20.0,18.4,22.3,29.9,33.8
Le Monêtier-les-Bains (05220),/management/ville/le-monetier-les-bains/ville-05079,25.0,64.0,34.0,123.0,167.0,84.0,179.0,211.0,169.0,257.0,24.4,19.4,29.6,21.9,20.2,21.4,25.7,37.1
Le Chastang (19190),/management/ville/le-chastang/ville-19048,10.0,10.0,21.0,36.0,46.0,46.0,68.0,99.0,55.0,59.0,18.1,30.1,44.2,25.0,18.8,20.3,18.8,23.1
Le Val-de-Gouhenans (70200),/management/ville/le-val-de-gouhenans/ville-70515,0.0,0.0,0.0,10.0,15.0,10.0,18.0,13.0,7.0,14.0,34.5,34.8,34.5,13.0,13.8,13.0,17.2,39.1
Entraigues-sur-la-Sorgue (84320),/management/ville/entraigues-sur-la-sorgue/ville-84043,15.0,321.0,388.0,1020.0,1309.0,854.0,2045.0,1698.0,1094.0,1467.0,29.3,35.2,32.5,21.1,16.8,17.8,21.4,25.0
Lestre (50310),/management/ville/lestre/ville-50268,5.0,5.0,10.0,40.0,10.0,55.0,66.0,66.0,20.0,29.0,30.5,43.0,45.3,22.8,12.6,9.3,11.6,20.9
Dunes (82340),/management/ville/dunes/ville-82050,15.0,91.0,60.0,136.0,146.0,106.0,281.0,248.0,182.0,203.0,28.1,33.2,31.0,22.8,19.1,20.9,21.8,22.6
Espeyroux (46120),/management/ville/espeyroux/ville-46096,0.0,5.0,0.0,10.0,15.0,10.0,34.0,21.0,13.0,16.0,35.7,45.2,28.6,20.0,16.7,14.3,19.0,19.0
Gerbéviller (54830),/management/ville/gerbeviller/ville-54222,30.0,30.0,40.0,146.0,177.0,121.0,268.0,356.0,177.0,206.0,25.9,27.2,37.8,28.1,20.4,15.1,15.9,24.4
Eyragues (13630),/management/ville/eyragues/ville-13036,80.0,245.0,240.0,440.0,585.0,410.0,1045.0,844.0,541.0,938.0,27.6,34.0,30.5,19.6,15.4,16.6,26.5,29.0
Hostun (26730),/management/ville/hostun/ville-26149,20.0,15.0,40.0,165.0,110.0,130.0,199.0,179.0,120.0,210.0,23.4,32.5,28.4,21.2,17.3,16.7,31.0,28.4
Gondrecourt-Aix (54800),/management/ville/gondrecourt-aix/ville-54231,0.0,0.0,5.0,15.0,19.0,39.0,37.0,28.0,27.0,26.0,25.4,36.8,30.2,17.0,23.8,22.8,20.6,24.6
Haverskerque (59660),/management/ville/haverskerque/ville-59293,25.0,55.0,35.0,128.0,242.0,222.0,355.0,300.0,226.0,214.0,26.4,37.9,33.0,21.8,22.0,19.2,18.6,20.4
Francastel (60480),/management/ville/francastel/ville-60253,0.0,15.0,30.0,65.0,90.0,55.0,103.0,112.0,51.0,79.0,28.7,30.7,36.6,25.4,13.4,16.2,21.3,24.6
Lau-Balagnas (65400),/management/ville/lau-balagnas/ville-65267,0.0,45.0,20.0,50.0,50.0,25.0,108.0,136.0,73.0,117.0,20.9,28.6,35.0,24.8,18.9,14.7,25.2,28.6
Iville (27110),/management/ville/iville/ville-27354,16.0,6.0,34.0,74.0,62.0,85.0,137.0,98.0,50.0,98.0,34.6,36.9,30.9,19.3,11.7,14.4,22.9,28.2
La Magdeleine (16240),/management/ville/la-magdeleine/ville-16197,5.0,0.0,5.0,11.0,16.0,11.0,37.0,28.0,20.0,13.0,29.2,46.0,35.4,20.0,29.2,12.0,6.3,20.0
Gabarret (40310),/management/ville/gabarret/ville-40102,20.0,45.0,25.0,110.0,170.0,100.0,458.0,297.0,151.0,165.0,35.4,49.0,34.8,20.2,14.3,13.9,15.5,15.3
La Colombe (50800),/management/ville/la-colombe/ville-50137,20.0,30.0,0.0,60.0,99.0,79.0,165.0,152.0,80.0,89.0,31.7,35.7,37.8,22.8,16.3,17.0,14.2,22.8
Gumiane (26470),/management/ville/gumiane/ville-26147,10.0,0.0,0.0,0.0,0.0,0.0,8.0,7.0,1.0,2.0,36.4,57.1,45.5,22.2,9.1,0.0,9.1,14.3
La Boissière-de-Montaigu (85600),/management/ville/la-boissiere-de-montaigu/ville-85025,45.0,90.0,85.0,221.0,266.0,437.0,404.0,592.0,313.0,309.0,20.3,29.7,44.7,26.1,18.3,20.5,16.7,21.7
Espezel (11340),/management/ville/espezel/ville-11130,5.0,20.0,15.0,15.0,15.0,0.0,61.0,30.0,40.0,41.0,31.5,38.8,18.0,17.5,24.7,22.4,25.8,22.4
Le Val-de-Guéblange (57430),/management/ville/le-val-de-gueblange/ville-57267,10.0,10.0,55.0,110.0,115.0,115.0,230.0,239.0,93.0,121.0,27.6,39.4,39.6,26.0,14.4,12.9,18.3,17.1
Grazac (43200),/management/ville/grazac/ville-43102,15.0,25.0,40.0,62.0,131.0,185.0,253.0,223.0,137.0,129.0,32.3,35.7,36.0,22.7,18.8,18.1,12.9,22.2
Gondrecourt-le-Château (55130),/management/ville/gondrecourt-le-chateau/ville-55215,25.0,25.0,25.0,30.0,180.0,150.0,439.0,262.0,95.0,91.0,40.8,57.2,37.6,20.0,11.0,10.4,10.6,10.0
Ivors (60141),/management/ville/ivors/ville-60320,5.0,15.0,20.0,40.0,40.0,40.0,54.0,60.0,31.0,37.0,30.4,28.9,39.1,25.5,12.0,22.2,18.5,22.2
La Combe-de-Lancey (38190),/management/ville/la-combe-de-lancey/ville-38120,0.0,20.0,94.0,90.0,50.0,90.0,112.0,87.0,91.0,212.0,21.7,22.9,20.5,14.6,18.5,17.7,39.4,45.4
Laneuveville-derrière-Foug (54570),/management/ville/laneuveville-derriere-foug/ville-54298,0.0,0.0,0.0,10.0,15.0,25.0,29.0,36.0,21.0,31.0,19.0,30.5,37.9,21.9,20.7,15.3,22.4,30.5
Le Mont (88210),/management/ville/le-mont/ville-88306,0.0,0.0,0.0,5.0,5.0,5.0,16.0,13.0,5.0,9.0,37.5,36.8,33.3,21.7,16.7,5.3,12.5,31.6
La Terrasse-sur-Dorlay (42740),/management/ville/la-terrasse-sur-dorlay/ville-42308,15.0,35.0,35.0,139.0,109.0,85.0,112.0,179.0,108.0,162.0,18.9,21.2,36.4,24.8,20.3,18.3,24.5,33.5
Le Château-d'Almenêches (61570),/management/ville/le-chateau-d-almeneches/ville-61101,20.0,0.0,0.0,15.0,25.0,35.0,44.0,40.0,25.0,35.0,28.2,32.9,33.8,20.5,19.7,15.1,18.3,30.1
Entrains-sur-Nohain (58410),/management/ville/entrains-sur-nohain/ville-58109,11.0,37.0,27.0,27.0,101.0,111.0,303.0,214.0,92.0,79.0,34.7,52.6,38.7,21.7,15.0,11.9,11.7,11.1
Lestrem (62136),/management/ville/lestrem/ville-62502,5.0,149.0,253.0,594.0,545.0,525.0,810.0,847.0,584.0,904.0,21.9,29.5,31.6,21.7,18.4,18.7,28.1,29.3
Françay (41190),/management/ville/francay/ville-41093,10.0,10.0,20.0,25.0,46.0,20.0,53.0,77.0,29.0,39.0,24.8,28.4,49.5,26.5,8.9,21.1,16.8,22.1
Domèvre-en-Haye (54385),/management/ville/domevre-en-haye/ville-54160,0.0,13.0,25.0,44.0,67.0,38.0,69.0,74.0,57.0,58.0,23.9,30.1,33.6,23.0,23.1,21.1,19.4,25.2
Eyrans (33390),/management/ville/eyrans/ville-33161,5.0,15.0,30.0,71.0,121.0,101.0,195.0,218.0,79.0,75.0,35.0,34.2,41.3,29.4,13.8,13.7,9.9,16.2
Dunet (36310),/management/ville/dunet/ville-36067,0.0,0.0,0.0,10.0,20.0,15.0,30.0,33.0,15.0,12.0,29.5,36.4,43.2,25.5,20.5,13.6,6.8,20.5
Daours (80800),/management/ville/daours/ville-80234,0.0,37.0,47.0,115.0,99.0,94.0,190.0,172.0,83.0,189.0,27.0,32.9,32.0,20.2,13.8,12.7,27.3,32.3
Gercourt-et-Drillancourt (55110),/management/ville/gercourt-et-drillancourt/ville-55206,5.0,0.0,0.0,20.0,20.0,15.0,26.0,27.0,10.0,25.0,27.3,31.8,43.2,17.8,6.8,15.9,22.7,34.1
Les Églises-d'Argenteuil (17400),/management/ville/les-eglises-d-argenteuil/ville-17150,5.0,10.0,10.0,50.0,70.0,70.0,105.0,146.0,68.0,79.0,19.1,32.7,42.6,26.9,19.7,14.9,18.6,21.2
Hotot-en-Auge (14430),/management/ville/hotot-en-auge/ville-14335,5.0,5.0,21.0,26.0,21.0,15.0,72.0,64.0,45.0,64.0,25.8,33.1,34.4,17.9,15.6,22.0,24.2,28.0
Havrincourt (62147),/management/ville/havrincourt/ville-62421,15.0,5.0,20.0,30.0,50.0,50.0,73.0,91.0,66.0,54.0,22.8,28.8,34.5,27.5,24.1,22.3,18.6,19.4
Fontaine-lès-Dijon (21121),/management/ville/fontaine-les-dijon/ville-21278,0.0,281.0,1006.0,1188.0,923.0,343.0,1402.0,1341.0,1102.0,3061.0,16.5,23.5,22.0,17.0,15.9,16.0,45.6,43.3
Jumencourt (02380),/management/ville/jumencourt/ville-02395,0.0,5.0,5.0,26.0,5.0,15.0,26.0,29.0,18.0,34.0,22.8,24.5,36.8,16.3,17.5,16.3,22.8,42.9
Gumières (42560),/management/ville/gumieres/ville-42107,10.0,10.0,0.0,25.0,35.0,65.0,51.0,86.0,42.0,64.0,21.7,20.4,41.1,25.4,17.8,16.8,19.4,34.5
Gabaston (64160),/management/ville/gabaston/ville-64227,20.0,10.0,50.0,96.0,82.0,51.0,101.0,146.0,79.0,160.0,16.5,24.9,32.6,23.8,19.0,13.9,31.8,34.3
La Maison-Dieu (58190),/management/ville/la-maison-dieu/ville-58154,0.0,9.0,0.0,0.0,15.0,5.0,46.0,30.0,14.0,13.0,39.6,50.0,34.0,21.4,15.1,12.0,11.3,14.0
Laubach (67580),/management/ville/laubach/ville-67260,0.0,5.0,40.0,40.0,35.0,45.0,50.0,75.0,48.0,70.0,15.4,25.0,35.0,25.0,21.4,18.0,28.2,29.7
Feuguerolles-Bully (14320),/management/ville/feuguerolles-bully/ville-14266,0.0,50.0,115.0,235.0,175.0,100.0,202.0,272.0,171.0,360.0,17.8,22.3,31.2,21.8,16.9,17.1,34.1,37.6
La Boissière-des-Landes (85430),/management/ville/la-boissiere-des-landes/ville-85026,15.0,50.0,60.0,151.0,257.0,192.0,214.0,354.0,214.0,226.0,20.0,22.5,42.3,26.4,19.8,22.7,18.0,27.0
Le Château-d'Oléron (17480),/management/ville/le-chateau-d-oleron/ville-17093,157.0,233.0,131.0,309.0,532.0,410.0,1226.0,1023.0,561.0,637.0,28.8,41.2,36.6,22.1,16.8,15.8,17.8,19.1
Grazac (81800),/management/ville/grazac/ville-81106,25.0,30.0,25.0,111.0,91.0,45.0,87.0,103.0,78.0,163.0,17.1,23.6,28.8,18.6,16.2,20.2,37.8,38.0
Le Val-Doré (27190),/management/ville/le-val-dore/ville-27447,10.0,30.0,70.0,129.0,98.0,118.0,178.0,168.0,124.0,191.0,27.3,26.6,28.8,21.8,16.9,20.9,27.0,30.4
Lafarre (07520),/management/ville/lafarre/ville-07124,5.0,0.0,0.0,0.0,10.0,5.0,18.0,6.0,7.0,3.0,61.1,43.8,11.1,25.0,16.7,25.0,11.1,6.3
Laneuveville-devant-Bayon (54740),/management/ville/laneuveville-devant-bayon/ville-54299,15.0,0.0,0.0,47.0,33.0,29.0,51.0,32.0,24.0,53.0,24.7,37.8,27.3,13.6,16.9,14.6,31.2,34.1
Le Mont-Dieu (08390),/management/ville/le-mont-dieu/ville-08300,0.0,0.0,0.0,0.0,0.0,0.0,1.0,4.0,1.0,7.0,12.5,0.0,25.0,28.6,12.5,0.0,50.0,60.0
Gondreville (45490),/management/ville/gondreville/ville-45158,0.0,5.0,21.0,37.0,26.0,21.0,60.0,112.0,44.0,59.0,16.8,26.8,51.8,26.6,13.9,18.1,17.5,25.4
Ivory (39110),/management/ville/ivory/ville-39267,10.0,0.0,0.0,5.0,10.0,5.0,21.0,17.0,12.0,16.0,33.3,30.0,30.6,20.0,16.7,20.0,19.4,30.0
La Tessoualle (49280),/management/ville/la-tessoualle/ville-49343,15.0,129.0,193.0,386.0,420.0,316.0,689.0,740.0,390.0,541.0,24.6,33.7,36.7,23.8,16.6,16.4,22.1,23.8
Entrammes (53260),/management/ville/entrammes/ville-53094,15.0,40.0,149.0,324.0,314.0,299.0,446.0,489.0,288.0,406.0,22.7,31.9,37.5,21.9,17.0,18.3,22.8,26.9
Hottot-les-Bagues (14250),/management/ville/hottot-les-bagues/ville-14336,5.0,15.0,5.0,99.0,100.0,40.0,120.0,114.0,44.0,66.0,37.1,32.4,38.9,24.5,9.7,16.5,14.3,24.1
Létanne (08210),/management/ville/letanne/ville-08252,0.0,0.0,0.0,0.0,24.0,29.0,47.0,26.0,15.0,9.0,40.0,56.5,34.0,18.4,18.0,13.0,8.0,10.9
Jumièges (76480),/management/ville/jumieges/ville-76378,15.0,81.0,40.0,218.0,177.0,228.0,408.0,392.0,248.0,284.0,24.2,37.1,38.0,20.3,19.2,17.8,18.5,24.1
Feuilla (11510),/management/ville/feuilla/ville-11143,15.0,5.0,5.0,10.0,10.0,15.0,25.0,14.0,20.0,25.0,37.8,20.5,20.0,15.2,20.0,28.2,22.2,38.5
Hayange (57700),/management/ville/hayange/ville-57306,3.0,223.0,412.0,1594.0,2578.0,2244.0,4163.0,3898.0,1791.0,2172.0,29.7,39.4,37.0,24.5,16.0,13.8,17.3,18.8
Domèvre-sous-Montfort (88500),/management/ville/domevre-sous-montfort/ville-88144,5.0,0.0,0.0,0.0,10.0,5.0,15.0,14.0,5.0,11.0,27.3,39.1,45.5,16.0,13.6,8.7,13.6,34.8
Laubert (48170),/management/ville/laubert/ville-48082,24.0,5.0,5.0,0.0,19.0,10.0,22.0,32.0,10.0,17.0,27.1,29.4,45.8,25.6,10.4,14.7,16.7,26.5
Le Châtelard (73630),/management/ville/le-chatelard/ville-73081,20.0,25.0,15.0,71.0,106.0,81.0,151.0,106.0,95.0,137.0,33.2,28.4,26.7,17.1,19.0,20.2,21.1,35.0
Le Val-Larrey (21140),/management/ville/le-val-larrey/ville-21272,15.0,5.0,0.0,30.0,24.0,44.0,51.0,66.0,37.0,47.0,23.1,28.0,35.6,26.6,17.3,20.0,24.0,23.0
Laneuveville-devant-Nancy (54410),/management/ville/laneuveville-devant-nancy/ville-54300,10.0,225.0,430.0,726.0,951.0,676.0,1067.0,1245.0,824.0,1441.0,20.5,25.7,31.4,22.5,17.3,18.6,30.8,32.1
Les Églisottes-et-Chalaures (33230),/management/ville/les-eglisottes-et-chalaures/ville-33154,15.0,119.0,35.0,135.0,247.0,277.0,798.0,491.0,171.0,142.0,43.9,55.4,36.9,21.7,11.2,10.2,8.1,9.5
Eyraud-Crempse-Maurens (24130),/management/ville/eyraud-crempse-maurens/ville-24259,40.0,86.0,55.0,211.0,161.0,135.0,316.0,372.0,240.0,313.0,25.4,25.4,34.4,24.4,18.3,20.3,21.9,28.5
Le Mont-Saint-Adrien (60650),/management/ville/le-mont-saint-adrien/ville-60428,5.0,21.0,82.0,103.0,57.0,31.0,116.0,114.0,85.0,174.0,16.5,30.8,26.4,19.6,17.8,17.0,39.3,32.0
Francazal (31260),/management/ville/francazal/ville-31195,0.0,0.0,0.0,0.0,5.0,5.0,5.0,5.0,4.0,7.0,30.0,18.2,40.0,12.5,0.0,36.4,30.0,36.4
Dung (25550),/management/ville/dung/ville-25207,0.0,21.0,57.0,88.0,94.0,36.0,108.0,150.0,81.0,167.0,16.5,26.2,35.0,22.7,14.8,17.1,33.7,32.3
Gumond (19320),/management/ville/gumond/ville-19090,0.0,5.0,0.0,15.0,20.0,5.0,28.0,30.0,15.0,16.0,21.4,40.4,50.0,18.8,16.7,17.0,11.9,23.4
La Teste-de-Buch (33115),/management/ville/la-teste-de-buch/ville-33529,59.0,1146.0,1411.0,2784.0,3991.0,1988.0,5458.0,5611.0,4274.0,5520.0,22.6,29.3,30.2,23.1,20.9,20.2,26.3,26.6
Gondreville (54840),/management/ville/gondreville/ville-54232,10.0,75.0,218.0,415.0,465.0,240.0,427.0,604.0,354.0,646.0,17.1,24.7,34.2,23.6,17.7,17.2,31.0,32.5
Domèvre-sur-Avière (88390),/management/ville/domevre-sur-aviere/ville-88142,0.0,5.0,39.0,64.0,74.0,44.0,66.0,104.0,67.0,78.0,14.2,27.8,41.9,23.8,21.3,20.9,22.6,26.6
La Comelle (71990),/management/ville/la-comelle/ville-71142,31.0,10.0,10.0,15.0,10.0,15.0,31.0,43.0,31.0,52.0,10.1,29.1,31.6,21.6,26.6,12.7,31.6,34.2
Ivoy-le-Pré (18380),/management/ville/ivoy-le-pre/ville-18115,20.0,25.0,35.0,64.0,114.0,88.0,200.0,207.0,108.0,104.0,31.3,33.2,37.3,26.0,18.4,16.8,13.0,20.7
Lételon (03360),/management/ville/letelon/ville-03143,20.0,0.0,0.0,0.0,5.0,30.0,38.0,18.0,16.0,13.0,39.0,50.0,29.3,14.6,17.1,20.5,14.6,15.9
Lafarre (43490),/management/ville/lafarre/ville-43109,5.0,5.0,0.0,0.0,14.0,5.0,23.0,19.0,6.0,12.0,38.5,38.1,35.9,20.8,12.8,9.5,12.8,28.6
Gercy (02140),/management/ville/gercy/ville-02341,5.0,0.0,0.0,10.0,31.0,58.0,75.0,82.0,30.0,30.0,33.6,35.9,43.1,26.3,12.9,15.5,10.3,18.4
La Malachère (70190),/management/ville/la-malachere/ville-70326,0.0,0.0,10.0,55.0,45.0,35.0,46.0,70.0,45.0,50.0,19.6,23.9,39.2,26.3,19.6,22.9,21.6,25.7
Darazac (19220),/management/ville/darazac/ville-19069,5.0,0.0,0.0,10.0,14.0,5.0,46.0,33.0,24.0,19.0,40.7,35.5,30.5,23.0,15.3,24.2,13.6,17.7
Fontaine-les-Grès (10280),/management/ville/fontaine-les-gres/ville-10151,10.0,25.0,25.0,60.0,125.0,125.0,233.0,233.0,76.0,138.0,29.5,38.9,43.2,22.5,11.6,10.8,15.8,24.4
Entrange (57330),/management/ville/entrange/ville-57194,0.0,20.0,140.0,145.0,225.0,95.0,161.0,277.0,149.0,324.0,13.5,21.5,35.1,23.7,16.7,16.0,34.6,36.4
Gabat (64120),/management/ville/gabat/ville-64228,32.0,0.0,0.0,28.0,23.0,46.0,28.0,58.0,39.0,56.0,8.5,22.1,40.4,22.2,24.5,18.6,26.6,36.0
Hottviller (57720),/management/ville/hottviller/ville-57338,5.0,25.0,10.0,65.0,60.0,95.0,149.0,160.0,60.0,66.0,21.6,46.4,50.2,21.8,13.1,14.4,15.0,15.3
Haybes (08170),/management/ville/haybes/ville-08222,0.0,50.0,75.0,240.0,250.0,269.0,544.0,450.0,235.0,221.0,32.6,42.4,37.3,22.9,16.0,16.4,14.1,16.4
Jumigny (02160),/management/ville/jumigny/ville-02396,0.0,15.0,0.0,5.0,0.0,10.0,13.0,8.0,7.0,17.0,24.0,35.0,16.0,18.2,20.0,10.0,40.0,35.0
Ivrey (39110),/management/ville/ivrey/ville-39268,5.0,0.0,10.0,5.0,10.0,5.0,12.0,12.0,10.0,17.0,20.7,28.6,31.0,13.6,27.6,9.5,20.7,47.6
Espieilh (65130),/management/ville/espieilh/ville-65167,5.0,0.0,0.0,15.0,0.0,5.0,8.0,7.0,6.0,3.0,18.2,46.2,45.5,16.7,27.3,23.1,9.1,15.4
Laubressel (10270),/management/ville/laubressel/ville-10190,0.0,50.0,55.0,85.0,30.0,40.0,87.0,100.0,74.0,111.0,22.0,24.6,35.0,19.7,19.2,20.5,23.7,35.4
La Boissière-du-Doré (44430),/management/ville/la-boissiere-du-dore/ville-44016,19.0,15.0,30.0,106.0,230.0,250.0,191.0,232.0,149.0,140.0,24.1,29.9,39.4,24.7,18.8,23.4,17.7,21.6
Grazay (53440),/management/ville/grazay/ville-53109,30.0,10.0,35.0,86.0,56.0,101.0,130.0,122.0,72.0,102.0,27.1,33.6,37.1,19.9,15.2,18.4,20.5,27.6
Le Val-Saint-Éloi (70160),/management/ville/le-val-saint-eloi/ville-70518,0.0,5.0,0.0,5.0,5.0,15.0,21.0,30.0,9.0,24.0,18.6,31.7,46.5,21.7,9.3,12.2,25.6,31.7
Le Mont-Saint-Michel (50170),/management/ville/le-mont-saint-michel/ville-50353,0.0,0.0,0.0,5.0,20.0,0.0,3.0,2.0,3.0,16.0,0.0,21.4,20.0,0.0,10.0,14.3,70.0,64.3
Gundershoffen (67110),/management/ville/gundershoffen/ville-67176,25.0,59.0,94.0,479.0,519.0,686.0,703.0,1149.0,432.0,534.0,19.2,30.6,49.4,28.0,14.0,16.6,17.4,20.4
Le Châtelet (18170),/management/ville/le-chatelet/ville-18059,34.0,33.0,20.0,43.0,127.0,112.0,458.0,199.0,119.0,71.0,48.1,58.6,29.8,17.8,14.6,13.6,7.5,9.1
Dunière-sur-Eyrieux (07360),/management/ville/duniere-sur-eyrieux/ville-07083,0.0,10.0,25.0,65.0,60.0,45.0,119.0,84.0,46.0,96.0,31.8,37.1,27.1,20.1,12.9,13.7,28.2,27.4
Francescas (47600),/management/ville/francescas/ville-47102,46.0,36.0,25.0,45.0,82.0,102.0,273.0,147.0,89.0,100.0,37.2,51.7,31.7,16.7,14.3,15.1,16.7,16.1
Laneuveville-en-Saulnois (57590),/management/ville/laneuveville-en-saulnois/ville-57381,5.0,5.0,10.0,15.0,51.0,40.0,44.0,68.0,34.0,45.0,25.8,20.6,36.6,29.2,18.3,17.5,19.4,27.8
Gondreville (60117),/management/ville/gondreville/ville-60279,0.0,0.0,5.0,21.0,46.0,26.0,45.0,63.0,31.0,32.0,26.1,27.7,40.9,28.1,18.2,16.9,14.8,22.9
Entraunes (06470),/management/ville/entraunes/ville-06056,0.0,5.0,9.0,9.0,23.0,0.0,25.0,18.0,20.0,45.0,21.4,25.5,23.2,10.9,17.9,19.6,37.5,45.1
Feuillade (16380),/management/ville/feuillade/ville-16137,5.0,25.0,20.0,20.0,25.0,35.0,84.0,71.0,48.0,42.0,30.7,38.1,37.0,20.7,17.3,22.0,15.0,19.5
Léthuin (28700),/management/ville/lethuin/ville-28207,5.0,5.0,5.0,50.0,35.0,20.0,44.0,53.0,28.0,39.0,25.3,28.2,32.9,27.6,17.7,16.5,24.1,23.5
La Thieuloye (62130),/management/ville/la-thieuloye/ville-62813,15.0,5.0,20.0,60.0,65.0,90.0,86.0,110.0,75.0,85.0,17.2,31.3,38.9,22.6,20.0,22.2,23.9,23.9
Houchin (62620),/management/ville/houchin/ville-62456,0.0,30.0,50.0,100.0,100.0,65.0,141.0,143.0,100.0,151.0,21.9,30.5,32.0,21.3,18.4,19.0,27.7,28.7
Darbonnay (39230),/management/ville/darbonnay/ville-39191,0.0,30.0,0.0,0.0,5.0,20.0,22.0,15.0,14.0,14.0,32.4,35.7,35.1,10.0,10.8,35.7,21.6,21.4
Gerde (65200),/management/ville/gerde/ville-65198,10.0,45.0,30.0,160.0,110.0,85.0,265.0,237.0,147.0,296.0,20.7,34.5,32.3,18.0,17.3,14.1,29.8,32.7
La Compôte (73630),/management/ville/la-compote/ville-73090,10.0,5.0,15.0,30.0,10.0,35.0,62.0,60.0,34.0,35.0,29.5,35.4,40.0,21.8,17.9,17.7,12.6,24.0
Lafat (23800),/management/ville/lafat/ville-23103,20.0,15.0,10.0,20.0,35.0,35.0,161.0,74.0,41.0,34.0,46.1,57.4,30.5,16.4,15.6,11.0,7.8,14.2
Eyrein (19800),/management/ville/eyrein/ville-19081,5.0,20.0,25.0,46.0,54.0,75.0,145.0,122.0,68.0,72.0,28.3,42.1,39.3,20.7,16.8,16.7,15.7,19.4
Fontaine-lès-Hermans (62550),/management/ville/fontaine-les-hermans/ville-62344,0.0,0.0,0.0,10.0,16.0,26.0,26.0,17.0,17.0,18.0,27.8,41.0,30.6,14.3,19.4,23.1,22.2,23.1
La Malène (48210),/management/ville/la-malene/ville-48088,10.0,5.0,16.0,21.0,10.0,5.0,33.0,29.0,27.0,28.0,27.6,30.0,36.2,15.1,20.7,25.0,15.5,31.7
Domèvre-sur-Durbion (88330),/management/ville/domevre-sur-durbion/ville-88143,5.0,5.0,15.0,36.0,46.0,36.0,60.0,56.0,46.0,40.0,25.7,33.3,34.7,20.8,24.8,21.6,14.9,24.5
Gondrexange (57815),/management/ville/gondrexange/ville-57253,14.0,10.0,14.0,43.0,106.0,72.0,100.0,158.0,67.0,54.0,21.7,31.3,46.5,30.0,20.7,14.3,11.1,17.6
Les Éparges (55160),/management/ville/les-eparges/ville-55172,5.0,0.0,11.0,0.0,11.0,5.0,17.0,20.0,10.0,13.0,20.7,37.9,48.3,19.4,17.2,13.8,13.8,27.6
Jumilhac-le-Grand (24630),/management/ville/jumilhac-le-grand/ville-24218,40.0,45.0,25.0,75.0,183.0,144.0,414.0,253.0,133.0,212.0,38.9,42.8,30.1,18.9,12.0,14.3,19.1,23.0
La Boissière-École (78125),/management/ville/la-boissiere-ecole/ville-78077,0.0,41.0,41.0,96.0,117.0,60.0,120.0,102.0,105.0,204.0,19.2,26.2,24.6,14.8,18.5,21.1,37.7,39.1
Gundolsheim (68250),/management/ville/gundolsheim/ville-68116,20.0,15.0,74.0,125.0,49.0,85.0,94.0,179.0,87.0,183.0,11.6,22.9,38.0,24.6,17.4,14.7,33.0,34.6
Espiens (47600),/management/ville/espiens/ville-47090,10.0,15.0,36.0,26.0,51.0,10.0,70.0,85.0,51.0,69.0,27.7,23.5,30.5,26.9,20.6,16.2,21.3,29.4
Le Montat (46090),/management/ville/le-montat/ville-46197,10.0,50.0,80.0,124.0,164.0,100.0,183.0,196.0,185.0,198.0,22.6,25.4,32.4,21.0,20.7,27.7,24.2,27.7
Laubrières (53540),/management/ville/laubrieres/ville-53128,30.0,0.0,5.0,15.0,40.0,60.0,84.0,64.0,43.0,44.0,36.1,35.3,31.1,22.3,17.6,19.0,15.1,22.4
Hayes (57530),/management/ville/hayes/ville-57307,0.0,15.0,25.0,40.0,35.0,15.0,32.0,46.0,34.0,44.0,15.7,26.0,41.0,17.6,20.5,23.3,22.9,34.2
La Thuile (73190),/management/ville/la-thuile/ville-73294,0.0,15.0,40.0,15.0,50.0,20.0,43.0,56.0,47.0,75.0,14.4,25.2,34.7,15.6,21.2,21.4,29.7,38.8
Gréalou (46160),/management/ville/grealou/ville-46129,15.0,5.0,5.0,24.0,44.0,10.0,60.0,63.0,44.0,51.0,25.2,30.0,32.7,25.0,15.9,23.6,26.2,20.9
Francheleins (01090),/management/ville/francheleins/ville-01165,10.0,36.0,137.0,269.0,209.0,168.0,240.0,318.0,204.0,298.0,20.6,24.8,34.2,24.7,16.6,22.1,28.6,27.6
Lafauche (52700),/management/ville/lafauche/ville-52256,5.0,5.0,0.0,10.0,5.0,0.0,34.0,13.0,7.0,3.0,58.6,60.7,34.5,12.0,3.4,21.4,3.4,7.1
Dunières (43220),/management/ville/dunieres/ville-43087,44.0,123.0,74.0,251.0,258.0,500.0,869.0,585.0,365.0,338.0,37.1,43.5,32.8,20.7,15.9,17.9,14.2,17.2
Le Châtelet-en-Brie (77820),/management/ville/le-chatelet-en-brie/ville-77100,0.0,110.0,320.0,630.0,600.0,516.0,930.0,953.0,594.0,805.0,25.4,31.1,33.4,23.3,18.3,17.8,22.8,26.1
Laneuveville-lès-Lorquin (57790),/management/ville/laneuveville-les-lorquin/ville-57380,0.0,0.0,0.0,26.0,15.0,21.0,20.0,34.0,15.0,20.0,16.7,26.7,50.0,27.7,9.5,24.4,23.8,20.0
Gabian (34320),/management/ville/gabian/ville-34109,10.0,25.0,35.0,55.0,100.0,80.0,192.0,192.0,125.0,151.0,28.9,29.3,32.8,24.6,17.0,20.6,21.3,24.2
Ivry-la-Bataille (27540),/management/ville/ivry-la-bataille/ville-27355,15.0,85.0,116.0,357.0,451.0,407.0,754.0,612.0,379.0,325.0,31.0,41.1,35.6,22.9,18.6,18.1,14.7,16.4
Entraygues-sur-Truyère (12140),/management/ville/entraygues-sur-truyere/ville-12094,20.0,76.0,25.0,51.0,117.0,76.0,425.0,196.0,133.0,148.0,41.3,52.4,29.5,14.9,14.3,15.0,15.0,17.7
La Comté (62150),/management/ville/la-comte/ville-62232,0.0,25.0,25.0,131.0,106.0,121.0,183.0,199.0,128.0,145.0,25.2,30.7,37.1,23.4,16.6,22.5,21.2,23.1
Feuillères (80200),/management/ville/feuilleres/ville-80307,5.0,10.0,0.0,0.0,35.0,10.0,32.0,24.0,19.0,28.0,28.8,33.3,28.8,18.0,17.3,19.6,25.0,29.4
Gerderest (64160),/management/ville/gerderest/ville-64239,15.0,5.0,0.0,39.0,24.0,0.0,20.0,28.0,21.0,27.0,17.3,25.0,32.7,23.5,25.0,18.8,25.0,31.3
Darbres (07170),/management/ville/darbres/ville-07077,19.0,10.0,15.0,19.0,19.0,19.0,43.0,52.0,29.0,51.0,24.4,24.4,38.4,21.2,11.6,22.1,25.6,32.6
Eyres-Moncube (40500),/management/ville/eyres-moncube/ville-40098,0.0,15.0,15.0,67.0,46.0,36.0,63.0,76.0,59.0,81.0,18.6,26.2,34.9,21.5,17.8,24.2,28.7,28.9
Fontaine-lès-Luxeuil (70800),/management/ville/fontaine-les-luxeuil/ville-70240,5.0,40.0,45.0,120.0,155.0,250.0,393.0,363.0,117.0,150.0,29.7,46.8,46.0,22.3,11.2,11.7,13.1,16.1
Letia (20160),/management/ville/letia/ville-2A141,7.0,4.0,9.0,8.0,19.0,11.0,31.0,22.0,24.0,31.0,31.7,25.0,19.0,22.0,19.0,27.3,30.2,27.3
Le Val-Saint-Germain (91530),/management/ville/le-val-saint-germain/ville-91630,0.0,64.0,202.0,291.0,99.0,74.0,200.0,215.0,174.0,480.0,17.2,20.3,22.2,18.1,14.4,18.1,46.2,43.6
Houdain (62150),/management/ville/houdain/ville-62457,10.0,84.0,282.0,583.0,885.0,891.0,2039.0,1685.0,847.0,732.0,28.7,46.9,40.7,22.1,17.5,14.7,13.2,14.3
Laucourt (80700),/management/ville/laucourt/ville-80467,0.0,0.0,5.0,20.0,45.0,45.0,49.0,52.0,20.0,24.0,32.9,34.7,42.5,25.0,15.1,12.5,9.6,23.6
La Tieule (48500),/management/ville/la-tieule/ville-48191,15.0,0.0,0.0,10.0,10.0,5.0,15.0,20.0,13.0,15.0,21.6,25.9,37.8,25.0,18.9,22.2,21.6,25.9
La Malhoure (22640),/management/ville/la-malhoure/ville-22140,0.0,15.0,63.0,82.0,82.0,92.0,79.0,128.0,101.0,98.0,18.3,20.6,38.1,26.3,19.8,29.9,23.8,24.5
Les Éparres (38300),/management/ville/les-eparres/ville-38156,0.0,21.0,46.0,108.0,137.0,137.0,213.0,233.0,112.0,155.0,29.3,30.7,37.5,24.9,15.3,15.7,17.9,25.7
Gondrexon (54450),/management/ville/gondrexon/ville-54233,11.0,0.0,0.0,0.0,5.0,0.0,6.0,4.0,7.0,12.0,14.3,28.6,14.3,13.3,42.9,7.1,28.6,50.0
La Boissière-en-Gâtine (79310),/management/ville/la-boissiere-en-gatine/ville-79040,10.0,15.0,5.0,10.0,35.0,16.0,66.0,55.0,40.0,30.0,28.3,41.9,37.4,19.8,20.2,21.5,14.1,17.2
Espiet (33420),/management/ville/espiet/ville-33157,20.0,20.0,55.0,160.0,65.0,95.0,107.0,188.0,93.0,150.0,17.4,22.4,39.6,27.0,16.3,18.3,26.7,29.1
Junas (30250),/management/ville/junas/ville-30136,15.0,39.0,87.0,160.0,174.0,58.0,185.0,195.0,130.0,293.0,20.8,24.9,30.0,19.0,14.2,17.8,35.0,38.0
Haynecourt (59268),/management/ville/haynecourt/ville-59294,0.0,5.0,19.0,41.0,49.0,39.0,52.0,59.0,50.0,56.0,19.3,27.9,32.1,22.3,24.8,21.6,23.9,27.9
Le Monteil (15240),/management/ville/le-monteil/ville-15131,24.0,10.0,5.0,20.0,39.0,34.0,78.0,63.0,51.0,34.0,26.5,42.5,38.9,18.5,22.1,22.1,12.4,17.7
Entre-Deux (97414),/management/ville/entre-deux/ville-97403,58.0,225.0,166.0,693.0,1204.0,815.0,2508.0,901.0,672.0,738.0,49.0,54.9,23.1,14.5,14.2,13.7,13.7,16.8
Espinas (82160),/management/ville/espinas/ville-82056,5.0,15.0,10.0,20.0,20.0,10.0,40.0,41.0,26.0,37.0,29.5,25.8,35.9,21.7,9.0,28.8,25.6,25.8
Laféline (03500),/management/ville/lafeline/ville-03134,16.0,0.0,16.0,5.0,26.0,32.0,41.0,53.0,34.0,33.0,22.6,28.6,45.2,21.1,15.5,27.3,16.7,24.7
Laneuville-à-Rémy (52220),/management/ville/laneuville-a-remy/ville-52266,5.0,0.0,0.0,10.0,5.0,5.0,18.0,13.0,7.0,9.0,33.3,45.0,37.0,15.8,11.1,20.0,18.5,20.0
Feule (25190),/management/ville/feule/ville-25239,0.0,5.0,0.0,20.0,20.0,35.0,48.0,36.0,23.0,26.0,30.9,41.5,30.9,21.4,19.1,15.4,19.1,20.0
Gréasque (13850),/management/ville/greasque/ville-13046,0.0,78.0,404.0,645.0,507.0,266.0,922.0,687.0,529.0,993.0,27.1,31.6,25.6,18.4,16.0,17.7,31.3,32.2
Dunkerque (59140),/management/ville/dunkerque/ville-59183,29.0,1468.0,4054.0,9351.0,12119.0,10814.0,22842.0,16860.0,10882.0,15344.0,28.6,39.9,30.8,20.0,16.8,16.2,23.7,22.9
La Condamine-Châtelard (04530),/management/ville/la-condamine-chatelard/ville-04062,0.0,25.0,0.0,30.0,15.0,15.0,28.0,38.0,22.0,35.0,22.6,23.0,37.1,23.1,17.7,18.0,22.6,34.4
Franchesse (03160),/management/ville/franchesse/ville-03117,34.0,15.0,5.0,29.0,39.0,39.0,101.0,116.0,72.0,74.0,23.7,32.9,40.2,22.8,17.0,22.8,19.1,21.6
Eyroles (26110),/management/ville/eyroles/ville-26130,6.0,0.0,0.0,0.0,0.0,0.0,7.0,7.0,1.0,10.0,37.5,11.1,37.5,11.1,0.0,11.1,25.0,66.7
Darcey (21150),/management/ville/darcey/ville-21226,0.0,25.0,10.0,20.0,50.0,30.0,78.0,84.0,39.0,41.0,22.7,41.5,46.2,21.6,17.6,14.6,13.4,20.3
Le Châtelet-sur-Meuse (52400),/management/ville/le-chatelet-sur-meuse/ville-52400,0.0,5.0,5.0,15.0,26.0,31.0,38.0,38.0,24.0,22.0,23.8,40.4,36.5,23.8,22.2,15.8,17.5,17.5
Gungwiller (67320),/management/ville/gungwiller/ville-67178,0.0,5.0,20.0,5.0,40.0,54.0,72.0,77.0,31.0,33.0,27.2,40.0,44.7,25.2,12.6,16.4,15.5,15.5
Le Monteil (43700),/management/ville/le-monteil/ville-43140,5.0,20.0,50.0,125.0,70.0,45.0,110.0,153.0,109.0,117.0,23.0,22.0,38.5,23.7,22.1,22.4,16.4,31.4
Domèvre-sur-Vezouze (54450),/management/ville/domevre-sur-vezouze/ville-54161,0.0,25.0,25.0,15.0,50.0,30.0,70.0,68.0,41.0,34.0,32.1,33.6,35.8,25.4,20.8,17.8,11.3,20.6
Gabillou (24210),/management/ville/gabillou/ville-24192,10.0,5.0,5.0,0.0,0.0,0.0,24.0,18.0,12.0,26.0,30.8,29.3,23.1,20.9,12.8,17.1,33.3,31.7
Le Val-Saint-Père (50300),/management/ville/le-val-saint-pere/ville-50616,5.0,80.0,181.0,337.0,241.0,101.0,386.0,411.0,226.0,480.0,23.6,27.9,32.2,21.2,14.2,15.9,30.1,33.6
Entre-deux-Eaux (88650),/management/ville/entre-deux-eaux/ville-88159,0.0,5.0,25.0,65.0,75.0,55.0,95.0,129.0,66.0,86.0,23.8,26.7,38.1,26.3,20.6,14.4,17.5,28.3
Gère-Bélesten (64260),/management/ville/gere-belesten/ville-64240,5.0,0.0,16.0,16.0,5.0,31.0,48.0,58.0,28.0,35.0,26.6,29.7,43.0,24.5,13.9,18.7,16.5,25.3
Les Epesses (85590),/management/ville/les-epesses/ville-85082,39.0,88.0,132.0,314.0,348.0,583.0,567.0,575.0,403.0,496.0,21.5,34.3,36.6,19.6,19.2,20.4,22.7,25.9
Fontaine-les-Ribouts (28170),/management/ville/fontaine-les-ribouts/ville-28155,0.0,0.0,15.0,30.0,30.0,20.0,49.0,47.0,29.0,29.0,29.9,33.8,33.8,24.4,22.1,15.6,14.3,23.4
Laudrefang (57385),/management/ville/laudrefang/ville-57386,5.0,30.0,30.0,50.0,40.0,40.0,56.0,88.0,53.0,64.0,12.1,29.5,43.5,22.9,25.8,15.1,18.5,30.2
La Tombe (77130),/management/ville/la-tombe/ville-77467,0.0,5.0,5.0,41.0,46.0,41.0,52.0,57.0,32.0,34.0,25.6,34.5,44.2,21.3,16.3,19.5,14.0,24.1
La Bollène-Vésubie (06450),/management/ville/la-bollene-vesubie/ville-06020,0.0,50.0,15.0,35.0,125.0,65.0,113.0,155.0,79.0,103.0,20.4,29.8,41.8,25.3,15.1,20.0,22.7,23.1
Houdain-lez-Bavay (59570),/management/ville/houdain-lez-bavay/ville-59315,10.0,25.0,55.0,134.0,89.0,84.0,192.0,155.0,113.0,194.0,26.6,32.1,30.1,17.5,17.2,17.3,26.0,33.0
Hazebrouck (59190),/management/ville/hazebrouck/ville-59295,66.0,405.0,870.0,2165.0,3115.0,2865.0,5845.0,4132.0,2610.0,3307.0,30.9,41.9,31.4,20.2,17.3,15.7,20.5,21.1
La Malmaison (02190),/management/ville/la-malmaison/ville-02454,15.0,0.0,10.0,55.0,40.0,65.0,84.0,85.0,49.0,60.0,27.9,32.4,34.3,24.7,16.4,19.1,21.4,22.1
Ivry-le-Temple (60173),/management/ville/ivry-le-temple/ville-60321,0.0,0.0,70.0,135.0,87.0,92.0,153.0,152.0,87.0,139.0,25.2,32.0,35.0,21.6,15.0,17.6,24.8,27.7
Létra (69620),/management/ville/letra/ville-69113,15.0,55.0,50.0,145.0,90.0,85.0,237.0,178.0,96.0,172.0,34.9,34.5,31.0,19.6,12.2,16.1,21.9,28.9
Gondrin (32330),/management/ville/gondrin/ville-32149,49.0,39.0,49.0,94.0,148.0,163.0,321.0,281.0,168.0,173.0,28.4,38.8,36.0,23.3,15.8,19.5,19.7,17.3
Junay (89700),/management/ville/junay/ville-89211,6.0,0.0,6.0,12.0,12.0,6.0,28.0,24.0,13.0,13.0,25.6,45.0,38.5,22.7,17.9,15.0,17.9,15.0
Laferté-sur-Amance (52500),/management/ville/laferte-sur-amance/ville-52257,0.0,0.0,0.0,10.0,5.0,20.0,34.0,21.0,16.0,18.0,48.7,30.0,23.1,24.0,10.3,24.0,17.9,22.0
Eysines (33320),/management/ville/eysines/ville-33162,12.0,706.0,1820.0,3186.0,3688.0,2203.0,4009.0,4135.0,3346.0,5498.0,21.8,25.2,26.9,21.9,18.2,21.0,33.1,31.7
Espinasse (15110),/management/ville/espinasse/ville-15065,10.0,0.0,5.0,5.0,10.0,15.0,32.0,10.0,11.0,9.0,45.2,56.7,22.6,10.3,22.6,13.3,9.7,20.0
Laneuville-au-Pont (52100),/management/ville/laneuville-au-pont/ville-52267,0.0,0.0,10.0,26.0,37.0,31.0,54.0,46.0,20.0,33.0,29.5,41.3,41.0,17.7,11.5,13.3,17.9,26.7
Duntzenheim (67270),/management/ville/duntzenheim/ville-67107,5.0,25.0,65.0,125.0,80.0,60.0,115.0,133.0,88.0,135.0,20.0,28.8,31.1,23.3,21.3,16.1,27.7,29.7
Francheval (08140),/management/ville/francheval/ville-08179,0.0,10.0,35.0,65.0,80.0,156.0,171.0,143.0,68.0,88.0,32.5,39.8,36.8,22.3,14.0,14.9,16.7,20.7
La Copechagnière (85260),/management/ville/la-copechagniere/ville-85072,20.0,15.0,25.0,99.0,129.0,223.0,145.0,258.0,137.0,140.0,15.5,27.4,47.4,26.0,20.1,20.2,17.0,24.4
Dardenac (33420),/management/ville/dardenac/ville-33148,0.0,0.0,5.0,10.0,15.0,5.0,10.0,28.0,15.0,10.0,18.2,13.3,42.4,36.8,27.3,20.0,12.1,20.0
Le Châtelet-sur-Retourne (08300),/management/ville/le-chatelet-sur-retourne/ville-08111,5.0,25.0,25.0,141.0,121.0,85.0,118.0,157.0,83.0,178.0,20.1,24.0,36.1,20.3,19.0,12.0,24.9,41.6
Le Monteil-au-Vicomte (23460),/management/ville/le-monteil-au-vicomte/ville-23134,10.0,0.0,5.0,5.0,15.0,30.0,85.0,41.0,26.0,15.0,45.8,56.0,30.1,18.4,15.7,15.5,8.4,9.5
Gunsbach (68140),/management/ville/gunsbach/ville-68117,10.0,36.0,46.0,163.0,127.0,91.0,162.0,256.0,128.0,180.0,15.5,28.5,44.8,24.8,16.1,19.0,23.6,25.9
Feuquières (60960),/management/ville/feuquieres/ville-60233,0.0,10.0,10.0,62.0,177.0,348.0,452.0,365.0,135.0,95.0,39.3,47.0,40.4,25.3,13.0,13.0,7.4,10.6
La Mancelière (28270),/management/ville/la-manceliere/ville-28231,5.0,10.0,10.0,30.0,20.0,35.0,41.0,48.0,23.0,24.0,32.4,27.4,37.8,28.2,16.2,17.7,13.5,22.6
Domeyrat (43230),/management/ville/domeyrat/ville-43086,0.0,5.0,15.0,25.0,15.0,15.0,44.0,40.0,28.0,36.0,25.7,33.3,35.7,19.2,18.6,19.2,20.0,28.2
Grébault-Mesnil (80140),/management/ville/grebault-mesnil/ville-80388,5.0,10.0,15.0,20.0,30.0,35.0,42.0,44.0,22.0,42.0,25.3,31.1,31.6,24.1,13.9,14.9,29.1,27.0
Gergny (02260),/management/ville/gergny/ville-02342,10.0,10.0,0.0,15.0,15.0,5.0,32.0,28.0,28.0,13.0,24.1,40.4,33.3,20.8,35.2,19.1,7.4,19.1
La Bonneville (50360),/management/ville/la-bonneville/ville-50064,11.0,5.0,0.0,11.0,27.0,16.0,46.0,41.0,21.0,28.0,23.6,45.2,36.1,20.5,22.2,6.5,18.1,24.2
Houdan (78550),/management/ville/houdan/ville-78310,5.0,84.0,329.0,551.0,583.0,271.0,857.0,561.0,496.0,838.0,28.3,33.6,26.5,15.6,17.9,18.2,27.2,33.2
Entre-deux-Guiers (38380),/management/ville/entre-deux-guiers/ville-38155,0.0,60.0,91.0,135.0,281.0,139.0,439.0,328.0,205.0,294.0,30.1,39.0,31.3,19.7,17.6,14.9,21.1,25.3
Fontaine-lès-Vervins (02140),/management/ville/fontaine-les-vervins/ville-02321,10.0,15.0,64.0,69.0,138.0,151.0,234.0,145.0,115.0,150.0,31.7,40.5,28.5,17.2,19.1,16.7,20.7,25.6
Juncalas (65100),/management/ville/juncalas/ville-65237,0.0,11.0,5.0,16.0,32.0,11.0,35.0,45.0,19.0,34.0,22.8,28.6,38.6,25.6,17.5,13.0,21.1,28.6
Laudun-l'Ardoise (30290),/management/ville/laudun-l-ardoise/ville-30141,40.0,173.0,346.0,657.0,1371.0,642.0,1328.0,1158.0,842.0,1335.0,26.5,30.9,26.5,21.6,18.8,17.2,28.2,29.1
Laferté-sur-Aube (52120),/management/ville/laferte-sur-aube/ville-52258,0.0,0.0,9.0,10.0,65.0,65.0,131.0,86.0,35.0,20.0,43.7,52.6,37.8,23.0,11.1,14.6,7.4,7.3
Le Valtin (88230),/management/ville/le-valtin/ville-88492,0.0,10.0,0.0,0.0,5.0,10.0,17.0,15.0,14.0,16.0,25.0,30.8,33.3,14.3,16.7,30.8,25.0,26.9
Létricourt (54610),/management/ville/letricourt/ville-54313,5.0,0.0,21.0,62.0,26.0,10.0,27.0,49.0,34.0,45.0,14.3,19.2,42.9,21.6,18.2,25.6,24.7,34.6
La Touche (26160),/management/ville/la-touche/ville-26352,15.0,5.0,20.0,31.0,26.0,31.0,42.0,43.0,42.0,59.0,22.1,22.2,27.4,19.5,22.1,22.2,28.4,36.7
Gonesse (95500),/management/ville/gonesse/ville-95277,16.0,452.0,1005.0,2730.0,4792.0,3107.0,6758.0,3695.0,3283.0,3731.0,38.5,38.8,23.1,19.4,18.2,19.4,20.3,22.4
Les Essards (16210),/management/ville/les-essards/ville-16130,5.0,0.0,0.0,30.0,10.0,15.0,69.0,50.0,19.0,17.0,35.5,53.2,43.4,19.1,15.8,8.9,5.3,16.5
Gabre (09290),/management/ville/gabre/ville-09127,10.0,5.0,0.0,10.0,10.0,14.0,17.0,24.0,16.0,32.0,16.7,22.4,35.7,18.4,19.0,18.4,28.6,40.8
Ivry-sur-Seine (94200),/management/ville/ivry-sur-seine/ville-94041,1.0,1275.0,6632.0,7644.0,9580.0,5311.0,13684.0,6494.0,6418.0,15373.0,32.1,33.1,16.5,14.5,15.8,14.8,35.5,37.7
Franchevelle (70200),/management/ville/franchevelle/ville-70250,10.0,20.0,15.0,56.0,98.0,56.0,94.0,84.0,62.0,75.0,25.5,34.0,27.3,23.3,25.5,13.7,21.7,26.1
Eysson (25530),/management/ville/eysson/ville-25231,5.0,16.0,0.0,10.0,16.0,10.0,25.0,32.0,11.0,15.0,19.6,44.4,47.8,23.3,17.4,8.3,15.2,19.4
La Coquille (24450),/management/ville/la-coquille/ville-24133,0.0,75.0,15.0,90.0,145.0,138.0,437.0,300.0,150.0,249.0,31.7,43.9,34.9,18.3,15.1,11.6,18.3,24.7
Espinasse (63390),/management/ville/espinasse/ville-63152,10.0,25.0,10.0,30.0,25.0,10.0,85.0,70.0,40.0,48.0,38.5,31.7,30.8,25.0,13.7,19.0,17.1,22.2
Duppigheim (67120),/management/ville/duppigheim/ville-67108,5.0,35.0,89.0,242.0,202.0,232.0,251.0,434.0,211.0,315.0,19.2,22.1,38.7,28.2,19.3,15.6,22.8,29.2
Houdancourt (60710),/management/ville/houdancourt/ville-60318,10.0,20.0,36.0,107.0,76.0,66.0,118.0,122.0,91.0,144.0,23.8,26.1,31.6,20.3,16.5,21.6,28.1,32.2
Laugnac (47360),/management/ville/laugnac/ville-47140,14.0,14.0,24.0,67.0,120.0,67.0,119.0,143.0,72.0,150.0,21.5,28.0,39.7,18.4,13.8,15.7,25.1,37.3
Le Châtelet-sur-Sormonne (08150),/management/ville/le-chatelet-sur-sormonne/ville-08110,0.0,5.0,0.0,5.0,35.0,30.0,53.0,38.0,15.0,26.0,37.9,42.4,37.9,18.1,12.1,10.6,12.1,27.3
Le Montellier (01800),/management/ville/le-montellier/ville-01260,20.0,26.0,15.0,46.0,41.0,26.0,40.0,58.0,39.0,75.0,14.0,24.0,34.6,19.8,17.8,18.3,33.6,37.5
Gunstett (67360),/management/ville/gunstett/ville-67177,0.0,5.0,29.0,63.0,79.0,137.0,139.0,187.0,82.0,103.0,19.9,34.4,44.9,25.3,16.0,16.0,19.1,21.1
Dardez (27930),/management/ville/dardez/ville-27200,5.0,0.0,0.0,20.0,20.0,35.0,17.0,41.0,19.0,39.0,15.0,14.3,38.3,28.1,15.0,17.9,31.7,35.7
La Bonneville-sur-Iton (27190),/management/ville/la-bonneville-sur-iton/ville-27082,0.0,26.0,87.0,236.0,379.0,333.0,480.0,548.0,269.0,314.0,26.0,33.3,40.7,25.4,15.4,18.0,18.0,20.8
Fontaine-Mâcon (10400),/management/ville/fontaine-macon/ville-10153,24.0,16.0,21.0,61.0,82.0,127.0,151.0,143.0,80.0,84.0,31.8,34.1,37.3,23.6,15.5,19.9,15.5,21.2
Gredisans (39290),/management/ville/gredisans/ville-39262,0.0,5.0,15.0,15.0,10.0,5.0,34.0,32.0,13.0,27.0,25.9,38.2,35.2,22.2,13.0,10.9,25.9,25.5
Feuquières-en-Vimeu (80210),/management/ville/feuquieres-en-vimeu/ville-80308,0.0,25.0,55.0,210.0,304.0,514.0,898.0,582.0,271.0,247.0,39.1,50.6,35.7,20.8,13.9,13.2,11.3,13.3
Entre-deux-Monts (39150),/management/ville/entre-deux-monts/ville-39208,15.0,0.0,15.0,15.0,5.0,15.0,29.0,27.0,19.0,32.0,30.2,24.1,24.5,24.1,17.0,18.5,28.3,31.5
Domeyrot (23140),/management/ville/domeyrot/ville-23072,0.0,14.0,14.0,10.0,5.0,24.0,41.0,59.0,28.0,44.0,18.8,28.3,37.5,26.1,22.5,10.9,21.3,29.3
Jungholtz (68500),/management/ville/jungholtz/ville-68159,0.0,15.0,70.0,155.0,145.0,95.0,139.0,208.0,96.0,249.0,16.5,23.8,34.2,22.9,14.0,13.8,35.3,36.8
La Marche (58400),/management/ville/la-marche/ville-58155,10.0,15.0,10.0,94.0,59.0,30.0,109.0,136.0,74.0,121.0,20.3,28.9,39.6,21.7,16.4,17.7,23.7,30.6
Gergueil (21410),/management/ville/gergueil/ville-21293,0.0,0.0,5.0,26.0,15.0,31.0,19.0,43.0,16.0,18.0,18.0,21.7,50.0,31.6,18.0,15.2,14.0,23.9
Laneuville-au-Rupt (55190),/management/ville/laneuville-au-rupt/ville-55278,0.0,5.0,0.0,10.0,31.0,41.0,41.0,51.0,23.0,15.0,22.2,40.3,50.8,26.4,14.3,20.9,12.7,10.4
Hazembourg (57430),/management/ville/hazembourg/ville-57308,10.0,5.0,0.0,20.0,5.0,15.0,30.0,40.0,14.0,17.0,20.0,38.0,60.0,19.2,12.0,16.0,8.0,26.0
La Tour (06420),/management/ville/la-tour/ville-06144,0.0,5.0,41.0,61.0,66.0,46.0,150.0,112.0,78.0,108.0,29.5,36.8,33.3,18.2,13.8,20.9,23.3,24.7
Houdelaincourt (55130),/management/ville/houdelaincourt/ville-55248,0.0,11.0,16.0,0.0,37.0,42.0,90.0,84.0,36.0,44.0,30.2,41.1,43.7,21.8,8.7,19.4,17.5,17.1
Gonez (65350),/management/ville/gonez/ville-65204,5.0,0.0,0.0,10.0,0.0,0.0,8.0,4.0,3.0,5.0,27.3,55.6,36.4,0.0,18.2,11.1,18.2,33.3
Fontaine-Notre-Dame (02110),/management/ville/fontaine-notre-dame/ville-02322,10.0,20.0,30.0,35.0,45.0,45.0,91.0,85.0,39.0,74.0,27.5,35.4,35.9,20.9,14.8,12.2,21.8,29.3
Letteguives (27910),/management/ville/letteguives/ville-27366,0.0,15.0,5.0,49.0,10.0,15.0,32.0,36.0,28.0,41.0,21.7,25.4,29.0,22.4,24.6,16.9,24.6,33.8
Gabriac (12340),/management/ville/gabriac/ville-12106,40.0,25.0,30.0,40.0,55.0,20.0,125.0,110.0,52.0,95.0,28.9,36.8,38.6,17.6,12.7,14.8,19.8,30.2
Iwuy (59141),/management/ville/iwuy/ville-59322,5.0,60.0,116.0,348.0,439.0,505.0,927.0,710.0,360.0,397.0,33.3,44.0,35.8,21.7,15.0,15.1,15.8,17.3
Les Essards (17250),/management/ville/les-essards/ville-17154,0.0,35.0,5.0,136.0,81.0,55.0,132.0,154.0,110.0,115.0,25.3,26.6,33.2,26.1,20.2,22.4,21.3,23.6
Francheville (21440),/management/ville/francheville/ville-21284,10.0,0.0,20.0,45.0,35.0,20.0,32.0,56.0,35.0,71.0,16.0,17.0,34.0,22.4,17.0,19.1,33.0,40.4
Le Vanneau-Irleau (79270),/management/ville/le-vanneau-irleau/ville-79337,10.0,40.0,35.0,60.0,156.0,105.0,197.0,191.0,121.0,155.0,25.7,33.8,36.3,20.9,17.5,18.7,20.5,26.0
La Marne (44270),/management/ville/la-marne/ville-44090,20.0,45.0,55.0,120.0,235.0,335.0,221.0,404.0,213.0,186.0,20.2,23.1,44.0,30.3,21.5,20.1,14.4,22.1
Laujuzan (32110),/management/ville/laujuzan/ville-32202,20.0,5.0,5.0,20.0,44.0,39.0,71.0,62.0,35.0,49.0,31.8,32.7,32.7,22.2,18.2,15.0,17.3,28.0
La Corbière (70300),/management/ville/la-corbiere/ville-70172,5.0,5.0,5.0,5.0,15.0,20.0,23.0,27.0,15.0,16.0,29.5,27.0,43.2,22.2,13.6,24.3,13.6,27.0
Espinasse-Vozelle (03110),/management/ville/espinasse-vozelle/ville-03110,16.0,31.0,63.0,130.0,151.0,115.0,196.0,212.0,150.0,180.0,20.9,31.5,36.7,21.1,22.1,18.7,20.3,27.9
Eysus (64400),/management/ville/eysus/ville-64224,9.0,15.0,22.0,99.0,78.0,102.0,113.0,183.0,93.0,126.0,14.3,28.9,43.4,25.1,20.3,16.0,21.9,27.0
La Bosse (25210),/management/ville/la-bosse/ville-25077,15.0,0.0,0.0,5.0,5.0,30.0,18.0,18.0,14.0,7.0,34.4,28.0,28.1,34.6,18.8,32.0,18.8,4.0
Feurs (42110),/management/ville/feurs/ville-42094,15.0,206.0,291.0,768.0,1000.0,909.0,2781.0,1744.0,820.0,1028.0,36.1,49.9,34.6,19.8,12.5,13.2,16.9,15.5
Laneuville-sur-Meuse (55700),/management/ville/laneuville-sur-meuse/ville-55279,10.0,5.0,5.0,25.0,65.0,70.0,148.0,95.0,52.0,30.0,36.8,53.5,38.2,19.7,17.8,14.5,7.2,11.0
Gréez-sur-Roc (72320),/management/ville/greez-sur-roc/ville-72144,15.0,15.0,5.0,15.0,19.0,33.0,143.0,68.0,43.0,33.0,47.1,52.6,28.1,18.7,12.4,18.0,12.4,10.5
Gergy (71590),/management/ville/gergy/ville-71215,30.0,93.0,59.0,295.0,382.0,406.0,579.0,627.0,330.0,355.0,24.8,36.3,41.4,23.4,17.5,17.4,16.3,21.1
Fontaine-Notre-Dame (59400),/management/ville/fontaine-notre-dame/ville-59244,15.0,65.0,70.0,185.0,275.0,245.0,389.0,346.0,245.0,315.0,27.3,32.7,30.1,22.2,19.7,18.1,22.8,25.8
Le Montet (03240),/management/ville/le-montet/ville-03183,0.0,15.0,5.0,25.0,40.0,55.0,169.0,127.0,48.0,50.0,37.0,48.1,38.7,23.4,11.6,12.6,12.7,12.6
Le Chateley (39230),/management/ville/le-chateley/ville-39119,0.0,0.0,10.0,5.0,0.0,20.0,25.0,21.0,12.0,11.0,28.6,44.1,42.9,17.6,17.1,17.6,11.4,20.6
Junhac (15120),/management/ville/junhac/ville-15082,51.0,0.0,5.0,15.0,36.0,31.0,94.0,80.0,46.0,41.0,27.1,44.6,42.9,17.9,20.3,15.4,9.8,21.5
Guntzviller (57405),/management/ville/guntzviller/ville-57280,0.0,15.0,10.0,45.0,50.0,55.0,78.0,96.0,49.0,58.0,24.0,31.9,41.8,23.5,19.2,15.6,15.1,26.7
Domezain-Berraute (64120),/management/ville/domezain-berraute/ville-64202,26.0,26.0,10.0,26.0,46.0,67.0,122.0,94.0,78.0,88.0,26.4,37.6,28.0,20.0,25.4,15.3,20.2,25.9
Duran (32810),/management/ville/duran/ville-32117,5.0,15.0,82.0,83.0,171.0,42.0,171.0,160.0,128.0,197.0,27.1,25.0,26.2,22.1,19.9,19.1,26.8,32.9
Les Essards-Taignevaux (39120),/management/ville/les-essards-taignevaux/ville-39211,0.0,5.0,0.0,10.0,46.0,71.0,51.0,82.0,37.0,36.0,18.3,32.0,49.0,27.2,18.3,17.0,14.4,20.0
Lafeuillade-en-Vézie (15130),/management/ville/lafeuillade-en-vezie/ville-15090,15.0,26.0,26.0,56.0,76.0,77.0,166.0,127.0,74.0,86.0,36.1,37.0,30.1,24.0,16.2,16.4,17.6,20.2
Héauville (50340),/management/ville/heauville/ville-50238,14.0,0.0,34.0,30.0,48.0,44.0,175.0,103.0,59.0,50.0,41.7,48.3,30.0,21.6,16.7,14.0,11.7,14.0
La Tour (74250),/management/ville/la-tour/ville-74284,10.0,35.0,46.0,177.0,207.0,142.0,383.0,217.0,195.0,204.0,35.5,41.0,28.7,16.1,18.0,21.0,17.8,22.9
Houdelmont (54330),/management/ville/houdelmont/ville-54264,5.0,5.0,10.0,29.0,34.0,19.0,31.0,53.0,45.0,34.0,16.3,22.2,37.5,27.2,27.5,27.2,18.8,23.5
Gonfaron (83590),/management/ville/gonfaron/ville-83067,39.0,141.0,84.0,425.0,526.0,418.0,1120.0,899.0,611.0,627.0,31.9,36.8,31.0,22.9,19.6,17.9,17.5,20.9
Lettret (05130),/management/ville/lettret/ville-05074,0.0,0.0,5.0,33.0,14.0,28.0,30.0,36.0,35.0,33.0,28.6,15.6,28.6,26.7,21.4,31.3,21.4,28.1
Izaourt (65370),/management/ville/izaourt/ville-65230,0.0,0.0,0.0,40.0,50.0,15.0,47.0,75.0,44.0,44.0,18.3,25.6,46.2,26.4,17.2,23.9,18.3,23.1
Gabriac (48110),/management/ville/gabriac/ville-48067,0.0,5.0,0.0,10.0,0.0,15.0,19.0,16.0,20.0,25.0,22.0,25.6,24.4,17.6,22.0,28.2,31.7,30.8
La Corne-en-Vexin (60240),/management/ville/la-corne-en-vexin/ville-60209,15.0,20.0,20.0,55.0,65.0,64.0,118.0,116.0,67.0,95.0,29.4,30.3,34.3,22.9,14.7,19.0,21.6,26.7
Francheville (39230),/management/ville/francheville/ville-39236,5.0,0.0,0.0,5.0,10.0,0.0,8.0,12.0,4.0,7.0,30.8,22.2,30.8,34.8,7.7,16.7,30.8,16.7
Espinasses (05190),/management/ville/espinasses/ville-05050,14.0,0.0,5.0,101.0,96.0,87.0,223.0,173.0,82.0,90.0,35.8,41.9,37.4,22.7,12.5,16.5,14.4,17.1
Eywiller (67320),/management/ville/eywiller/ville-67136,5.0,16.0,0.0,21.0,36.0,62.0,98.0,77.0,31.0,24.0,39.2,45.9,41.7,22.1,13.3,14.4,5.8,15.3
Dardilly (69570),/management/ville/dardilly/ville-69072,5.0,260.0,1464.0,1017.0,855.0,415.0,1058.0,947.0,920.0,2950.0,16.2,19.7,17.5,15.0,15.1,16.2,51.2,49.3
Le Vast (50630),/management/ville/le-vast/ville-50619,5.0,5.0,24.0,24.0,49.0,49.0,77.0,92.0,37.0,43.0,26.8,35.2,41.7,27.1,15.7,13.9,15.7,18.9
Laulne (50430),/management/ville/laulne/ville-50265,5.0,10.0,5.0,30.0,10.0,40.0,52.0,43.0,26.0,23.0,37.5,34.7,31.9,25.0,19.4,16.7,11.1,20.8
Lanfains (22800),/management/ville/lanfains/ville-22099,35.0,10.0,40.0,143.0,163.0,138.0,189.0,245.0,142.0,186.0,23.3,26.3,38.9,23.8,18.4,18.9,19.4,29.5
Greffeil (11250),/management/ville/greffeil/ville-11169,0.0,5.0,0.0,5.0,23.0,5.0,23.0,11.0,13.0,14.0,30.8,40.0,30.8,12.9,19.2,22.9,19.2,25.7
Entre-Vignes (34400),/management/ville/entre-vignes/ville-34246,20.0,115.0,184.0,265.0,222.0,165.0,473.0,356.0,285.0,528.0,27.7,29.9,26.3,17.7,15.1,19.5,30.9,33.3
La Bosse (72400),/management/ville/la-bosse/ville-72040,0.0,5.0,5.0,5.0,5.0,20.0,20.0,35.0,20.0,24.0,23.5,17.0,37.3,30.0,15.7,25.5,23.5,25.5
49.7,28.1,8.4,16.7,15.5,16.7
Feusines (36160),/management/ville/feusines/ville-36073,10.0,5.0,15.0,15.0,10.0,0.0,59.0,53.0,25.0,25.0,26.3,45.2,42.5,21.1,16.3,15.5,15.0,16.7
Gerland (21700),/management/ville/gerland/ville-21294,5.0,20.0,20.0,65.0,55.0,50.0,81.0,77.0,49.0,90.0,25.8,28.8,31.1,20.0,15.2,17.8,27.8,32.9
Fontaine-Raoul (41270),/management/ville/fontaine-raoul/ville-41088,5.0,5.0,9.0,37.0,23.0,19.0,42.0,65.0,25.0,37.0,18.4,32.1,41.4,29.2,13.8,16.0,26.4,17.3
Juniville (08310),/management/ville/juniville/ville-08239,25.0,50.0,60.0,144.0,154.0,144.0,217.0,232.0,166.0,236.0,21.7,29.0,31.5,21.8,23.2,16.3,23.6,31.4
Hébécourt (27150),/management/ville/hebecourt/ville-27324,0.0,35.0,40.0,40.0,98.0,70.0,122.0,116.0,80.0,101.0,24.9,33.0,41.3,16.3,15.4,22.5,18.4,29.4
Le Châtelier (51330),/management/ville/le-chatelier/ville-51133,0.0,0.0,0.0,0.0,5.0,19.0,14.0,11.0,12.0,7.0,24.1,44.4,31.0,18.8,27.6,27.8,17.2,11.1
Les Essarts (41800),/management/ville/les-essarts/ville-41079,5.0,0.0,0.0,5.0,10.0,20.0,33.0,33.0,15.0,10.0,34.7,37.5,36.7,28.6,20.4,12.5,8.2,15.0
Domfaing (88600),/management/ville/domfaing/ville-88145,0.0,20.0,0.0,10.0,30.0,54.0,77.0,57.0,22.0,15.0,44.6,45.0,35.9,26.3,13.0,12.5,6.5,11.3
Izaut-de-l'Hôtel (31160),/management/ville/izaut-de-l-hotel/ville-31241,10.0,10.0,5.0,46.0,25.0,24.0,75.0,70.0,56.0,50.0,25.6,33.6,31.4,24.1,25.6,18.8,17.4,21.9
Guny (02300),/management/ville/guny/ville-02363,0.0,20.0,15.0,45.0,35.0,65.0,151.0,85.0,42.0,46.0,42.6,50.9,30.9,20.3,11.1,14.9,15.4,12.4
La Tour-Blanche-Cercles (24320),/management/ville/la-tour-blanche-cercles/ville-24554,5.0,20.0,10.0,50.0,45.0,65.0,196.0,197.0,68.0,69.0,35.3,38.3,40.1,28.9,11.2,14.1,13.4,12.8
Houdemont (54180),/management/ville/houdemont/ville-54265,0.0,45.0,206.0,412.0,225.0,83.0,310.0,382.0,282.0,646.0,15.0,23.1,28.4,19.1,15.0,19.7,41.5,38.3
Leubringhen (62250),/management/ville/leubringhen/ville-62503,5.0,10.0,35.0,55.0,30.0,10.0,30.0,52.0,46.0,86.0,12.5,15.5,25.9,21.3,25.0,17.5,36.6,44.7
Laffaux (02880),/management/ville/laffaux/ville-02400,0.0,5.0,0.0,20.0,30.0,25.0,38.0,27.0,24.0,21.0,30.9,38.2,38.2,12.8,18.2,25.5,12.7,25.5

Durance (47420),/management/ville/durance/ville-47085,15.0,10.0,5.0,10.0,25.0,40.0,84.0,76.0,33.0,34.0,34.2,40.2,39.3,25.4,10.3,18.8,16.2,13.4
Gonfreville (50190),/management/ville/gonfreville/ville-50208,5.0,0.0,0.0,5.0,35.0,30.0,47.0,35.0,10.0,13.0,39.6,50.0,43.4,20.7,7.5,11.5,9.4,15.4
Le Montsaugeonnais (52190),/management/ville/le-montsaugeonnais/ville-52405,10.0,75.0,34.0,114.0,131.0,279.0,329.0,331.0,149.0,163.0,25.7,41.5,40.9,24.3,17.4,13.4,16.0,17.4
La Bosse-de-Bretagne (35320),/management/ville/la-bosse-de-bretagne/ville-35030,5.0,20.0,35.0,60.0,95.0,75.0,107.0,128.0,91.0,106.0,25.4,23.7,35.7,23.1,19.6,22.7,19.2,30.4
Espinchal (63850),/management/ville/espinchal/ville-63153,15.0,0.0,0.0,15.0,5.0,0.0,51.0,18.0,9.0,9.0,52.4,64.4,26.2,15.2,7.1,13.3,14.3,6.7
Le Vauclin (97280),/management/ville/le-vauclin/ville-97232,124.0,249.0,181.0,741.0,1373.0,860.0,2966.0,1708.0,1067.0,1201.0,43.2,42.3,27.8,20.7,14.0,16.5,14.9,19.3
Germ (65240),/management/ville/germ/ville-65199,5.0,0.0,0.0,5.0,0.0,0.0,8.0,7.0,9.0,8.0,15.8,38.5,26.3,13.3,47.4,0.0,10.5,46.2
Laumesfeld (57480),/management/ville/laumesfeld/ville-57387,5.0,5.0,15.0,29.0,58.0,34.0,56.0,76.0,37.0,35.0,22.9,32.3,43.8,27.3,17.1,19.2,16.2,18.2
Francheville (51240),/management/ville/francheville/ville-51259,10.0,5.0,15.0,20.0,20.0,40.0,43.0,44.0,32.0,30.0,20.3,37.3,39.2,20.3,21.6,21.3,18.9,21.3
Grèges (76370),/management/ville/greges/ville-76324,16.0,21.0,32.0,69.0,172.0,147.0,195.0,240.0,92.0,121.0,24.2,36.0,41.9,27.1,14.9,13.2,18.9,18.5
Lanfroicourt (54760),/management/ville/lanfroicourt/ville-54301,5.0,0.0,15.0,10.0,20.0,20.0,10.0,33.0,22.0,30.0,6.1,15.2,42.9,26.1,20.4,26.1,30.6,32.6
Dargies (60210),/management/ville/dargies/ville-60194,0.0,15.0,0.0,45.0,51.0,46.0,77.0,54.0,30.0,33.0,38.1,42.3,35.1,19.4,16.5,14.4,10.3,22.7
Feux (18300),/management/ville/feux/ville-18094,5.0,5.0,10.0,15.0,50.0,65.0,104.0,80.0,45.0,48.0,37.4,38.1,33.1,22.8,15.1,17.3,14.4,20.1
Eyzahut (26160),/management/ville/eyzahut/ville-26131,5.0,0.0,15.0,10.0,10.0,10.0,26.0,35.0,23.0,34.0,20.7,23.3,34.5,23.4,20.7,18.3,24.1,33.3
La Marre (39210),/management/ville/la-marre/ville-39317,10.0,10.0,15.0,15.0,55.0,35.0,60.0,67.0,50.0,60.0,24.4,26.3,36.6,20.4,17.9,24.6,21.1,29.8
Entrecasteaux (83570),/management/ville/entrecasteaux/ville-83051,15.0,60.0,40.0,105.0,130.0,70.0,226.0,236.0,188.0,230.0,22.0,29.2,31.7,22.2,20.1,22.5,26.2,26.1
Fontaine-Saint-Lucien (60480),/management/ville/fontaine-saint-lucien/ville-60243,0.0,5.0,15.0,24.0,19.0,15.0,39.0,36.0,14.0,33.0,34.4,28.8,27.9,25.0,14.8,8.5,23.0,32.2
Le Morne-Rouge (97260),/management/ville/le-morne-rouge/ville-97218,90.0,200.0,55.0,376.0,727.0,626.0,1914.0,856.0,587.0,417.0,52.2,49.4,24.2,20.3,14.8,16.3,8.8,13.0
Jupilles (72500),/management/ville/jupilles/ville-72153,25.0,20.0,10.0,50.0,81.0,81.0,123.0,131.0,87.0,101.0,26.0,29.4,37.4,21.6,19.6,19.5,16.9,29.0
Izaux (65250),/management/ville/izaux/ville-65231,10.0,5.0,20.0,25.0,25.0,15.0,52.0,53.0,26.0,29.0,28.9,35.7,40.8,24.4,13.2,19.0,17.1,19.0
La Tour-d'Aigues (84240),/management/ville/la-tour-d-aigues/ville-84133,122.0,166.0,268.0,541.0,497.0,327.0,839.0,760.0,507.0,1068.0,24.0,28.5,30.3,18.2,14.2,17.5,31.4,35.6
Laffite-Toupière (31360),/management/ville/laffite-toupiere/ville-31260,0.0,10.0,0.0,16.0,16.0,0.0,20.0,24.0,13.0,23.0,19.5,30.8,36.6,21.4,14.6,15.4,29.3,30.8
Houdetot (76740),/management/ville/houdetot/ville-76365,5.0,19.0,14.0,14.0,29.0,10.0,33.0,38.0,26.0,35.0,22.7,26.2,36.4,21.9,16.7,23.1,24.2,29.2
Guran (31440),/management/ville/guran/ville-31235,5.0,0.0,0.0,0.0,10.0,0.0,11.0,19.0,3.0,6.0,16.7,38.1,61.1,29.6,5.6,9.5,16.7,14.3
Le Châtellier (35133),/management/ville/le-chatellier/ville-35071,35.0,0.0,20.0,55.0,40.0,70.0,77.0,92.0,74.0,63.0,23.9,26.5,34.6,24.2,27.0,21.1,14.5,27.2
Gonfreville-Caillot (76110),/management/ville/gonfreville-caillot/ville-76304,0.0,0.0,10.0,69.0,59.0,49.0,56.0,85.0,58.0,45.0,19.8,26.1,46.8,23.2,19.8,27.7,13.5,24.4
Hébécourt (80680),/management/ville/hebecourt/ville-80424,10.0,0.0,101.0,71.0,40.0,40.0,68.0,70.0,60.0,184.0,16.0,19.3,20.9,15.7,15.0,16.1,48.1,49.0
Les Essarts-le-Roi (78690),/management/ville/les-essarts-le-roi/ville-78220,0.0,133.0,859.0,971.0,905.0,451.0,1048.0,1002.0,914.0,1807.0,19.0,24.7,22.3,19.8,18.4,19.8,40.3,35.7
Duranus (06670),/management/ville/duranus/ville-06055,5.0,0.0,0.0,24.0,23.0,18.0,41.0,33.0,17.0,19.0,30.4,42.6,35.7,22.0,16.1,14.8,17.9,18.5
Leuc (11250),/management/ville/leuc/ville-11201,15.0,35.0,50.0,120.0,125.0,70.0,131.0,176.0,114.0,188.0,19.5,23.4,36.9,21.0,18.4,19.0,25.3,36.1
Domfessel (67430),/management/ville/domfessel/ville-67099,10.0,5.0,5.0,25.0,55.0,75.0,58.0,79.0,43.0,40.0,21.8,30.9,39.1,28.3,21.8,17.3,17.3,19.1
Gacé (61230),/management/ville/gace/ville-61181,0.0,49.0,39.0,105.0,175.0,284.0,817.0,372.0,133.0,147.0,50.3,59.9,29.4,19.3,10.4,8.1,9.9,10.0
Francheville (54200),/management/ville/francheville/ville-54208,0.0,0.0,15.0,40.0,35.0,50.0,51.0,97.0,42.0,31.0,17.9,28.4,54.5,29.3,17.9,20.2,9.8,18.3
Fèves (57280),/management/ville/feves/ville-57211,0.0,16.0,131.0,183.0,151.0,104.0,166.0,232.0,147.0,243.0,17.1,24.9,31.6,24.9,19.7,17.7,31.6,30.1
La Martre (83840),/management/ville/la-martre/ville-83074,5.0,30.0,5.0,10.0,40.0,30.0,49.0,61.0,37.0,32.0,23.7,31.4,41.9,24.7,19.4,22.1,15.1,20.9
Dargnies (80570),/management/ville/dargnies/ville-80235,5.0,5.0,19.0,79.0,167.0,250.0,505.0,269.0,104.0,100.0,46.3,56.5,33.1,20.0,10.3,10.9,10.3,10.3
La Côte-d'Arbroz (74110),/management/ville/la-cote-d-arbroz/ville-74091,0.0,25.0,5.0,46.0,46.0,35.0,63.0,51.0,42.0,90.0,25.4,26.9,24.6,15.6,18.1,14.8,31.9,42.6
Grémecey (57170),/management/ville/gremecey/ville-57257,0.0,5.0,10.0,20.0,10.0,5.0,20.0,30.0,18.0,9.0,16.7,34.1,52.8,27.5,16.7,29.3,13.9,9.8
La Bouëxière (35340),/management/ville/la-bouexiere/ville-35031,21.0,139.0,253.0,640.0,654.0,501.0,747.0,853.0,642.0,813.0,22.0,26.9,34.5,21.8,19.2,22.8,24.3,28.9
Entrechaux (84340),/management/ville/entrechaux/ville-84044,41.0,41.0,25.0,117.0,142.0,137.0,268.0,224.0,155.0,211.0,28.7,33.6,34.9,18.3,16.6,19.4,19.8,28.9
Espins (14220),/management/ville/espins/ville-14248,0.0,5.0,15.0,24.0,39.0,19.0,35.0,53.0,38.0,49.0,19.3,20.0,36.4,24.4,19.3,23.5,25.0,31.8
Germagny (71460),/management/ville/germagny/ville-71216,10.0,0.0,0.0,30.0,25.0,25.0,52.0,66.0,22.0,17.0,26.0,40.2,50.6,28.3,14.3,13.4,9.1,12.2
Fontaine-Simon (28240),/management/ville/fontaine-simon/ville-28156,5.0,15.0,31.0,103.0,134.0,103.0,229.0,273.0,118.0,109.0,28.1,34.5,47.6,25.2,14.5,17.8,9.7,19.9
Launac (31330),/management/ville/launac/ville-31281,15.0,68.0,45.0,226.0,216.0,166.0,275.0,260.0,159.0,275.0,24.9,31.7,32.5,20.6,15.2,17.6,27.4,29.3
Le Vaudioux (39300),/management/ville/le-vaudioux/ville-39545,5.0,5.0,0.0,35.0,35.0,30.0,34.0,49.0,22.0,33.0,20.0,29.4,40.0,27.3,14.3,17.6,25.7,22.1
Eyzerac (24800),/management/ville/eyzerac/ville-24171,0.0,30.0,10.0,61.0,81.0,61.0,156.0,163.0,74.0,85.0,30.7,35.0,40.6,25.0,13.9,16.7,14.8,20.5
Langan (35850),/management/ville/langan/ville-35144,19.0,28.0,28.0,136.0,127.0,136.0,131.0,191.0,135.0,200.0,16.5,23.5,31.2,24.4,23.4,17.6,28.8,32.2
Izé (53160),/management/ville/ize/ville-53120,43.0,15.0,14.0,30.0,54.0,45.0,169.0,94.0,53.0,54.0,43.1,48.6,29.7,19.3,14.9,13.7,12.3,17.1
La Tour-d'Auvergne (63680),/management/ville/la-tour-d-auvergne/ville-63192,61.0,20.0,30.0,41.0,91.0,51.0,188.0,128.0,114.0,106.0,30.4,39.3,28.0,19.9,23.0,19.6,18.7,21.1
Duranville (27230),/management/ville/duranville/ville-27208,5.0,5.0,10.0,10.0,15.0,10.0,36.0,42.0,16.0,24.0,14.3,45.9,46.4,22.1,14.3,13.1,25.0,16.4
Gurat (16320),/management/ville/gurat/ville-16162,15.0,5.0,0.0,30.0,5.0,25.0,44.0,51.0,31.0,23.0,24.3,34.7,43.2,25.0,17.6,24.0,14.9,16.0
Leucamp (15120),/management/ville/leucamp/ville-15103,5.0,10.0,0.0,10.0,45.0,30.0,72.0,63.0,36.0,19.0,32.3,44.0,40.4,23.2,21.2,16.5,6.1,14.3
Gonfreville-l'Orcher (76700),/management/ville/gonfreville-l-orcher/ville-76305,5.0,81.0,192.0,737.0,1444.0,1555.0,2544.0,2428.0,880.0,673.0,34.3,43.2,43.6,26.8,12.9,14.0,9.2,11.3
Jurançon (64110),/management/ville/jurancon/ville-64284,15.0,236.0,441.0,762.0,1139.0,730.0,1545.0,1502.0,919.0,1520.0,23.8,31.8,32.0,22.1,16.1,17.3,28.1,27.4
Héberville (76740),/management/ville/heberville/ville-76353,0.0,5.0,5.0,10.0,30.0,20.0,31.0,22.0,13.0,13.0,32.4,45.2,35.1,20.0,18.9,14.3,13.5,19.0
Houdilcourt (08190),/management/ville/houdilcourt/ville-08229,5.0,0.0,16.0,10.0,5.0,21.0,31.0,26.0,21.0,28.0,28.3,30.9,26.4,22.4,18.9,18.2,26.4,27.3
Les Essarts-le-Vicomte (51310),/management/ville/les-essarts-le-vicomte/ville-51236,0.0,5.0,0.0,0.0,35.0,20.0,34.0,35.0,20.0,17.0,30.8,33.3,38.5,25.0,21.2,16.7,9.6,22.2
Laffrey (38220),/management/ville/laffrey/ville-38203,0.0,10.0,35.0,95.0,60.0,25.0,62.0,86.0,68.0,98.0,13.9,25.6,38.6,16.9,22.2,21.2,25.3,37.2
Gâcogne (58140),/management/ville/gacogne/ville-58120,21.0,0.0,0.0,20.0,15.0,20.0,84.0,60.0,37.0,26.0,37.0,43.4,36.0,22.4,14.0,21.7,13.0,12.3
La Martyre (29800),/management/ville/la-martyre/ville-29144,31.0,36.0,20.0,51.0,117.0,97.0,99.0,174.0,113.0,143.0,15.1,22.3,37.4,26.2,22.6,20.1,24.9,29.2
La Côte-en-Couzan (42111),/management/ville/la-cote-en-couzan/ville-42072,10.0,5.0,5.0,5.0,10.0,5.0,20.0,24.0,9.0,7.0,22.2,50.0,47.2,24.1,19.4,8.3,11.1,12.5
La Bouilladisse (13720),/management/ville/la-bouilladisse/ville-13016,0.0,197.0,522.0,827.0,684.0,369.0,1003.0,1141.0,826.0,1606.0,20.2,23.4,30.2,20.2,16.2,19.7,33.4,36.6
Espira-de-Conflent (66320),/management/ville/espira-de-conflent/ville-66070,0.0,0.0,5.0,15.0,35.0,20.0,22.0,35.0,31.0,51.0,16.2,15.4,24.3,24.3,25.7,18.5,33.8,40.0
Launaguet (31140),/management/ville/launaguet/ville-31282,5.0,338.0,829.0,1364.0,1287.0,766.0,1170.0,1307.0,1211.0,2334.0,19.0,19.8,25.0,19.0,19.6,20.6,36.5,40.9
Le Vaudoué (77123),/management/ville/le-vaudoue/ville-77485,0.0,36.0,77.0,62.0,82.0,57.0,104.0,128.0,109.0,233.0,16.3,19.7,27.6,17.9,15.6,22.6,40.5,40.9
Francheville (61570),/management/ville/francheville/ville-61176,5.0,0.0,5.0,5.0,15.0,45.0,31.0,43.0,25.0,24.0,20.3,30.5,43.8,23.8,21.9,18.6,14.1,25.4
Grémévillers (60380),/management/ville/gremevillers/ville-60288,10.0,15.0,0.0,50.0,65.0,75.0,74.0,106.0,67.0,76.0,21.1,24.8,39.2,24.4,22.3,19.1,17.5,29.9
Germaine (02590),/management/ville/germaine/ville-02343,5.0,5.0,0.0,10.0,5.0,16.0,18.0,16.0,9.0,21.0,24.1,31.3,31.0,17.6,17.2,12.5,27.6,37.5
Féy (57420),/management/ville/fey/ville-57212,5.0,44.0,79.0,96.0,97.0,43.0,79.0,127.0,96.0,227.0,10.6,18.9,27.0,21.1,15.6,20.5,46.8,39.4
Entrelacs (73410),/management/ville/entrelacs/ville-73010,94.0,251.0,502.0,816.0,786.0,747.0,1003.0,1272.0,803.0,1288.0,19.9,26.1,35.7,21.7,17.8,19.0,26.6,32.4
Dargoire (42800),/management/ville/dargoire/ville-42083,0.0,20.0,75.0,75.0,30.0,35.0,112.0,65.0,103.0,95.0,33.2,26.3,17.3,19.0,28.6,26.3,20.9,30.2
Eyzin-Pinet (38780),/management/ville/eyzin-pinet/ville-38160,15.0,74.0,143.0,291.0,298.0,282.0,350.0,458.0,260.0,527.0,20.3,23.6,35.1,20.9,17.3,15.2,27.3,38.8
Fontaine-sous-Jouy (27120),/management/ville/fontaine-sous-jouy/ville-27254,15.0,26.0,112.0,144.0,76.0,94.0,149.0,156.0,134.0,205.0,18.2,28.3,30.3,18.7,19.7,22.3,31.8,31.5
Houdreville (54330),/management/ville/houdreville/ville-54266,0.0,16.0,16.0,48.0,70.0,37.0,89.0,107.0,54.0,87.0,24.1,28.7,33.7,25.9,17.5,14.6,24.7,26.9
Lafitole (65700),/management/ville/lafitole/ville-65243,30.0,20.0,25.0,50.0,50.0,75.0,109.0,126.0,59.0,65.0,31.4,29.2,37.2,28.4,15.4,17.5,16.0,20.5
Le Châtenet-en-Dognon (87400),/management/ville/le-chatenet-en-dognon/ville-87042,15.0,10.0,20.0,46.0,61.0,35.0,66.0,120.0,79.0,48.0,16.4,26.0,43.6,30.6,25.5,25.3,14.5,15.8
Langatte (57400),/management/ville/langatte/ville-57382,5.0,20.0,15.0,100.0,90.0,65.0,107.0,154.0,66.0,91.0,18.7,32.8,46.3,24.8,13.6,18.1,21.5,22.1
Izeaux (38140),/management/ville/izeaux/ville-38194,10.0,65.0,105.0,240.0,250.0,310.0,457.0,468.0,272.0,393.0,27.4,30.1,33.5,23.7,15.6,18.7,23.4,26.0
Le Moule (97160),/management/ville/le-moule/ville-97117,259.0,955.0,678.0,1916.0,3098.0,2162.0,7690.0,3517.0,2398.0,2636.0,49.6,45.4,23.6,19.3,12.9,16.3,13.9,18.2
Gadencourt (27120),/management/ville/gadencourt/ville-27273,0.0,15.0,40.0,35.0,55.0,55.0,61.0,83.0,59.0,74.0,19.9,24.1,33.8,25.9,17.6,24.8,28.7,24.8
Juranville (45340),/management/ville/juranville/ville-45176,10.0,36.0,15.0,36.0,62.0,77.0,108.0,134.0,53.0,50.0,25.1,38.4,46.5,25.7,16.0,14.5,12.3,17.6
Gurcy-le-Châtel (77520),/management/ville/gurcy-le-chatel/ville-77223,10.0,25.0,55.0,85.0,75.0,55.0,91.0,129.0,100.0,79.0,22.8,22.8,37.3,27.3,23.8,26.2,16.1,23.3
Domfront en Poiraie (61700),/management/ville/domfront-en-poiraie/ville-61145,112.0,108.0,79.0,316.0,623.0,665.0,1588.0,1022.0,431.0,506.0,39.6,49.5,34.3,21.1,13.7,10.7,12.5,15.9
Les Essarts-lès-Sézanne (51120),/management/ville/les-essarts-les-sezanne/ville-51235,5.0,5.0,10.0,31.0,26.0,36.0,50.0,67.0,36.0,43.0,21.6,28.7,38.1,26.5,19.6,17.8,20.6,23.8
Gonnehem (62920),/management/ville/gonnehem/ville-62376,41.0,60.0,129.0,371.0,403.0,244.0,561.0,432.0,368.0,549.0,25.5,33.1,27.9,17.7,20.3,18.2,26.3,31.1
Leucate (11370),/management/ville/leucate/ville-11202,61.0,212.0,142.0,340.0,625.0,253.0,1329.0,914.0,704.0,793.0,32.9,38.1,28.0,20.6,18.6,19.0,20.5,21.9
Duras (47120),/management/ville/duras/ville-47086,30.0,91.0,40.0,70.0,162.0,126.0,476.0,278.0,189.0,151.0,38.7,47.5,31.4,19.7,16.9,17.8,13.0,14.5
Hébuterne (62111),/management/ville/hebuterne/ville-62422,15.0,5.0,15.0,25.0,80.0,85.0,120.0,118.0,66.0,60.0,29.1,36.8,39.0,24.7,14.8,21.4,17.0,15.9
La Maxe (57140),/management/ville/la-maxe/ville-57452,5.0,31.0,101.0,152.0,112.0,66.0,132.0,206.0,123.0,202.0,15.9,23.5,35.6,25.0,18.7,18.3,29.8,30.9
Darmannes (52700),/management/ville/darmannes/ville-52167,15.0,5.0,10.0,59.0,25.0,15.0,40.0,62.0,38.0,43.0,22.3,20.9,39.4,26.0,22.3,18.7,16.0,31.9
Espira-de-l'Agly (66600),/management/ville/espira-de-l-agly/ville-66069,91.0,91.0,106.0,393.0,494.0,413.0,748.0,733.0,457.0,516.0,28.8,31.9,35.7,23.5,17.3,19.8,18.2,23.6
La Tour-de-Salvagny (69890),/management/ville/la-tour-de-salvagny/ville-69250,0.0,148.0,616.0,427.0,317.0,149.0,452.0,552.0,450.0,1509.0,13.4,16.9,20.6,16.9,13.9,16.3,52.1,49.8
Fey-en-Haye (54470),/management/ville/fey-en-haye/ville-54193,10.0,0.0,5.0,15.0,10.0,5.0,14.0,14.0,12.0,16.0,24.1,25.9,27.6,24.0,13.8,29.6,34.5,22.2
La Côte-Saint-André (38260),/management/ville/la-cote-saint-andre/ville-38130,36.0,197.0,296.0,446.0,515.0,598.0,1344.0,838.0,581.0,771.0,31.8,43.2,29.8,18.1,17.4,15.6,21.0,22.5
Ézanville (95460),/management/ville/ezanville/ville-95229,0.0,187.0,908.0,1468.0,1483.0,761.0,1826.0,1604.0,1273.0,2138.0,24.8,28.3,26.7,20.2,19.1,18.2,29.4,32.8
Francheville (69340),/management/ville/francheville/ville-69089,1.0,390.0,1803.0,2002.0,1677.0,834.0,2009.0,1759.0,1524.0,4648.0,18.9,21.4,20.4,15.6,13.2,17.3,47.5,46.1
Le Vaudreuil (27100),/management/ville/le-vaudreuil/ville-27528,0.0,90.0,336.0,586.0,406.0,431.0,742.0,690.0,492.0,834.0,23.8,29.6,29.1,20.9,17.1,18.5,30.0,30.4
La Bouille (76530),/management/ville/la-bouille/ville-76131,0.0,30.0,65.0,130.0,90.0,94.0,109.0,155.0,102.0,203.0,16.5,21.6,30.1,22.7,19.9,16.2,33.5,37.5
Germaine (51160),/management/ville/germaine/ville-51266,0.0,10.0,70.0,95.0,90.0,40.0,64.0,79.0,62.0,168.0,18.0,16.2,28.6,14.2,14.8,18.4,38.6,51.9
Launay (27470),/management/ville/launay/ville-27364,0.0,5.0,5.0,20.0,35.0,45.0,53.0,55.0,20.0,32.0,31.0,35.5,41.7,22.7,14.3,10.5,13.1,27.6
Gremilly (55150),/management/ville/gremilly/ville-55218,0.0,0.0,0.0,0.0,11.0,17.0,17.0,7.0,2.0,4.0,62.5,53.8,25.0,14.3,6.3,7.7,6.3,23.1
Entremont-le-Vieux (73670),/management/ville/entremont-le-vieux/ville-73107,15.0,20.0,35.0,90.0,75.0,60.0,88.0,160.0,68.0,167.0,16.4,20.5,40.1,22.4,14.5,13.6,29.0,40.9
Houécourt (88170),/management/ville/houecourt/ville-88241,0.0,0.0,5.0,35.0,70.0,95.0,120.0,104.0,54.0,46.0,31.5,42.9,39.5,23.0,17.9,14.9,11.1,16.8
Fontaine-sous-Montdidier (80500),/management/ville/fontaine-sous-montdidier/ville-80326,0.0,0.0,15.0,15.0,15.0,15.0,27.0,20.0,23.0,16.0,40.0,22.0,24.4,25.7,17.8,36.6,17.8,19.5
Les Esseintes (33190),/management/ville/les-esseintes/ville-33158,15.0,0.0,10.0,35.0,49.0,35.0,61.0,58.0,46.0,24.0,33.0,31.7,33.0,27.5,25.0,24.0,9.1,15.4
Leuchey (52190),/management/ville/leuchey/ville-52285,5.0,0.0,0.0,10.0,20.0,10.0,22.0,16.0,9.0,10.0,34.4,46.2,31.3,20.7,18.8,11.5,15.6,19.2
Gonnelieu (59231),/management/ville/gonnelieu/ville-59267,0.0,5.0,5.0,50.0,30.0,40.0,67.0,62.0,56.0,41.0,23.2,36.0,31.3,23.5,26.8,22.8,18.8,17.5
Gaël (35290),/management/ville/gael/ville-35117,87.0,20.0,26.0,153.0,153.0,372.0,365.0,392.0,211.0,230.0,27.2,33.8,36.5,25.5,19.1,16.1,17.2,21.3
Le Moulinet-sur-Solin (45290),/management/ville/le-moulinet-sur-solin/ville-45218,0.0,5.0,5.0,11.0,32.0,11.0,28.0,46.0,16.0,19.0,22.2,29.1,48.1,29.7,11.1,18.2,18.5,18.2
Gurgy (89250),/management/ville/gurgy/ville-89198,5.0,66.0,137.0,218.0,238.0,203.0,350.0,412.0,223.0,312.0,24.2,29.6,39.0,23.5,14.9,19.4,21.9,26.2
Juré (42430),/management/ville/jure/ville-42116,5.0,20.0,0.0,20.0,20.0,35.0,64.0,55.0,34.0,34.0,30.7,38.4,35.6,21.3,17.8,18.6,15.8,20.9
Domfront-en-Champagne (72240),/management/ville/domfront-en-champagne/ville-72119,35.0,25.0,44.0,153.0,153.0,123.0,146.0,225.0,160.0,206.0,17.8,21.9,32.9,26.1,22.5,20.8,26.8,29.4
Lafitte (82100),/management/ville/lafitte/ville-82086,0.0,10.0,10.0,25.0,40.0,45.0,77.0,58.0,21.0,33.0,38.5,43.0,35.4,23.1,8.3,14.0,17.7,17.2
Le Chauchet (23130),/management/ville/le-chauchet/ville-23058,20.0,5.0,0.0,5.0,10.0,0.0,29.0,14.0,15.0,22.0,25.0,45.5,27.8,10.3,16.7,20.5,30.6,25.0
Langé (36600),/management/ville/lange/ville-36092,20.0,0.0,5.0,20.0,34.0,34.0,115.0,58.0,35.0,35.0,38.1,55.6,32.2,16.0,16.1,12.7,13.6,15.1
Duravel (46700),/management/ville/duravel/ville-46089,0.0,40.0,30.0,80.0,90.0,121.0,241.0,229.0,156.0,168.0,27.0,33.7,35.2,23.1,16.4,22.4,21.4,20.7
Izel-lès-Équerchin (62490),/management/ville/izel-les-equerchin/ville-62476,10.0,29.0,29.0,162.0,124.0,86.0,174.0,174.0,147.0,219.0,18.8,29.8,29.3,19.7,21.1,20.2,30.8,30.4
La Mazière-aux-Bons-Hommes (23260),/management/ville/la-maziere-aux-bons-hommes/ville-23129,10.0,10.0,0.0,0.0,5.0,0.0,22.0,11.0,12.0,8.0,37.5,42.9,20.8,20.7,29.2,17.9,12.5,17.9
Le Vaulmier (15380),/management/ville/le-vaulmier/ville-15249,5.0,0.0,10.0,5.0,0.0,5.0,35.0,10.0,8.0,9.0,60.0,51.9,11.4,20.7,11.4,14.8,17.1,11.1
La Bouillie (22240),/management/ville/la-bouillie/ville-22012,15.0,50.0,10.0,85.0,120.0,115.0,181.0,219.0,126.0,106.0,25.2,32.4,40.3,26.3,20.6,19.1,13.8,19.7
Entrepierres (04200),/management/ville/entrepierres/ville-04075,0.0,30.0,20.0,40.0,50.0,40.0,52.0,86.0,59.0,102.0,16.1,18.8,32.9,23.3,19.4,20.1,31.6,36.8
Germaines (52160),/management/ville/germaines/ville-52216,0.0,0.0,0.0,4.0,8.0,8.0,9.0,12.0,2.0,2.0,46.2,25.0,46.2,35.3,7.7,8.3,0.0,16.7
Grémonville (76970),/management/ville/gremonville/ville-76325,10.0,10.0,25.0,35.0,45.0,59.0,93.0,111.0,44.0,65.0,30.7,28.1,40.9,25.5,11.4,18.0,17.0,25.9
Hèches (65250),/management/ville/heches/ville-65218,10.0,55.0,30.0,84.0,70.0,65.0,102.0,142.0,94.0,136.0,16.7,26.0,36.4,22.6,21.9,17.9,25.0,32.1
Espirat (63160),/management/ville/espirat/ville-63154,5.0,10.0,30.0,40.0,65.0,45.0,67.0,85.0,64.0,60.0,22.1,26.2,38.2,24.6,19.8,26.2,19.8,23.4
Èze (06360),/management/ville/eze/ville-06059,0.0,120.0,215.0,275.0,335.0,145.0,339.0,335.0,339.0,713.0,19.7,19.6,22.0,17.5,19.4,19.8,38.9,43.6
Feyt (19340),/management/ville/feyt/ville-19083,20.0,5.0,5.0,25.0,5.0,20.0,34.0,41.0,17.0,14.0,26.8,38.0,46.4,25.4,19.6,12.0,7.1,20.0
Houeillès (47420),/management/ville/houeilles/ville-47119,0.0,36.0,15.0,26.0,87.0,41.0,177.0,162.0,85.0,60.0,29.8,42.6,39.9,25.0,17.5,17.4,12.7,12.4
Darnétal (76160),/management/ville/darnetal/ville-76212,15.0,164.0,382.0,957.0,1761.0,1101.0,2451.0,1918.0,981.0,1504.0,30.1,40.3,35.1,20.7,14.3,14.3,20.5,23.1
La Couarde-sur-Mer (17670),/management/ville/la-couarde-sur-mer/ville-17121,30.0,85.0,80.0,65.0,116.0,50.0,299.0,226.0,184.0,312.0,28.6,29.8,24.9,19.6,16.8,19.3,29.7,31.3
La Tour-de-Sçay (25640),/management/ville/la-tour-de-scay/ville-25566,5.0,0.0,0.0,43.0,43.0,59.0,60.0,60.0,47.0,49.0,24.8,31.1,33.9,20.6,23.9,19.8,17.4,28.3
Francières (60190),/management/ville/francieres/ville-60254,24.0,5.0,16.0,119.0,45.0,86.0,105.0,112.0,66.0,105.0,22.5,31.5,35.8,20.9,17.6,16.5,24.1,30.0
Launay-Villiers (53410),/management/ville/launay-villiers/ville-53129,5.0,0.0,15.0,30.0,40.0,60.0,62.0,101.0,40.0,58.0,22.3,25.2,49.2,25.7,12.3,18.3,16.2,28.2
Gurgy-la-Ville (21290),/management/ville/gurgy-la-ville/ville-21312,0.0,0.0,0.0,0.0,0.0,10.0,13.0,4.0,6.0,6.0,33.3,57.1,13.3,13.3,33.3,7.1,20.0,21.4
Fontaine-sous-Préaux (76160),/management/ville/fontaine-sous-preaux/ville-76273,0.0,25.0,69.0,60.0,54.0,40.0,71.0,96.0,65.0,142.0,17.7,20.3,32.6,19.8,12.7,21.9,37.0,38.5
Les Estables (43150),/management/ville/les-estables/ville-43091,25.0,40.0,25.0,45.0,15.0,25.0,77.0,69.0,42.0,64.0,29.5,31.7,32.6,21.6,13.2,20.3,24.8,26.0
Durban (32260),/management/ville/durban/ville-32118,21.0,0.0,10.0,5.0,26.0,5.0,29.0,33.0,27.0,43.0,16.7,26.9,31.8,19.4,15.2,25.4,36.4,29.9
Gonnetot (76730),/management/ville/gonnetot/ville-76306,0.0,0.0,11.0,27.0,16.0,43.0,61.0,39.0,22.0,20.0,36.2,48.0,37.7,18.2,15.9,16.0,10.1,17.3
Jurvielle (31110),/management/ville/jurvielle/ville-31242,0.0,0.0,0.0,0.0,0.0,0.0,5.0,4.0,5.0,1.0,25.0,42.9,37.5,16.7,37.5,28.6,0.0,14.3
Domgermain (54119),/management/ville/domgermain/ville-54162,5.0,20.0,77.0,163.0,209.0,92.0,209.0,275.0,196.0,215.0,20.9,26.0,35.8,24.4,22.2,21.6,21.1,27.1
Langeac (43300),/management/ville/langeac/ville-43112,25.0,80.0,99.0,338.0,496.0,472.0,1213.0,717.0,475.0,686.0,34.3,43.5,31.4,16.2,14.8,15.8,19.6,24.4
Le Chautay (18150),/management/ville/le-chautay/ville-18062,10.0,5.0,0.0,25.0,45.0,20.0,71.0,66.0,56.0,36.0,29.2,32.8,31.9,24.6,28.3,20.7,10.6,20.7
Leudeville (91630),/management/ville/leudeville/ville-91332,5.0,56.0,157.0,274.0,188.0,91.0,195.0,237.0,215.0,389.0,16.9,20.8,27.3,19.0,19.8,21.6,36.0,39.2
Izel-lès-Hameau (62690),/management/ville/izel-les-hameau/ville-62477,10.0,15.0,35.0,85.0,120.0,65.0,110.0,146.0,110.0,157.0,17.2,24.9,35.9,20.8,17.9,24.1,29.0,31.0
Gageac-et-Rouillac (24240),/management/ville/gageac-et-rouillac/ville-24193,39.0,19.0,24.0,39.0,67.0,58.0,92.0,118.0,73.0,74.0,33.0,18.4,31.8,29.8,21.8,19.6,13.4,27.9
Lafitte-sur-Lot (47320),/management/ville/lafitte-sur-lot/ville-47127,5.0,35.0,15.0,61.0,76.0,121.0,193.0,177.0,142.0,120.0,27.6,33.3,32.9,22.6,23.0,22.1,16.5,21.8
Le Moustoir (22340),/management/ville/le-moustoir/ville-22157,25.0,15.0,15.0,65.0,75.0,95.0,140.0,146.0,100.0,96.0,28.2,29.8,37.6,23.6,17.1,24.2,17.1,22.6
La Meauffe (50880),/management/ville/la-meauffe/ville-50297,5.0,31.0,21.0,149.0,123.0,134.0,271.0,284.0,104.0,148.0,29.6,37.3,43.4,24.3,11.2,14.5,15.8,20.7
Espiute (64390),/management/ville/espiute/ville-64215,0.0,0.0,5.0,0.0,5.0,50.0,66.0,19.0,4.0,7.0,69.1,68.3,20.0,16.7,5.5,2.4,5.5,9.8
La Coucourde (26740),/management/ville/la-coucourde/ville-26106,0.0,49.0,25.0,158.0,148.0,148.0,172.0,263.0,161.0,160.0,18.0,27.4,43.7,25.4,19.3,23.2,19.0,23.2
Hecken (68210),/management/ville/hecken/ville-68125,0.0,16.0,47.0,89.0,31.0,68.0,70.0,95.0,69.0,100.0,17.0,25.0,33.3,22.9,21.1,20.1,28.7,31.1
La Tour-du-Crieu (09100),/management/ville/la-tour-du-crieu/ville-09312,0.0,97.0,158.0,327.0,473.0,301.0,679.0,631.0,505.0,489.0,25.8,32.8,32.9,22.1,22.6,21.4,18.7,23.4
La Boulaye (71320),/management/ville/la-boulaye/ville-71046,11.0,0.0,0.0,11.0,6.0,6.0,18.0,32.0,17.0,20.0,20.0,21.4,48.9,24.4,13.3,26.2,17.8,28.6
Feytiat (87220),/management/ville/feytiat/ville-87065,15.0,164.0,422.0,836.0,789.0,502.0,1107.0,1221.0,862.0,1383.0,19.7,28.1,31.3,21.9,18.3,19.4,30.6,29.9
Launois-sur-Vence (08430),/management/ville/launois-sur-vence/ville-08248,0.0,20.0,10.0,100.0,80.0,85.0,172.0,113.0,99.0,101.0,30.3,40.4,30.3,17.0,20.1,20.8,19.3,22.5
Entrevaux (04320),/management/ville/entrevaux/ville-04076,10.0,53.0,44.0,69.0,98.0,64.0,293.0,185.0,102.0,129.0,36.5,46.1,32.1,19.4,13.2,15.4,18.2,18.2
Darnets (19300),/management/ville/darnets/ville-19070,0.0,10.0,15.0,54.0,50.0,50.0,90.0,85.0,52.0,60.0,25.2,37.2,36.7,21.8,18.7,17.6,19.4,22.3
Francières (80690),/management/ville/francieres/ville-80344,5.0,5.0,15.0,15.0,20.0,30.0,44.0,27.0,22.0,45.0,28.8,35.1,24.2,14.7,18.2,13.5,28.8,36.5
Germainville (28500),/management/ville/germainville/ville-28178,5.0,19.0,15.0,40.0,34.0,36.0,60.0,58.0,37.0,49.0,22.3,36.4,35.0,20.4,22.3,13.1,20.4,28.3
Le Vaumain (60590),/management/ville/le-vaumain/ville-60660,5.0,15.0,41.0,51.0,65.0,43.0,77.0,67.0,61.0,64.0,26.7,30.7,27.5,22.3,22.9,22.9,22.9,24.3
Ézy-sur-Eure (27530),/management/ville/ezy-sur-eure/ville-27230,5.0,95.0,145.0,455.0,485.0,560.0,911.0,861.0,459.0,481.0,30.1,36.8,37.7,24.3,15.5,18.2,16.7,18.6
Grenade (31330),/management/ville/grenade/ville-31232,56.0,217.0,677.0,1349.0,1107.0,910.0,1717.0,1507.0,1147.0,1971.0,23.5,30.3,29.6,18.5,17.6,18.5,29.3,32.7
Gagnac-sur-Cère (46130),/management/ville/gagnac-sur-cere/ville-46117,10.0,20.0,15.0,55.0,60.0,75.0,169.0,198.0,76.0,104.0,25.0,36.8,43.5,25.1,13.4,14.5,18.1,20.1
Le Chay (17600),/management/ville/le-chay/ville-17097,5.0,30.0,25.0,70.0,140.0,55.0,162.0,194.0,127.0,105.0,23.4,31.3,41.0,25.2,19.4,23.5,16.2,19.4
Langeais (37130),/management/ville/langeais/ville-37123,25.0,105.0,236.0,582.0,602.0,677.0,1203.0,1013.0,510.0,726.0,30.4,38.8,34.2,22.6,15.0,14.6,20.4,21.6
Gonneville-en-Auge (14810),/management/ville/gonneville-en-auge/ville-14306,5.0,10.0,39.0,74.0,15.0,15.0,82.0,70.0,42.0,101.0,29.9,25.2,28.6,18.9,10.2,18.4,31.3,37.4
Izenave (01430),/management/ville/izenave/ville-01191,16.0,5.0,10.0,21.0,21.0,26.0,38.0,41.0,25.0,26.0,25.7,35.1,36.5,22.6,21.6,15.8,16.2,24.6
Lafitte-Vigordane (31390),/management/ville/lafitte-vigordane/ville-31261,20.0,50.0,50.0,195.0,180.0,80.0,174.0,214.0,171.0,229.0,23.7,20.4,31.3,23.0,20.2,23.2,24.7,33.4
Le Moutaret (38580),/management/ville/le-moutaret/ville-38268,0.0,15.0,20.0,45.0,10.0,15.0,68.0,29.0,56.0,30.0,44.4,28.6,11.1,24.3,28.3,33.3,16.2,16.7
Esplantas-Vazeilles (43170),/management/ville/esplantas-vazeilles/ville-43090,12.0,0.0,0.0,5.0,20.0,20.0,41.0,41.0,17.0,10.0,32.1,42.6,44.6,26.2,16.1,16.7,7.1,11.1
La Méaugon (22440),/management/ville/la-meaugon/ville-22144,0.0,49.0,69.0,193.0,188.0,143.0,227.0,294.0,185.0,251.0,19.4,27.7,35.9,23.6,22.4,16.5,22.4,29.9
Houetteville (27400),/management/ville/houetteville/ville-27342,0.0,0.0,20.0,35.0,40.0,35.0,42.0,39.0,31.0,42.0,28.0,26.4,28.0,22.2,18.3,22.2,25.6,29.2
Hecmanville (27800),/management/ville/hecmanville/ville-27325,0.0,5.0,15.0,25.0,10.0,35.0,24.0,49.0,25.0,18.0,10.2,31.6,54.2,27.0,23.7,19.3,11.9,19.3
Le Vauroux (60390),/management/ville/le-vauroux/ville-60662,20.0,10.0,40.0,55.0,76.0,66.0,75.0,124.0,74.0,83.0,20.6,21.3,41.1,27.4,18.9,22.5,19.4,27.0
Les Étangs (57530),/management/ville/les-etangs/ville-57200,10.0,15.0,35.0,65.0,20.0,30.0,60.0,72.0,49.0,120.0,17.7,21.9,28.6,19.0,15.0,17.4,38.8,41.3
Feyzin (69320),/management/ville/feyzin/ville-69276,21.0,204.0,394.0,1198.0,1663.0,1273.0,2534.0,1806.0,1205.0,1406.0,36.0,36.9,29.4,21.8,16.6,18.0,18.0,22.3
Germainvilliers (52150),/management/ville/germainvilliers/ville-52217,10.0,0.0,0.0,10.0,0.0,5.0,24.0,32.0,8.0,8.0,32.3,33.3,48.4,31.4,12.9,10.3,6.5,15.4
Durban-Corbières (11360),/management/ville/durban-corbieres/ville-11124,25.0,10.0,5.0,35.0,125.0,50.0,158.0,116.0,104.0,156.0,30.3,29.0,24.6,19.0,21.3,17.9,23.8,33.8
Le Cheix (63200),/management/ville/le-cheix/ville-63108,0.0,25.0,30.0,95.0,100.0,55.0,110.0,171.0,103.0,119.0,19.1,24.6,39.8,26.1,20.7,20.2,20.3,27.0
Gurgy-le-Château (21290),/management/ville/gurgy-le-chateau/ville-21313,0.0,0.0,0.0,5.0,0.0,5.0,10.0,9.0,7.0,7.0,27.8,27.8,27.8,25.0,27.8,16.7,16.7,27.8
Francillon (36110),/management/ville/francillon/ville-36079,0.0,0.0,10.0,0.0,24.0,15.0,19.0,22.0,12.0,5.0,23.3,43.3,43.3,27.0,30.0,10.0,3.3,13.3
Langensoultzbach (67360),/management/ville/langensoultzbach/ville-67259,0.0,25.0,25.0,121.0,121.0,177.0,223.0,250.0,101.0,128.0,25.0,38.6,44.0,23.8,15.3,13.4,15.6,21.0
Leudon-en-Brie (77320),/management/ville/leudon-en-brie/ville-77250,0.0,15.0,5.0,25.0,15.0,25.0,33.0,35.0,29.0,19.0,24.2,33.3,37.1,23.5,22.6,27.8,16.1,16.7
Gagnac-sur-Garonne (31150),/management/ville/gagnac-sur-garonne/ville-31205,0.0,105.0,290.0,490.0,455.0,315.0,366.0,581.0,402.0,806.0,14.8,19.3,32.4,21.0,18.0,19.4,34.9,39.9
La Coulonche (61220),/management/ville/la-coulonche/ville-61124,20.0,15.0,40.0,55.0,86.0,76.0,114.0,126.0,68.0,87.0,25.2,33.0,38.8,22.8,17.5,17.0,18.4,25.5
Jury (57245),/management/ville/jury/ville-57351,0.0,30.0,69.0,179.0,144.0,80.0,198.0,215.0,131.0,250.0,24.4,25.4,30.2,22.4,15.1,17.9,30.2,33.0
Fabas (09230),/management/ville/fabas/ville-09120,10.0,21.0,26.0,16.0,36.0,42.0,83.0,68.0,75.0,72.0,36.2,20.6,30.4,20.0,13.8,35.0,19.6,28.1
La Tour-du-Meix (39270),/management/ville/la-tour-du-meix/ville-39534,0.0,20.0,15.0,25.0,25.0,35.0,49.0,38.0,32.0,52.0,26.4,31.0,26.4,18.5,16.1,21.4,31.0,29.8
Fontaine-sur-Ay (51160),/management/ville/fontaine-sur-ay/ville-51256,15.0,20.0,35.0,40.0,25.0,45.0,35.0,61.0,59.0,89.0,12.5,16.1,31.7,18.7,29.2,19.4,26.7,46.0
Dominois (80120),/management/ville/dominois/ville-80244,5.0,10.0,10.0,5.0,30.0,15.0,48.0,42.0,22.0,28.0,25.0,43.1,42.6,17.3,17.6,13.9,14.7,25.0
Hécourt (27120),/management/ville/hecourt/ville-27326,0.0,11.0,32.0,42.0,58.0,21.0,65.0,67.0,40.0,80.0,25.8,26.4,32.3,20.6,12.1,19.4,29.8,33.3
Grenade-sur-l'Adour (40270),/management/ville/grenade-sur-l-adour/ville-40117,15.0,56.0,72.0,256.0,431.0,328.0,436.0,591.0,435.0,471.0,18.7,26.1,32.9,26.7,23.2,21.9,25.2,23.6
Fiac (81500),/management/ville/fiac/ville-81092,45.0,25.0,56.0,136.0,106.0,91.0,162.0,168.0,143.0,237.0,22.5,23.1,30.7,17.3,19.2,21.3,27.7,39.2
La Bourboule (63150),/management/ville/la-bourboule/ville-63047,5.0,85.0,70.0,150.0,384.0,140.0,532.0,414.0,225.0,268.0,33.0,40.5,33.1,22.9,14.9,16.3,18.9,18.3
Launoy (02210),/management/ville/launoy/ville-02412,0.0,0.0,10.0,15.0,20.0,5.0,23.0,24.0,9.0,9.0,38.9,31.0,38.9,32.3,2.8,27.6,19.4,6.9
Gonneville-la-Mallet (76280),/management/ville/gonneville-la-mallet/ville-76307,20.0,15.0,90.0,115.0,195.0,210.0,313.0,323.0,139.0,203.0,28.0,36.0,39.3,24.0,13.5,14.9,19.3,22.2
Izernore (01580),/management/ville/izernore/ville-01192,15.0,100.0,100.0,320.0,275.0,330.0,481.0,500.0,276.0,367.0,26.0,33.0,35.8,24.1,16.0,17.9,22.1,23.1
Lafox (47240),/management/ville/lafox/ville-47128,10.0,35.0,25.0,177.0,171.0,172.0,253.0,269.0,175.0,169.0,28.7,29.6,33.1,26.9,20.4,20.2,17.8,20.8
Esplas (09700),/management/ville/esplas/ville-09117,15.0,5.0,5.0,5.0,15.0,15.0,26.0,20.0,18.0,15.0,30.6,34.9,33.3,20.5,16.7,27.9,19.4,18.6
Le Moutherot (25170),/management/ville/le-moutherot/ville-25414,0.0,5.0,10.0,20.0,25.0,25.0,22.0,27.0,21.0,19.0,28.3,20.9,28.3,28.0,30.4,16.3,13.0,30.2
Les Étilleux (28330),/management/ville/les-etilleux/ville-28144,15.0,5.0,0.0,25.0,25.0,30.0,44.0,48.0,31.0,40.0,20.5,32.9,38.5,20.0,21.8,17.1,19.2,29.3
Francillon-sur-Roubion (26400),/management/ville/francillon-sur-roubion/ville-26137,5.0,15.0,5.0,36.0,5.0,5.0,38.0,30.0,23.0,56.0,30.3,21.4,22.4,17.8,15.8,14.3,31.6,45.7
Le Verdier (81140),/management/ville/le-verdier/ville-81313,0.0,0.0,10.0,20.0,20.0,10.0,65.0,26.0,32.0,43.0,35.4,43.2,19.0,13.3,20.3,18.2,25.3,26.1
Entrevennes (04700),/management/ville/entrevennes/ville-04077,21.0,0.0,5.0,0.0,5.0,15.0,55.0,31.0,20.0,26.0,43.7,40.7,32.4,14.5,9.9,20.3,14.1,25.4
Fabas (31230),/management/ville/fabas/ville-31178,10.0,5.0,0.0,5.0,26.0,26.0,55.0,54.0,31.0,32.0,27.6,37.3,36.8,24.7,16.1,19.3,19.5,16.9
Gurmençon (64400),/management/ville/gurmencon/ville-64252,0.0,41.0,36.0,82.0,113.0,103.0,194.0,216.0,123.0,136.0,23.5,33.6,40.8,24.0,15.7,20.7,19.9,20.7
Le Chemin (51800),/management/ville/le-chemin/ville-51143,0.0,0.0,0.0,0.0,5.0,10.0,13.0,18.0,4.0,9.0,26.9,33.3,46.2,26.1,11.5,5.6,15.4,27.8
La Cour-Marigny (45260),/management/ville/la-cour-marigny/ville-45112,10.0,25.0,10.0,20.0,69.0,44.0,82.0,65.0,38.0,55.0,27.5,40.0,35.8,17.7,17.5,15.0,19.2,26.7
Durban-sur-Arize (09240),/management/ville/durban-sur-arize/ville-09108,10.0,5.0,0.0,44.0,15.0,10.0,42.0,28.0,26.0,53.0,23.7,32.4,26.3,12.9,18.4,17.6,31.6,37.8
Germay (52230),/management/ville/germay/ville-52218,5.0,0.0,0.0,10.0,10.0,0.0,11.0,12.0,11.0,3.0,17.6,40.0,47.1,23.5,23.5,35.0,11.8,5.0
Houéville (88300),/management/ville/houeville/ville-88242,6.0,6.0,0.0,6.0,12.0,12.0,7.0,14.0,11.0,7.0,22.7,11.8,36.4,31.6,31.8,23.5,9.1,29.4
Leuglay (21290),/management/ville/leuglay/ville-21346,0.0,0.0,0.0,20.0,30.0,94.0,129.0,75.0,37.0,27.0,43.5,53.7,33.3,19.7,15.0,12.4,8.2,12.4
Juscorps (79230),/management/ville/juscorps/ville-79144,0.0,20.0,10.0,34.0,63.0,78.0,68.0,115.0,49.0,41.0,19.1,29.7,56.6,26.4,13.2,23.2,11.0,19.6
La Meilleraie-Tillay (85700),/management/ville/la-meilleraie-tillay/ville-85140,40.0,20.0,10.0,110.0,195.0,355.0,449.0,393.0,183.0,136.0,33.1,44.1,42.5,23.4,14.6,16.9,9.8,13.6
Darney (88260),/management/ville/darney/ville-88124,0.0,36.0,21.0,26.0,108.0,165.0,488.0,204.0,116.0,105.0,50.7,55.9,23.7,19.3,13.7,12.0,11.9,11.0
La Tour-du-Pin (38110),/management/ville/la-tour-du-pin/ville-38509,0.0,221.0,441.0,803.0,837.0,959.0,2206.0,1447.0,873.0,1338.0,34.9,39.9,28.2,20.4,14.0,15.6,22.9,22.8
Fontaine-sur-Maye (80150),/management/ville/fontaine-sur-maye/ville-80327,10.0,10.0,0.0,15.0,21.0,15.0,32.0,34.0,14.0,36.0,22.4,31.6,36.2,20.0,15.5,8.8,25.9,36.8
Ficaja (20237),/management/ville/ficaja/ville-2B113,0.0,0.0,0.0,1.0,5.0,2.0,24.0,5.0,12.0,9.0,47.8,44.4,8.7,14.3,17.4,33.3,26.1,11.1
Gagnières (30160),/management/ville/gagnieres/ville-30120,16.0,107.0,11.0,106.0,112.0,91.0,377.0,263.0,166.0,142.0,38.6,40.8,32.1,22.7,15.5,19.4,13.8,16.1
Lafrançaise (82130),/management/ville/lafrancaise/ville-82087,66.0,70.0,116.0,352.0,396.0,237.0,804.0,553.0,392.0,462.0,33.1,39.5,30.9,19.1,17.6,17.9,18.4,23.2
Gonneville-Le Theil (50330),/management/ville/gonneville-le-theil/ville-50209,44.0,49.0,71.0,165.0,236.0,224.0,310.0,401.0,201.0,214.0,22.2,33.1,44.5,24.3,17.4,18.5,16.0,22.3
Grenant (52500),/management/ville/grenant/ville-52229,10.0,5.0,0.0,5.0,10.0,25.0,57.0,46.0,13.0,8.0,41.8,50.9,46.3,23.8,6.0,15.8,6.0,7.0
Langeron (58240),/management/ville/langeron/ville-58138,5.0,5.0,10.0,80.0,45.0,35.0,81.0,77.0,45.0,59.0,25.4,36.7,41.0,17.6,14.9,19.5,18.7,26.6
Hécourt (60380),/management/ville/hecourt/ville-60306,0.0,15.0,0.0,15.0,15.0,26.0,26.0,45.0,19.0,29.0,16.4,26.8,44.3,27.7,16.4,16.1,23.0,25.0
La Bourdinière-Saint-Loup (28360),/management/ville/la-bourdiniere-saint-loup/ville-28048,16.0,26.0,31.0,88.0,94.0,72.0,134.0,163.0,86.0,113.0,23.9,30.0,44.0,21.2,18.1,16.2,14.0,31.2
Esplas-de-Sérou (09420),/management/ville/esplas-de-serou/ville-09118,20.0,5.0,5.0,20.0,40.0,15.0,21.0,25.0,25.0,60.0,14.9,17.5,25.7,11.8,17.6,21.1,41.9,50.9
Izeron (38160),/management/ville/izeron/ville-38195,15.0,39.0,34.0,63.0,121.0,92.0,136.0,163.0,85.0,161.0,24.6,25.6,32.5,24.2,16.1,15.0,26.8,32.3
Le Mung (17350),/management/ville/le-mung/ville-17252,0.0,25.0,15.0,30.0,35.0,40.0,47.0,72.0,50.0,57.0,19.6,21.9,40.2,24.1,18.8,25.4,21.4,28.9
Leugny (86220),/management/ville/leugny/ville-86130,0.0,10.0,10.0,44.0,54.0,59.0,139.0,93.0,58.0,28.0,36.0,50.6,38.7,20.4,16.7,19.9,8.7,9.0
Germéfontaine (25510),/management/ville/germefontaine/ville-25268,6.0,0.0,0.0,11.0,6.0,11.0,31.0,31.0,18.0,12.0,27.1,40.0,39.6,25.0,18.8,20.0,14.6,13.3
La Courneuve (93120),/management/ville/la-courneuve/ville-93027,9.0,1104.0,1132.0,3074.0,7539.0,6037.0,14049.0,4447.0,4251.0,4807.0,50.5,51.5,17.1,15.1,15.5,15.4,16.8,18.1
Gurs (64190),/management/ville/gurs/ville-64253,10.0,10.0,5.0,20.0,51.0,46.0,94.0,97.0,53.0,83.0,21.1,35.9,37.9,20.8,16.1,15.6,24.8,26.3
Le Chêne (10700),/management/ville/le-chene/ville-10095,10.0,0.0,5.0,42.0,10.0,67.0,71.0,79.0,36.0,33.0,25.2,39.6,47.0,22.5,14.8,18.9,13.0,17.9
Durbans (46320),/management/ville/durbans/ville-46090,35.0,5.0,0.0,20.0,0.0,5.0,36.0,25.0,21.0,31.0,25.8,39.2,29.0,14.3,19.4,17.6,25.8,29.4
Entrevernes (74410),/management/ville/entrevernes/ville-74111,0.0,20.0,10.0,35.0,20.0,30.0,27.0,37.0,41.0,54.0,15.9,18.9,29.3,17.4,28.0,23.0,26.8,41.9
Francilly-Selency (02760),/management/ville/francilly-selency/ville-02330,4.0,9.0,26.0,57.0,70.0,39.0,83.0,79.0,61.0,115.0,21.7,27.3,28.3,18.2,19.9,16.3,30.1,37.8
Fabas (82170),/management/ville/fabas/ville-82057,5.0,16.0,26.0,105.0,84.0,95.0,94.0,85.0,94.0,139.0,21.3,24.5,25.1,16.8,22.3,23.5,31.3,36.5
Jusix (47180),/management/ville/jusix/ville-47120,0.0,0.0,5.0,25.0,10.0,10.0,35.0,20.0,18.0,15.0,35.6,44.2,33.3,12.8,20.0,20.9,11.1,23.3
Darney-aux-Chênes (88170),/management/ville/darney-aux-chenes/ville-88125,0.0,0.0,0.0,10.0,0.0,10.0,17.0,15.0,9.0,5.0,33.3,43.5,29.2,27.6,29.2,8.7,8.3,13.0
Le Verdon-sur-Mer (33123),/management/ville/le-verdon-sur-mer/ville-33544,0.0,45.0,20.0,45.0,146.0,156.0,385.0,396.0,206.0,170.0,24.7,41.0,45.0,23.0,17.2,18.5,13.1,16.1
La Meilleraye-de-Bretagne (44520),/management/ville/la-meilleraye-de-bretagne/ville-44095,30.0,55.0,69.0,182.0,203.0,238.0,286.0,363.0,195.0,205.0,22.0,32.1,40.7,26.0,19.2,18.0,18.1,21.1
La Tour-en-Jarez (42580),/management/ville/la-tour-en-jarez/ville-42311,0.0,30.0,212.0,206.0,136.0,76.0,176.0,238.0,190.0,442.0,16.7,17.0,27.8,17.8,16.5,20.0,39.0,45.7
Les Eyzies (24260),/management/ville/les-eyzies/ville-24172,5.0,74.0,35.0,50.0,159.0,94.0,253.0,247.0,182.0,229.0,23.7,31.5,34.1,21.0,18.1,21.7,24.1,26.0
Fontaine-sur-Somme (80510),/management/ville/fontaine-sur-somme/ville-80328,20.0,15.0,5.0,55.0,60.0,75.0,167.0,97.0,61.0,68.0,34.5,50.8,32.5,16.3,16.0,15.0,17.0,17.6
Grenant-lès-Sombernon (21540),/management/ville/grenant-les-sombernon/ville-21306,10.0,5.0,10.0,55.0,20.0,25.0,23.0,39.0,30.0,55.0,11.7,20.0,37.7,14.9,22.1,18.6,28.6,47.1
La Bourgonce (88470),/management/ville/la-bourgonce/ville-88068,0.0,5.0,40.0,145.0,176.0,135.0,185.0,197.0,98.0,167.0,26.6,30.6,35.0,23.9,12.8,17.6,25.6,25.9
Hecq (59530),/management/ville/hecq/ville-59296,0.0,0.0,30.0,50.0,55.0,35.0,71.0,58.0,42.0,74.0,30.0,28.3,30.0,17.3,16.7,17.3,23.3,37.0
Domjevin (54450),/management/ville/domjevin/ville-54163,5.0,5.0,0.0,20.0,60.0,45.0,55.0,76.0,34.0,23.0,24.2,34.4,53.7,25.0,16.8,19.4,5.3,19.4
Laurabuc (11400),/management/ville/laurabuc/ville-11195,0.0,10.0,20.0,54.0,49.0,44.0,68.0,83.0,68.0,99.0,22.6,20.6,28.0,24.2,18.3,25.2,31.1,30.3
Langesse (45290),/management/ville/langesse/ville-45180,5.0,5.0,5.0,9.0,14.0,0.0,19.0,18.0,8.0,19.0,18.2,40.0,36.4,18.8,15.2,13.3,30.3,26.7
Houeydets (65330),/management/ville/houeydets/ville-65224,5.0,14.0,9.0,14.0,51.0,19.0,52.0,62.0,39.0,48.0,26.7,25.0,34.3,25.5,18.1,20.8,21.0,27.1
Ficheux (62173),/management/ville/ficheux/ville-62332,5.0,36.0,26.0,57.0,114.0,37.0,134.0,112.0,79.0,98.0,27.4,36.2,30.7,21.1,19.8,17.4,22.2,24.4
Gonneville-sur-Honfleur (14600),/management/ville/gonneville-sur-honfleur/ville-14304,5.0,35.0,70.0,90.0,115.0,50.0,186.0,171.0,109.0,182.0,26.9,30.5,32.2,20.3,14.6,19.1,26.3,29.8
Izeste (64260),/management/ville/izeste/ville-64280,4.0,5.0,0.0,28.0,47.0,61.0,113.0,110.0,61.0,65.0,29.2,35.4,38.1,24.1,14.9,19.9,17.9,19.3
Gagny (93220),/management/ville/gagny/ville-93032,0.0,839.0,3405.0,5378.0,5894.0,3360.0,8276.0,5580.0,5052.0,8047.0,29.8,31.5,24.0,18.0,18.3,19.2,27.8,31.7
Lafraye (60510),/management/ville/lafraye/ville-60339,0.0,20.0,30.0,65.0,40.0,60.0,61.0,88.0,50.0,61.0,20.1,27.0,44.8,22.0,17.2,21.4,17.9,29.4
Espoey (64420),/management/ville/espoey/ville-64216,5.0,76.0,52.0,129.0,159.0,88.0,206.0,222.0,164.0,227.0,23.6,26.6,29.8,23.6,19.4,20.8,27.3,28.2
Jussac (15250),/management/ville/jussac/ville-15083,60.0,54.0,75.0,160.0,300.0,225.0,562.0,405.0,268.0,309.0,33.0,39.2,34.8,18.8,16.4,18.2,15.7,23.7
La Tour-en-Maurienne (73300),/management/ville/la-tour-en-maurienne/ville-73135,0.0,25.0,75.0,120.0,151.0,81.0,186.0,274.0,150.0,206.0,18.7,26.7,41.5,24.3,16.9,20.0,22.9,27.6
Darnieulles (88390),/management/ville/darnieulles/ville-88126,10.0,31.0,57.0,139.0,222.0,211.0,309.0,336.0,169.0,240.0,23.8,34.4,41.7,21.9,13.8,18.0,20.6,24.6
Gurunhuel (22390),/management/ville/gurunhuel/ville-22072,27.0,21.0,0.0,58.0,37.0,53.0,81.0,104.0,62.0,74.0,21.0,29.9,39.5,23.2,20.4,18.2,19.2,27.3
Durcet (61100),/management/ville/durcet/ville-61148,5.0,15.0,15.0,30.0,15.0,66.0,61.0,60.0,31.0,63.0,27.1,29.8,28.8,22.9,17.8,10.6,26.3,33.0
La Couronne (16400),/management/ville/la-couronne/ville-16113,5.0,149.0,224.0,761.0,1294.0,931.0,1714.0,1910.0,902.0,1115.0,25.8,34.4,40.2,25.3,15.4,16.5,18.6,20.8
Le Muy (83490),/management/ville/le-muy/ville-83086,20.0,445.0,278.0,881.0,1179.0,886.0,2460.0,2021.0,1165.0,1351.0,32.6,37.5,33.4,22.9,16.4,16.9,17.5,21.0
Le Chesnay-Rocquencourt (78150),/management/ville/le-chesnay-rocquencourt/ville-78158,3.0,707.0,6078.0,3866.0,3023.0,860.0,3363.0,2635.0,3517.0,13414.0,11.2,17.5,11.7,12.0,13.7,16.7,63.4,54.5
Fabras (07380),/management/ville/fabras/ville-07087,0.0,35.0,15.0,20.0,35.0,45.0,90.0,103.0,56.0,80.0,28.4,26.0,33.5,26.3,16.8,17.3,21.3,27.2
Germenay (58800),/management/ville/germenay/ville-58123,5.0,0.0,15.0,0.0,45.0,0.0,43.0,33.0,16.0,15.0,30.8,49.1,40.4,20.3,15.4,14.5,13.5,14.5
Les Farges (24290),/management/ville/les-farges/ville-24175,0.0,15.0,5.0,15.0,50.0,45.0,74.0,88.0,37.0,56.0,25.2,33.1,39.7,25.4,14.5,14.5,20.6,23.4
33.3
Le Verger (35160),/management/ville/le-verger/ville-35351,0.0,35.0,110.0,160.0,225.0,235.0,238.0,302.0,172.0,287.0,22.4,25.3,34.7,23.6,17.3,17.2,25.6,31.9
Leugny (89130),/management/ville/leugny/ville-89221,5.0,10.0,15.0,30.0,55.0,25.0,71.0,103.0,36.0,58.0,22.9,30.1,41.2,29.1,13.0,14.0,22.9,20.6
La Membrolle-sur-Choisille (37390),/management/ville/la-membrolle-sur-choisille/ville-37151,5.0,81.0,235.0,522.0,315.0,228.0,637.0,600.0,422.0,905.0,23.7,25.9,28.0,18.4,15.8,17.2,32.5,38.2
Franclens (74910),/management/ville/franclens/ville-74130,0.0,5.0,21.0,72.0,62.0,103.0,90.0,121.0,60.0,83.0,22.2,28.4,43.8,23.4,14.2,19.9,19.9,27.3
La Boussac (35120),/management/ville/la-boussac/ville-35034,19.0,44.0,39.0,116.0,174.0,179.0,259.0,265.0,142.0,176.0,23.4,37.4,40.0,22.2,16.7,17.2,19.9,21.8
Fontaine-Uterte (02110),/management/ville/fontaine-uterte/ville-02323,0.0,5.0,5.0,20.0,10.0,15.0,29.0,22.0,12.0,25.0,30.2,35.6,32.6,17.8,9.3,17.8,27.9,28.9
Laurac (11270),/management/ville/laurac/ville-11196,0.0,10.0,0.0,15.0,25.0,5.0,39.0,23.0,30.0,43.0,29.5,28.4,16.4,17.3,29.5,16.2,24.6,37.8
Lafresguimont-Saint-Martin (80430),/management/ville/lafresguimont-saint-martin/ville-80456,45.0,20.0,5.0,25.0,55.0,90.0,183.0,105.0,53.0,76.0,40.8,47.2,31.7,17.1,13.3,12.1,14.2,22.6
Durdat-Larequille (03310),/management/ville/durdat-larequille/ville-03106,30.0,30.0,51.0,173.0,172.0,90.0,265.0,298.0,163.0,241.0,22.3,32.1,39.0,21.8,17.7,16.0,21.0,28.5
Fichous-Riumayou (64410),/management/ville/fichous-riumayou/ville-64226,10.0,5.0,10.0,10.0,20.0,10.0,34.0,51.0,16.0,27.0,25.0,28.1,43.8,29.1,12.5,12.5,18.8,23.4
Grenay (38540),/management/ville/grenay/ville-38184,5.0,65.0,109.0,268.0,214.0,184.0,231.0,300.0,202.0,362.0,20.1,22.0,33.8,20.6,18.8,18.0,27.3,38.7
Gahard (35490),/management/ville/gahard/ville-35118,20.0,40.0,115.0,200.0,165.0,175.0,229.0,275.0,152.0,319.0,21.8,25.2,34.5,20.9,14.2,17.0,29.6,35.9
Espondeilhan (34290),/management/ville/espondeilhan/ville-34094,10.0,60.0,35.0,124.0,144.0,94.0,223.0,217.0,149.0,205.0,28.9,27.3,30.0,23.9,16.5,20.9,24.5,27.0
Domjulien (88800),/management/ville/domjulien/ville-88146,10.0,5.0,5.0,5.0,20.0,46.0,42.0,49.0,22.0,20.0,24.3,38.7,44.3,25.0,20.0,12.9,11.4,19.4
Langlade (30980),/management/ville/langlade/ville-30138,5.0,74.0,178.0,301.0,222.0,123.0,311.0,318.0,331.0,710.0,15.9,21.2,22.7,16.5,18.5,21.1,42.9,42.1
Gonneville-sur-Mer (14510),/management/ville/gonneville-sur-mer/ville-14305,10.0,50.0,50.0,45.0,50.0,30.0,136.0,148.0,90.0,180.0,20.5,28.3,30.3,22.1,15.2,17.2,34.1,31.0
La Tour-Saint-Gelin (37120),/management/ville/la-tour-saint-gelin/ville-37260,15.0,10.0,20.0,40.0,65.0,75.0,163.0,114.0,58.0,72.0,34.5,45.2,38.6,17.7,12.7,15.7,14.2,21.0
La Courtète (11240),/management/ville/la-courtete/ville-11108,9.0,0.0,0.0,5.0,0.0,0.0,8.0,8.0,7.0,13.0,23.8,22.2,23.8,21.1,23.8,16.7,28.6,38.9
Le Nayrac (12190),/management/ville/le-nayrac/ville-12172,35.0,20.0,10.0,30.0,40.0,20.0,198.0,111.0,55.0,65.0,39.4,53.0,32.2,18.3,15.4,10.0,13.0,16.9
Hectomare (27110),/management/ville/hectomare/ville-27327,5.0,0.0,5.0,15.0,25.0,49.0,54.0,50.0,24.0,35.0,27.5,38.1,41.3,19.5,12.5,16.7,18.8,25.0
Houilles (78800),/management/ville/houilles/ville-78311,3.0,643.0,5846.0,4691.0,3765.0,1790.0,4777.0,4053.0,3476.0,10142.0,19.3,23.1,19.3,16.6,15.7,15.3,45.7,44.7
Germignac (17520),/management/ville/germignac/ville-17175,0.0,5.0,26.0,36.0,93.0,145.0,137.0,164.0,95.0,103.0,26.1,28.6,38.5,25.1,17.9,20.7,17.5,24.1
Fieffes-Montrelet (80670),/management/ville/fieffes-montrelet/ville-80566,5.0,0.0,15.0,44.0,25.0,39.0,88.0,72.0,41.0,58.0,34.6,32.5,30.9,21.9,19.1,13.0,15.4,30.1
Izeure (21110),/management/ville/izeure/ville-21319,15.0,10.0,35.0,148.0,143.0,118.0,113.0,204.0,127.0,156.0,17.2,20.6,38.2,27.2,21.4,21.0,23.3,28.9
Enval (63530),/management/ville/enval/ville-63150,0.0,20.0,120.0,240.0,160.0,125.0,286.0,312.0,202.0,365.0,19.7,29.4,34.7,18.7,17.2,17.4,28.4,34.2
Gonneville-sur-Scie (76590),/management/ville/gonneville-sur-scie/ville-76308,15.0,14.0,20.0,40.0,76.0,56.0,111.0,113.0,42.0,69.0,29.0,37.3,43.2,21.7,11.8,13.3,16.0,25.3
Jussarupt (88640),/management/ville/jussarupt/ville-88256,15.0,0.0,5.0,5.0,25.0,40.0,82.0,70.0,33.0,30.0,27.2,50.5,43.0,19.5,18.4,11.7,11.4,16.5
La Ménitré (49250),/management/ville/la-menitre/ville-49201,36.0,61.0,107.0,223.0,228.0,315.0,419.0,481.0,287.0,374.0,23.0,30.5,37.5,23.3,17.2,19.5,22.3,25.5
La Tour-sur-Orb (34260),/management/ville/la-tour-sur-orb/ville-34312,10.0,25.0,55.0,130.0,165.0,100.0,289.0,295.0,187.0,216.0,24.2,34.4,35.9,22.9,18.3,19.6,21.6,22.2
Darois (21121),/management/ville/darois/ville-21227,0.0,5.0,45.0,80.0,20.0,20.0,111.0,80.0,53.0,126.0,16.8,40.9,25.7,17.0,18.6,10.8,38.9,30.0
Fabrègues (34690),/management/ville/fabregues/ville-34095,15.0,315.0,420.0,950.0,1020.0,630.0,1301.0,1325.0,999.0,1556.0,23.9,26.2,31.1,20.6,18.0,20.4,27.0,32.7
Gury (60310),/management/ville/gury/ville-60292,0.0,10.0,0.0,15.0,56.0,51.0,53.0,58.0,18.0,43.0,27.6,33.7,43.7,21.3,10.3,10.8,18.4,31.3
Le Cheylard (07160),/management/ville/le-cheylard/ville-07064,10.0,82.0,139.0,206.0,391.0,309.0,983.0,673.0,343.0,466.0,35.0,44.2,30.9,21.6,15.1,12.8,18.9,18.9
Dureil (72270),/management/ville/dureil/ville-72123,0.0,15.0,0.0,5.0,0.0,0.0,9.0,20.0,9.0,15.0,7.1,28.0,46.4,24.1,21.4,12.0,25.0,32.0
Domléger-Longvillers (80370),/management/ville/domleger-longvillers/ville-80245,15.0,10.0,5.0,39.0,44.0,68.0,81.0,80.0,32.0,39.0,28.2,41.7,41.9,23.5,15.4,12.2,14.5,19.1
Laurac-en-Vivarais (07110),/management/ville/laurac-en-vivarais/ville-07134,10.0,44.0,31.0,91.0,134.0,65.0,261.0,216.0,130.0,164.0,29.6,37.6,37.2,19.5,16.8,16.7,16.5,25.5
Les Ferres (06510),/management/ville/les-ferres/ville-06061,0.0,10.0,10.0,5.0,5.0,20.0,30.0,24.0,12.0,21.0,36.2,32.5,40.4,14.3,4.3,25.0,19.1,30.0
La Bouteille (02140),/management/ville/la-bouteille/ville-02109,10.0,0.0,25.0,40.0,79.0,98.0,145.0,106.0,59.0,59.0,33.1,45.0,35.4,21.0,17.7,14.3,13.8,18.0
Jussas (17130),/management/ville/jussas/ville-17199,0.0,0.0,0.0,0.0,20.0,30.0,44.0,37.0,18.0,15.0,36.2,41.1,36.2,24.6,19.0,12.5,8.6,17.9
Gailhan (30260),/management/ville/gailhan/ville-30121,5.0,16.0,11.0,41.0,32.0,11.0,43.0,45.0,36.0,59.0,23.9,23.2,34.1,16.7,18.2,21.1,23.9,40.0
Grenay (62160),/management/ville/grenay/ville-62386,5.0,70.0,65.0,425.0,877.0,1246.0,2059.0,1515.0,723.0,453.0,38.4,47.8,37.5,24.1,14.8,15.5,9.3,9.8
Langley (88130),/management/ville/langley/ville-88260,0.0,0.0,5.0,15.0,15.0,20.0,32.0,45.0,19.0,23.0,16.1,36.5,50.0,23.9,17.9,14.3,16.1,22.2
Gonsans (25360),/management/ville/gonsans/ville-25278,15.0,15.0,20.0,87.0,81.0,66.0,89.0,118.0,79.0,109.0,18.7,26.6,32.0,24.2,26.1,13.5,23.2,32.3
Fontainebleau (77300),/management/ville/fontainebleau/ville-77186,1.0,478.0,1963.0,1761.0,1858.0,747.0,1966.0,1567.0,2109.0,5357.0,14.5,20.7,16.7,13.2,18.1,20.0,50.7,47.1
Esprels (70110),/management/ville/esprels/ville-70219,10.0,40.0,15.0,94.0,84.0,109.0,180.0,179.0,95.0,78.0,29.0,38.2,41.7,23.9,18.1,17.8,11.2,18.2
Hédauville (80560),/management/ville/hedauville/ville-80425,5.0,5.0,5.0,26.0,10.0,15.0,32.0,19.0,22.0,14.0,30.0,42.2,22.5,20.8,35.0,15.6,12.5,20.0
François (79260),/management/ville/francois/ville-79128,5.0,20.0,106.0,127.0,132.0,66.0,133.0,189.0,122.0,261.0,20.4,17.4,30.5,22.2,15.5,19.1,33.6,40.4
La Courtine (23100),/management/ville/la-courtine/ville-23067,14.0,19.0,19.0,48.0,122.0,81.0,233.0,202.0,92.0,92.0,30.7,44.2,40.5,22.3,16.3,13.8,12.4,17.3
Leuhan (29390),/management/ville/leuhan/ville-29125,19.0,44.0,5.0,49.0,88.0,151.0,145.0,203.0,155.0,107.0,19.2,28.6,38.7,27.0,25.2,25.5,17.0,18.4
Les Fessey (70310),/management/ville/les-fessey/ville-70233,5.0,5.0,0.0,20.0,10.0,5.0,33.0,31.0,19.0,21.0,23.5,39.2,33.3,23.2,21.6,15.7,21.6,19.6
Houlbec-Cocherel (27120),/management/ville/houlbec-cocherel/ville-27343,0.0,74.0,135.0,217.0,124.0,115.0,174.0,230.0,218.0,356.0,17.0,18.6,26.1,21.3,21.9,22.7,35.0,37.8
Le Neubourg (27110),/management/ville/le-neubourg/ville-27428,15.0,94.0,111.0,363.0,526.0,711.0,1461.0,868.0,429.0,470.0,38.5,50.8,33.3,19.9,13.9,12.8,14.3,14.8
Grendelbruch (67190),/management/ville/grendelbruch/ville-67167,15.0,24.0,29.0,172.0,151.0,142.0,191.0,363.0,164.0,230.0,17.0,23.1,43.2,29.3,15.9,18.6,24.0,24.5
La Tourette (42380),/management/ville/la-tourette/ville-42312,5.0,20.0,20.0,65.0,80.0,51.0,105.0,153.0,82.0,88.0,21.6,27.2,44.1,25.5,20.6,17.9,13.7,26.8
Darvault (77140),/management/ville/darvault/ville-77156,0.0,39.0,48.0,121.0,125.0,39.0,170.0,210.0,124.0,138.0,24.6,28.2,37.2,26.5,17.7,20.9,20.5,22.4
Fiefs (62134),/management/ville/fiefs/ville-62333,10.0,0.0,0.0,30.0,60.0,40.0,86.0,76.0,51.0,55.0,29.9,34.0,31.5,23.5,21.3,17.0,17.3,23.4
Enveitg (66760),/management/ville/enveitg/ville-66066,0.0,57.0,30.0,127.0,87.0,66.0,157.0,137.0,85.0,136.0,31.3,29.6,32.8,20.4,11.3,22.0,24.5,28.4
La Merlatière (85140),/management/ville/la-merlatiere/ville-85142,10.0,30.0,45.0,135.0,125.0,235.0,145.0,233.0,143.0,168.0,17.6,24.6,37.8,27.0,22.2,19.3,22.5,26.3
Francon (31420),/management/ville/francon/ville-31196,5.0,21.0,5.0,5.0,52.0,41.0,52.0,59.0,33.0,43.0,29.2,26.1,37.5,24.7,11.5,23.9,21.9,25.0
Leuilly-sous-Coucy (02380),/management/ville/leuilly-sous-coucy/ville-02423,0.0,5.0,24.0,20.0,64.0,59.0,82.0,92.0,48.0,77.0,26.6,28.3,33.8,24.1,18.8,13.1,20.8,31.0
Gontaud-de-Nogaret (47400),/management/ville/gontaud-de-nogaret/ville-47110,45.0,45.0,15.0,115.0,211.0,351.0,491.0,432.0,176.0,184.0,32.8,43.6,40.9,23.6,13.7,13.7,12.6,16.0
Domloup (35410),/management/ville/domloup/ville-35099,19.0,53.0,390.0,628.0,457.0,333.0,361.0,548.0,436.0,920.0,15.1,16.8,28.8,20.1,16.4,22.2,39.7,41.5
Le Cheylas (38570),/management/ville/le-cheylas/ville-38100,0.0,105.0,185.0,380.0,455.0,265.0,447.0,523.0,296.0,547.0,22.4,26.9,32.0,23.4,16.7,15.9,28.9,31.5
Lauraët (32330),/management/ville/lauraet/ville-32203,25.0,15.0,10.0,20.0,35.0,15.0,68.0,54.0,36.0,48.0,30.4,35.6,35.3,17.7,13.7,21.8,20.6,25.7
Fabrezan (11200),/management/ville/fabrezan/ville-11132,40.0,85.0,61.0,109.0,135.0,129.0,316.0,283.0,206.0,225.0,26.8,34.1,32.2,22.7,19.3,20.6,21.6,22.0
Germigney (39380),/management/ville/germigney/ville-39249,5.0,0.0,0.0,5.0,5.0,0.0,25.0,14.0,11.0,14.0,34.4,41.9,28.1,16.7,15.6,19.4,21.9,22.6
Gussainville (55400),/management/ville/gussainville/ville-55222,0.0,0.0,0.0,5.0,0.0,19.0,6.0,10.0,6.0,4.0,33.3,9.1,33.3,41.7,13.3,36.4,20.0,9.1
Jussecourt-Minecourt (51340),/management/ville/jussecourt-minecourt/ville-51311,0.0,0.0,0.0,20.0,31.0,31.0,52.0,59.0,25.0,19.0,35.8,31.1,43.2,30.0,8.6,24.3,12.3,12.2
Greneville-en-Beauce (45480),/management/ville/greneville-en-beauce/ville-45160,15.0,15.0,5.0,108.0,49.0,84.0,170.0,147.0,80.0,103.0,31.9,36.4,36.6,20.9,14.8,16.9,16.7,24.8
Les Fins (25500),/management/ville/les-fins/ville-25240,10.0,75.0,240.0,440.0,305.0,675.0,705.0,688.0,385.0,491.0,26.6,35.8,35.8,23.0,16.2,17.8,21.5,21.8
Izier (21110),/management/ville/izier/ville-21320,5.0,20.0,50.0,90.0,115.0,125.0,108.0,154.0,115.0,159.0,18.4,21.7,35.3,22.3,19.9,23.2,26.5,33.1
Esquay-Notre-Dame (14210),/management/ville/esquay-notre-dame/ville-14249,0.0,50.0,80.0,180.0,275.0,145.0,162.0,324.0,186.0,277.0,12.7,21.3,41.5,25.0,20.6,18.6,25.2,33.1
Franconville (54830),/management/ville/franconville/ville-54209,0.0,5.0,0.0,16.0,5.0,11.0,9.0,14.0,12.0,10.0,9.1,27.3,45.5,18.2,36.4,18.2,9.1,36.4
.8,16.0,39.4,49.7
Fontainebrux (39140),/management/ville/fontainebrux/ville-39229,9.0,5.0,15.0,15.0,34.0,45.0,39.0,53.0,27.0,30.0,22.2,29.9,45.8,24.7,15.3,20.8,16.7,23.4
Faches-Thumesnil (59155),/management/ville/faches-thumesnil/ville-59220,6.0,357.0,1407.0,2309.0,2497.0,1277.0,3689.0,2580.0,1938.0,4079.0,27.7,32.1,22.7,18.7,16.2,15.4,33.4,33.0
Lauraguel (11300),/management/ville/lauraguel/ville-11197,40.0,35.0,30.0,45.0,55.0,45.0,158.0,111.0,78.0,117.0,35.6,32.7,27.3,20.7,13.4,19.8,23.6,26.6
Germigney (70100),/management/ville/germigney/ville-70265,5.0,5.0,5.0,15.0,5.0,29.0,51.0,41.0,17.0,18.0,35.9,43.8,37.5,24.3,14.1,12.5,12.5,15.6
Le Verguier (02490),/management/ville/le-verguier/ville-02782,5.0,0.0,10.0,10.0,25.0,35.0,60.0,61.0,19.0,28.0,33.3,38.4,41.7,26.0,11.9,10.5,13.1,19.8
Houldizy (08090),/management/ville/houldizy/ville-08230,0.0,19.0,0.0,84.0,53.0,44.0,62.0,62.0,53.0,90.0,17.4,28.9,31.8,15.7,18.9,20.7,31.8,35.6
Le Neufbourg (50140),/management/ville/le-neufbourg/ville-50371,0.0,5.0,20.0,61.0,36.0,51.0,133.0,95.0,54.0,61.0,34.0,42.5,29.6,22.9,19.1,12.7,17.3,18.8
Grenier-Montgon (43450),/management/ville/grenier-montgon/ville-43103,0.0,0.0,0.0,15.0,20.0,15.0,32.0,34.0,16.0,10.0,29.5,39.6,43.2,27.3,18.2,16.7,9.1,12.5
La Tourette-Cabardès (11380),/management/ville/la-tourette-cabardes/ville-11391,0.0,4.0,0.0,4.0,4.0,0.0,4.0,5.0,4.0,7.0,12.5,25.0,50.0,11.1,0.0,33.3,37.5,33.3
Fiennes (62132),/management/ville/fiennes/ville-62334,0.0,35.0,20.0,101.0,171.0,126.0,223.0,186.0,109.0,127.0,29.9,39.3,35.5,21.2,17.1,16.5,17.4,21.8
La Brède (33650),/management/ville/la-brede/ville-33213,14.0,226.0,533.0,567.0,432.0,230.0,576.0,666.0,518.0,1295.0,17.1,20.4,24.7,19.0,15.9,17.9,42.3,42.5
Gaillac (81600),/management/ville/gaillac/ville-81099,76.0,424.0,693.0,1482.0,2026.0,1517.0,3891.0,2761.0,1849.0,2902.0,30.5,37.2,29.9,18.8,15.9,16.5,23.7,26.9
La Mesnière (61560),/management/ville/la-mesniere/ville-61277,25.0,20.0,15.0,50.0,35.0,45.0,55.0,65.0,44.0,42.0,24.3,29.3,39.3,22.8,21.5,21.2,15.0,26.3
Langoat (22450),/management/ville/langoat/ville-22101,25.0,35.0,35.0,106.0,177.0,167.0,226.0,275.0,170.0,177.0,20.5,32.3,39.4,24.3,21.3,18.9,18.8,22.8
Envermeu (76630),/management/ville/envermeu/ville-76235,20.0,50.0,111.0,156.0,276.0,387.0,537.0,517.0,239.0,238.0,30.7,39.0,38.7,25.7,15.3,16.0,15.3,15.9
La Couture (62136),/management/ville/la-couture/ville-62252,32.0,91.0,222.0,390.0,339.0,298.0,570.0,474.0,380.0,594.0,25.3,31.1,29.0,18.2,18.6,19.0,27.0,31.8
Lafrimbolle (57560),/management/ville/lafrimbolle/ville-57374,5.0,10.0,5.0,15.0,30.0,20.0,55.0,55.0,27.0,26.0,33.8,33.3,39.0,26.1,14.3,19.0,13.0,19.0
Gussignies (59570),/management/ville/gussignies/ville-59277,0.0,30.0,30.0,65.0,10.0,25.0,47.0,55.0,64.0,80.0,17.6,20.9,26.7,19.0,26.0,26.1,29.8,35.7
Dommarie-Eulmont (54115),/management/ville/dommarie-eulmont/ville-54164,0.0,10.0,0.0,20.0,5.0,5.0,16.0,16.0,11.0,18.0,21.9,31.0,37.5,14.8,15.6,20.7,25.0,34.5
Fâchin (58430),/management/ville/fachin/ville-58111,10.0,5.0,0.0,5.0,10.0,0.0,33.0,25.0,18.0,26.0,26.5,37.7,24.5,22.4,20.4,15.1,28.6,22.6
Laure-Minervois (11800),/management/ville/laure-minervois/ville-11198,36.0,16.0,47.0,62.0,140.0,130.0,287.0,248.0,165.0,182.0,29.5,35.6,32.6,23.1,17.1,20.2,20.8,20.2
Gonzeville (76560),/management/ville/gonzeville/ville-76309,9.0,0.0,5.0,9.0,5.0,9.0,37.0,18.0,10.0,18.0,40.9,46.2,20.5,21.4,9.1,15.4,29.5,15.4
Jussey (70500),/management/ville/jussey/ville-70292,25.0,44.0,35.0,144.0,178.0,198.0,614.0,351.0,181.0,153.0,38.7,54.2,36.0,18.6,14.2,13.8,11.1,12.4
Durenque (12170),/management/ville/durenque/ville-12092,107.0,5.0,0.0,30.0,73.0,19.0,180.0,104.0,78.0,62.0,35.9,49.5,34.1,15.0,18.9,17.5,11.1,18.4
Darvoy (45150),/management/ville/darvoy/ville-45123,20.0,55.0,141.0,277.0,207.0,202.0,352.0,457.0,238.0,363.0,20.8,29.1,40.3,23.1,15.4,18.4,23.5,27.9
Les Fontenelles (25210),/management/ville/les-fontenelles/ville-25248,10.0,30.0,10.0,65.0,65.0,120.0,143.0,130.0,66.0,67.0,30.5,39.4,40.6,22.6,14.7,17.8,14.2,18.8
Izieu (01300),/management/ville/izieu/ville-01193,0.0,5.0,0.0,47.0,37.0,37.0,58.0,61.0,28.0,47.0,26.5,32.3,37.8,22.9,14.3,15.6,21.4,27.1
Franconville (95130),/management/ville/franconville/ville-95252,4.0,751.0,3035.0,5478.0,6273.0,2865.0,6526.0,6185.0,4893.0,7985.0,23.4,27.3,26.9,21.0,20.4,18.0,29.3,32.8
Hédouville (95690),/management/ville/hedouville/ville-95304,0.0,20.0,41.0,45.0,35.0,5.0,30.0,38.0,47.0,96.0,14.0,14.5,17.0,18.8,28.0,17.3,41.0,49.1
Esquay-sur-Seulles (14400),/management/ville/esquay-sur-seulles/ville-14250,0.0,26.0,31.0,21.0,46.0,10.0,76.0,71.0,32.0,62.0,25.7,37.0,36.3,21.3,13.3,12.6,24.8,26.8
Leulinghem (62500),/management/ville/leulinghem/ville-62504,0.0,5.0,20.0,25.0,40.0,40.0,33.0,64.0,30.0,51.0,15.4,21.8,47.3,23.6,12.1,21.8,25.3,32.2
Fontaines (71150),/management/ville/fontaines/ville-71202,5.0,45.0,104.0,310.0,165.0,265.0,368.0,395.0,232.0,442.0,19.6,31.4,34.5,20.0,15.1,17.2,30.8,30.7
Le Chillou (79600),/management/ville/le-chillou/ville-79089,5.0,0.0,0.0,20.0,15.0,25.0,52.0,50.0,21.0,19.0,31.1,42.6,45.9,22.2,12.2,17.6,10.8,16.2
Germigny (51390),/management/ville/germigny/ville-51267,20.0,5.0,36.0,10.0,26.0,26.0,38.0,47.0,24.0,38.0,26.4,25.0,36.1,25.9,15.3,16.7,22.2,29.2
Le Vermont (88210),/management/ville/le-vermont/ville-88501,0.0,0.0,5.0,15.0,10.0,5.0,10.0,20.0,9.0,16.0,10.7,25.9,39.3,28.1,17.9,14.8,32.1,25.9
Fienvillers (80750),/management/ville/fienvillers/ville-80310,15.0,0.0,10.0,50.0,140.0,95.0,137.0,155.0,93.0,84.0,23.5,34.3,42.1,24.2,17.6,21.8,16.7,19.0
Le Neufour (55120),/management/ville/le-neufour/ville-55379,0.0,0.0,0.0,10.0,5.0,0.0,16.0,16.0,10.0,12.0,21.7,35.5,39.1,21.9,17.4,19.4,21.7,22.6
Langoëlan (56160),/management/ville/langoelan/ville-56099,30.0,20.0,5.0,50.0,20.0,40.0,113.0,71.0,53.0,66.0,34.2,40.4,28.3,18.1,19.1,15.9,18.4,25.2
La Brée-les-Bains (17840),/management/ville/la-bree-les-bains/ville-17486,10.0,58.0,25.0,33.0,83.0,48.0,217.0,194.0,99.0,115.0,29.8,39.0,35.6,24.5,14.9,16.7,19.7,17.3
La Couture (85320),/management/ville/la-couture/ville-85074,5.0,5.0,0.0,15.0,25.0,29.0,40.0,48.0,33.0,32.0,23.4,29.1,36.4,24.4,22.1,21.5,18.2,24.1
La Meurdraquière (50510),/management/ville/la-meurdraquiere/ville-50327,0.0,0.0,10.0,0.0,30.0,45.0,55.0,36.0,24.0,16.0,38.2,46.0,33.8,20.0,19.1,17.5,8.8,15.9
Houlette (16200),/management/ville/houlette/ville-16165,0.0,30.0,20.0,20.0,45.0,75.0,75.0,125.0,47.0,39.0,19.7,32.6,52.8,30.1,13.4,19.4,14.1,13.2
La Tranche-sur-Mer (85360),/management/ville/la-tranche-sur-mer/ville-85294,0.0,185.0,65.0,215.0,330.0,150.0,808.0,790.0,436.0,507.0,22.6,39.5,36.9,23.9,17.9,16.5,22.6,17.8
Gréning (57660),/management/ville/grening/ville-57258,0.0,0.0,5.0,15.0,25.0,25.0,48.0,38.0,15.0,10.0,32.1,53.4,47.2,21.3,9.4,17.2,11.3,6.9
Gaillac-d'Aveyron (12310),/management/ville/gaillac-d-aveyron/ville-12107,44.0,15.0,5.0,30.0,30.0,20.0,78.0,60.0,47.0,51.0,33.6,32.2,34.4,16.8,18.0,22.6,13.9,29.6
Guyancourt (78280),/management/ville/guyancourt/ville-78297,0.0,361.0,4587.0,4553.0,4198.0,1679.0,3648.0,3252.0,3238.0,8556.0,18.5,20.5,18.4,16.9,15.5,19.0,47.6,44.0
Lagamas (34150),/management/ville/lagamas/ville-34125,0.0,5.0,0.0,15.0,10.0,25.0,24.0,15.0,22.0,30.0,24.5,28.6,16.3,17.1,28.6,19.0,30.6,35.7
Dommarien (52190),/management/ville/dommarien/ville-52170,0.0,0.0,10.0,20.0,10.0,19.0,40.0,37.0,22.0,23.0,25.0,43.6,41.2,16.7,17.6,18.2,16.2,21.8
Faget-Abbatial (32450),/management/ville/faget-abbatial/ville-32130,20.0,10.0,10.0,15.0,53.0,24.0,46.0,39.0,46.0,50.0,23.2,27.1,27.4,16.9,26.3,24.7,23.2,32.9
Durfort (09130),/management/ville/durfort/ville-09109,40.0,5.0,5.0,25.0,5.0,0.0,31.0,36.0,23.0,20.0,24.1,32.1,42.6,24.1,14.8,26.8,18.5,17.9
Izon (33450),/management/ville/izon/ville-33207,0.0,245.0,358.0,754.0,862.0,676.0,953.0,1339.0,749.0,976.0,21.6,25.6,38.1,26.5,17.2,19.9,23.0,25.5
Les Forges (79340),/management/ville/les-forges/ville-79124,10.0,10.0,0.0,15.0,10.0,15.0,31.0,31.0,18.0,21.0,27.5,34.0,41.2,19.6,17.6,18.0,13.7,28.0
Leulinghen-Bernes (62250),/management/ville/leulinghen-bernes/ville-62505,0.0,5.0,25.0,30.0,55.0,76.0,96.0,84.0,54.0,75.0,29.7,32.7,27.7,23.7,19.4,15.7,23.2,25.5
Germigny (89600),/management/ville/germigny/ville-89186,25.0,15.0,10.0,65.0,100.0,45.0,155.0,148.0,69.0,60.0,30.5,41.1,42.7,24.2,13.6,18.3,13.1,14.6
Fontaines (89130),/management/ville/fontaines/ville-89173,15.0,25.0,15.0,25.0,90.0,55.0,94.0,130.0,77.0,79.0,19.4,30.2,46.1,22.7,16.2,24.3,18.3,23.3
Goos (40180),/management/ville/goos/ville-40113,10.0,10.0,20.0,41.0,86.0,56.0,85.0,135.0,89.0,82.0,16.8,25.8,40.8,26.9,23.9,22.0,18.5,23.4
Dasle (25230),/management/ville/dasle/ville-25196,5.0,60.0,90.0,135.0,135.0,165.0,345.0,337.0,186.0,259.0,24.6,36.7,36.6,22.0,15.2,17.6,23.6,22.4
Laurède (40250),/management/ville/laurede/ville-40147,5.0,20.0,20.0,50.0,29.0,51.0,79.0,115.0,55.0,63.0,20.0,31.2,49.0,24.2,12.9,22.3,18.1,21.7
Hegeney (67360),/management/ville/hegeney/ville-67186,0.0,25.0,10.0,66.0,56.0,59.0,65.0,112.0,60.0,64.0,15.6,27.5,41.5,29.2,21.8,17.6,21.1,20.9
Esquéhéries (02170),/management/ville/esqueheries/ville-02286,15.0,35.0,0.0,70.0,110.0,130.0,301.0,194.0,79.0,68.0,40.0,53.9,35.4,21.8,14.2,10.4,10.5,10.7
Jussy (02480),/management/ville/jussy/ville-02397,5.0,35.0,45.0,99.0,173.0,188.0,294.0,299.0,156.0,144.0,30.1,35.6,38.4,25.5,18.9,16.0,12.6,19.6
Le Claon (55120),/management/ville/le-claon/ville-55116,0.0,5.0,0.0,5.0,0.0,15.0,17.0,18.0,7.0,7.0,33.3,36.0,33.3,30.3,20.8,8.0,12.5,16.0
Francoulès (46090),/management/ville/francoules/ville-46112,0.0,15.0,10.0,5.0,39.0,39.0,55.0,50.0,33.0,36.0,30.1,32.5,32.3,22.2,22.6,15.7,15.1,27.7
Le Verneil (73110),/management/ville/le-verneil/ville-73311,0.0,0.0,10.0,5.0,15.0,5.0,42.0,10.0,9.0,12.0,64.1,50.0,15.4,12.1,10.3,14.7,10.3,23.5
Langogne (48300),/management/ville/langogne/ville-48080,35.0,120.0,55.0,195.0,460.0,250.0,753.0,638.0,382.0,423.0,31.7,36.6,34.2,23.0,16.1,18.6,18.0,20.5
Le Nizan (33430),/management/ville/le-nizan/ville-33305,0.0,10.0,15.0,46.0,57.0,87.0,133.0,123.0,58.0,67.0,33.7,36.0,38.8,23.6,12.8,18.3,14.8,20.4
Éole-en-Beauce (28140),/management/ville/eole-en-beauce/ville-28406,40.0,30.0,55.0,150.0,166.0,161.0,253.0,293.0,167.0,182.0,26.2,30.4,39.6,24.3,17.0,20.4,17.2,23.7
La Breille-les-Pins (49390),/management/ville/la-breille-les-pins/ville-49045,0.0,5.0,20.0,45.0,65.0,75.0,165.0,127.0,63.0,82.0,37.6,38.0,33.8,22.9,12.4,16.2,16.2,21.0
Fierville-les-Mines (50580),/management/ville/fierville-les-mines/ville-50183,10.0,5.0,10.0,20.0,31.0,66.0,92.0,92.0,38.0,32.0,30.2,41.9,45.0,23.8,17.8,12.1,7.0,18.5
La Couture-Boussey (27750),/management/ville/la-couture-boussey/ville-27183,0.0,45.0,81.0,257.0,317.0,383.0,558.0,557.0,293.0,304.0,28.3,36.6,38.3,24.6,17.3,16.9,16.0,19.4
Houlgate (14510),/management/ville/houlgate/ville-14338,5.0,50.0,88.0,147.0,246.0,178.0,572.0,394.0,294.0,300.0,31.1,41.5,30.9,20.0,18.9,18.8,19.1,19.4
Grenoble (38000),/management/ville/grenoble/ville-38185,27.0,2860.0,22254.0,20043.0,18887.0,10648.0,24016.0,15466.0,14811.0,48624.0,20.9,25.5,16.4,14.0,13.9,14.9,48.9,45.8
Dommartemont (54130),/management/ville/dommartemont/ville-54165,0.0,70.0,80.0,40.0,40.0,20.0,59.0,89.0,93.0,234.0,9.2,15.4,19.7,17.7,21.9,17.4,49.1,49.4
La Tranclière (01160),/management/ville/la-trancliere/ville-01425,0.0,5.0,25.0,45.0,15.0,40.0,53.0,75.0,37.0,55.0,21.4,26.4,45.5,22.2,13.4,20.8,19.6,30.2
La Meyze (87800),/management/ville/la-meyze/ville-87096,10.0,24.0,20.0,104.0,109.0,129.0,221.0,173.0,123.0,135.0,28.9,39.1,32.8,19.6,19.6,18.1,18.7,22.8
Guyans-Durnes (25580),/management/ville/guyans-durnes/ville-25300,20.0,0.0,5.0,30.0,45.0,35.0,34.0,52.0,35.0,64.0,22.2,14.7,32.2,22.8,20.0,17.9,25.6,43.2
Izon-la-Bruisse (26560),/management/ville/izon-la-bruisse/ville-26150,0.0,0.0,6.0,0.0,0.0,6.0,1.0,2.0,1.0,2.0,25.0,0.0,50.0,0.0,0.0,50.0,25.0,50.0
Germigny-des-Prés (45110),/management/ville/germigny-des-pres/ville-45153,5.0,20.0,41.0,132.0,106.0,86.0,109.0,149.0,91.0,157.0,19.0,24.1,38.9,19.9,17.8,18.4,24.3,37.2
Hégenheim (68220),/management/ville/hegenheim/ville-68126,15.0,80.0,407.0,351.0,542.0,361.0,643.0,736.0,472.0,809.0,17.7,30.1,33.0,21.7,17.6,17.8,31.7,29.3
Leurville (52700),/management/ville/leurville/ville-52286,11.0,0.0,0.0,5.0,22.0,5.0,13.0,30.0,10.0,20.0,23.8,9.7,40.5,31.0,19.0,6.5,16.7,41.9
Gaillac-Toulza (31550),/management/ville/gaillac-toulza/ville-31206,29.0,85.0,81.0,134.0,202.0,96.0,316.0,258.0,201.0,211.0,31.3,32.7,29.9,21.9,20.4,20.6,18.4,24.5
Daubensand (67150),/management/ville/daubensand/ville-67086,0.0,10.0,39.0,63.0,24.0,29.0,49.0,112.0,53.0,89.0,8.0,24.0,44.7,25.6,20.0,14.9,27.3,31.8
Esquelbecq (59470),/management/ville/esquelbecq/ville-59210,20.0,60.0,130.0,255.0,235.0,255.0,445.0,471.0,257.0,408.0,23.5,32.5,34.7,23.1,16.0,16.5,25.7,25.9
Gorbio (06500),/management/ville/gorbio/ville-06067,5.0,66.0,95.0,189.0,184.0,108.0,404.0,290.0,216.0,287.0,28.9,38.3,30.3,18.6,16.7,19.3,24.0,24.0
Le Clapier (12540),/management/ville/le-clapier/ville-12067,10.0,0.0,10.0,15.0,0.0,15.0,19.0,12.0,17.0,20.0,17.6,38.2,20.6,14.7,35.3,14.7,26.5,32.4
Les Forges (88390),/management/ville/les-forges/ville-88178,0.0,72.0,214.0,258.0,168.0,181.0,363.0,410.0,267.0,430.0,20.1,28.9,31.4,23.1,18.3,18.2,30.2,28.3
Jussy (57130),/management/ville/jussy/ville-57352,0.0,34.0,79.0,60.0,44.0,10.0,51.0,80.0,50.0,176.0,9.7,18.8,25.4,18.8,9.7,18.8,55.1,43.5
Francourt (70180),/management/ville/francourt/ville-70251,5.0,5.0,0.0,5.0,15.0,15.0,29.0,30.0,10.0,8.0,41.5,33.3,43.9,29.3,7.3,19.4,7.3,13.9
Fontaines-d'Ozillac (17500),/management/ville/fontaines-d-ozillac/ville-17163,10.0,30.0,5.0,75.0,75.0,91.0,113.0,133.0,68.0,56.0,26.1,35.1,45.7,24.9,16.3,20.0,12.0,18.4
Lagarde (09500),/management/ville/lagarde/ville-09150,5.0,0.0,19.0,10.0,19.0,14.0,41.0,37.0,27.0,48.0,24.3,29.5,23.0,22.6,18.9,16.7,33.8,29.5
Laurenan (22230),/management/ville/laurenan/ville-22122,40.0,30.0,0.0,35.0,80.0,95.0,228.0,162.0,81.0,85.0,36.5,45.1,38.5,19.7,14.2,14.8,10.8,19.2
Fagnières (51510),/management/ville/fagnieres/ville-51242,26.0,71.0,184.0,620.0,624.0,498.0,1281.0,1064.0,579.0,670.0,32.5,38.5,35.1,22.6,15.8,16.4,16.5,20.6
Durfort (81540),/management/ville/durfort/ville-81083,0.0,5.0,20.0,10.0,35.0,15.0,65.0,63.0,34.0,45.0,28.0,34.6,32.0,25.6,17.0,16.3,23.0,20.2
Fierville-les-Parcs (14130),/management/ville/fierville-les-parcs/ville-14269,0.0,10.0,15.0,15.0,35.0,20.0,55.0,35.0,27.0,27.0,36.5,38.8,28.6,21.3,15.9,21.3,19.0,18.8
La Bresse (88250),/management/ville/la-bresse/ville-88075,5.0,202.0,142.0,425.0,506.0,464.0,1217.0,1054.0,532.0,683.0,27.0,42.3,38.0,21.5,14.4,16.1,20.7,18.6
Le Nouvion-en-Thiérache (02170),/management/ville/le-nouvion-en-thierache/ville-02558,5.0,55.0,80.0,150.0,285.0,420.0,977.0,547.0,220.0,245.0,42.0,55.4,34.7,19.3,10.4,11.6,12.9,11.8
Houlle (62910),/management/ville/houlle/ville-62458,15.0,34.0,29.0,182.0,123.0,138.0,210.0,260.0,156.0,188.0,21.6,30.2,38.7,23.7,18.8,19.8,20.9,25.1
Dommartin (25300),/management/ville/dommartin/ville-25201,5.0,21.0,26.0,74.0,85.0,111.0,144.0,167.0,99.0,118.0,22.7,31.9,39.5,22.6,20.3,17.2,17.6,26.7
Grenois (58420),/management/ville/grenois/ville-58130,0.0,0.0,10.0,5.0,10.0,10.0,49.0,20.0,7.0,13.0,58.5,51.1,31.7,14.3,4.9,10.6,4.9,23.4
Langoiran (33550),/management/ville/langoiran/ville-33226,15.0,50.0,125.0,235.0,315.0,270.0,392.0,475.0,268.0,471.0,21.7,27.1,34.7,22.5,17.6,15.8,26.0,32.6
Guyans-Vennes (25390),/management/ville/guyans-vennes/ville-25301,20.0,35.0,30.0,74.0,99.0,174.0,144.0,176.0,117.0,129.0,19.4,31.8,37.3,23.5,21.8,19.6,21.5,23.9
Heidolsheim (67390),/management/ville/heidolsheim/ville-67187,0.0,10.0,6.0,68.0,58.0,131.0,110.0,137.0,59.0,75.0,23.3,35.2,47.0,22.1,13.9,17.3,15.8,24.0
La Couvertoirade (12230),/management/ville/la-couvertoirade/ville-12082,39.0,10.0,10.0,30.0,15.0,10.0,27.0,25.0,32.0,64.0,13.0,23.6,23.4,11.5,19.5,25.0,44.2,41.7
Le Vernet (03200),/management/ville/le-vernet/ville-03306,0.0,90.0,105.0,251.0,276.0,196.0,353.0,435.0,227.0,453.0,21.6,26.2,34.2,23.4,14.3,16.5,29.9,31.7
Germigny-l'Évêque (77910),/management/ville/germigny-l-eveque/ville-77203,0.0,55.0,165.0,174.0,205.0,95.0,204.0,267.0,187.0,321.0,20.1,21.6,31.5,22.7,17.0,21.2,31.5,34.1
Daubeuf-la-Campagne (27110),/management/ville/daubeuf-la-campagne/ville-27201,10.0,0.0,5.0,35.0,10.0,55.0,40.0,58.0,26.0,40.0,20.5,28.4,41.0,25.0,20.5,11.1,18.1,30.9
La Mézière (35520),/management/ville/la-meziere/ville-35177,11.0,188.0,508.0,788.0,738.0,435.0,596.0,734.0,630.0,1309.0,16.3,20.1,25.7,19.4,18.6,19.9,39.3,40.7
Izotges (32400),/management/ville/izotges/ville-32161,0.0,0.0,11.0,16.0,15.0,5.0,30.0,21.0,20.0,15.0,28.9,40.0,21.1,23.6,31.6,16.0,18.4,18.0
La Tremblade (17390),/management/ville/la-tremblade/ville-17452,62.0,249.0,98.0,254.0,430.0,331.0,1471.0,1107.0,632.0,662.0,33.6,41.7,33.8,22.6,14.9,17.5,17.7,16.6
Leury (02880),/management/ville/leury/ville-02424,0.0,0.0,5.0,15.0,20.0,10.0,24.0,25.0,17.0,19.0,27.3,29.3,38.6,21.1,13.6,26.8,20.5,24.4
Le Clat (11140),/management/ville/le-clat/ville-11093,5.0,0.0,0.0,0.0,5.0,5.0,20.0,3.0,3.0,3.0,66.7,73.3,20.0,0.0,13.3,6.7,0.0,20.0
Gaillagos (65400),/management/ville/gaillagos/ville-65182,5.0,5.0,5.0,20.0,10.0,5.0,26.0,21.0,22.0,25.0,26.1,29.2,28.3,20.0,13.0,33.3,32.6,20.8

Éourres (05300),/management/ville/eourres/ville-05047,19.0,19.0,10.0,14.0,14.0,19.0,10.0,12.0,28.0,51.0,13.2,6.3,17.0,8.6,22.6,33.3,47.2,54.2
Jussy (89290),/management/ville/jussy/ville-89212,11.0,0.0,5.0,68.0,63.0,63.0,93.0,92.0,59.0,75.0,27.3,31.0,40.4,17.9,14.3,23.2,18.0,29.0
Esquennoy (60120),/management/ville/esquennoy/ville-60221,0.0,15.0,10.0,55.0,55.0,165.0,252.0,163.0,49.0,49.0,45.1,53.1,39.2,21.4,8.6,10.5,7.1,12.0
Les Fosses (79360),/management/ville/les-fosses/ville-79126,10.0,10.0,15.0,60.0,75.0,60.0,103.0,101.0,52.0,82.0,32.3,28.7,34.7,23.5,12.6,18.1,20.4,28.1
Francourville (28700),/management/ville/francourville/ville-28160,0.0,41.0,26.0,159.0,124.0,155.0,191.0,199.0,101.0,127.0,30.5,31.3,39.3,23.9,12.5,19.8,17.7,23.6
Grentheville (14540),/management/ville/grentheville/ville-14319,0.0,20.0,79.0,162.0,79.0,79.0,147.0,185.0,107.0,171.0,23.2,24.9,36.5,23.7,15.0,19.6,25.3,30.6
Fagnon (08090),/management/ville/fagnon/ville-08162,10.0,14.0,14.0,67.0,52.0,24.0,58.0,75.0,43.0,86.0,19.1,25.0,36.6,20.6,14.5,18.2,29.8,35.6
Heidwiller (68720),/management/ville/heidwiller/ville-68127,0.0,24.0,71.0,71.0,57.0,47.0,83.0,139.0,61.0,167.0,15.3,21.4,36.0,23.6,11.7,15.3,36.9,37.1
Durfort-et-Saint-Martin-de-Sossenac (30170),/management/ville/durfort-et-saint-martin-de-sossenac/ville-30106,5.0,45.0,44.0,35.0,94.0,25.0,160.0,131.0,102.0,141.0,29.3,30.3,33.6,17.4,15.2,22.7,21.9,30.7
Germigny-l'Exempt (18150),/management/ville/germigny-l-exempt/ville-18101,20.0,10.0,0.0,25.0,50.0,30.0,80.0,70.0,40.0,51.0,31.4,35.0,33.1,22.6,19.5,13.8,16.1,26.0
Fieulaine (02110),/management/ville/fieulaine/ville-02310,5.0,10.0,5.0,15.0,51.0,41.0,80.0,70.0,26.0,35.0,32.1,44.6,40.4,21.8,15.6,7.9,11.9,21.8
Jablines (77450),/management/ville/jablines/ville-77234,10.0,40.0,85.0,145.0,70.0,50.0,62.0,124.0,87.0,190.0,11.4,15.6,31.8,20.7,18.4,19.3,38.4,44.0
Daubeuf-près-Vatteville (27430),/management/ville/daubeuf-pres-vatteville/ville-27202,0.0,15.0,20.0,50.0,55.0,106.0,94.0,110.0,55.0,86.0,26.9,27.3,35.2,25.3,16.5,15.5,21.4,28.6
Hounoux (11240),/management/ville/hounoux/ville-11173,10.0,0.0,0.0,10.0,15.0,20.0,25.0,26.0,26.0,36.0,25.9,18.5,32.8,16.7,12.1,35.2,29.3,33.3
La Trétoire (77510),/management/ville/la-tretoire/ville-77472,0.0,20.0,45.0,70.0,50.0,30.0,90.0,91.0,63.0,84.0,27.4,27.5,30.4,23.5,19.6,18.8,22.6,28.8
Lagarde (31290),/management/ville/lagarde/ville-31262,10.0,25.0,45.0,65.0,81.0,30.0,61.0,73.0,61.0,89.0,20.7,21.8,29.3,21.6,24.3,18.3,25.7,37.3
Gordes (84220),/management/ville/gordes/ville-84050,45.0,129.0,101.0,152.0,140.0,101.0,448.0,349.0,246.0,566.0,25.8,29.5,28.1,16.3,13.6,16.8,32.6,37.4
Les Fougerêts (56200),/management/ville/les-fougerets/ville-56060,5.0,39.0,20.0,94.0,157.0,128.0,222.0,266.0,130.0,109.0,24.3,36.3,44.9,26.3,16.8,18.8,13.9,15.9
Fontaines-en-Duesmois (21450),/management/ville/fontaines-en-duesmois/ville-21276,10.0,0.0,5.0,10.0,15.0,15.0,30.0,31.0,10.0,17.0,40.0,27.5,42.0,25.6,4.0,20.0,14.0,25.0
La Couyère (35320),/management/ville/la-couyere/ville-35089,5.0,0.0,16.0,96.0,80.0,75.0,88.0,117.0,72.0,100.0,18.9,28.1,33.2,25.6,21.4,16.9,26.5,26.4
Laurens (34480),/management/ville/laurens/ville-34130,48.0,62.0,24.0,139.0,297.0,168.0,355.0,384.0,245.0,273.0,27.2,29.2,38.1,23.4,16.6,22.1,18.1,24.8
Le Vernet (04140),/management/ville/le-vernet/ville-04237,5.0,10.0,5.0,15.0,15.0,24.0,36.0,23.0,16.0,27.0,36.4,34.0,29.1,16.7,7.3,25.5,27.3,25.5
Le Noyer (05500),/management/ville/le-noyer/ville-05095,10.0,0.0,15.0,60.0,15.0,15.0,79.0,62.0,40.0,55.0,26.5,40.3,37.6,16.2,12.0,21.8,23.9,22.7
Dommartin (58120),/management/ville/dommartin/ville-58099,20.0,15.0,5.0,5.0,35.0,15.0,49.0,45.0,17.0,23.0,26.2,46.4,46.2,19.2,16.9,8.7,10.8,23.2
La Bretenière (25640),/management/ville/la-breteniere/ville-25092,10.0,0.0,0.0,15.0,0.0,0.0,14.0,20.0,10.0,11.0,11.1,39.3,51.9,20.7,18.5,17.9,18.5,21.4
Eoux (31420),/management/ville/eoux/ville-31168,15.0,5.0,0.0,0.0,15.0,5.0,50.0,19.0,11.0,21.0,51.0,45.1,23.5,15.7,5.9,15.7,19.6,23.5
La Milesse (72650),/management/ville/la-milesse/ville-72198,5.0,71.0,167.0,466.0,385.0,284.0,448.0,611.0,325.0,549.0,21.8,24.6,36.0,24.5,17.1,16.6,25.2,31.7

,13.3,13.5
Gréolières (06620),/management/ville/greolieres/ville-06070,0.0,71.0,25.0,46.0,92.0,56.0,130.0,138.0,72.0,108.0,27.0,31.0,38.2,21.6,15.0,17.6,19.7,28.7
Germigny-sous-Coulombs (77840),/management/ville/germigny-sous-coulombs/ville-77204,5.0,0.0,0.0,25.0,25.0,35.0,39.0,54.0,26.0,25.0,21.6,32.4,48.6,24.1,20.3,15.5,9.5,25.4
Fahy-lès-Autrey (70100),/management/ville/fahy-les-autrey/ville-70225,0.0,0.0,0.0,19.0,19.0,14.0,30.0,18.0,21.0,14.0,33.3,37.2,26.2,19.0,31.0,20.9,9.5,23.3
Daubeuf-Serville (76110),/management/ville/daubeuf-serville/ville-76213,10.0,14.0,14.0,38.0,48.0,57.0,70.0,99.0,56.0,59.0,21.3,28.1,40.7,25.9,20.7,19.3,17.3,24.4
La Trimouille (86290),/management/ville/la-trimouille/ville-86273,10.0,45.0,10.0,20.0,119.0,156.0,318.0,195.0,101.0,133.0,36.4,48.4,33.3,18.2,12.9,14.1,17.4,18.3
Durfort-Lacapelette (82390),/management/ville/durfort-lacapelette/ville-82051,31.0,36.0,36.0,62.0,113.0,82.0,188.0,179.0,126.0,147.0,25.2,33.2,34.9,20.4,21.2,18.2,18.7,27.6
Fieux (47600),/management/ville/fieux/ville-47098,20.0,20.0,25.0,80.0,30.0,20.0,91.0,61.0,46.0,64.0,32.8,36.6,25.2,20.3,19.1,16.0,22.9,26.0
12.6,31.9,34.9
Jabreilles-les-Bordes (87370),/management/ville/jabreilles-les-bordes/ville-87076,0.0,10.0,31.0,42.0,21.0,21.0,39.0,56.0,32.0,61.0,10.6,30.9,34.0,21.8,25.5,8.5,29.8,35.1
Lagarde (32700),/management/ville/lagarde/ville-32176,5.0,15.0,0.0,20.0,5.0,0.0,36.0,14.0,17.0,33.0,39.6,32.7,22.9,6.8,12.5,21.2,25.0,40.4
Houplin-Ancoisne (59263),/management/ville/houplin-ancoisne/ville-59316,5.0,71.0,398.0,495.0,490.0,288.0,672.0,619.0,365.0,891.0,24.7,28.0,27.1,20.2,14.0,14.6,34.2,35.8
Les Fourgs (25300),/management/ville/les-fourgs/ville-25254,34.0,39.0,29.0,190.0,200.0,268.0,197.0,328.0,205.0,267.0,18.9,20.5,38.2,25.7,19.7,21.4,23.1,30.9
Lauresses (46210),/management/ville/lauresses/ville-46161,40.0,10.0,0.0,11.0,31.0,32.0,92.0,53.0,41.0,30.0,37.6,47.2,27.5,21.1,21.1,16.7,13.8,13.9
Langon (33210),/management/ville/langon/ville-33227,25.0,155.0,245.0,646.0,1161.0,926.0,1964.0,1612.0,1061.0,1275.0,26.7,38.2,32.7,21.9,18.9,17.3,21.7,21.4
La Bretenière (39700),/management/ville/la-breteniere/ville-39076,10.0,5.0,0.0,45.0,35.0,30.0,43.0,57.0,25.0,36.0,26.3,27.2,43.8,24.4,15.0,16.0,15.0,29.6
La Crau (83260),/management/ville/la-crau/ville-83047,105.0,690.0,1063.0,2286.0,2852.0,1356.0,3781.0,3660.0,2548.0,3563.0,26.7,29.0,29.6,23.3,18.9,18.7,24.8,27.6
Fontaines-en-Sologne (41250),/management/ville/fontaines-en-sologne/ville-41086,20.0,15.0,16.0,114.0,94.0,54.0,151.0,146.0,78.0,93.0,30.5,34.1,38.9,22.7,12.1,21.4,18.4,21.4
Esquerdes (62380),/management/ville/esquerdes/ville-62309,0.0,90.0,60.0,134.0,224.0,244.0,352.0,388.0,192.0,219.0,23.9,37.2,41.7,23.7,16.1,17.4,18.3,19.7
Leuville-sur-Orge (91310),/management/ville/leuville-sur-orge/ville-91333,5.0,110.0,480.0,817.0,611.0,275.0,711.0,689.0,564.0,1078.0,22.7,24.0,25.5,19.8,18.2,18.9,33.6,37.1
Le Clerjus (88240),/management/ville/le-clerjus/ville-88108,25.0,5.0,15.0,25.0,70.0,90.0,174.0,127.0,62.0,62.0,37.0,45.4,34.2,22.3,16.4,12.6,12.3,16.9
La Môle (83310),/management/ville/la-mole/ville-83079,26.0,145.0,83.0,163.0,247.0,162.0,290.0,268.0,200.0,253.0,27.3,30.2,31.3,21.4,19.3,20.2,22.1,27.8
Guyencourt-Saulcourt (80240),/management/ville/guyencourt-saulcourt/ville-80404,5.0,5.0,0.0,5.0,10.0,15.0,40.0,29.0,16.0,17.0,38.9,39.1,29.6,23.1,18.5,13.0,13.0,21.7
Épagne (10500),/management/ville/epagne/ville-10138,0.0,15.0,10.0,15.0,5.0,5.0,33.0,24.0,18.0,25.0,29.1,36.2,34.5,11.9,16.4,21.3,20.0,31.9
Le Noyer (18260),/management/ville/le-noyer/ville-18168,5.0,5.0,10.0,25.0,20.0,10.0,69.0,61.0,32.0,34.0,24.2,44.8,48.4,16.3,15.4,17.1,12.1,21.9
Gaillard (74240),/management/ville/gaillard/ville-74133,8.0,313.0,915.0,1378.0,2039.0,1441.0,2824.0,1841.0,1465.0,2415.0,29.5,36.5,25.8,17.3,17.1,17.2,27.5,29.0
Gorenflos (80690),/management/ville/gorenflos/ville-80380,0.0,20.0,5.0,15.0,35.0,20.0,73.0,54.0,37.0,26.0,31.5,44.3,37.0,20.2,20.7,18.6,10.9,16.5
Jussy-le-Chaudrier (18140),/management/ville/jussy-le-chaudrier/ville-18120,10.0,64.0,10.0,49.0,98.0,69.0,171.0,181.0,60.0,65.0,30.5,41.3,45.8,25.4,13.6,11.7,10.2,17.1
Francueil (37150),/management/ville/francueil/ville-37110,5.0,50.0,40.0,171.0,201.0,206.0,262.0,345.0,190.0,237.0,22.5,28.0,39.7,24.7,18.7,18.2,19.1,26.9
Le Vernet (09700),/management/ville/le-vernet/ville-09331,10.0,19.0,34.0,83.0,58.0,93.0,171.0,135.0,87.0,105.0,34.8,33.7,34.0,20.8,13.9,20.8,17.2,24.7
Dommartin (69380),/management/ville/dommartin/ville-69076,10.0,150.0,375.0,325.0,215.0,105.0,346.0,317.0,270.0,973.0,17.1,19.3,19.2,14.3,12.5,15.8,51.1,50.9
Daubèze (33540),/management/ville/daubeze/ville-33149,0.0,5.0,0.0,35.0,10.0,25.0,36.0,34.0,15.0,28.0,27.3,36.2,34.5,22.7,14.5,12.1,23.6,25.9
Failly (57640),/management/ville/failly/ville-57204,6.0,19.0,52.0,63.0,86.0,35.0,86.0,100.0,68.0,137.0,19.9,24.1,29.4,20.6,17.4,17.3,33.3,37.2
La Trinitat (15110),/management/ville/la-trinitat/ville-15241,10.0,0.0,0.0,0.0,0.0,0.0,18.0,3.0,13.0,4.0,45.0,50.0,10.0,7.7,35.0,33.3,10.0,11.1
Figanières (83830),/management/ville/figanieres/ville-83056,5.0,99.0,69.0,278.0,392.0,169.0,489.0,594.0,364.0,520.0,22.7,26.8,33.7,25.2,17.5,19.3,26.1,26.7
Gréoux-les-Bains (04800),/management/ville/greoux-les-bains/ville-04094,10.0,165.0,70.0,235.0,375.0,240.0,587.0,584.0,365.0,483.0,27.4,30.5,32.7,24.0,17.9,18.2,22.1,25.5
Lagarde (57810),/management/ville/lagarde/ville-57375,15.0,5.0,5.0,5.0,25.0,5.0,65.0,48.0,24.0,26.0,41.0,38.8,30.1,24.5,18.1,11.3,10.8,21.3
Heiligenstein (67140),/management/ville/heiligenstein/ville-67189,10.0,30.0,110.0,125.0,95.0,115.0,130.0,236.0,129.0,232.0,14.4,21.4,34.1,27.1,18.5,16.9,33.0,30.8
Germigny-sur-Loire (58320),/management/ville/germigny-sur-loire/ville-58124,5.0,35.0,30.0,100.0,100.0,115.0,107.0,190.0,131.0,139.0,16.4,21.6,42.3,23.5,23.5,22.7,17.8,32.0
Durlinsdorf (68480),/management/ville/durlinsdorf/ville-68074,0.0,5.0,20.0,60.0,70.0,125.0,116.0,161.0,62.0,84.0,20.6,34.3,47.4,26.0,11.0,18.3,21.1,18.8
Houplines (59116),/management/ville/houplines/ville-59317,15.0,151.0,348.0,848.0,1262.0,1050.0,1750.0,1472.0,988.0,1304.0,28.4,34.7,31.0,21.6,18.5,17.4,22.1,25.0
Les Garennes sur Loire (49320),/management/ville/les-garennes-sur-loire/ville-49167,36.0,186.0,456.0,648.0,435.0,267.0,734.0,785.0,537.0,1201.0,19.3,25.6,27.0,20.4,16.3,16.7,37.4,36.3
Lauret (34270),/management/ville/lauret/ville-34131,5.0,35.0,60.0,95.0,60.0,45.0,68.0,78.0,61.0,199.0,17.0,16.5,25.7,12.8,15.0,15.0,42.2,56.0
Langon (35660),/management/ville/langon/ville-35145,15.0,57.0,36.0,118.0,180.0,190.0,292.0,424.0,187.0,230.0,19.8,31.6,44.3,26.4,18.8,14.3,17.1,23.4
La Bretonnière-la-Claye (85320),/management/ville/la-bretonniere-la-claye/ville-85036,15.0,10.0,10.0,35.0,85.0,95.0,142.0,153.0,73.0,69.0,27.2,38.0,41.5,25.6,15.2,18.3,16.1,15.5
La Crèche (79260),/management/ville/la-creche/ville-79048,5.0,95.0,475.0,705.0,895.0,505.0,1053.0,1235.0,757.0,1210.0,22.5,26.8,33.7,23.4,16.5,18.9,27.3,29.4
Leuvrigny (51700),/management/ville/leuvrigny/ville-51320,20.0,10.0,20.0,25.0,35.0,40.0,108.0,65.0,44.0,31.0,37.7,49.2,30.3,20.3,21.3,14.5,10.7,14.5
Le Cloître-Pleyben (29190),/management/ville/le-cloitre-pleyben/ville-29033,25.0,20.0,15.0,44.0,54.0,69.0,143.0,125.0,69.0,76.0,30.6,37.8,38.3,21.8,16.1,17.6,15.0,21.6
Fontaines-les-Sèches (21330),/management/ville/fontaines-les-seches/ville-21279,11.0,0.0,0.0,5.0,5.0,0.0,14.0,8.0,4.0,1.0,69.2,38.5,30.8,25.0,0.0,30.8,0.0,7.7
Guyencourt-sur-Noye (80250),/management/ville/guyencourt-sur-noye/ville-80403,0.0,5.0,5.0,45.0,20.0,20.0,33.0,40.0,20.0,48.0,12.5,32.5,42.2,16.9,10.9,16.9,34.4,33.8
La Moncelle (08140),/management/ville/la-moncelle/ville-08294,0.0,10.0,0.0,20.0,10.0,30.0,40.0,23.0,16.0,30.0,26.0,44.8,30.0,13.6,18.0,12.1,26.0,29.3
Épagne-Épagnette (80580),/management/ville/epagne-epagnette/ville-80268,0.0,10.0,26.0,61.0,82.0,51.0,129.0,109.0,85.0,116.0,27.5,30.8,29.4,21.0,16.6,22.0,26.5,26.4
Franey (25170),/management/ville/franey/ville-25257,0.0,10.0,25.0,30.0,25.0,55.0,60.0,69.0,28.0,43.0,25.8,34.0,41.2,25.4,10.3,17.5,22.7,20.4
Gaillefontaine (76870),/management/ville/gaillefontaine/ville-76295,15.0,25.0,25.0,50.0,160.0,230.0,506.0,289.0,90.0,90.0,47.4,56.3,36.5,20.3,8.8,9.7,7.3,11.1
Gorges (44190),/management/ville/gorges/ville-44064,35.0,152.0,283.0,607.0,612.0,510.0,690.0,875.0,588.0,903.0,18.5,26.3,32.8,23.5,19.6,18.9,29.1,29.9
Justian (32190),/management/ville/justian/ville-32166,5.0,25.0,5.0,15.0,0.0,10.0,31.0,20.0,13.0,26.0,36.4,32.6,27.3,17.8,9.1,19.6,27.3,30.4
Le Noyer (73340),/management/ville/le-noyer/ville-73192,5.0,5.0,20.0,60.0,20.0,10.0,38.0,31.0,31.0,63.0,16.9,30.0,22.9,14.8,24.1,13.8,36.1,41.3
Dauendorf (67350),/management/ville/dauendorf/ville-67087,10.0,60.0,70.0,110.0,191.0,196.0,338.0,424.0,163.0,223.0,19.7,37.9,45.8,25.5,14.6,13.8,19.9,18.9
Germinon (51130),/management/ville/germinon/ville-51268,0.0,5.0,5.0,25.0,20.0,25.0,24.0,33.0,28.0,35.0,18.3,21.7,31.7,21.9,30.0,16.7,20.0,38.3
Grépiac (31190),/management/ville/grepiac/ville-31233,10.0,30.0,100.0,145.0,110.0,60.0,138.0,184.0,108.0,272.0,17.1,22.2,31.2,20.4,13.8,16.9,37.9,39.6
Heillecourt (54180),/management/ville/heillecourt/ville-54257,10.0,116.0,509.0,700.0,635.0,322.0,815.0,1107.0,695.0,1572.0,16.3,22.2,28.9,22.7,15.6,17.4,39.2,36.1
Le Vernet (43320),/management/ville/le-vernet/ville-43260,0.0,5.0,0.0,0.0,0.0,0.0,8.0,9.0,2.0,2.0,18.2,60.0,63.6,20.0,0.0,20.0,18.2,0.0
Lagarde (65320),/management/ville/lagarde/ville-65244,5.0,15.0,5.0,35.0,69.0,84.0,71.0,155.0,81.0,88.0,17.0,19.3,44.0,30.2,20.0,21.3,19.0,25.4
Dommartin (80440),/management/ville/dommartin/ville-80246,5.0,10.0,20.0,50.0,50.0,45.0,68.0,84.0,53.0,66.0,19.9,30.4,35.3,23.4,26.5,12.6,18.4,30.4
Faimbe (25250),/management/ville/faimbe/ville-25232,10.0,0.0,15.0,15.0,5.0,5.0,23.0,31.0,13.0,9.0,26.3,34.2,50.0,27.9,15.8,18.4,7.9,15.8
La Trinité (06340),/management/ville/la-trinite/ville-06149,9.0,301.0,347.0,1132.0,1885.0,1014.0,2314.0,2228.0,1391.0,1612.0,29.0,32.2,37.9,21.7,16.3,20.3,16.8,25.4
Figari (20114),/management/ville/figari/ville-2A114,22.0,86.0,47.0,107.0,254.0,137.0,344.0,258.0,237.0,255.0,35.0,27.9,26.8,21.4,17.8,25.6,20.5,26.2
Esquièze-Sère (65120),/management/ville/esquieze-sere/ville-65168,10.0,49.0,34.0,35.0,50.0,20.0,79.0,101.0,64.0,84.0,17.4,29.3,38.9,23.0,21.5,17.9,22.2,28.3
Houppeville (76770),/management/ville/houppeville/ville-76367,0.0,64.0,291.0,498.0,241.0,128.0,346.0,416.0,303.0,883.0,14.6,20.6,25.8,17.2,14.3,16.7,45.3,45.3
Lauret (40320),/management/ville/lauret/ville-40148,15.0,10.0,0.0,5.0,26.0,5.0,26.0,14.0,15.0,13.0,35.5,38.9,19.4,21.1,29.0,16.7,16.1,22.2
Épagny (02290),/management/ville/epagny/ville-02277,0.0,10.0,5.0,30.0,35.0,56.0,89.0,81.0,31.0,28.0,36.9,41.1,40.2,26.2,11.5,15.9,11.5,13.1
La Cresse (12640),/management/ville/la-cresse/ville-12086,21.0,12.0,15.0,34.0,32.0,38.0,85.0,67.0,51.0,51.0,30.4,36.4,35.2,18.9,16.8,23.3,17.6,22.5
Le Cloître-Saint-Thégonnec (29410),/management/ville/le-cloitre-saint-thegonnec/ville-29034,20.0,15.0,5.0,90.0,75.0,55.0,104.0,147.0,127.0,86.0,19.1,25.6,39.1,25.0,27.8,26.9,13.9,23.1
La Bridoire (73520),/management/ville/la-bridoire/ville-73058,5.0,35.0,55.0,125.0,200.0,185.0,238.0,323.0,168.0,198.0,20.8,30.4,41.9,25.7,17.2,19.0,20.1,22.6
Daumazan-sur-Arize (09350),/management/ville/daumazan-sur-arize/ville-09105,5.0,25.0,20.0,30.0,160.0,75.0,231.0,154.0,82.0,123.0,38.3,39.9,31.4,19.8,13.2,14.5,17.1,24.4
Les Genettes (61270),/management/ville/les-genettes/ville-61187,0.0,0.0,5.0,25.0,30.0,30.0,41.0,49.0,26.0,38.0,24.4,28.9,37.2,24.1,16.7,17.1,21.8,27.6
Durmenach (68480),/management/ville/durmenach/ville-68075,26.0,20.0,10.0,77.0,117.0,173.0,182.0,222.0,112.0,146.0,23.1,31.5,39.1,25.6,17.0,16.9,20.8,22.9
Jacob-Bellecombette (73000),/management/ville/jacob-bellecombette/ville-73137,10.0,59.0,326.0,524.0,524.0,237.0,484.0,549.0,409.0,1112.0,12.1,24.3,27.4,16.4,18.5,14.1,42.0,44.7
Fontaines-Saint-Clair (55110),/management/ville/fontaines-saint-clair/ville-55192,0.0,5.0,0.0,5.0,5.0,11.0,21.0,16.0,4.0,5.0,40.9,50.0,45.5,21.4,9.1,8.3,4.5,16.7
Langon-sur-Cher (41320),/management/ville/langon-sur-cher/ville-41110,0.0,15.0,15.0,60.0,134.0,140.0,195.0,243.0,101.0,75.0,28.4,35.6,46.4,28.0,15.8,17.1,9.5,15.1
Grésigny-Sainte-Reine (21150),/management/ville/gresigny-sainte-reine/ville-21307,5.0,0.0,0.0,10.0,30.0,20.0,34.0,39.0,18.0,21.0,20.4,39.7,51.9,19.3,11.1,20.7,16.7,20.7
Gorges (50190),/management/ville/gorges/ville-50210,20.0,10.0,20.0,40.0,40.0,40.0,80.0,92.0,48.0,56.0,28.3,29.7,39.1,25.5,15.2,19.6,17.4,23.2
Germiny (54170),/management/ville/germiny/ville-54223,0.0,10.0,15.0,30.0,10.0,15.0,41.0,56.0,22.0,36.0,24.0,28.8,46.7,24.1,10.7,17.5,18.7,27.5
Fain-lès-Montbard (21500),/management/ville/fain-les-montbard/ville-21259,0.0,15.0,15.0,15.0,45.0,30.0,75.0,76.0,35.0,42.0,26.4,39.0,41.8,23.3,14.5,16.1,17.3,19.5
Heilles (60250),/management/ville/heilles/ville-60307,0.0,35.0,55.0,50.0,95.0,85.0,122.0,140.0,84.0,112.0,26.3,27.0,39.0,21.5,15.7,21.2,19.1,30.2
Le Collet-de-Dèze (48160),/management/ville/le-collet-de-deze/ville-48051,11.0,31.0,20.0,66.0,109.0,60.0,192.0,167.0,127.0,135.0,23.2,37.5,35.6,19.4,21.5,19.6,19.7,23.5
Épagny (21380),/management/ville/epagny/ville-21245,5.0,15.0,40.0,50.0,40.0,15.0,35.0,59.0,38.0,87.0,13.1,19.1,29.9,21.8,19.6,15.5,37.4,41.8
Leuze (02500),/management/ville/leuze/ville-02425,5.0,0.0,5.0,20.0,30.0,5.0,53.0,40.0,16.0,17.0,30.0,53.0,40.0,20.8,18.3,7.6,11.7,15.2
Les Gets (74260),/management/ville/les-gets/ville-74134,15.0,134.0,78.0,177.0,182.0,104.0,255.0,292.0,228.0,260.0,20.7,28.4,36.8,20.5,21.3,22.8,21.3,28.8
Fain-lès-Moutiers (21500),/management/ville/fain-les-moutiers/ville-21260,5.0,5.0,5.0,20.0,20.0,15.0,34.0,34.0,16.0,36.0,22.4,33.9,39.7,16.9,13.8,12.9,24.1,35.5
Durmignat (63700),/management/ville/durmignat/ville-63140,19.0,0.0,19.0,19.0,9.0,0.0,60.0,55.0,18.0,35.0,29.5,42.5,43.2,18.9,12.5,8.8,14.8,27.5
Le Noyer-en-Ouche (27410),/management/ville/le-noyer-en-ouche/ville-27444,5.0,10.0,10.0,25.0,20.0,25.0,58.0,40.0,35.0,42.0,31.5,34.9,30.4,16.2,15.2,25.3,22.8,25.3
Gaillères (40090),/management/ville/gailleres/ville-40103,10.0,5.0,15.0,75.0,105.0,50.0,107.0,150.0,83.0,105.0,21.2,26.8,41.5,24.9,16.6,20.6,20.7,26.3
Le Vernet-Chaméane (63580),/management/ville/le-vernet-chameane/ville-63448,15.0,20.0,20.0,138.0,118.0,72.0,188.0,190.0,122.0,125.0,27.8,32.5,34.8,24.7,19.2,19.6,18.2,21.5
La Monnerie-le-Montel (63650),/management/ville/la-monnerie-le-montel/ville-63231,0.0,49.0,44.0,68.0,189.0,329.0,759.0,332.0,142.0,150.0,50.8,58.4,27.3,18.8,10.9,9.8,11.0,10.8
Guyonvelle (52400),/management/ville/guyonvelle/ville-52233,0.0,0.0,5.0,0.0,15.0,5.0,35.0,29.0,19.0,9.0,30.2,44.9,48.8,18.2,14.0,26.5,7.0,12.2
Esquiule (64400),/management/ville/esquiule/ville-64217,24.0,20.0,15.0,59.0,59.0,45.0,126.0,151.0,67.0,88.0,24.7,33.5,43.4,24.1,14.6,16.3,17.4,23.7
Houquetot (76110),/management/ville/houquetot/ville-76368,5.0,5.0,10.0,54.0,45.0,40.0,55.0,77.0,59.0,61.0,16.8,27.3,35.9,24.4,23.7,23.1,23.7,24.8
Fains (27120),/management/ville/fains/ville-27231,5.0,14.0,29.0,58.0,48.0,43.0,75.0,98.0,68.0,71.0,25.0,23.0,31.8,29.0,18.9,24.2,24.3,21.8
Justine-Herbigny (08270),/management/ville/justine-herbigny/ville-08240,5.0,0.0,5.0,15.0,15.0,54.0,35.0,44.0,24.0,23.0,29.4,25.4,35.3,29.6,22.1,15.3,13.2,23.7
La Brigue (06430),/management/ville/la-brigue/ville-06162,10.0,15.0,10.0,70.0,90.0,65.0,200.0,173.0,88.0,141.0,28.1,37.7,38.1,19.6,13.7,15.4,20.1,26.2
Durnes (25580),/management/ville/durnes/ville-25208,10.0,0.0,10.0,25.0,5.0,30.0,28.0,44.0,20.0,39.0,21.7,21.0,34.8,27.0,17.4,12.9,26.1,33.9
La Creuse (70240),/management/ville/la-creuse/ville-70186,10.0,5.0,0.0,0.0,5.0,15.0,15.0,13.0,11.0,12.0,25.9,33.3,18.5,25.8,37.0,4.2,18.5,29.2
Le Pailly (52600),/management/ville/le-pailly/ville-52374,0.0,0.0,5.0,30.0,40.0,65.0,81.0,89.0,25.0,35.0,27.7,42.4,49.1,24.3,11.6,10.2,11.6,18.6
La Trinité (27930),/management/ville/la-trinite/ville-27659,0.0,0.0,20.0,25.0,5.0,10.0,12.0,9.0,12.0,45.0,15.4,15.8,12.8,10.8,17.9,13.2,53.8,60.5
Gaillon (27600),/management/ville/gaillon/ville-27275,0.0,109.0,284.0,707.0,1019.0,1233.0,2030.0,1367.0,809.0,877.0,37.3,42.4,30.8,21.7,15.6,16.2,16.3,18.1
Fontaines-Saint-Martin (69270),/management/ville/fontaines-saint-martin/ville-69087,0.0,136.0,463.0,409.0,256.0,126.0,347.0,344.0,355.0,1092.0,13.3,18.7,18.9,14.2,15.2,17.8,52.6,49.8
Lagarde-d'Apt (84400),/management/ville/lagarde-d-apt/ville-84060,9.0,0.0,0.0,0.0,0.0,0.0,9.0,7.0,4.0,10.0,29.4,33.3,29.4,12.5,17.6,6.7,23.5,46.7
Gorges (80370),/management/ville/gorges/ville-80381,5.0,0.0,0.0,0.0,5.0,5.0,12.0,8.0,9.0,6.0,35.0,33.3,30.0,15.4,25.0,26.7,10.0,26.7
Essarois (21290),/management/ville/essarois/ville-21250,5.0,0.0,5.0,0.0,5.0,5.0,22.0,30.0,8.0,9.0,29.7,34.4,45.9,31.0,13.5,9.4,10.8,15.6
Langonnet (56630),/management/ville/langonnet/ville-56100,62.0,57.0,36.0,190.0,154.0,206.0,465.0,400.0,291.0,309.0,26.0,37.9,34.4,19.8,19.6,20.2,20.0,22.1
Gresse-en-Vercors (38650),/management/ville/gresse-en-vercors/ville-38186,0.0,30.0,30.0,45.0,30.0,20.0,60.0,77.0,58.0,106.0,16.6,23.3,27.2,23.2,17.9,20.7,38.4,32.0
Guzargues (34820),/management/ville/guzargues/ville-34118,0.0,31.0,51.0,66.0,46.0,36.0,54.0,63.0,68.0,208.0,16.0,12.0,14.4,17.9,16.5,18.3,53.2,51.9
La Crique (76850),/management/ville/la-crique/ville-76193,5.0,20.0,0.0,61.0,35.0,86.0,70.0,96.0,46.0,48.0,26.1,27.4,44.4,26.0,16.2,19.7,13.4,24.8
Le Compas (23700),/management/ville/le-compas/ville-23066,15.0,5.0,5.0,20.0,25.0,10.0,68.0,50.0,36.0,26.0,36.7,38.2,34.4,21.8,16.7,23.6,12.2,16.9
Lagarde-Hachan (32300),/management/ville/lagarde-hachan/ville-32177,0.0,5.0,10.0,20.0,24.0,5.0,45.0,37.0,18.0,29.0,30.8,38.5,36.9,18.8,13.8,13.8,18.5,27.7
Fontaines-sur-Marne (52170),/management/ville/fontaines-sur-marne/ville-52203,0.0,0.0,5.0,19.0,34.0,29.0,37.0,39.0,16.0,18.0,32.1,33.3,35.7,28.1,16.1,14.8,16.1,18.5
Essars (62400),/management/ville/essars/ville-62310,20.0,30.0,65.0,227.0,286.0,175.0,425.0,332.0,243.0,300.0,27.3,37.6,31.2,19.7,20.5,17.0,21.0,25.0
Laurie (15500),/management/ville/laurie/ville-15098,30.0,0.0,0.0,0.0,10.0,10.0,34.0,17.0,20.0,7.0,46.2,41.0,20.5,23.7,25.6,25.6,7.7,10.3
Les Gonds (17100),/management/ville/les-gonds/ville-17179,0.0,59.0,103.0,133.0,230.0,108.0,336.0,415.0,230.0,326.0,20.8,29.9,35.0,25.7,18.8,16.5,25.3,24.6
Dauphin (04300),/management/ville/dauphin/ville-04068,5.0,60.0,35.0,100.0,105.0,80.0,145.0,188.0,125.0,199.0,20.8,23.2,34.1,22.9,17.0,20.9,28.1,32.4
Dommartin-aux-Bois (88390),/management/ville/dommartin-aux-bois/ville-88147,10.0,20.0,25.0,50.0,35.0,60.0,80.0,85.0,49.0,78.0,25.9,29.0,36.7,20.1,18.4,15.2,19.0,34.5
Le Vernet-Sainte-Marguerite (63710),/management/ville/le-vernet-sainte-marguerite/ville-63449,35.0,5.0,20.0,30.0,40.0,25.0,66.0,51.0,47.0,61.0,31.3,27.3,31.3,14.9,20.0,21.8,17.4,37.3
La Monselie (15240),/management/ville/la-monselie/ville-15128,0.0,0.0,5.0,0.0,9.0,37.0,28.0,25.0,19.0,9.0,29.5,41.0,36.4,23.1,22.7,23.1,11.4,12.8
Figarol (31260),/management/ville/figarol/ville-31183,16.0,10.0,0.0,31.0,57.0,21.0,69.0,74.0,43.0,41.0,27.9,32.4,38.5,23.9,20.5,17.6,13.1,24.1
Jacou (34830),/management/ville/jacou/ville-34120,0.0,197.0,851.0,1151.0,928.0,534.0,1076.0,908.0,900.0,1946.0,20.1,24.1,22.8,16.1,17.7,19.4,39.4,41.1
Laurière (87370),/management/ville/lauriere/ville-87083,25.0,0.0,5.0,40.0,59.0,79.0,197.0,152.0,62.0,62.0,33.5,48.8,41.6,21.4,14.0,12.3,10.9,15.1
Justiniac (09700),/management/ville/justiniac/ville-09146,9.0,0.0,5.0,0.0,9.0,14.0,7.0,8.0,19.0,7.0,19.2,18.8,26.9,9.1,46.2,37.5,7.7,37.5
Fains-Véel (55000),/management/ville/fains-veel/ville-55186,0.0,39.0,113.0,226.0,276.0,183.0,555.0,537.0,290.0,398.0,26.5,35.5,35.8,23.0,16.2,16.4,21.6,23.1
Frangy (74270),/management/ville/frangy/ville-74131,21.0,99.0,78.0,339.0,297.0,354.0,430.0,441.0,296.0,406.0,19.4,34.2,34.5,21.3,20.9,17.0,25.3,26.3
Germisay (52230),/management/ville/germisay/ville-52219,0.0,0.0,0.0,5.0,5.0,0.0,3.0,6.0,2.0,4.0,0.0,37.5,57.1,22.2,14.3,12.5,28.6,25.0
La Brillanne (04700),/management/ville/la-brillanne/ville-04034,5.0,57.0,31.0,154.0,150.0,149.0,263.0,228.0,122.0,166.0,31.5,35.9,34.8,22.2,16.3,15.0,17.4,24.8
Les Goulles (21520),/management/ville/les-goulles/ville-21303,10.0,0.0,0.0,0.0,0.0,0.0,1.0,2.0,2.0,5.0,0.0,20.0,40.0,0.0,40.0,0.0,20.0,80.0
Durningen (67270),/management/ville/durningen/ville-67109,15.0,45.0,70.0,90.0,60.0,20.0,64.0,134.0,90.0,183.0,11.3,15.9,29.0,25.7,18.9,19.3,40.8,36.9
Figeac (46100),/management/ville/figeac/ville-46102,25.0,275.0,645.0,1095.0,1130.0,935.0,2162.0,1795.0,1296.0,2289.0,23.1,33.6,28.5,19.2,16.8,17.5,31.5,29.3
Levainville (28700),/management/ville/levainville/ville-28208,5.0,25.0,43.0,54.0,60.0,45.0,72.0,58.0,63.0,84.0,28.0,23.6,30.3,14.8,17.4,27.8,24.2,36.1
La Trinité (50800),/management/ville/la-trinite/ville-50607,0.0,15.0,25.0,10.0,41.0,71.0,82.0,100.0,47.0,58.0,27.3,30.3,44.1,24.5,12.6,19.7,16.1,23.9
Epagny Metz-Tessy (74330),/management/ville/epagny-metz-tessy/ville-74112,9.0,334.0,803.0,1165.0,1148.0,688.0,960.0,1360.0,937.0,2111.0,16.4,19.3,28.5,21.2,17.4,17.5,37.7,41.0
Gaillon-sur-Montcient (78250),/management/ville/gaillon-sur-montcient/ville-78261,0.0,5.0,79.0,135.0,70.0,49.0,116.0,109.0,93.0,176.0,23.9,23.5,26.3,17.7,20.2,17.0,29.6,41.7
Heilly (80800),/management/ville/heilly/ville-80426,5.0,31.0,46.0,45.0,45.0,51.0,94.0,81.0,66.0,86.0,27.6,29.9,32.5,17.9,16.0,24.4,23.9,29.3
Gorges du Tarn Causses (48210),/management/ville/gorges-du-tarn-causses/ville-48146,30.0,64.0,34.0,93.0,128.0,84.0,208.0,198.0,126.0,241.0,28.0,25.7,30.8,20.0,14.2,18.5,27.0,35.4
Gy (70700),/management/ville/gy/ville-70282,26.0,26.0,26.0,94.0,146.0,104.0,230.0,245.0,137.0,203.0,22.3,33.3,38.3,21.7,16.5,17.2,22.9,26.5
Gressey (78550),/management/ville/gressey/ville-78285,0.0,35.0,65.0,70.0,55.0,35.0,94.0,92.0,77.0,136.0,22.9,24.3,26.2,19.5,19.5,19.0,31.4,37.0
La Croisille (27190),/management/ville/la-croisille/ville-27189,0.0,10.0,20.0,85.0,90.0,60.0,83.0,108.0,66.0,70.0,24.1,26.7,40.7,24.9,17.3,23.0,17.9,24.8
Le Conquet (29217),/management/ville/le-conquet/ville-29040,50.0,75.0,196.0,196.0,292.0,191.0,546.0,567.0,393.0,622.0,18.0,32.1,30.9,21.8,19.9,17.3,31.2,27.5
Fontaines-sur-Saône (69270),/management/ville/fontaines-sur-saone/ville-69088,0.0,180.0,755.0,1058.0,842.0,504.0,1269.0,1173.0,814.0,1786.0,22.0,27.7,26.2,20.2,14.7,17.4,37.1,34.1
Fignévelle (88410),/management/ville/fignevelle/ville-88171,0.0,0.0,0.0,9.0,4.0,13.0,22.0,9.0,4.0,3.0,35.3,72.7,35.3,12.5,23.5,4.5,5.9,9.1
Les Gours (16140),/management/ville/les-gours/ville-16155,15.0,0.0,0.0,5.0,15.0,5.0,44.0,25.0,17.0,6.0,39.5,55.1,39.5,16.7,18.6,18.4,2.3,10.2
Essarts en Bocage (85140),/management/ville/essarts-en-bocage/ville-85084,174.0,235.0,251.0,927.0,1104.0,1785.0,1821.0,1973.0,1098.0,1362.0,24.9,33.4,38.0,23.2,17.9,17.2,19.2,24.4
Dausse (47140),/management/ville/dausse/ville-47079,20.0,35.0,20.0,35.0,91.0,46.0,135.0,119.0,44.0,78.0,32.4,39.4,36.3,23.5,13.2,10.4,18.1,22.8
Gorhey (88270),/management/ville/gorhey/ville-88210,0.0,5.0,0.0,20.0,15.0,25.0,48.0,49.0,20.0,18.0,33.3,37.9,40.6,26.9,15.9,13.6,10.1,16.7
Le Palais (56360),/management/ville/le-palais/ville-56152,19.0,164.0,114.0,198.0,411.0,257.0,601.0,628.0,420.0,452.0,23.4,33.5,36.9,22.7,19.4,20.5,20.3,22.7
La Montagne (44620),/management/ville/la-montagne/ville-44101,0.0,149.0,468.0,906.0,750.0,565.0,1000.0,1445.0,736.0,1269.0,17.1,27.2,38.1,24.8,16.8,16.3,28.1,28.9
Le Vernois (39210),/management/ville/le-vernois/ville-39553,5.0,10.0,5.0,47.0,47.0,52.0,51.0,65.0,44.0,67.0,16.5,28.3,39.1,18.3,21.7,16.8,22.6,36.3
Langouet (35630),/management/ville/langouet/ville-35146,15.0,10.0,35.0,90.0,80.0,45.0,75.0,118.0,77.0,140.0,17.7,18.9,32.3,24.7,15.2,22.2,34.8,33.5
Jacque (65350),/management/ville/jacque/ville-65232,5.0,0.0,0.0,15.0,0.0,0.0,13.0,16.0,11.0,16.0,28.1,16.7,34.4,21.7,15.6,25.0,21.9,37.5
Lauris (84360),/management/ville/lauris/ville-84065,20.0,211.0,237.0,443.0,519.0,252.0,817.0,740.0,518.0,869.0,26.5,28.9,28.1,21.5,17.3,17.8,28.1,30.8
Frangy-en-Bresse (71330),/management/ville/frangy-en-bresse/ville-71205,20.0,40.0,10.0,59.0,49.0,93.0,185.0,150.0,87.0,78.0,33.6,40.2,38.3,21.5,14.1,21.1,14.1,17.1
Faissault (08270),/management/ville/faissault/ville-08163,5.0,5.0,20.0,20.0,29.0,20.0,53.0,52.0,42.0,37.0,26.0,30.3,34.4,21.3,25.0,21.3,14.6,27.0
Germolles-sur-Grosne (71520),/management/ville/germolles-sur-grosne/ville-71217,10.0,0.0,0.0,20.0,15.0,25.0,26.0,28.0,15.0,27.0,25.9,28.6,31.5,23.9,14.8,16.7,27.8,28.6
La Brionne (23000),/management/ville/la-brionne/ville-23033,5.0,21.0,10.0,56.0,61.0,76.0,81.0,122.0,59.0,77.0,21.3,26.5,43.2,26.2,16.0,18.8,19.5,25.9
Jutigny (77650),/management/ville/jutigny/ville-77242,0.0,25.0,15.0,65.0,79.0,74.0,142.0,133.0,54.0,73.0,33.7,36.8,37.7,24.9,12.6,14.2,16.1,20.6
La Trinité (73110),/management/ville/la-trinite/ville-73302,5.0,5.0,40.0,40.0,55.0,65.0,46.0,83.0,47.0,75.0,17.7,19.0,43.8,22.4,12.3,25.6,26.2,33.9
Durrenbach (67360),/management/ville/durrenbach/ville-67110,5.0,25.0,50.0,100.0,160.0,195.0,185.0,312.0,166.0,173.0,15.1,28.9,47.9,25.4,19.2,20.5,17.8,23.5
Lagarde-Marc-la-Tour (19150),/management/ville/lagarde-marc-la-tour/ville-19098,20.0,40.0,55.0,59.0,163.0,89.0,207.0,246.0,143.0,180.0,23.9,29.5,39.4,22.9,17.8,18.8,18.9,27.5
Leval (59620),/management/ville/leval/ville-59344,0.0,20.0,25.0,226.0,362.0,366.0,561.0,632.0,320.0,257.0,23.0,39.4,45.2,25.5,15.9,20.0,15.9,13.3
Hourc (65350),/management/ville/hourc/ville-65225,15.0,10.0,10.0,5.0,15.0,0.0,22.0,26.0,18.0,16.0,20.5,32.6,38.5,25.0,20.5,23.3,20.5,18.6
Épaignes (27260),/management/ville/epaignes/ville-27218,5.0,51.0,25.0,141.0,172.0,237.0,499.0,333.0,145.0,217.0,37.7,45.6,36.1,19.0,10.2,14.1,16.0,20.2
Gresswiller (67190),/management/ville/gresswiller/ville-67168,0.0,60.0,115.0,276.0,306.0,161.0,276.0,433.0,246.0,338.0,17.9,25.2,38.8,25.1,20.4,17.5,22.9,29.6
La Croisille-sur-Briance (87130),/management/ville/la-croisille-sur-briance/ville-87051,41.0,41.0,21.0,78.0,57.0,57.0,194.0,144.0,109.0,110.0,28.9,40.5,33.0,18.9,20.5,18.7,17.6,21.8
Dommartin-Dampierre (51800),/management/ville/dommartin-dampierre/ville-51211,0.0,0.0,11.0,16.0,11.0,11.0,21.0,15.0,10.0,10.0,36.7,44.0,40.0,13.0,13.3,20.0,10.0,24.0
Gainneville (76700),/management/ville/gainneville/ville-76296,0.0,35.0,136.0,326.0,357.0,286.0,461.0,647.0,329.0,436.0,21.9,27.2,39.8,26.4,17.5,17.7,20.8,25.6
Jagny-sous-Bois (95850),/management/ville/jagny-sous-bois/ville-95316,0.0,5.0,35.0,65.0,20.0,5.0,42.0,49.0,35.0,60.0,21.1,24.2,32.6,19.6,18.9,18.7,27.4,37.4
La Broque (67130),/management/ville/la-broque/ville-67066,14.0,64.0,54.0,262.0,295.0,603.0,719.0,760.0,317.0,282.0,29.3,39.9,43.0,26.2,15.6,14.9,12.1,14.9
Le Palais-sur-Vienne (87410),/management/ville/le-palais-sur-vienne/ville-87113,10.0,115.0,280.0,640.0,805.0,550.0,1337.0,1429.0,755.0,1051.0,23.7,34.2,38.7,22.7,16.3,16.7,21.3,24.6
Lauroux (34700),/management/ville/lauroux/ville-34132,5.0,5.0,5.0,5.0,24.0,14.0,52.0,42.0,32.0,34.0,35.5,29.8,31.6,21.7,17.1,22.6,15.8,26.2
Heiltz-l'Évêque (51340),/management/ville/heiltz-l-eveque/ville-51290,0.0,10.0,20.0,40.0,25.0,50.0,114.0,68.0,20.0,26.0,43.5,56.6,35.7,20.6,9.6,8.0,11.3,11.5
La Montagne (70310),/management/ville/la-montagne/ville-70352,0.0,5.0,0.0,5.0,0.0,0.0,3.0,8.0,10.0,6.0,21.4,0.0,42.9,25.0,21.4,50.0,14.3,33.3
Germond-Rouvre (79220),/management/ville/germond-rouvre/ville-79133,15.0,40.0,84.0,119.0,204.0,124.0,165.0,253.0,158.0,277.0,20.3,18.4,35.0,23.4,16.8,20.2,27.9,37.0
Leval (90110),/management/ville/leval/ville-90066,0.0,5.0,0.0,5.0,51.0,36.0,50.0,58.0,28.0,42.0,23.0,32.6,36.8,26.0,14.9,16.9,25.3,21.3
La Trinité (97220),/management/ville/la-trinite/ville-97230,90.0,331.0,588.0,1342.0,2047.0,1032.0,3614.0,2104.0,1314.0,2177.0,40.9,38.0,24.2,20.4,13.1,15.2,21.9,25.0
Durrenentzen (68320),/management/ville/durrenentzen/ville-68076,5.0,24.0,35.0,159.0,128.0,179.0,160.0,231.0,118.0,150.0,21.3,27.4,39.2,27.2,17.3,18.6,22.2,23.6
La Croix-aux-Bois (08400),/management/ville/la-croix-aux-bois/ville-08135,0.0,10.0,5.0,25.0,25.0,15.0,54.0,31.0,8.0,19.0,41.8,54.4,30.9,20.9,7.3,7.0,20.0,14.0
Le Controis-en-Sologne (41120),/management/ville/le-controis-en-sologne/ville-41059,60.0,176.0,182.0,689.0,960.0,984.0,1913.0,1563.0,803.0,908.0,32.3,41.1,37.4,21.9,14.2,16.7,16.1,18.8
Lagarde-Paréol (84290),/management/ville/lagarde-pareol/ville-84061,10.0,51.0,20.0,41.0,20.0,0.0,47.0,65.0,49.0,80.0,16.7,22.9,30.8,22.5,19.2,21.2,33.3,33.1
Gy-en-Sologne (41230),/management/ville/gy-en-sologne/ville-41099,5.0,29.0,15.0,54.0,58.0,84.0,171.0,106.0,58.0,68.0,36.1,49.2,34.1,17.3,13.7,15.2,16.1,17.8
Essay (61500),/management/ville/essay/ville-61156,10.0,25.0,15.0,93.0,88.0,39.0,116.0,134.0,54.0,90.0,28.2,30.7,37.9,26.1,13.8,13.1,20.0,25.6
Fajac-en-Val (11220),/management/ville/fajac-en-val/ville-11133,0.0,0.0,0.0,5.0,0.0,15.0,4.0,6.0,9.0,9.0,23.1,6.7,30.8,20.0,15.4,46.7,30.8,33.3
Fontains (77370),/management/ville/fontains/ville-77190,14.0,9.0,14.0,28.0,23.0,42.0,37.0,63.0,32.0,49.0,18.3,23.0,34.4,28.7,23.7,11.5,23.7,29.9
Gaja-et-Villedieu (11300),/management/ville/gaja-et-villedieu/ville-11158,5.0,10.0,5.0,35.0,35.0,45.0,73.0,59.0,29.0,65.0,30.0,34.5,30.0,20.3,13.6,12.1,26.4,31.0
Daux (31700),/management/ville/daux/ville-31160,5.0,69.0,295.0,384.0,285.0,192.0,222.0,381.0,331.0,710.0,12.3,14.7,27.7,18.8,20.4,19.9,39.6,46.9
Fignières (80500),/management/ville/fignieres/ville-80311,5.0,0.0,5.0,15.0,25.0,25.0,37.0,25.0,23.0,21.0,31.4,38.2,31.4,18.0,17.6,25.5,19.6,20.0
Le Vernoy (25750),/management/ville/le-vernoy/ville-25608,0.0,10.0,5.0,35.0,20.0,10.0,30.0,27.0,27.0,33.0,25.5,25.8,27.3,20.7,20.0,25.8,27.3,29.0
Gressy (77410),/management/ville/gressy/ville-77214,16.0,31.0,120.0,100.0,110.0,5.0,80.0,135.0,137.0,282.0,14.1,11.2,23.1,20.3,19.9,23.3,42.9,46.0
Langres (52200),/management/ville/langres/ville-52269,5.0,127.0,360.0,845.0,981.0,1099.0,2391.0,1457.0,976.0,1243.0,32.4,45.3,30.1,18.3,17.1,15.2,20.4,20.5
Juvaincourt (88500),/management/ville/juvaincourt/ville-88257,0.0,10.0,10.0,30.0,25.0,25.0,34.0,48.0,17.0,37.0,16.4,33.3,47.8,20.8,13.4,11.6,22.4,31.9
Épaney (14170),/management/ville/epaney/ville-14240,40.0,25.0,35.0,46.0,61.0,40.0,83.0,126.0,64.0,76.0,22.0,25.5,41.4,28.1,16.1,20.5,20.4,23.0
Les Grandes-Armoises (08390),/management/ville/les-grandes-armoises/ville-08019,5.0,0.0,5.0,15.0,10.0,5.0,10.0,12.0,8.0,9.0,21.1,30.0,36.8,21.7,31.6,10.0,10.5,35.0
Franken (68130),/management/ville/franken/ville-68096,0.0,5.0,37.0,42.0,33.0,70.0,59.0,88.0,29.0,74.0,22.3,24.6,39.7,25.6,12.4,10.8,25.6,33.8
Hourges (51140),/management/ville/hourges/ville-51294,5.0,0.0,5.0,15.0,5.0,5.0,17.0,18.0,10.0,18.0,28.6,25.7,39.3,20.6,7.1,22.9,25.0,31.4
Dommartin-la-Chaussée (54470),/management/ville/dommartin-la-chaussee/ville-54166,0.0,0.0,0.0,5.0,10.0,5.0,9.0,10.0,2.0,3.0,27.3,46.2,54.5,25.0,9.1,7.7,9.1,15.4
Le Pallet (44330),/management/ville/le-pallet/ville-44117,10.0,100.0,180.0,465.0,530.0,380.0,388.0,645.0,429.0,778.0,14.8,19.8,34.3,22.6,18.4,19.8,32.4,37.0
Laussonne (43150),/management/ville/laussonne/ville-43115,45.0,15.0,35.0,105.0,115.0,165.0,263.0,234.0,142.0,165.0,28.9,36.7,36.4,20.6,18.3,17.0,16.4,24.8
Heiltz-le-Hutier (51300),/management/ville/heiltz-le-hutier/ville-51288,15.0,5.0,25.0,35.0,35.0,15.0,39.0,50.0,33.0,49.0,18.4,27.4,34.5,22.0,23.0,15.5,24.1,33.3
La Brosse-Montceaux (77940),/management/ville/la-brosse-montceaux/ville-77054,5.0,5.0,44.0,141.0,152.0,66.0,177.0,174.0,83.0,131.0,32.4,30.3,36.7,23.2,12.4,16.9,18.5,27.6
Gornac (33540),/management/ville/gornac/ville-33189,18.0,21.0,16.0,42.0,55.0,68.0,103.0,95.0,47.0,79.0,24.7,37.9,38.3,19.7,16.2,13.0,20.8,27.8
Germondans (25640),/management/ville/germondans/ville-25269,0.0,0.0,0.0,5.0,5.0,5.0,19.0,16.0,5.0,11.0,35.7,39.1,28.6,26.7,14.3,4.3,21.4,21.7
Durstel (67320),/management/ville/durstel/ville-67111,0.0,15.0,5.0,66.0,26.0,72.0,122.0,100.0,37.0,69.0,28.8,45.7,42.9,16.6,11.7,11.0,16.6,25.6
Le Cormier (27120),/management/ville/le-cormier/ville-27171,10.0,15.0,30.0,50.0,55.0,35.0,72.0,85.0,51.0,85.0,20.7,28.8,35.9,20.9,17.9,17.1,25.5,32.2
La Trinité-de-Réville (27270),/management/ville/la-trinite-de-reville/ville-27660,0.0,10.0,5.0,30.0,20.0,20.0,60.0,63.0,34.0,43.0,22.9,38.0,35.2,23.4,22.9,10.9,19.0,23.9
La Morte (38350),/management/ville/la-morte/ville-38264,0.0,24.0,0.0,29.0,14.0,5.0,31.0,34.0,15.0,36.0,23.3,28.6,36.7,20.3,11.7,16.1,28.3,33.9
La Croix-aux-Mines (88520),/management/ville/la-croix-aux-mines/ville-88120,0.0,25.0,5.0,25.0,65.0,99.0,163.0,140.0,56.0,48.0,33.8,46.3,42.6,23.3,13.2,14.3,10.3,13.3
Fajac-la-Relenque (11410),/management/ville/fajac-la-relenque/ville-11134,5.0,5.0,0.0,10.0,0.0,5.0,7.0,7.0,9.0,10.0,17.6,25.0,29.4,13.3,35.3,18.8,17.6,43.8
Juvancourt (10310),/management/ville/juvancourt/ville-10182,5.0,0.0,0.0,15.0,0.0,15.0,57.0,28.0,15.0,7.0,51.0,55.4,35.3,17.9,9.8,17.9,3.9,8.9
Lagarde-sur-le-Né (16300),/management/ville/lagarde-sur-le-ne/ville-16178,0.0,5.0,0.0,19.0,19.0,48.0,38.0,46.0,23.0,33.0,18.6,35.3,44.3,21.4,14.3,19.1,22.9,23.5
Esse (16500),/management/ville/esse/ville-16131,20.0,14.0,15.0,40.0,39.0,54.0,158.0,119.0,64.0,68.0,36.1,40.9,34.6,21.8,16.1,15.3,13.2,20.2
Épannes (79270),/management/ville/epannes/ville-79112,10.0,10.0,91.0,105.0,125.0,110.0,150.0,181.0,102.0,180.0,19.8,28.8,37.2,22.2,12.3,20.7,30.7,27.9
Fontan (06540),/management/ville/fontan/ville-06062,0.0,10.0,20.0,10.0,94.0,0.0,123.0,69.0,53.0,40.0,38.9,47.2,31.3,18.0,17.4,19.7,12.5,15.5
Dauzat-sur-Vodable (63340),/management/ville/dauzat-sur-vodable/ville-63134,20.0,0.0,5.0,0.0,0.0,5.0,27.0,17.0,13.0,12.0,38.9,41.2,33.3,15.6,16.7,20.6,11.1,23.5
Hours (64420),/management/ville/hours/ville-64266,15.0,15.0,15.0,36.0,36.0,20.0,41.0,49.0,36.0,57.0,16.7,27.2,33.3,20.7,17.8,20.7,32.2,31.5
La Brousse (17160),/management/ville/la-brousse/ville-17071,20.0,20.0,20.0,25.0,80.0,50.0,157.0,136.0,62.0,39.0,37.8,41.7,38.8,26.9,14.4,17.0,9.0,10.7
Filain (02000),/management/ville/filain/ville-02311,0.0,0.0,0.0,15.0,20.0,30.0,21.0,27.0,15.0,35.0,13.5,30.4,36.5,17.0,15.4,15.2,34.6,37.0
Le Versoud (38420),/management/ville/le-versoud/ville-38538,0.0,106.0,604.0,755.0,538.0,427.0,735.0,809.0,563.0,1280.0,20.0,23.3,26.7,20.3,16.5,16.7,36.8,38.7
Levallois-Perret (92300),/management/ville/levallois-perret/ville-92044,0.0,1981.0,15900.0,8437.0,6147.0,1873.0,8042.0,4578.0,5912.0,27012.0,16.5,18.7,10.6,10.0,12.3,13.5,60.6,58.2
Gaja-la-Selve (11270),/management/ville/gaja-la-selve/ville-11159,25.0,10.0,0.0,20.0,5.0,5.0,35.0,28.0,30.0,24.0,31.1,28.6,26.2,23.1,23.0,28.6,19.7,21.4
Langrolay-sur-Rance (22490),/management/ville/langrolay-sur-rance/ville-22103,0.0,51.0,71.0,137.0,127.0,82.0,127.0,203.0,101.0,227.0,17.4,21.0,35.0,24.0,16.4,14.4,31.2,37.5
Jaignes (77440),/management/ville/jaignes/ville-77235,0.0,9.0,14.0,66.0,38.0,28.0,53.0,73.0,45.0,57.0,22.4,24.1,39.7,23.9,16.4,23.2,21.6,28.6
Durtal (49430),/management/ville/durtal/ville-49127,15.0,105.0,100.0,275.0,410.0,560.0,963.0,743.0,355.0,442.0,34.5,42.3,33.8,22.8,15.3,13.1,16.4,18.8
La Trinité-de-Thouberville (27310),/management/ville/la-trinite-de-thouberville/ville-27661,0.0,31.0,41.0,62.0,56.0,67.0,79.0,89.0,64.0,98.0,17.9,29.8,30.2,22.7,19.8,19.0,32.1,27.4
Le Coteau (42120),/management/ville/le-coteau/ville-42071,5.0,135.0,250.0,565.0,810.0,900.0,2120.0,1615.0,869.0,932.0,33.7,41.7,34.8,23.1,14.6,16.5,17.0,16.7
Germont (08240),/management/ville/germont/ville-08186,5.0,0.0,0.0,0.0,10.0,0.0,9.0,13.0,8.0,7.0,20.0,29.4,45.0,23.5,20.0,23.5,15.0,23.5
Éparcy (02500),/management/ville/eparcy/ville-02278,5.0,5.0,5.0,0.0,0.0,0.0,10.0,5.0,5.0,9.0,26.7,42.9,33.3,0.0,6.7,28.6,33.3,28.6
Heiltz-le-Maurupt (51340),/management/ville/heiltz-le-maurupt/ville-51289,26.0,21.0,15.0,59.0,84.0,51.0,113.0,92.0,56.0,52.0,33.1,38.8,39.6,20.3,14.3,21.3,13.0,20.0
Levaré (53120),/management/ville/levare/ville-53132,5.0,10.0,10.0,26.0,26.0,42.0,91.0,67.0,46.0,31.0,33.6,43.9,34.4,21.4,19.7,19.3,12.3,14.9
Laussou (47150),/management/ville/laussou/ville-47141,10.0,25.0,10.0,10.0,45.0,35.0,101.0,63.0,34.0,52.0,35.5,44.8,30.6,18.8,13.7,13.6,20.2,21.6
Gy-l'Évêque (89580),/management/ville/gy-l-eveque/ville-89199,5.0,5.0,15.0,55.0,90.0,105.0,74.0,117.0,71.0,79.0,16.0,27.3,44.4,23.6,20.7,20.9,18.9,27.3
Franleu (80210),/management/ville/franleu/ville-80345,5.0,25.0,10.0,41.0,56.0,106.0,135.0,139.0,62.0,55.0,32.0,37.3,40.6,27.3,13.2,18.7,14.2,13.5
Grésy-sur-Aix (73100),/management/ville/gresy-sur-aix/ville-73128,5.0,153.0,373.0,706.0,584.0,449.0,735.0,907.0,568.0,1047.0,20.1,24.9,33.3,21.7,16.5,18.4,30.1,34.1
La Croix-Blanche (47340),/management/ville/la-croix-blanche/ville-47075,5.0,38.0,58.0,125.0,149.0,111.0,160.0,215.0,138.0,219.0,20.9,22.8,39.8,19.4,15.7,22.0,23.6,36.4
La Mothe-Saint-Héray (79800),/management/ville/la-mothe-saint-heray/ville-79184,10.0,75.0,45.0,100.0,264.0,220.0,575.0,360.0,187.0,212.0,38.1,47.4,33.0,20.2,14.2,13.8,14.7,16.9
Dommartin-la-Montagne (55160),/management/ville/dommartin-la-montagne/ville-55157,0.0,4.0,0.0,9.0,13.0,9.0,13.0,13.0,8.0,4.0,28.6,35.3,42.9,25.0,14.3,29.4,14.3,11.8
La Bruère-sur-Loir (72500),/management/ville/la-bruere-sur-loir/ville-72049,15.0,20.0,5.0,30.0,20.0,24.0,54.0,61.0,32.0,32.0,27.3,33.3,39.8,26.2,17.0,18.3,15.9,19.4
Fajoles (46300),/management/ville/fajoles/ville-46098,15.0,10.0,15.0,5.0,30.0,35.0,95.0,64.0,39.0,39.0,38.9,40.7,34.5,20.7,10.6,22.0,15.9,17.1
Juvanzé (10140),/management/ville/juvanze/ville-10183,0.0,5.0,0.0,0.0,0.0,0.0,12.0,8.0,3.0,4.0,33.3,53.3,41.7,17.6,16.7,6.7,8.3,20.0
Essé (35150),/management/ville/esse/ville-35108,89.0,15.0,55.0,99.0,169.0,154.0,172.0,244.0,158.0,161.0,23.8,22.9,37.8,26.5,21.0,22.1,17.4,26.9
Fontanès (30250),/management/ville/fontanes/ville-30114,30.0,35.0,40.0,80.0,81.0,81.0,133.0,125.0,106.0,143.0,26.9,26.0,32.0,18.3,19.0,22.4,22.1,34.3
Jaillans (26300),/management/ville/jaillans/ville-26381,0.0,60.0,40.0,105.0,115.0,95.0,164.0,175.0,95.0,185.0,23.5,29.3,34.4,21.0,14.9,15.8,27.2,32.5
Davayat (63200),/management/ville/davayat/ville-63135,0.0,5.0,44.0,89.0,79.0,79.0,76.0,148.0,92.0,129.0,18.8,15.8,37.2,27.0,20.2,20.7,23.8,34.2
Gorniès (34190),/management/ville/gornies/ville-34115,0.0,5.0,5.0,15.0,15.0,0.0,36.0,30.0,19.0,26.0,33.9,30.9,26.8,25.9,12.5,21.8,26.8,20.0
Les Grandes-Loges (51400),/management/ville/les-grandes-loges/ville-51278,15.0,5.0,10.0,35.0,50.0,35.0,40.0,55.0,44.0,53.0,14.0,27.3,35.5,22.0,24.7,21.2,25.8,29.3
Hourtin (33990),/management/ville/hourtin/ville-33203,5.0,160.0,135.0,344.0,393.0,345.0,749.0,886.0,500.0,617.0,22.9,31.4,36.7,25.3,18.3,18.1,22.1,22.7
Gajac (33430),/management/ville/gajac/ville-33178,15.0,10.0,10.0,25.0,65.0,35.0,95.0,96.0,71.0,39.0,23.8,38.6,36.4,25.9,27.3,20.3,12.6,13.3
Langrune-sur-Mer (14830),/management/ville/langrune-sur-mer/ville-14354,5.0,58.0,106.0,218.0,218.0,98.0,343.0,329.0,219.0,401.0,22.8,29.8,30.4,20.0,18.8,15.5,28.1,33.6
Grésy-sur-Isère (73460),/management/ville/gresy-sur-isere/ville-73129,5.0,70.0,55.0,151.0,196.0,171.0,232.0,314.0,144.0,221.0,24.2,26.6,41.4,25.5,12.9,18.5,21.5,27.0
Le Vert (79170),/management/ville/le-vert/ville-79346,0.0,5.0,5.0,0.0,5.0,25.0,37.0,33.0,14.0,14.0,38.9,36.4,35.2,27.5,13.0,15.9,13.0,15.9
Filain (70230),/management/ville/filain/ville-70234,15.0,5.0,20.0,30.0,30.0,10.0,49.0,52.0,22.0,42.0,29.8,29.6,38.1,23.0,9.5,17.3,22.6,28.4
Essegney (88130),/management/ville/essegney/ville-88163,15.0,15.0,31.0,102.0,77.0,56.0,200.0,175.0,90.0,116.0,29.6,38.5,35.6,22.9,17.2,14.0,17.6,22.0
Juvardeil (49330),/management/ville/juvardeil/ville-49170,15.0,35.0,30.0,115.0,100.0,125.0,159.0,181.0,118.0,155.0,21.7,30.3,35.6,22.4,19.4,19.1,23.3,27.3
Lagardelle (46220),/management/ville/lagardelle/ville-46147,0.0,10.0,0.0,5.0,29.0,10.0,31.0,35.0,16.0,22.0,25.4,34.0,37.3,24.1,18.6,12.8,18.6,25.5
Houry (02140),/management/ville/houry/ville-02384,9.0,0.0,0.0,9.0,5.0,9.0,8.0,7.0,7.0,12.0,35.7,15.0,21.4,26.3,7.1,30.0,35.7,30.0
Le Parc (50870),/management/ville/le-parc/ville-50535,45.0,45.0,25.0,116.0,110.0,126.0,247.0,203.0,125.0,108.0,32.4,40.1,38.6,20.5,16.2,20.8,12.8,18.7
Fontanès (34270),/management/ville/fontanes/ville-34102,10.0,35.0,40.0,40.0,30.0,25.0,35.0,27.0,43.0,149.0,14.0,13.5,9.9,11.7,19.0,15.0,57.0,60.2
Fajolles (82210),/management/ville/fajolles/ville-82058,0.0,5.0,0.0,0.0,15.0,0.0,26.0,21.0,14.0,9.0,33.3,40.5,33.3,25.6,18.2,21.6,15.2,10.8
Languédias (22980),/management/ville/languedias/ville-22104,10.0,29.0,0.0,78.0,49.0,83.0,131.0,138.0,58.0,43.0,31.6,39.6,44.9,26.2,14.4,16.5,9.1,14.3
La Croix-Comtesse (17330),/management/ville/la-croix-comtesse/ville-17137,10.0,0.0,10.0,35.0,20.0,15.0,65.0,58.0,27.0,31.0,34.4,37.4,35.6,25.0,15.6,14.3,14.4,19.8
Levécourt (52150),/management/ville/levecourt/ville-52287,5.0,5.0,0.0,5.0,15.0,15.0,37.0,20.0,6.0,5.0,52.8,56.3,30.6,23.1,11.1,6.3,5.6,9.4
Lautenbach (68610),/management/ville/lautenbach/ville-68177,0.0,51.0,66.0,214.0,204.0,188.0,214.0,415.0,180.0,363.0,14.7,21.8,41.2,25.9,15.4,15.5,28.7,33.2
Gy-les-Nonains (45220),/management/ville/gy-les-nonains/ville-45165,5.0,10.0,10.0,65.0,110.0,90.0,146.0,170.0,95.0,93.0,26.2,31.6,42.3,24.4,16.1,21.5,15.3,21.5
Le Coudray (28630),/management/ville/le-coudray/ville-28110,0.0,46.0,426.0,669.0,614.0,355.0,603.0,804.0,554.0,1122.0,16.6,22.2,30.8,21.2,17.0,18.8,35.6,37.1
Franois (25770),/management/ville/franois/ville-25258,10.0,66.0,178.0,306.0,331.0,229.0,423.0,424.0,281.0,542.0,21.8,28.6,28.7,21.3,15.9,17.7,33.6,31.4
Durtol (63830),/management/ville/durtol/ville-63141,0.0,55.0,234.0,234.0,204.0,75.0,319.0,340.0,274.0,607.0,16.8,23.9,24.8,19.7,16.0,19.2,42.5,37.0
Gorre (87310),/management/ville/gorre/ville-87073,0.0,20.0,25.0,35.0,20.0,25.0,78.0,96.0,64.0,74.0,23.1,26.9,33.3,24.7,25.6,16.0,17.9,29.5
Dommartin-le-Coq (10240),/management/ville/dommartin-le-coq/ville-10127,11.0,11.0,0.0,0.0,6.0,0.0,18.0,19.0,8.0,9.0,26.9,42.3,46.2,24.1,11.5,15.4,15.4,15.4
La Trinité-des-Laitiers (61230),/management/ville/la-trinite-des-laitiers/ville-61493,17.0,6.0,0.0,11.0,11.0,17.0,17.0,24.0,8.0,15.0,29.4,23.3,47.1,25.8,2.9,23.3,20.6,26.7
Juvelize (57630),/management/ville/juvelize/ville-57353,0.0,5.0,0.0,5.0,19.0,0.0,25.0,21.0,4.0,9.0,40.0,45.2,43.3,23.7,6.7,6.5,10.0,19.4
Le Parcq (62770),/management/ville/le-parcq/ville-62647,15.0,30.0,20.0,80.0,90.0,80.0,187.0,177.0,103.0,96.0,27.5,38.4,37.5,23.9,19.0,17.7,16.0,18.0
Falaise (08400),/management/ville/falaise/ville-08164,5.0,5.0,10.0,20.0,64.0,30.0,89.0,85.0,43.0,45.0,32.3,35.0,44.1,21.5,10.2,22.6,13.4,21.2
La Croix-de-la-Rochette (73110),/management/ville/la-croix-de-la-rochette/ville-73095,5.0,5.0,14.0,61.0,37.0,42.0,51.0,82.0,41.0,78.0,18.0,21.8,38.3,24.5,17.2,15.3,26.6,35.5
Dury (02480),/management/ville/dury/ville-02273,0.0,21.0,5.0,36.0,16.0,52.0,72.0,36.0,25.0,31.0,38.3,48.8,28.4,15.9,13.6,15.9,19.8,19.5
Gorrevod (01190),/management/ville/gorrevod/ville-01175,10.0,21.0,56.0,80.0,153.0,102.0,192.0,201.0,104.0,100.0,30.6,33.7,39.2,26.1,15.3,19.4,14.9,18.4
Gajan (09190),/management/ville/gajan/ville-09128,5.0,41.0,5.0,25.0,51.0,36.0,64.0,65.0,53.0,71.0,27.3,24.2,29.8,21.5,21.5,19.7,21.5,34.1
Le Coudray-Macouard (49260),/management/ville/le-coudray-macouard/ville-49112,0.0,25.0,55.0,55.0,104.0,144.0,175.0,203.0,115.0,183.0,23.4,28.1,33.8,24.0,17.8,16.6,24.9,28.9
Gretz-Armainvilliers (77220),/management/ville/gretz-armainvilliers/ville-77215,0.0,229.0,645.0,1082.0,1330.0,1106.0,2147.0,1454.0,1117.0,1424.0,33.6,36.3,26.8,20.1,18.7,17.7,20.9,25.3
La Motte (22600),/management/ville/la-motte/ville-22155,55.0,70.0,35.0,185.0,275.0,355.0,490.0,532.0,305.0,281.0,25.2,35.8,39.8,24.3,20.0,18.0,15.0,20.0
Le Vésinet (78110),/management/ville/le-vesinet/ville-78650,3.0,485.0,4005.0,1392.0,955.0,272.0,1148.0,821.0,1357.0,7854.0,7.8,12.3,7.0,8.1,10.7,13.4,74.5,66.6
Essert (90850),/management/ville/essert/ville-90039,0.0,59.0,346.0,380.0,425.0,306.0,452.0,610.0,456.0,963.0,14.2,21.8,27.6,21.3,17.5,19.2,40.7,37.1
Fillé (72210),/management/ville/fille/ville-72133,0.0,45.0,125.0,225.0,150.0,125.0,171.0,348.0,229.0,302.0,13.7,18.9,40.1,25.2,20.7,22.9,25.4,32.2
Houssay (41800),/management/ville/houssay/ville-41102,5.0,25.0,20.0,45.0,25.0,35.0,93.0,95.0,42.0,65.0,29.3,33.8,40.7,21.9,12.0,16.6,18.0,26.2
Lagardelle-sur-Lèze (31870),/management/ville/lagardelle-sur-leze/ville-31263,26.0,78.0,218.0,492.0,409.0,244.0,481.0,575.0,411.0,661.0,19.8,25.1,31.0,22.7,18.4,20.1,30.9,31.2
La Croix-du-Perche (28480),/management/ville/la-croix-du-perche/ville-28119,15.0,5.0,0.0,15.0,25.0,25.0,44.0,38.0,20.0,26.0,29.6,40.7,32.4,24.2,15.5,15.3,22.5,16.9
Juvignac (34990),/management/ville/juvignac/ville-34123,5.0,413.0,985.0,1662.0,1341.0,669.0,1551.0,1411.0,1498.0,3302.0,19.1,20.7,20.8,16.6,18.3,20.2,41.8,43.2
Davayé (71960),/management/ville/davaye/ville-71169,15.0,34.0,49.0,108.0,39.0,59.0,110.0,141.0,96.0,160.0,16.6,27.1,34.4,19.6,22.4,15.4,26.6,36.8
Gajan (30730),/management/ville/gajan/ville-30122,10.0,15.0,65.0,133.0,80.0,58.0,127.0,144.0,86.0,155.0,26.7,22.9,31.4,23.4,14.9,19.0,27.1,33.3
Jaillon (54200),/management/ville/jaillon/ville-54272,0.0,10.0,25.0,101.0,55.0,65.0,56.0,95.0,67.0,96.0,14.2,21.7,36.8,22.6,23.9,19.1,25.2,35.7
Languenan (22130),/management/ville/languenan/ville-22105,41.0,61.0,15.0,127.0,168.0,219.0,198.0,301.0,201.0,145.0,21.1,25.8,41.7,28.6,21.3,26.2,15.9,18.4
Les Grandes-Ventes (76950),/management/ville/les-grandes-ventes/ville-76321,15.0,75.0,45.0,125.0,224.0,310.0,641.0,418.0,174.0,181.0,38.8,51.4,37.2,20.3,12.4,12.2,11.5,14.0
Levens (06670),/management/ville/levens/ville-06075,5.0,175.0,360.0,615.0,705.0,270.0,746.0,975.0,685.0,1021.0,19.6,23.8,33.3,23.0,20.1,19.9,27.0,32.4
Lautenbachzell (68610),/management/ville/lautenbachzell/ville-68178,0.0,39.0,54.0,83.0,161.0,133.0,193.0,267.0,117.0,166.0,17.4,33.6,45.1,25.2,13.7,17.6,23.7,21.1
Dommartin-le-Franc (52110),/management/ville/dommartin-le-franc/ville-52171,16.0,5.0,5.0,16.0,15.0,26.0,81.0,64.0,25.0,13.0,39.3,50.0,42.7,24.3,11.2,15.2,6.7,7.6
Franquevielle (31210),/management/ville/franquevielle/ville-31197,0.0,10.0,9.0,30.0,24.0,20.0,109.0,76.0,43.0,45.0,42.9,37.3,31.6,22.9,14.3,16.9,11.3,21.1
La Bruffière (85530),/management/ville/la-bruffiere/ville-85039,50.0,60.0,119.0,333.0,492.0,771.0,832.0,942.0,499.0,528.0,23.4,35.9,42.4,23.4,17.8,17.9,16.5,21.2
Le Veurdre (03320),/management/ville/le-veurdre/ville-03309,25.0,5.0,10.0,25.0,35.0,80.0,166.0,112.0,45.0,38.0,38.6,52.6,40.4,21.3,8.2,16.3,12.9,8.4
Heimersdorf (68560),/management/ville/heimersdorf/ville-68128,5.0,30.0,40.0,85.0,50.0,100.0,162.0,177.0,59.0,93.0,24.7,41.4,43.3,24.3,13.4,10.7,18.6,19.3
La Trinité-du-Mont (76170),/management/ville/la-trinite-du-mont/ville-76712,5.0,30.0,35.0,160.0,60.0,75.0,116.0,215.0,99.0,143.0,19.4,21.0,42.9,27.9,19.0,15.7,18.7,30.7
Falaise (14700),/management/ville/falaise/ville-14258,25.0,199.0,294.0,767.0,1157.0,957.0,2553.0,1561.0,851.0,1155.0,36.8,45.7,29.3,20.5,14.6,13.3,19.3,18.6
La Motte (83920),/management/ville/la-motte/ville-83085,30.0,130.0,155.0,275.0,340.0,230.0,535.0,627.0,431.0,655.0,23.8,23.8,31.0,24.0,17.3,21.0,28.0,30.3

21.6,21.4,35.2,35.1
Lagardère (32310),/management/ville/lagardere/ville-32178,0.0,5.0,10.0,5.0,5.0,10.0,18.0,22.0,8.0,13.0,27.6,31.3,34.5,30.8,10.3,15.6,27.6,15.6
Fillière (74370),/management/ville/filliere/ville-74282,123.0,334.0,972.0,1399.0,1104.0,836.0,1090.0,1635.0,1093.0,2804.0,15.3,17.6,29.4,19.3,16.5,16.5,38.8,45.9
Davejean (11330),/management/ville/davejean/ville-11117,10.0,5.0,0.0,0.0,15.0,0.0,36.0,24.0,15.0,19.0,43.1,32.6,33.3,17.5,9.8,23.3,13.7,27.9
La Croix-en-Brie (77370),/management/ville/la-croix-en-brie/ville-77147,20.0,25.0,20.0,75.0,151.0,60.0,157.0,134.0,117.0,104.0,30.3,31.1,32.7,20.8,21.1,24.5,15.9,24.5
Juvigné (53380),/management/ville/juvigne/ville-53123,95.0,50.0,20.0,105.0,130.0,205.0,458.0,258.0,187.0,160.0,37.9,47.8,31.3,17.9,17.3,17.9,13.5,16.5
Gajoubert (87330),/management/ville/gajoubert/ville-87069,10.0,0.0,0.0,5.0,25.0,5.0,29.0,35.0,26.0,26.0,19.6,30.0,42.9,18.0,28.6,16.7,8.9,35.0
Jailly (58330),/management/ville/jailly/ville-58136,0.0,0.0,0.0,0.0,9.0,4.0,16.0,15.0,12.0,8.0,36.0,28.0,36.0,26.1,16.0,32.0,12.0,16.0
Langueux (22360),/management/ville/langueux/ville-22106,15.0,268.0,530.0,1053.0,1045.0,628.0,1248.0,1684.0,1058.0,1717.0,18.1,25.2,34.0,23.9,18.7,18.4,29.2,30.9
Levergies (02420),/management/ville/levergies/ville-02426,5.0,20.0,30.0,45.0,95.0,100.0,106.0,147.0,58.0,99.0,20.8,31.0,43.5,24.7,14.0,14.3,21.7,26.6
.8,15.2,13.6,9.1,11.8
Les Grands-Chézeaux (87160),/management/ville/les-grands-chezeaux/ville-87074,0.0,10.0,0.0,15.0,40.0,50.0,69.0,75.0,36.0,30.0,26.2,39.3,41.7,26.0,19.4,15.0,12.6,15.9
Dury (80480),/management/ville/dury/ville-80261,20.0,50.0,208.0,186.0,134.0,49.0,243.0,199.0,117.0,465.0,21.9,25.9,27.0,11.5,10.5,12.4,40.7,50.3
Fontanes (46230),/management/ville/fontanes/ville-46109,5.0,5.0,36.0,41.0,71.0,41.0,122.0,90.0,72.0,87.0,29.6,36.0,29.6,18.8,20.4,18.8,20.4,26.3
Le Vey (14570),/management/ville/le-vey/ville-14741,0.0,0.0,0.0,14.0,34.0,10.0,22.0,14.0,13.0,27.0,30.6,28.6,19.4,17.8,22.2,11.9,27.8,40.5
Greux (88630),/management/ville/greux/ville-88219,0.0,10.0,0.0,5.0,25.0,35.0,32.0,29.0,30.0,29.0,23.0,30.5,32.8,17.3,23.0,27.1,21.3,27.1
Franqueville (02140),/management/ville/franqueville/ville-02331,0.0,0.0,0.0,21.0,10.0,26.0,43.0,28.0,17.0,9.0,44.4,46.2,28.9,24.1,20.0,15.4,6.7,11.5
Gyé-sur-Seine (10250),/management/ville/gye-sur-seine/ville-10170,45.0,30.0,0.0,15.0,35.0,95.0,131.0,116.0,63.0,63.0,30.8,39.4,41.1,20.6,15.7,18.1,12.4,21.3
Épaumesnil (80140),/management/ville/epaumesnil/ville-80269,0.0,0.0,5.0,15.0,20.0,10.0,42.0,32.0,11.0,12.0,38.0,47.8,40.0,23.1,10.0,13.0,12.0,13.0
Lauterbourg (67630),/management/ville/lauterbourg/ville-67261,0.0,45.0,116.0,231.0,332.0,497.0,643.0,473.0,371.0,351.0,29.2,40.7,31.1,20.8,18.3,22.0,21.4,16.8
La Trinité-Porhoët (56490),/management/ville/la-trinite-porhoet/ville-56257,40.0,15.0,0.0,50.0,60.0,115.0,225.0,155.0,83.0,83.0,35.9,46.0,37.5,19.3,15.1,15.3,11.6,18.5
Houssen (68125),/management/ville/houssen/ville-68146,10.0,53.0,168.0,428.0,274.0,265.0,238.0,582.0,287.0,472.0,12.4,17.8,40.6,28.8,18.7,17.6,28.3,31.4
Gorses (46210),/management/ville/gorses/ville-46125,59.0,20.0,10.0,20.0,30.0,45.0,93.0,70.0,58.0,42.0,31.9,39.3,31.3,21.1,23.6,20.5,13.2,18.9
Essertaux (80160),/management/ville/essertaux/ville-80285,0.0,0.0,35.0,70.0,20.0,25.0,50.0,49.0,31.0,57.0,23.7,29.8,34.4,17.5,18.3,14.9,23.7,37.2
La Bruguière (30580),/management/ville/la-bruguiere/ville-30056,10.0,10.0,15.0,30.0,45.0,20.0,42.0,66.0,54.0,84.0,14.8,19.5,36.1,19.5,18.0,26.0,31.1,36.6
Le Pas-Saint-l'Homer (61290),/management/ville/le-pas-saint-l-homer/ville-61323,5.0,5.0,16.0,10.0,5.0,10.0,34.0,36.0,13.0,22.0,27.7,43.6,41.5,19.0,10.8,12.8,20.0,23.1
Le Coudray-Saint-Germer (60850),/management/ville/le-coudray-saint-germer/ville-60164,11.0,11.0,26.0,74.0,163.0,189.0,220.0,232.0,104.0,101.0,27.0,39.5,42.9,25.7,14.3,17.3,15.9,14.6
Lagardiolle (81110),/management/ville/lagardiolle/ville-81129,15.0,10.0,0.0,26.0,31.0,21.0,46.0,57.0,43.0,36.0,27.1,23.6,37.5,24.7,22.9,24.7,12.5,27.0
Germs-sur-l'Oussouet (65200),/management/ville/germs-sur-l-oussouet/ville-65200,5.0,25.0,5.0,5.0,5.0,15.0,28.0,20.0,9.0,31.0,33.3,30.4,23.8,19.2,11.9,8.7,31.0,39.1
Heimsbrunn (68990),/management/ville/heimsbrunn/ville-68129,0.0,64.0,128.0,222.0,148.0,103.0,193.0,342.0,166.0,354.0,16.1,20.3,33.9,26.9,16.0,15.5,34.0,33.1
Fillières (54560),/management/ville/fillieres/ville-54194,5.0,20.0,20.0,85.0,75.0,50.0,92.0,109.0,72.0,96.0,26.2,23.6,27.8,27.4,21.9,17.0,24.1,28.0
Juvignies (60112),/management/ville/juvignies/ville-60328,0.0,10.0,5.0,45.0,51.0,61.0,71.0,71.0,37.0,52.0,31.6,29.6,30.7,26.5,16.7,15.7,21.1,24.3
Galametz (62770),/management/ville/galametz/ville-62365,20.0,0.0,15.0,15.0,26.0,15.0,45.0,40.0,28.0,32.0,23.6,39.4,38.9,16.7,22.2,15.5,15.3,28.2
Jailly-les-Moulins (21150),/management/ville/jailly-les-moulins/ville-21321,5.0,0.0,0.0,16.0,5.0,11.0,33.0,16.0,11.0,19.0,39.0,44.7,24.4,14.3,22.0,5.3,14.6,34.2
Davenescourt (80500),/management/ville/davenescourt/ville-80236,15.0,25.0,10.0,50.0,75.0,65.0,112.0,121.0,79.0,74.0,29.5,28.6,37.7,25.2,16.4,24.1,16.4,21.7
La Croix-en-Champagne (51600),/management/ville/la-croix-en-champagne/ville-51197,10.0,0.0,0.0,20.0,5.0,10.0,9.0,22.0,9.0,19.0,13.3,17.2,30.0,32.5,23.3,6.9,33.3,31.0
Languevoisin-Quiquery (80190),/management/ville/languevoisin-quiquery/ville-80465,0.0,0.0,0.0,19.0,14.0,53.0,57.0,47.0,27.0,20.0,29.2,46.2,40.3,21.4,19.4,15.4,11.1,15.4
Le Vézier (51210),/management/ville/le-vezier/ville-51618,10.0,5.0,10.0,15.0,15.0,25.0,30.0,61.0,26.0,26.0,18.9,23.5,50.0,29.5,17.6,19.1,13.5,23.5
Levernois (21200),/management/ville/levernois/ville-21347,0.0,60.0,38.0,27.0,28.0,5.0,62.0,66.0,41.0,84.0,17.6,30.8,33.6,18.4,16.0,16.5,32.8,33.8
Les Granges (10210),/management/ville/les-granges/ville-10168,0.0,5.0,0.0,10.0,10.0,10.0,25.0,20.0,7.0,5.0,40.7,46.9,48.1,23.5,3.7,18.8,7.4,9.4
Franqueville (27800),/management/ville/franqueville/ville-27266,0.0,10.0,15.0,45.0,45.0,70.0,63.0,91.0,37.0,45.0,24.6,28.9,45.9,27.8,11.5,20.2,18.0,20.2
Fontanès-de-Sault (11140),/management/ville/fontanes-de-sault/ville-11147,0.0,0.0,0.0,0.0,0.0,0.0,2.0,1.0,1.0,1.0,50.0,0.0,25.0,0.0,25.0,0.0,0.0,100.0
Gœrlingen (67320),/management/ville/goerlingen/ville-67159,0.0,0.0,11.0,28.0,39.0,55.0,56.0,55.0,35.0,38.0,26.9,34.1,36.6,22.8,16.1,22.0,20.4,20.9
Grévillers (62450),/management/ville/grevillers/ville-62387,10.0,15.0,20.0,45.0,30.0,55.0,86.0,84.0,53.0,53.0,24.8,37.8,36.2,23.1,19.9,18.5,19.1,19.3
Lauthiers (86300),/management/ville/lauthiers/ville-86122,0.0,0.0,0.0,5.0,20.0,5.0,12.0,15.0,9.0,14.0,32.0,16.0,28.0,27.6,20.0,16.0,20.0,36.0
Épaux-Bézu (02400),/management/ville/epaux-bezu/ville-02279,10.0,30.0,45.0,55.0,99.0,55.0,133.0,116.0,61.0,98.0,29.2,35.9,31.2,22.4,19.3,10.7,20.3,27.7
Dussac (24270),/management/ville/dussac/ville-24158,20.0,15.0,0.0,20.0,55.0,80.0,141.0,104.0,63.0,51.0,32.8,46.2,38.7,19.3,12.9,22.5,15.6,12.7
Faleyras (33760),/management/ville/faleyras/ville-33163,5.0,15.0,25.0,20.0,65.0,50.0,96.0,101.0,55.0,65.0,27.9,32.5,37.0,24.3,18.8,16.0,16.2,24.5
Dommartin-lès-Cuiseaux (71480),/management/ville/dommartin-les-cuiseaux/ville-71177,10.0,40.0,15.0,60.0,104.0,101.0,250.0,189.0,96.0,67.0,37.0,46.2,37.3,23.0,17.3,14.3,8.3,14.0
Gorze (57680),/management/ville/gorze/ville-57254,15.0,36.0,102.0,113.0,148.0,77.0,297.0,251.0,121.0,289.0,21.7,39.8,35.1,17.1,12.4,12.7,30.8,29.5
La Trinité-sur-Mer (56470),/management/ville/la-trinite-sur-mer/ville-56258,10.0,80.0,90.0,180.0,120.0,65.0,330.0,259.0,281.0,528.0,17.2,28.6,20.2,17.8,19.8,20.3,42.8,33.8
Heining-lès-Bouzonville (57320),/management/ville/heining-les-bouzonville/ville-57309,0.0,10.0,20.0,41.0,46.0,113.0,119.0,133.0,68.0,63.0,23.0,39.4,38.8,26.9,17.9,17.6,20.4,12.8
Housseras (88700),/management/ville/housseras/ville-88243,15.0,25.0,15.0,40.0,55.0,60.0,137.0,105.0,49.0,77.0,29.9,44.8,35.8,19.6,12.8,13.8,21.4,20.4
Le Coudray-sur-Thelle (60430),/management/ville/le-coudray-sur-thelle/ville-60165,0.0,15.0,62.0,56.0,77.0,45.0,108.0,99.0,85.0,87.0,27.0,30.1,32.4,20.9,17.2,29.0,23.5,22.2
La Brûlatte (53410),/management/ville/la-brulatte/ville-53045,10.0,15.0,15.0,71.0,75.0,136.0,166.0,156.0,90.0,95.0,26.5,39.7,39.7,21.5,14.0,21.5,19.8,17.4
Lagarrigue (47190),/management/ville/lagarrigue/ville-47129,0.0,15.0,5.0,31.0,46.0,46.0,44.0,63.0,42.0,68.0,16.2,23.4,34.3,23.3,18.1,19.8,31.4,32.4
Fillièvres (62770),/management/ville/fillievres/ville-62335,10.0,29.0,0.0,19.0,44.0,87.0,164.0,122.0,66.0,47.0,32.8,49.0,35.9,23.2,18.2,15.0,13.0,10.2
Essertenne (71510),/management/ville/essertenne/ville-71191,10.0,15.0,20.0,40.0,80.0,60.0,98.0,139.0,65.0,76.0,20.8,31.2,50.0,22.8,13.0,21.5,16.1,24.2
Juvigny (02880),/management/ville/juvigny/ville-02398,5.0,0.0,5.0,19.0,43.0,44.0,66.0,68.0,32.0,29.0,30.6,37.1,43.9,23.4,17.3,15.5,8.2,21.6
La Motte-d'Aigues (84240),/management/ville/la-motte-d-aigues/ville-84084,10.0,50.0,105.0,186.0,181.0,95.0,200.0,243.0,195.0,355.0,19.1,21.0,30.8,19.0,16.8,22.2,33.3,38.5
Jainvillotte (88300),/management/ville/jainvillotte/ville-88249,0.0,0.0,0.0,5.0,15.0,15.0,19.0,23.0,12.0,12.0,19.4,37.1,45.2,24.3,16.1,20.0,19.4,17.1
Languidic (56440),/management/ville/languidic/ville-56101,95.0,220.0,265.0,940.0,900.0,1075.0,1482.0,1915.0,1152.0,1182.0,21.2,30.4,40.0,25.2,20.4,19.8,18.4,22.8
Galan (65330),/management/ville/galan/ville-65183,5.0,16.0,26.0,41.0,67.0,41.0,256.0,169.0,103.0,110.0,27.9,50.1,33.4,19.4,19.5,13.4,19.2,15.7
Le Pasquier (39300),/management/ville/le-pasquier/ville-39406,10.0,5.0,10.0,21.0,48.0,54.0,66.0,56.0,39.0,35.0,31.1,36.3,34.0,21.5,20.8,19.8,14.2,22.0
Davézieux (07430),/management/ville/davezieux/ville-07078,5.0,51.0,135.0,330.0,395.0,390.0,725.0,757.0,384.0,604.0,27.0,31.4,36.3,23.5,14.6,16.4,22.1,26.5
Gernelle (08440),/management/ville/gernelle/ville-08187,5.0,30.0,5.0,30.0,46.0,30.0,59.0,81.0,41.0,67.0,23.0,24.4,38.9,24.4,15.9,16.8,22.2,31.9
Lèves (28300),/management/ville/leves/ville-28209,5.0,80.0,418.0,778.0,669.0,596.0,1121.0,1192.0,694.0,1243.0,24.1,28.5,32.2,22.6,15.0,17.7,28.7,29.7
La Croix-en-Touraine (37150),/management/ville/la-croix-en-touraine/ville-37091,0.0,67.0,105.0,258.0,353.0,258.0,412.0,542.0,296.0,451.0,21.0,27.2,37.8,24.4,16.4,18.3,24.8,28.1
Le Vibal (12290),/management/ville/le-vibal/ville-12297,75.0,26.0,5.0,49.0,44.0,43.0,118.0,129.0,71.0,86.0,25.0,33.5,41.3,21.2,16.3,18.8,17.3,25.9
Les Granges-Gontardes (26290),/management/ville/les-granges-gontardes/ville-26145,0.0,21.0,51.0,112.0,72.0,68.0,114.0,115.0,88.0,156.0,20.9,27.7,29.8,18.8,17.0,20.2,32.3,33.6
Franqueville (80620),/management/ville/franqueville/ville-80346,0.0,10.0,5.0,10.0,10.0,46.0,38.0,44.0,26.0,21.0,26.6,33.3,46.9,22.6,15.6,23.8,10.9,20.6
Grevilly (71700),/management/ville/grevilly/ville-71226,0.0,0.0,0.0,0.0,10.0,15.0,8.0,8.0,3.0,13.0,17.6,33.3,29.4,17.6,11.8,6.7,41.2,40.0
Dommartin-lès-Remiremont (88200),/management/ville/dommartin-les-remiremont/ville-88148,15.0,95.0,80.0,185.0,215.0,250.0,385.0,462.0,256.0,367.0,21.3,31.0,37.6,23.5,17.7,17.2,23.5,26.4
Falga (31540),/management/ville/falga/ville-31180,5.0,5.0,19.0,24.0,5.0,15.0,22.0,19.0,14.0,28.0,20.0,34.2,22.2,21.4,20.0,13.2,37.8,28.9
Épeautrolles (28120),/management/ville/epeautrolles/ville-28139,10.0,20.0,10.0,25.0,15.0,25.0,16.0,37.0,33.0,31.0,15.8,11.7,35.1,28.8,26.3,30.0,22.8,30.0
Duttlenheim (67120),/management/ville/duttlenheim/ville-67112,10.0,95.0,195.0,484.0,355.0,280.0,417.0,769.0,369.0,640.0,16.9,21.0,39.2,26.8,18.3,15.3,25.6,32.8
Fontanges (15140),/management/ville/fontanges/ville-15070,10.0,15.0,5.0,5.0,10.0,30.0,90.0,36.0,25.0,29.0,49.4,49.5,24.1,17.2,10.3,17.2,16.1,16.1
Gœrsdorf (67360),/management/ville/goersdorf/ville-67160,20.0,29.0,33.0,79.0,157.0,156.0,313.0,298.0,128.0,138.0,24.8,46.1,44.4,21.7,15.9,13.4,15.0,16.5
Lautignac (31370),/management/ville/lautignac/ville-31283,25.0,20.0,10.0,45.0,35.0,25.0,58.0,70.0,36.0,48.0,27.7,27.0,39.3,25.2,11.6,23.0,21.4,24.0
La Trinité-Surzur (56190),/management/ville/la-trinite-surzur/ville-56259,0.0,44.0,58.0,223.0,320.0,204.0,171.0,387.0,219.0,273.0,13.5,19.0,45.1,26.7,20.3,21.5,21.1,30.9
Le Cours (56230),/management/ville/le-cours/ville-56045,5.0,21.0,36.0,67.0,87.0,91.0,143.0,139.0,88.0,97.0,29.4,32.2,35.3,23.0,17.9,20.0,17.4,23.9
Housset (02250),/management/ville/housset/ville-02385,10.0,5.0,0.0,5.0,15.0,15.0,49.0,26.0,10.0,25.0,35.7,52.7,30.4,16.4,10.7,7.3,23.2,21.8
Lagarrigue (81090),/management/ville/lagarrigue/ville-81130,0.0,98.0,84.0,202.0,271.0,128.0,373.0,425.0,285.0,348.0,26.0,26.1,32.9,25.2,19.1,20.7,22.0,26.5
La Bruyère (70280),/management/ville/la-bruyere/ville-70103,10.0,10.0,15.0,10.0,10.0,50.0,42.0,55.0,29.0,33.0,27.8,25.0,39.2,27.9,13.9,22.5,19.0,22.5
Gosnay (62199),/management/ville/gosnay/ville-62377,0.0,25.0,18.0,90.0,137.0,112.0,258.0,222.0,104.0,121.0,28.3,43.9,38.9,22.2,17.3,12.5,15.5,18.6
Galapian (47190),/management/ville/galapian/ville-47107,5.0,10.0,20.0,35.0,45.0,40.0,57.0,87.0,31.0,73.0,18.8,27.8,42.1,23.5,12.8,12.2,26.3,33.0
Davignac (19250),/management/ville/davignac/ville-19071,10.0,10.0,10.0,25.0,25.0,30.0,48.0,58.0,43.0,34.0,18.2,33.7,43.2,21.3,25.0,22.1,13.6,23.2
Le Passage (38490),/management/ville/le-passage/ville-38296,10.0,55.0,66.0,146.0,101.0,50.0,120.0,191.0,96.0,174.0,16.7,24.6,41.1,22.8,15.7,17.6,26.4,33.5
Juvigny (51150),/management/ville/juvigny/ville-51312,10.0,43.0,57.0,129.0,155.0,83.0,157.0,185.0,120.0,227.0,20.1,25.8,31.4,21.2,16.4,18.4,32.0,33.8
Heippes (55220),/management/ville/heippes/ville-55241,5.0,5.0,0.0,5.0,20.0,0.0,11.0,20.0,11.0,14.0,20.0,19.2,33.3,31.3,23.3,15.4,23.3,26.9
La Croix-Helléan (56120),/management/ville/la-croix-hellean/ville-56050,66.0,20.0,46.0,106.0,81.0,142.0,179.0,205.0,130.0,136.0,24.6,30.4,34.8,25.8,21.5,18.7,19.1,22.7
Essertenne-et-Cecey (70100),/management/ville/essertenne-et-cecey/ville-70220,0.0,10.0,0.0,55.0,55.0,70.0,95.0,128.0,44.0,45.0,25.2,36.2,50.3,26.7,12.9,15.4,11.7,17.4
Fillinges (74250),/management/ville/fillinges/ville-74128,0.0,165.0,250.0,480.0,485.0,300.0,423.0,756.0,410.0,862.0,14.9,19.6,37.6,22.9,15.2,18.2,32.3,38.0
La Motte-d'Aveillans (38770),/management/ville/la-motte-d-aveillans/ville-38265,0.0,45.0,65.0,230.0,245.0,200.0,322.0,420.0,238.0,312.0,20.5,29.0,39.4,24.7,16.7,20.0,23.4,24.9
Languimberg (57810),/management/ville/languimberg/ville-57383,10.0,0.0,0.0,30.0,30.0,35.0,42.0,48.0,25.0,23.0,25.4,35.2,40.3,26.6,17.9,18.3,16.4,16.9
Grez (60210),/management/ville/grez/ville-60289,20.0,5.0,0.0,15.0,50.0,70.0,55.0,61.0,42.0,40.0,24.0,31.9,36.5,23.2,23.1,19.1,16.3,24.5
Jalesches (23270),/management/ville/jalesches/ville-23098,5.0,5.0,0.0,15.0,5.0,0.0,30.0,20.0,7.0,17.0,27.8,52.6,36.1,17.5,5.6,13.2,30.6,15.8
Lautrec (81440),/management/ville/lautrec/ville-81139,90.0,70.0,60.0,206.0,196.0,105.0,415.0,312.0,239.0,382.0,25.2,35.4,29.8,17.5,18.1,17.4,26.9,29.7
Géronce (64400),/management/ville/geronce/ville-64241,16.0,15.0,0.0,41.0,76.0,60.0,85.0,108.0,76.0,64.0,20.0,30.5,37.5,25.7,27.5,18.4,15.0,23.0
Levesville-la-Chenard (28310),/management/ville/levesville-la-chenard/ville-28210,5.0,0.0,10.0,35.0,30.0,40.0,60.0,53.0,17.0,26.0,40.0,37.7,38.8,24.4,10.0,11.7,11.3,22.1
Les Granges-le-Roi (91410),/management/ville/les-granges-le-roi/ville-91284,10.0,36.0,92.0,163.0,133.0,51.0,213.0,229.0,127.0,243.0,24.1,28.3,32.7,22.3,14.8,16.5,28.4,31.2
Duvy (60800),/management/ville/duvy/ville-60203,4.0,0.0,39.0,48.0,60.0,77.0,110.0,114.0,57.0,66.0,30.6,32.9,40.5,23.8,13.9,18.5,15.0,23.1
Épécamps (80370),/management/ville/epecamps/ville-80270,5.0,0.0,0.0,0.0,0.0,0.0,1.0,2.0,2.0,0.0,33.3,0.0,33.3,50.0,33.3,50.0,0.0,0.0
Gœulzin (59169),/management/ville/goeulzin/ville-59263,0.0,22.0,62.0,130.0,100.0,117.0,216.0,178.0,146.0,249.0,21.6,32.4,29.6,16.8,17.1,19.9,31.7,31.5
Le Vicel (50760),/management/ville/le-vicel/ville-50633,0.0,5.0,10.0,5.0,10.0,20.0,37.0,32.0,18.0,17.0,36.5,34.6,34.6,25.0,15.4,19.2,13.5,19.2
La Tronche (38700),/management/ville/la-tronche/ville-38516,5.0,121.0,1141.0,739.0,583.0,166.0,649.0,590.0,513.0,2430.0,11.6,18.8,14.4,13.7,11.8,12.7,62.2,54.7
Le Crès (34920),/management/ville/le-cres/ville-34090,5.0,240.0,1098.0,1356.0,1171.0,520.0,1557.0,1233.0,1239.0,2777.0,21.3,24.3,20.6,16.5,17.2,19.1,40.9,40.7
Housséville (54930),/management/ville/housseville/ville-54268,10.0,5.0,15.0,10.0,15.0,24.0,35.0,34.0,20.0,27.0,22.2,35.9,29.6,24.7,25.9,9.4,22.2,25.0
Dommartin-lès-Toul (54200),/management/ville/dommartin-les-toul/ville-54167,0.0,62.0,125.0,368.0,254.0,182.0,308.0,447.0,272.0,436.0,18.7,23.3,34.0,25.5,16.6,20.5,30.7,29.0
Franqueville-Saint-Pierre (76520),/management/ville/franqueville-saint-pierre/ville-76475,0.0,170.0,702.0,954.0,653.0,369.0,897.0,1055.0,737.0,1699.0,17.4,23.3,26.4,20.9,15.9,17.7,40.3,37.3
La Motte-de-Galaure (26240),/management/ville/la-motte-de-galaure/ville-26216,15.0,50.0,25.0,79.0,99.0,79.0,166.0,188.0,79.0,123.0,26.3,33.2,39.9,24.2,14.7,13.9,19.1,25.4
Lageon (79200),/management/ville/lageon/ville-79145,24.0,5.0,0.0,14.0,77.0,81.0,69.0,112.0,50.0,33.0,21.8,30.8,46.6,31.6,21.1,16.9,10.5,13.8
Fontangy (21390),/management/ville/fontangy/ville-21280,10.0,15.0,0.0,20.0,0.0,30.0,47.0,38.0,17.0,21.0,40.0,36.5,30.0,27.4,11.7,15.9,18.3,15.9
La Buisse (38500),/management/ville/la-buisse/ville-38061,5.0,115.0,450.0,510.0,275.0,170.0,373.0,490.0,330.0,993.0,15.8,18.3,25.5,18.6,15.0,15.2,43.7,47.2
Davrey (10130),/management/ville/davrey/ville-10122,16.0,0.0,5.0,33.0,11.0,44.0,69.0,67.0,29.0,27.0,31.1,41.4,41.5,24.0,17.0,12.6,10.4,18.4
Gosné (35140),/management/ville/gosne/ville-35121,45.0,60.0,140.0,291.0,241.0,201.0,256.0,405.0,228.0,458.0,16.2,21.8,36.4,22.5,16.2,17.5,31.2,36.8
Galargues (34160),/management/ville/galargues/ville-34110,19.0,24.0,54.0,83.0,146.0,78.0,109.0,131.0,104.0,173.0,19.3,22.8,31.4,19.2,20.1,20.5,29.2,37.8
Essertines-en-Châtelneuf (42600),/management/ville/essertines-en-chatelneuf/ville-42089,10.0,35.0,35.0,110.0,95.0,65.0,114.0,145.0,69.0,175.0,20.2,25.4,36.3,19.1,14.1,13.3,29.4,40.8
La Croix-sur-Gartempe (87210),/management/ville/la-croix-sur-gartempe/ville-87052,15.0,15.0,0.0,5.0,15.0,5.0,42.0,52.0,31.0,25.0,24.0,32.0,38.7,27.4,22.7,18.7,14.7,18.7
Juvigny (74100),/management/ville/juvigny/ville-74145,0.0,25.0,51.0,76.0,107.0,25.0,85.0,127.0,69.0,207.0,14.8,20.2,28.0,21.8,14.4,14.2,42.8,41.7
Heiteren (68600),/management/ville/heiteren/ville-68130,0.0,15.0,15.0,125.0,206.0,176.0,174.0,287.0,131.0,178.0,17.7,27.3,43.5,27.4,17.2,16.8,21.6,24.5
0,23.1,22.9
Fillols (66820),/management/ville/fillols/ville-66078,10.0,10.0,0.0,20.0,30.0,15.0,31.0,33.0,29.0,59.0,25.0,16.3,29.2,16.0,16.7,21.3,29.2,47.5
Falicon (06950),/management/ville/falicon/ville-06060,10.0,135.0,220.0,225.0,180.0,70.0,272.0,324.0,228.0,677.0,17.3,18.9,24.3,18.2,16.4,14.1,42.1,47.8
Grez-en-Bouère (53290),/management/ville/grez-en-bouere/ville-53110,10.0,49.0,25.0,86.0,135.0,213.0,279.0,227.0,111.0,110.0,35.7,40.9,37.6,22.9,14.5,16.3,12.3,17.9
Lauw (68290),/management/ville/lauw/ville-68179,0.0,20.0,70.0,140.0,95.0,90.0,180.0,258.0,117.0,150.0,18.9,32.4,42.3,26.4,18.6,14.6,20.3,22.3
Gerponville (76540),/management/ville/gerponville/ville-76299,5.0,15.0,5.0,36.0,61.0,67.0,111.0,93.0,56.0,34.0,33.1,42.6,42.1,21.9,15.2,23.0,9.7,12.8
Épégard (27110),/management/ville/epegard/ville-27219,5.0,30.0,10.0,75.0,40.0,120.0,124.0,134.0,61.0,76.0,28.1,34.9,38.4,25.1,17.7,13.0,15.8,22.9
Les Grangettes (25160),/management/ville/les-grangettes/ville-25295,0.0,5.0,20.0,55.0,35.0,40.0,31.0,57.0,44.0,87.0,11.9,16.7,30.5,20.2,21.2,18.6,36.4,44.1
Jaleyrac (15200),/management/ville/jaleyrac/ville-15079,30.0,10.0,0.0,30.0,60.0,45.0,81.0,100.0,56.0,50.0,22.5,33.6,46.4,22.8,21.0,18.1,10.1,24.2
Levet (18340),/management/ville/levet/ville-18126,10.0,35.0,50.0,145.0,204.0,254.0,283.0,379.0,156.0,217.0,24.4,30.1,43.7,26.5,13.2,17.0,18.8,22.8
Le Vieil-Dampierre (51330),/management/ville/le-vieil-dampierre/ville-51619,0.0,0.0,5.0,11.0,27.0,16.0,28.0,26.0,14.0,21.0,27.3,34.8,25.0,27.3,18.2,13.0,29.5,19.6
Langy (03150),/management/ville/langy/ville-03137,10.0,5.0,0.0,31.0,46.0,41.0,55.0,66.0,40.0,40.0,28.7,25.7,37.6,26.7,15.8,23.8,17.8,22.8
Habarcq (62123),/management/ville/habarcq/ville-62399,5.0,25.0,60.0,70.0,96.0,86.0,118.0,131.0,101.0,150.0,21.4,25.9,32.3,19.9,20.2,20.6,26.1,33.7
Duzey (55230),/management/ville/duzey/ville-55168,0.0,5.0,0.0,0.0,10.0,10.0,10.0,8.0,4.0,10.0,28.6,33.3,42.9,11.8,7.1,16.7,21.4,38.9
Houtaud (25300),/management/ville/houtaud/ville-25309,0.0,34.0,54.0,133.0,118.0,206.0,169.0,279.0,142.0,193.0,17.7,25.4,41.8,26.3,19.0,17.5,21.5,27.7
Le Crest (63450),/management/ville/le-crest/ville-63126,0.0,35.0,115.0,200.0,160.0,70.0,160.0,254.0,155.0,367.0,14.8,19.2,34.3,19.8,15.5,17.6,35.4,42.9
Davron (78810),/management/ville/davron/ville-78196,0.0,10.0,50.0,55.0,15.0,15.0,34.0,23.0,43.0,120.0,12.7,17.8,16.7,6.1,16.7,22.0,53.9,55.1
La Croix-sur-Ourcq (02210),/management/ville/la-croix-sur-ourcq/ville-02241,0.0,0.0,10.0,0.0,15.0,25.0,30.0,18.0,18.0,19.0,30.4,41.0,23.9,17.5,26.1,15.4,19.6,25.6
Falkwiller (68210),/management/ville/falkwiller/ville-68086,0.0,5.0,20.0,25.0,20.0,15.0,40.0,52.0,24.0,36.0,16.0,36.4,50.7,17.7,16.0,15.6,17.3,29.9
Gosselming (57930),/management/ville/gosselming/ville-57255,15.0,20.0,25.0,51.0,81.0,76.0,123.0,165.0,68.0,89.0,21.7,34.2,48.2,23.6,12.8,17.4,17.3,22.8
Juvigny les Vallées (50520),/management/ville/juvigny-les-vallees/ville-50260,99.0,50.0,40.0,75.0,135.0,320.0,582.0,381.0,231.0,146.0,40.0,46.9,34.1,21.3,17.1,17.4,8.8,13.3
Essertines-en-Donzy (42360),/management/ville/essertines-en-donzy/ville-42090,40.0,10.0,5.0,60.0,60.0,95.0,136.0,77.0,68.0,60.0,39.4,40.4,26.7,18.1,21.1,18.6,12.8,23.0
Galéria (20245),/management/ville/galeria/ville-2B121,15.0,27.0,10.0,31.0,39.0,20.0,90.0,67.0,57.0,79.0,23.9,37.1,31.0,15.8,20.4,18.5,24.6,29.1
Le Pavillon-Sainte-Julie (10350),/management/ville/le-pavillon-sainte-julie/ville-10281,0.0,5.0,20.0,40.0,35.0,30.0,64.0,79.0,32.0,45.0,32.7,25.7,40.2,28.6,8.4,20.4,18.7,22.1
La Buissière (38530),/management/ville/la-buissiere/ville-38062,5.0,25.0,68.0,79.0,70.0,70.0,101.0,148.0,86.0,165.0,17.1,22.7,34.7,22.7,18.8,16.1,29.4,36.5
Heiwiller (68130),/management/ville/heiwiller/ville-68131,0.0,5.0,5.0,26.0,5.0,26.0,32.0,64.0,22.0,22.0,13.4,31.9,59.7,30.0,9.0,22.2,17.9,12.5
Filstroff (57320),/management/ville/filstroff/ville-57213,5.0,0.0,25.0,91.0,96.0,146.0,170.0,252.0,95.0,102.0,19.4,36.2,47.6,28.2,16.0,14.4,16.9,15.8
Habas (40290),/management/ville/habas/ville-40118,10.0,40.0,65.0,156.0,216.0,191.0,374.0,350.0,201.0,226.0,28.8,35.8,36.2,23.4,16.9,18.0,18.0,21.2
Les Gras (25790),/management/ville/les-gras/ville-25296,21.0,5.0,31.0,93.0,150.0,176.0,128.0,186.0,104.0,167.0,18.1,25.8,37.2,24.3,18.8,16.7,26.0,30.8
Houtkerque (59470),/management/ville/houtkerque/ville-59318,36.0,15.0,41.0,128.0,143.0,164.0,177.0,188.0,154.0,182.0,22.4,28.1,32.8,21.2,21.3,22.6,23.5,28.4
Dommartin-lès-Vallois (88260),/management/ville/dommartin-les-vallois/ville-88149,0.0,0.0,5.0,10.0,0.0,10.0,16.0,7.0,10.0,5.0,47.1,35.0,23.5,18.8,17.6,35.0,11.8,15.0
Grez-Neuville (49220),/management/ville/grez-neuville/ville-49155,46.0,56.0,137.0,238.0,152.0,116.0,151.0,265.0,210.0,376.0,13.6,16.6,31.3,21.6,19.6,22.4,35.5,39.6
La Truchère (71290),/management/ville/la-truchere/ville-71549,0.0,5.0,20.0,15.0,10.0,36.0,69.0,53.0,19.0,40.0,34.0,43.7,36.2,19.8,9.6,11.5,20.2,23.0
Lauwin-Planque (59553),/management/ville/lauwin-planque/ville-59334,5.0,21.0,146.0,162.0,204.0,162.0,292.0,352.0,236.0,363.0,19.2,27.3,33.7,23.0,16.8,20.9,30.3,28.2
Gerrots (14430),/management/ville/gerrots/ville-14300,5.0,5.0,0.0,5.0,5.0,5.0,8.0,17.0,7.0,13.0,14.3,20.0,52.4,26.9,4.8,24.0,28.6,28.0
Épehy (80740),/management/ville/epehy/ville-80271,0.0,21.0,31.0,108.0,154.0,170.0,418.0,244.0,100.0,111.0,40.8,54.0,34.8,19.7,13.4,9.6,10.9,14.3
Lanhères (55400),/management/ville/lanheres/ville-55280,10.0,0.0,5.0,0.0,5.0,5.0,18.0,12.0,10.0,7.0,44.0,31.8,28.0,22.7,20.0,22.7,8.0,22.7
Le Vieil-Évreux (27930),/management/ville/le-vieil-evreux/ville-27684,20.0,35.0,40.0,145.0,115.0,120.0,127.0,188.0,128.0,177.0,17.4,23.4,35.5,24.3,20.1,21.2,27.0,30.1
Frans (01480),/management/ville/frans/ville-01166,0.0,100.0,205.0,375.0,320.0,230.0,386.0,505.0,320.0,492.0,19.8,25.4,36.8,22.3,17.1,20.4,26.3,31.3
Jaligny-sur-Besbre (03220),/management/ville/jaligny-sur-besbre/ville-03132,0.0,32.0,16.0,27.0,59.0,43.0,181.0,146.0,77.0,76.0,30.7,43.7,38.2,21.8,16.9,15.4,14.2,17.3
La Motte-du-Caire (04250),/management/ville/la-motte-du-caire/ville-04134,5.0,25.0,10.0,35.0,81.0,121.0,174.0,135.0,75.0,66.0,37.9,39.8,32.9,24.7,14.8,18.4,14.4,15.0
Dyé (89360),/management/ville/dye/ville-89149,0.0,0.0,0.0,25.0,35.0,25.0,45.0,53.0,28.0,26.0,18.4,40.8,47.4,21.0,21.1,15.8,13.2,21.1
Fontanières (23110),/management/ville/fontanieres/ville-23083,10.0,10.0,0.0,25.0,35.0,25.0,64.0,60.0,43.0,33.0,25.7,38.5,37.6,21.9,20.8,21.9,15.8,17.7
Levie (20170),/management/ville/levie/ville-2A142,14.0,38.0,14.0,52.0,111.0,57.0,218.0,114.0,115.0,142.0,37.1,36.9,23.9,16.2,17.5,21.4,21.4,26.5
Lagery (51170),/management/ville/lagery/ville-51314,14.0,5.0,9.0,33.0,28.0,28.0,33.0,34.0,29.0,45.0,19.7,27.1,32.4,16.4,21.1,20.0,26.8,37.1
Le Crestet (07270),/management/ville/le-crestet/ville-07073,10.0,10.0,15.0,29.0,84.0,102.0,148.0,136.0,59.0,64.0,35.0,37.7,38.9,24.5,15.3,13.7,10.8,20.6
Esserts-Blay (73540),/management/ville/esserts-blay/ville-73110,0.0,20.0,15.0,110.0,116.0,120.0,200.0,198.0,115.0,113.0,26.5,37.3,40.0,22.4,18.1,18.7,15.5,20.6
Dax (40100),/management/ville/dax/ville-40088,30.0,487.0,847.0,1772.0,3270.0,2490.0,6000.0,4574.0,2639.0,3622.0,31.3,39.0,31.2,22.1,16.2,15.3,21.2,21.7
La Croix-sur-Roudoule (06260),/management/ville/la-croix-sur-roudoule/ville-06051,0.0,0.0,5.0,5.0,15.0,25.0,24.0,25.0,15.0,15.0,27.7,34.4,36.2,24.2,17.0,21.9,19.1,18.8
Fallencourt (76340),/management/ville/fallencourt/ville-76257,16.0,16.0,0.0,21.0,21.0,21.0,61.0,28.0,25.0,23.0,39.7,50.0,32.4,8.3,16.2,21.4,11.8,21.4
Gotein-Libarrenx (64130),/management/ville/gotein-libarrenx/ville-64247,10.0,25.0,15.0,20.0,86.0,76.0,117.0,129.0,56.0,76.0,24.1,38.0,39.3,25.1,15.2,13.9,21.5,19.3
Juvigny Val d'Andaine (61140),/management/ville/juvigny-val-d-andaine/ville-61211,135.0,45.0,25.0,130.0,245.0,440.0,653.0,564.0,281.0,215.0,34.9,41.4,36.2,25.9,17.4,15.4,11.5,13.6
Le Péage-de-Roussillon (38550),/management/ville/le-peage-de-roussillon/ville-38298,10.0,171.0,115.0,507.0,643.0,1080.0,2390.0,1187.0,644.0,676.0,44.6,52.6,28.2,19.3,12.9,13.3,14.3,13.3
La Burbanche (01510),/management/ville/la-burbanche/ville-01066,0.0,0.0,0.0,5.0,5.0,5.0,17.0,16.0,10.0,14.0,22.6,38.5,35.5,18.5,19.4,15.4,22.6,26.9
Lauzach (56190),/management/ville/lauzach/ville-56109,5.0,45.0,30.0,81.0,212.0,202.0,133.0,253.0,162.0,225.0,15.9,18.2,38.9,25.5,20.6,21.5,24.6,33.4
Lanhouarneau (29430),/management/ville/lanhouarneau/ville-29111,20.0,40.0,25.0,156.0,151.0,181.0,210.0,285.0,213.0,178.0,20.5,27.0,38.1,25.7,22.9,25.2,18.5,21.8
Habère-Lullin (74420),/management/ville/habere-lullin/ville-74139,14.0,24.0,81.0,147.0,100.0,104.0,111.0,156.0,155.0,260.0,15.6,17.0,30.9,16.7,19.8,25.4,33.6,42.7
Houville-en-Vexin (27440),/management/ville/houville-en-vexin/ville-27346,0.0,15.0,5.0,30.0,45.0,45.0,45.0,61.0,32.0,24.0,26.5,29.1,38.6,30.5,22.9,16.5,12.0,17.7
Fiménil (88600),/management/ville/fimenil/ville-88172,0.0,10.0,0.0,10.0,35.0,65.0,54.0,62.0,28.0,29.0,23.6,39.3,42.7,26.7,11.2,21.4,22.5,10.7
Les Groseillers (79220),/management/ville/les-groseillers/ville-79139,15.0,0.0,0.0,10.0,0.0,5.0,9.0,19.0,9.0,8.0,20.0,20.0,40.0,37.5,16.0,25.0,24.0,10.0
Grez-sur-Loing (77880),/management/ville/grez-sur-loing/ville-77216,0.0,51.0,140.0,180.0,170.0,125.0,302.0,269.0,189.0,259.0,26.5,32.3,31.4,21.3,18.3,18.8,23.8,26.9
Dommartin-Lettrée (51320),/management/ville/dommartin-lettree/ville-51212,0.0,10.0,0.0,10.0,25.0,25.0,38.0,33.0,19.0,21.0,28.6,40.0,33.9,23.0,19.6,14.5,17.9,20.0
Gerstheim (67150),/management/ville/gerstheim/ville-67154,5.0,107.0,244.0,462.0,427.0,462.0,621.0,872.0,395.0,617.0,19.1,30.3,41.4,25.0,16.7,14.9,22.7,26.5
Le Vieux-Bourg (22800),/management/ville/le-vieux-bourg/ville-22386,51.0,10.0,20.0,56.0,76.0,137.0,130.0,160.0,113.0,140.0,21.2,26.6,34.6,23.4,21.6,20.1,22.7,28.8
Galey (09800),/management/ville/galey/ville-09129,5.0,15.0,15.0,0.0,0.0,15.0,25.0,30.0,21.0,22.0,25.5,25.6,36.4,25.0,14.5,30.2,23.6,20.9
Fransart (80700),/management/ville/fransart/ville-80347,0.0,0.0,0.0,15.0,20.0,45.0,30.0,35.0,18.0,17.0,31.4,28.6,41.2,26.9,13.7,22.4,13.7,20.4
La Tuilière (42830),/management/ville/la-tuiliere/ville-42314,20.0,15.0,5.0,10.0,40.0,55.0,102.0,86.0,42.0,16.0,36.1,47.8,39.8,25.4,19.5,14.2,4.5,8.8
Levier (25270),/management/ville/levier/ville-25334,25.0,90.0,45.0,170.0,311.0,340.0,487.0,490.0,285.0,277.0,27.5,35.4,39.4,23.8,16.8,20.1,16.3,19.5
Juvigny-en-Perthois (55170),/management/ville/juvigny-en-perthois/ville-55261,5.0,0.0,0.0,20.0,5.0,20.0,37.0,23.0,20.0,22.0,28.3,42.1,26.1,20.3,21.7,17.5,23.9,19.3
La Motte-en-Bauges (73340),/management/ville/la-motte-en-bauges/ville-73178,9.0,47.0,26.0,78.0,58.0,56.0,78.0,103.0,74.0,118.0,16.8,25.4,36.1,19.3,17.8,21.5,29.3,34.3
Gottenhouse (67700),/management/ville/gottenhouse/ville-67161,0.0,5.0,20.0,80.0,40.0,35.0,51.0,87.0,54.0,104.0,12.2,22.3,33.8,23.3,18.9,17.6,35.1,35.1
Le Pêchereau (36200),/management/ville/le-pechereau/ville-36154,5.0,55.0,45.0,200.0,294.0,205.0,456.0,530.0,249.0,238.0,24.2,36.9,47.0,24.5,14.3,19.3,14.5,17.7
Deauville (14800),/management/ville/deauville/ville-14220,5.0,105.0,190.0,225.0,520.0,230.0,1060.0,695.0,576.0,774.0,29.8,37.3,26.4,19.8,15.3,20.9,28.5,22.3
La Croix-Valmer (83420),/management/ville/la-croix-valmer/ville-83048,25.0,288.0,160.0,354.0,514.0,367.0,936.0,785.0,563.0,799.0,29.1,31.5,30.3,20.6,17.0,19.5,23.5,28.1
Fallerans (25580),/management/ville/fallerans/ville-25233,15.0,5.0,5.0,34.0,25.0,44.0,48.0,55.0,46.0,50.0,16.5,31.1,37.1,19.0,25.8,21.4,20.6,29.1
Hélesmes (59171),/management/ville/helesmes/ville-59297,5.0,65.0,145.0,195.0,255.0,240.0,399.0,382.0,230.0,351.0,20.6,37.6,36.7,19.1,17.6,16.2,25.1,26.4
Jallanges (21250),/management/ville/jallanges/ville-21322,0.0,15.0,0.0,15.0,56.0,15.0,93.0,77.0,39.0,35.0,34.5,41.5,37.2,24.3,17.7,13.8,10.6,16.9
Fontanil-Cornillon (38120),/management/ville/fontanil-cornillon/ville-38170,0.0,69.0,302.0,417.0,334.0,174.0,450.0,460.0,335.0,818.0,17.7,25.5,25.9,18.3,17.6,15.0,38.8,40.5
Épeigné-les-Bois (37150),/management/ville/epeigne-les-bois/ville-37100,16.0,21.0,21.0,48.0,27.0,58.0,90.0,95.0,60.0,87.0,25.5,28.9,34.4,22.5,15.3,20.2,24.8,27.7
Dyo (71800),/management/ville/dyo/ville-71185,26.0,31.0,5.0,36.0,51.0,31.0,56.0,89.0,49.0,68.0,16.2,26.8,42.6,22.6,20.6,16.5,20.6,32.3
Le Creusot (71200),/management/ville/le-creusot/ville-71153,1.0,362.0,886.0,1924.0,2468.0,2379.0,6324.0,5047.0,2365.0,3255.0,28.0,44.9,38.2,20.8,13.8,14.1,20.0,18.5
Lagesse (10210),/management/ville/lagesse/ville-10185,10.0,10.0,5.0,25.0,20.0,30.0,52.0,46.0,20.0,29.0,24.7,47.1,40.3,19.5,15.6,11.4,19.5,20.0
Esserval-Tartre (39250),/management/ville/esserval-tartre/ville-39214,5.0,0.0,0.0,0.0,24.0,24.0,15.0,34.0,17.0,17.0,17.4,17.9,45.7,31.0,17.4,25.6,19.6,23.1
Lauzerte (82110),/management/ville/lauzerte/ville-82094,45.0,66.0,56.0,131.0,192.0,126.0,475.0,263.0,195.0,274.0,35.0,43.6,26.5,17.0,17.2,15.3,21.3,23.8
Fransèches (23480),/management/ville/franseches/ville-23086,0.0,10.0,0.0,40.0,25.0,20.0,58.0,66.0,42.0,41.0,22.3,33.7,38.8,23.4,22.3,18.3,16.5,23.1
Lanildut (29840),/management/ville/lanildut/ville-29112,20.0,45.0,64.0,89.0,99.0,69.0,141.0,191.0,160.0,258.0,14.4,22.9,29.0,21.8,22.0,20.8,34.7,34.2
Lévignac (31530),/management/ville/levignac/ville-31297,0.0,59.0,337.0,333.0,201.0,137.0,216.0,319.0,249.0,671.0,12.7,16.9,24.0,19.4,16.7,17.5,46.5,45.8
Houville-la-Branche (28700),/management/ville/houville-la-branche/ville-28194,0.0,15.0,57.0,83.0,41.0,26.0,76.0,112.0,60.0,85.0,25.0,20.7,35.7,28.6,15.5,20.7,23.8,26.8
Galez (65330),/management/ville/galez/ville-65184,0.0,0.0,11.0,27.0,27.0,27.0,34.0,50.0,24.0,28.0,27.4,21.9,42.5,29.0,12.3,23.4,17.8,23.4
Finestret (66320),/management/ville/finestret/ville-66079,5.0,0.0,15.0,24.0,24.0,10.0,32.0,33.0,32.0,51.0,20.8,23.6,26.0,18.6,23.4,20.8,29.9,37.5
Habère-Poche (74420),/management/ville/habere-poche/ville-74140,19.0,49.0,117.0,248.0,175.0,185.0,183.0,264.0,220.0,352.0,17.3,18.5,30.4,21.3,22.6,20.8,29.8,39.3
Le Pecq (78230),/management/ville/le-pecq/ville-78481,3.0,265.0,3091.0,1846.0,1496.0,506.0,1948.0,1550.0,1588.0,6288.0,13.9,19.7,13.6,13.8,13.1,14.6,59.3,52.1
Les Guerreaux (71160),/management/ville/les-guerreaux/ville-71229,20.0,0.0,5.0,10.0,35.0,46.0,68.0,68.0,28.0,22.0,32.6,40.0,47.4,24.2,10.5,20.0,9.5,14.4
Le Vieux-Cérier (16350),/management/ville/le-vieux-cerier/ville-16403,0.0,0.0,0.0,5.0,5.0,10.0,52.0,33.0,13.0,17.0,39.3,51.9,36.1,19.0,9.8,13.0,14.8,14.8
Le Crocq (60120),/management/ville/le-crocq/ville-60182,0.0,0.0,15.0,40.0,20.0,35.0,35.0,33.0,28.0,27.0,32.8,23.7,25.0,27.4,21.9,23.7,20.3,23.7
La Motte-en-Champsaur (05500),/management/ville/la-motte-en-champsaur/ville-05090,20.0,0.0,10.0,41.0,66.0,15.0,42.0,51.0,28.0,51.0,20.7,28.0,35.6,22.5,16.1,15.9,27.6,31.7
Juvigny-sur-Loison (55600),/management/ville/juvigny-sur-loison/ville-55262,0.0,5.0,15.0,36.0,15.0,15.0,88.0,53.0,34.0,23.0,39.6,50.0,32.7,20.0,16.8,16.7,10.9,12.5
Lauzerville (31650),/management/ville/lauzerville/ville-31284,0.0,49.0,424.0,212.0,89.0,30.0,78.0,147.0,163.0,646.0,6.6,8.4,16.2,13.0,13.7,17.9,63.6,61.4
Jallaucourt (57590),/management/ville/jallaucourt/ville-57349,0.0,0.0,15.0,25.0,15.0,20.0,39.0,30.0,11.0,28.0,30.8,41.1,38.5,17.2,5.8,14.3,25.0,26.8
Grézac (17120),/management/ville/grezac/ville-17183,10.0,35.0,20.0,85.0,200.0,125.0,205.0,256.0,126.0,101.0,25.9,33.6,40.8,28.9,19.6,17.1,13.7,15.7
Le Vieux-Marché (22420),/management/ville/le-vieux-marche/ville-22387,35.0,25.0,35.0,110.0,175.0,156.0,348.0,268.0,176.0,228.0,28.0,39.4,31.5,20.2,19.8,15.1,20.6,23.9
Dommartin-sous-Amance (54770),/management/ville/dommartin-sous-amance/ville-54168,5.0,19.0,24.0,38.0,24.0,10.0,35.0,60.0,47.0,77.0,12.0,19.8,32.4,22.7,19.4,23.4,36.1,34.2
Finhan (82700),/management/ville/finhan/ville-82062,10.0,55.0,70.0,180.0,240.0,180.0,304.0,325.0,203.0,220.0,22.1,35.4,40.3,21.3,19.2,19.4,18.4,23.3
Falleron (85670),/management/ville/falleron/ville-85086,47.0,41.0,25.0,159.0,175.0,342.0,390.0,403.0,194.0,173.0,30.5,36.7,41.4,25.3,16.6,16.9,11.6,18.3
Deaux (30360),/management/ville/deaux/ville-30101,0.0,51.0,36.0,71.0,81.0,36.0,119.0,145.0,73.0,153.0,25.7,22.9,29.9,26.2,12.4,17.3,32.0,30.5
Essey (21320),/management/ville/essey/ville-21251,5.0,20.0,0.0,30.0,50.0,35.0,36.0,61.0,37.0,59.0,16.7,20.6,37.5,23.4,22.9,15.5,22.9,38.1
Hélette (64640),/management/ville/helette/ville-64259,55.0,30.0,25.0,81.0,80.0,111.0,124.0,188.0,98.0,130.0,21.9,24.3,39.2,26.3,19.8,16.3,19.1,29.5
Jallerange (25170),/management/ville/jallerange/ville-25317,0.0,10.0,10.0,26.0,41.0,16.0,52.0,67.0,26.0,35.0,30.6,27.7,41.2,28.1,15.3,12.8,12.9,25.5
Le Vigan (30120),/management/ville/le-vigan/ville-30350,20.0,117.0,172.0,294.0,441.0,345.0,1244.0,670.0,490.0,661.0,36.7,43.9,27.6,16.9,15.8,16.1,19.9,22.9
Épeigné-sur-Dême (37370),/management/ville/epeigne-sur-deme/ville-37101,16.0,0.0,10.0,21.0,21.0,26.0,22.0,33.0,33.0,37.0,10.6,24.6,36.4,16.7,27.3,26.2,25.8,34.4
Fontannes (43100),/management/ville/fontannes/ville-43096,10.0,29.0,49.0,113.0,129.0,114.0,201.0,219.0,120.0,134.0,26.9,32.5,39.5,24.6,15.7,19.7,17.9,21.7
La Turballe (44420),/management/ville/la-turballe/ville-44211,45.0,151.0,152.0,397.0,560.0,423.0,1036.0,1290.0,598.0,750.0,21.9,33.9,41.9,25.8,15.9,16.6,20.3,20.6
Fransu (80620),/management/ville/fransu/ville-80348,5.0,5.0,0.0,21.0,16.0,26.0,41.0,34.0,24.0,20.0,32.8,35.6,34.4,22.2,23.0,16.9,9.8,23.7
Houvin-Houvigneul (62270),/management/ville/houvin-houvigneul/ville-62459,0.0,5.0,5.0,15.0,39.0,39.0,60.0,53.0,29.0,29.0,26.7,43.0,36.0,22.7,20.9,12.8,16.3,18.6
Galfingue (68990),/management/ville/galfingue/ville-68101,10.0,30.0,65.0,155.0,70.0,80.0,93.0,206.0,107.0,191.0,11.8,19.6,38.9,26.6,18.3,17.5,31.0,33.0
Débats-Rivière-d'Orpra (42130),/management/ville/debats-riviere-d-orpra/ville-42084,0.0,5.0,5.0,25.0,35.0,20.0,39.0,44.0,15.0,19.0,35.5,30.9,38.7,31.3,6.5,20.0,19.4,12.7
Helfaut (62570),/management/ville/helfaut/ville-62423,10.0,29.0,59.0,187.0,241.0,167.0,454.0,377.0,182.0,287.0,24.3,44.3,37.4,19.9,15.6,12.5,22.8,21.5
Dzaoudzi (97615),/management/ville/dzaoudzi/ville-97608,,,,,,,,,,,,,,,,,,
Lévignac-de-Guyenne (47120),/management/ville/levignac-de-guyenne/ville-47147,25.0,21.0,10.0,71.0,36.0,91.0,201.0,139.0,71.0,130.0,33.7,40.4,33.0,18.1,11.0,15.2,22.3,25.6
Fontans (48700),/management/ville/fontans/ville-48063,48.0,0.0,15.0,10.0,24.0,24.0,49.0,49.0,40.0,37.0,25.3,31.0,39.1,18.8,19.5,25.3,16.1,26.4
Le Vigan (46300),/management/ville/le-vigan/ville-46334,0.0,60.0,50.0,161.0,186.0,121.0,370.0,371.0,230.0,265.0,27.8,31.9,36.4,23.2,16.8,20.3,19.0,23.7
Le Croisic (44490),/management/ville/le-croisic/ville-44049,25.0,123.0,79.0,192.0,423.0,300.0,1118.0,1078.0,624.0,742.0,25.7,36.1,35.7,24.0,16.7,18.2,22.0,19.9
La Motte-Fanjas (26190),/management/ville/la-motte-fanjas/ville-26217,5.0,10.0,20.0,25.0,30.0,5.0,36.0,36.0,23.0,41.0,27.3,25.7,39.4,14.5,18.2,15.7,15.2,44.3
Laning (57660),/management/ville/laning/ville-57384,19.0,10.0,24.0,107.0,63.0,82.0,114.0,140.0,84.0,105.0,21.1,31.1,36.3,24.1,21.5,16.4,21.1,26.0
La Croixille (53380),/management/ville/la-croixille/ville-53086,60.0,30.0,15.0,40.0,55.0,110.0,167.0,141.0,81.0,92.0,28.1,41.1,40.9,18.3,15.3,18.3,15.7,22.4
Fransures (80160),/management/ville/fransures/ville-80349,20.0,10.0,0.0,10.0,20.0,25.0,37.0,29.0,9.0,25.0,33.3,40.8,39.2,16.7,9.8,8.2,17.6,32.7
Juvigny-sur-Orne (61200),/management/ville/juvigny-sur-orne/ville-61212,0.0,5.0,0.0,18.0,0.0,32.0,19.0,26.0,10.0,24.0,25.6,22.2,37.2,23.8,14.0,11.1,23.3,38.9
La Bussière (45230),/management/ville/la-bussiere/ville-45060,0.0,5.0,15.0,79.0,100.0,122.0,223.0,182.0,114.0,107.0,28.7,41.7,37.2,21.2,17.2,19.3,16.9,17.2
Lauzès (46360),/management/ville/lauzes/ville-46162,9.0,0.0,13.0,13.0,18.0,27.0,52.0,24.0,20.0,40.0,33.3,43.7,28.8,7.7,13.6,15.5,24.2,33.8
Grézels (46700),/management/ville/grezels/ville-46130,10.0,10.0,0.0,20.0,40.0,25.0,55.0,45.0,43.0,52.0,25.0,31.6,31.0,16.3,20.0,24.2,24.0,29.5
Lagleygeolle (19500),/management/ville/lagleygeolle/ville-19099,20.0,5.0,10.0,20.0,25.0,35.0,58.0,49.0,46.0,30.0,29.3,34.1,32.6,21.6,26.1,24.2,12.0,20.9
Dommartin-sous-Hans (51800),/management/ville/dommartin-sous-hans/ville-51213,0.0,0.0,0.0,0.0,5.0,15.0,13.0,13.0,8.0,8.0,27.3,35.0,36.4,22.7,22.7,15.0,13.6,25.0
Lévignacq (40170),/management/ville/levignacq/ville-40154,5.0,20.0,5.0,35.0,20.0,40.0,102.0,88.0,27.0,55.0,32.1,43.2,41.4,21.1,5.0,15.2,21.4,18.9
Falletans (39700),/management/ville/falletans/ville-39220,0.0,5.0,35.0,40.0,65.0,50.0,61.0,89.0,43.0,87.0,20.9,22.4,33.8,26.1,15.8,14.7,29.5,32.9
Le Vigean (15200),/management/ville/le-vigean/ville-15261,35.0,45.0,35.0,80.0,141.0,91.0,216.0,203.0,115.0,131.0,27.2,37.4,38.5,22.1,18.3,16.1,16.0,22.7
Gottesheim (67490),/management/ville/gottesheim/ville-67162,10.0,24.0,15.0,39.0,48.0,39.0,65.0,92.0,36.0,68.0,23.7,26.4,39.3,26.4,14.1,12.8,23.0,29.6
Essey-et-Maizerais (54470),/management/ville/essey-et-maizerais/ville-54182,0.0,34.0,11.0,39.0,34.0,50.0,80.0,91.0,55.0,64.0,24.5,31.7,36.4,23.7,20.5,16.5,18.5,25.9
Épénancourt (80190),/management/ville/epenancourt/ville-80272,0.0,20.0,0.0,10.0,0.0,25.0,22.0,32.0,24.0,10.0,27.9,22.2,37.2,33.3,25.6,28.9,9.3,13.3
La Cropte (53170),/management/ville/la-cropte/ville-53087,15.0,0.0,0.0,36.0,36.0,41.0,38.0,46.0,37.0,35.0,27.9,20.6,33.7,25.0,22.1,25.0,16.3,29.4
Le Pègue (26770),/management/ville/le-pegue/ville-26226,10.0,44.0,5.0,24.0,57.0,38.0,99.0,93.0,53.0,64.0,27.3,36.5,37.7,21.1,16.2,18.6,18.8,23.1
Hablainville (54120),/management/ville/hablainville/ville-54243,0.0,5.0,0.0,5.0,35.0,46.0,52.0,51.0,32.0,25.0,22.8,41.8,40.5,22.2,20.3,20.3,16.5,15.2
La Turbie (06320),/management/ville/la-turbie/ville-06150,0.0,139.0,298.0,381.0,414.0,239.0,637.0,497.0,458.0,812.0,26.2,26.8,23.1,18.5,18.8,19.2,31.8,35.6
Franvillers (80800),/management/ville/franvillers/ville-80350,10.0,10.0,35.0,55.0,75.0,60.0,99.0,105.0,61.0,119.0,17.7,33.9,38.5,16.3,14.6,17.2,29.2,32.8
Les Haies (69420),/management/ville/les-haies/ville-69097,35.0,30.0,71.0,76.0,86.0,81.0,143.0,168.0,103.0,155.0,24.1,26.5,38.3,20.4,15.9,20.1,21.7,33.0
Galgan (12220),/management/ville/galgan/ville-12108,34.0,10.0,10.0,34.0,34.0,49.0,77.0,89.0,57.0,71.0,23.6,28.7,35.1,24.2,19.6,18.9,21.6,26.6
Helfrantzkirch (68510),/management/ville/helfrantzkirch/ville-68132,0.0,34.0,79.0,59.0,69.0,90.0,147.0,187.0,108.0,125.0,20.6,31.0,36.8,27.0,18.1,20.0,24.5,19.3
Decazeville (12300),/management/ville/decazeville/ville-12089,30.0,135.0,95.0,350.0,550.0,665.0,1664.0,1422.0,609.0,585.0,33.8,43.3,38.7,24.9,14.1,14.3,13.3,14.0
Laniscourt (02000),/management/ville/laniscourt/ville-02407,0.0,0.0,10.0,31.0,36.0,25.0,26.0,35.0,25.0,46.0,14.8,24.6,32.8,20.3,18.0,20.3,34.4,34.8
Dommartin-sur-Vraine (88170),/management/ville/dommartin-sur-vraine/ville-88150,10.0,0.0,5.0,10.0,54.0,34.0,141.0,49.0,33.0,27.0,47.7,62.1,29.0,13.1,14.0,13.1,9.3,11.7
Lévignen (60800),/management/ville/levignen/ville-60358,5.0,24.0,52.0,203.0,146.0,132.0,159.0,217.0,143.0,168.0,22.3,24.0,38.3,24.7,17.7,24.0,21.7,27.0
Fins (80360),/management/ville/fins/ville-80312,0.0,5.0,10.0,10.0,15.0,81.0,74.0,58.0,23.0,42.0,35.9,38.7,34.0,21.7,12.6,10.8,17.5,25.8
La Motte-Feuilly (36160),/management/ville/la-motte-feuilly/ville-36132,4.0,4.0,0.0,0.0,22.0,4.0,4.0,12.0,8.0,13.0,10.0,11.1,45.0,21.1,25.0,16.7,20.0,50.0
Fontarèches (30580),/management/ville/fontareches/ville-30115,5.0,30.0,25.0,30.0,25.0,5.0,45.0,52.0,41.0,64.0,20.2,24.0,31.3,20.6,18.2,23.0,30.3,33.0
Gertwiller (67140),/management/ville/gertwiller/ville-67155,10.0,40.0,75.0,140.0,180.0,255.0,165.0,319.0,180.0,271.0,16.1,19.3,36.4,28.2,19.5,19.0,28.1,29.9
Jalognes (18300),/management/ville/jalognes/ville-18116,0.0,21.0,5.0,15.0,45.0,81.0,100.0,62.0,41.0,37.0,35.8,47.9,30.1,20.7,16.3,17.9,17.9,12.8
Juvigny-sur-Seulles (14250),/management/ville/juvigny-sur-seulles/ville-14348,10.0,0.0,5.0,10.0,10.0,0.0,21.0,13.0,12.0,12.0,25.9,50.0,18.5,21.9,29.6,10.7,25.9,14.3
La Bussière (86310),/management/ville/la-bussiere/ville-86040,5.0,20.0,0.0,35.0,30.0,25.0,117.0,70.0,40.0,37.0,39.3,50.0,31.4,19.4,17.1,12.9,12.1,16.1
Grèzes (43170),/management/ville/grezes/ville-43104,20.0,10.0,0.0,10.0,15.0,40.0,71.0,58.0,24.0,13.0,35.4,52.9,44.8,20.0,14.6,14.3,5.2,11.4
Laglorieuse (40090),/management/ville/laglorieuse/ville-40139,10.0,30.0,40.0,65.0,75.0,25.0,88.0,131.0,91.0,122.0,19.9,20.7,35.3,25.5,16.3,25.8,28.5,28.2
Lauzun (47410),/management/ville/lauzun/ville-47142,30.0,65.0,30.0,30.0,50.0,70.0,219.0,182.0,99.0,116.0,28.7,41.9,32.4,23.7,18.9,13.4,19.9,17.8
Houx (28130),/management/ville/houx/ville-28195,0.0,20.0,60.0,150.0,95.0,45.0,110.0,151.0,97.0,189.0,16.4,24.1,33.5,20.2,19.9,15.4,30.2,39.1
Fallon (70110),/management/ville/fallon/ville-70226,0.0,10.0,20.0,29.0,44.0,39.0,89.0,76.0,28.0,44.0,31.5,43.9,40.3,21.0,10.5,14.0,17.7,19.3
Le Vigeant (86150),/management/ville/le-vigeant/ville-86289,25.0,25.0,15.0,25.0,110.0,110.0,222.0,173.0,99.0,70.0,35.0,44.8,37.9,21.2,17.0,18.1,10.1,15.1
Essey-la-Côte (54830),/management/ville/essey-la-cote/ville-54183,15.0,0.0,0.0,5.0,10.0,15.0,20.0,27.0,6.0,8.0,32.4,33.3,45.9,30.3,13.5,4.2,8.1,20.8
Gouaix (77114),/management/ville/gouaix/ville-77208,5.0,20.0,65.0,136.0,272.0,212.0,366.0,310.0,188.0,157.0,34.7,36.9,34.9,24.2,18.0,19.0,12.5,18.2
Épenède (16490),/management/ville/epenede/ville-16128,5.0,0.0,0.0,21.0,5.0,11.0,71.0,40.0,42.0,17.0,29.2,51.0,37.5,15.1,23.6,25.5,9.7,10.2
18.0,18.3,26.0,26.9
,27.2
Le Croisty (56540),/management/ville/le-croisty/ville-56048,10.0,40.0,5.0,20.0,60.0,85.0,235.0,171.0,94.0,62.0,31.3,51.9,41.5,19.2,17.1,16.4,10.2,11.8
La Crouzille (63700),/management/ville/la-crouzille/ville-63130,25.0,20.0,10.0,25.0,25.0,25.0,72.0,69.0,34.0,44.0,23.4,42.6,44.1,18.0,15.3,15.7,17.1,23.1
Les Halles (69610),/management/ville/les-halles/ville-69098,5.0,20.0,35.0,50.0,50.0,95.0,181.0,65.0,56.0,37.0,55.2,51.5,20.9,17.0,18.0,15.0,5.8,16.2
Franxault (21170),/management/ville/franxault/ville-21285,5.0,10.0,10.0,48.0,48.0,68.0,109.0,115.0,68.0,54.0,27.5,34.9,40.9,25.0,18.1,21.1,13.5,17.7
Habloville (61210),/management/ville/habloville/ville-61199,15.0,5.0,0.0,20.0,30.0,70.0,73.0,95.0,39.0,45.0,21.3,35.9,46.7,26.6,10.7,20.3,21.3,14.8
La Vacheresse-et-la-Rouillie (88140),/management/ville/la-vacheresse-et-la-rouillie/ville-88485,0.0,5.0,0.0,10.0,15.0,36.0,35.0,36.0,20.0,15.0,29.3,39.6,39.7,25.0,17.2,18.8,13.8,14.6
Galgon (33133),/management/ville/galgon/ville-33179,20.0,81.0,141.0,348.0,403.0,373.0,629.0,740.0,455.0,470.0,24.7,29.9,37.6,25.8,18.6,20.9,19.1,21.7
Dechy (59187),/management/ville/dechy/ville-59170,0.0,95.0,109.0,461.0,757.0,716.0,1619.0,1154.0,638.0,490.0,32.3,49.2,38.2,20.9,17.6,15.3,11.9,13.1
Lévigny (10200),/management/ville/levigny/ville-10194,5.0,0.0,0.0,10.0,19.0,29.0,32.0,24.0,4.0,18.0,39.0,41.0,31.7,24.0,7.3,2.6,22.0,25.6
La Motte-Fouquet (61600),/management/ville/la-motte-fouquet/ville-61295,10.0,5.0,0.0,0.0,30.0,30.0,32.0,48.0,18.0,18.0,26.7,28.1,48.3,29.9,13.3,17.5,11.7,19.3
Juville (57590),/management/ville/juville/ville-57354,10.0,5.0,5.0,20.0,10.0,15.0,22.0,26.0,21.0,26.0,23.5,22.7,27.5,25.5,23.5,20.5,25.5,29.5
Geruge (39570),/management/ville/geruge/ville-39250,0.0,0.0,5.0,35.0,30.0,50.0,17.0,48.0,24.0,44.0,11.3,14.1,45.2,26.0,16.1,19.7,27.4,38.0
Fiquefleur-Équainville (27210),/management/ville/fiquefleur-equainville/ville-27243,0.0,53.0,34.0,92.0,92.0,82.0,130.0,173.0,93.0,139.0,21.3,27.4,38.8,23.9,17.2,17.3,22.8,29.3
Hoymille (59492),/management/ville/hoymille/ville-59319,5.0,80.0,161.0,527.0,328.0,231.0,609.0,663.0,475.0,664.0,18.2,31.7,33.5,21.4,20.4,19.1,27.9,27.2
Le Vigen (87110),/management/ville/le-vigen/ville-87205,56.0,36.0,168.0,337.0,235.0,184.0,344.0,435.0,272.0,548.0,19.0,24.1,33.2,20.4,16.8,17.2,31.0,37.5
Fontclaireau (16230),/management/ville/fontclaireau/ville-16140,5.0,5.0,15.0,50.0,65.0,35.0,86.0,102.0,63.0,60.0,27.9,27.4,37.0,26.9,18.2,22.3,16.9,21.7
Dommartin-Varimont (51330),/management/ville/dommartin-varimont/ville-51214,25.0,0.0,5.0,10.0,15.0,10.0,31.0,41.0,17.0,14.0,24.5,35.8,44.9,28.6,18.4,15.1,12.2,15.1
Jalogny (71250),/management/ville/jalogny/ville-71240,5.0,10.0,25.0,75.0,20.0,25.0,60.0,57.0,45.0,97.0,24.0,22.6,27.2,16.3,24.0,11.3,24.8,48.9
Helléan (56120),/management/ville/hellean/ville-56082,10.0,10.0,0.0,25.0,61.0,74.0,89.0,84.0,55.0,48.0,31.9,32.8,37.6,23.0,17.0,22.4,13.5,21.6
La Vacherie (27400),/management/ville/la-vacherie/ville-27666,0.0,35.0,45.0,80.0,65.0,70.0,106.0,117.0,57.0,111.0,27.9,26.3,31.3,25.2,13.4,15.8,27.4,29.5
Frapelle (88490),/management/ville/frapelle/ville-88182,5.0,5.0,0.0,15.0,24.0,24.0,51.0,46.0,26.0,27.0,30.0,36.3,41.4,20.5,18.6,17.5,10.0,25.0
Le Cros (34520),/management/ville/le-cros/ville-34091,10.0,0.0,0.0,23.0,5.0,0.0,12.0,8.0,14.0,11.0,21.7,31.8,21.7,17.6,26.1,36.4,30.4,18.2
Lanleff (22290),/management/ville/lanleff/ville-22108,5.0,0.0,10.0,10.0,10.0,25.0,20.0,26.0,20.0,31.0,19.6,21.6,32.6,22.0,17.4,23.5,30.4,33.3
La Bussière-sur-Ouche (21360),/management/ville/la-bussiere-sur-ouche/ville-21120,0.0,5.0,5.0,10.0,19.0,19.0,21.0,33.0,18.0,51.0,15.3,18.8,37.3,17.2,11.9,17.2,35.6,46.9
Goualade (33840),/management/ville/goualade/ville-33190,0.0,0.0,0.0,5.0,16.0,16.0,23.0,18.0,17.0,23.0,27.3,30.0,22.7,20.9,25.0,15.0,25.0,32.5
Les Hautes-Rivières (08800),/management/ville/les-hautes-rivieres/ville-08218,0.0,25.0,45.0,80.0,95.0,300.0,552.0,293.0,149.0,176.0,40.1,54.1,31.8,17.4,12.6,12.8,15.4,14.7
25.4
Galiax (32160),/management/ville/galiax/ville-32136,0.0,5.0,0.0,15.0,15.0,29.0,44.0,33.0,32.0,19.0,25.8,42.2,28.8,22.6,25.8,25.0,19.7,10.9
Essey-lès-Nancy (54270),/management/ville/essey-les-nancy/ville-54184,5.0,245.0,654.0,1155.0,1284.0,665.0,1977.0,1629.0,1070.0,1931.0,25.3,33.8,28.3,20.4,16.7,15.7,29.7,28.9
La Motte-Saint-Jean (71160),/management/ville/la-motte-saint-jean/ville-71325,0.0,51.0,15.0,131.0,111.0,177.0,279.0,347.0,127.0,183.0,25.6,34.3,43.0,26.0,14.3,13.0,17.0,22.2
Fontcouverte (11700),/management/ville/fontcouverte/ville-11148,35.0,15.0,10.0,80.0,70.0,55.0,114.0,126.0,88.0,99.0,23.1,30.6,36.2,22.3,19.0,22.3,21.7,24.8
Jâlons (51150),/management/ville/jalons/ville-51303,10.0,10.0,39.0,70.0,74.0,99.0,119.0,122.0,65.0,116.0,21.7,34.1,34.8,21.1,19.3,12.0,24.2,30.4
Huanne-Montmartin (25680),/management/ville/huanne-montmartin/ville-25310,0.0,10.0,0.0,15.0,15.0,10.0,20.0,13.0,13.0,18.0,25.0,37.5,25.0,16.1,21.9,18.8,28.1,28.1
Gervans (26600),/management/ville/gervans/ville-26380,5.0,10.0,35.0,45.0,81.0,86.0,104.0,145.0,57.0,100.0,25.8,25.9,39.7,27.2,13.4,14.2,21.1,27.8
Levis (89520),/management/ville/levis/ville-89222,26.0,0.0,5.0,63.0,21.0,21.0,66.0,57.0,30.0,39.0,31.7,37.6,33.7,22.3,17.8,14.0,16.8,23.7
Firbeix (24450),/management/ville/firbeix/ville-24180,0.0,10.0,15.0,15.0,35.0,30.0,94.0,59.0,58.0,45.0,32.3,41.3,32.3,15.6,18.5,27.0,16.9,18.3
Juvinas (07600),/management/ville/juvinas/ville-07111,10.0,5.0,0.0,15.0,45.0,15.0,41.0,44.0,31.0,33.0,26.0,28.9,39.7,20.3,19.2,22.4,15.1,28.9
Le Vignau (40270),/management/ville/le-vignau/ville-40329,15.0,5.0,15.0,30.0,91.0,51.0,108.0,126.0,66.0,73.0,29.1,28.8,41.8,24.6,13.8,21.7,15.3,23.9
Hellering-lès-Fénétrange (57930),/management/ville/hellering-les-fenetrange/ville-57310,0.0,5.0,10.0,20.0,15.0,59.0,38.0,47.0,20.0,29.0,22.4,34.8,43.3,23.1,16.4,13.0,17.9,26.1
Dommary-Baroncourt (55240),/management/ville/dommary-baroncourt/ville-55158,10.0,25.0,0.0,36.0,132.0,148.0,205.0,209.0,81.0,60.0,33.1,40.7,42.7,27.9,12.8,16.4,11.4,10.5
La Vacquerie-et-Saint-Martin-de-Castries (34520),/management/ville/la-vacquerie-et-saint-martin-de-castries/ville-34317,5.0,20.0,0.0,15.0,10.0,5.0,16.0,34.0,30.0,61.0,8.5,14.3,33.8,15.9,19.7,24.3,38.0,47.1
Le Crotoy (80550),/management/ville/le-crotoy/ville-80228,56.0,91.0,61.0,117.0,223.0,147.0,756.0,422.0,239.0,236.0,39.8,51.1,32.7,18.3,13.5,15.4,14.0,14.6
Grèzes (48100),/management/ville/grezes/ville-48072,30.0,15.0,0.0,35.0,25.0,25.0,43.0,38.0,27.0,55.0,22.7,29.7,34.1,11.4,17.0,16.2,26.1,43.2
Le Perray-en-Yvelines (78610),/management/ville/le-perray-en-yvelines/ville-78486,5.0,180.0,905.0,1005.0,840.0,520.0,983.0,1209.0,878.0,1941.0,16.5,22.5,27.8,20.3,16.2,18.7,39.4,38.1
Falvy (80190),/management/ville/falvy/ville-80300,5.0,0.0,10.0,15.0,20.0,30.0,36.0,33.0,21.0,24.0,32.8,30.4,27.6,27.4,17.2,19.6,22.4,19.6
Lanloup (22580),/management/ville/lanloup/ville-22109,0.0,15.0,10.0,40.0,30.0,15.0,52.0,40.0,44.0,50.0,23.5,31.7,30.6,15.6,22.4,24.8,23.5,29.7
Gouarec (22570),/management/ville/gouarec/ville-22064,14.0,14.0,9.0,33.0,56.0,66.0,319.0,167.0,112.0,97.0,37.8,51.7,32.2,17.6,19.8,13.4,10.2,16.3
Fraquelfing (57790),/management/ville/fraquelfing/ville-57233,0.0,0.0,5.0,0.0,9.0,19.0,15.0,26.0,11.0,8.0,25.0,25.8,43.8,31.6,21.9,16.1,9.4,19.4
La Buxerette (36140),/management/ville/la-buxerette/ville-36028,10.0,0.0,10.0,5.0,5.0,0.0,41.0,29.0,17.0,9.0,41.7,42.9,37.5,21.6,18.8,18.4,2.1,16.3
Decize (58300),/management/ville/decize/ville-58095,26.0,125.0,136.0,399.0,818.0,546.0,1772.0,1364.0,777.0,684.0,31.1,44.8,35.0,23.0,18.2,15.8,15.7,14.2
Épenoy (25800),/management/ville/epenoy/ville-25219,0.0,15.0,30.0,55.0,90.0,100.0,111.0,130.0,73.0,106.0,21.4,31.4,35.8,23.3,20.0,14.7,22.8,27.9
Laval (38190),/management/ville/laval/ville-38206,15.0,25.0,156.0,115.0,70.0,60.0,98.0,117.0,124.0,382.0,13.7,13.5,17.3,15.4,17.3,16.9,51.6,54.5
Eaubonne (95600),/management/ville/eaubonne/ville-95203,0.0,459.0,3348.0,3624.0,3156.0,1471.0,3926.0,3414.0,3090.0,7255.0,21.7,22.6,20.6,18.3,15.9,18.7,41.8,40.4
Essigny-le-Grand (02690),/management/ville/essigny-le-grand/ville-02287,0.0,15.0,36.0,168.0,158.0,66.0,223.0,257.0,138.0,202.0,22.9,30.8,37.9,23.9,14.8,18.6,24.4,25.1
Lagney (54200),/management/ville/lagney/ville-54288,10.0,40.0,15.0,75.0,45.0,70.0,76.0,110.0,79.0,98.0,18.1,23.7,37.3,23.2,22.0,21.5,22.6,31.2
La Désirade (97127),/management/ville/la-desirade/ville-97110,72.0,41.0,15.0,133.0,215.0,128.0,666.0,238.0,154.0,136.0,55.8,55.6,22.8,16.3,14.0,12.0,7.4,15.3
Les Hauts de Forterre (89560),/management/ville/les-hauts-de-forterre/ville-89405,21.0,11.0,32.0,32.0,53.0,47.0,136.0,115.0,84.0,71.0,27.4,39.9,38.9,18.2,18.8,22.7,14.9,20.2
Habsheim (68440),/management/ville/habsheim/ville-68118,0.0,122.0,273.0,717.0,612.0,588.0,776.0,1333.0,570.0,1043.0,16.3,24.8,40.3,27.3,15.4,15.2,28.0,28.0
Fontcouverte (17100),/management/ville/fontcouverte/ville-17164,5.0,82.0,123.0,267.0,262.0,118.0,472.0,553.0,325.0,581.0,20.3,28.2,34.9,22.2,13.3,20.0,31.4,28.9
La Motte-Saint-Martin (38770),/management/ville/la-motte-saint-martin/ville-38266,0.0,20.0,40.0,80.0,50.0,45.0,76.0,92.0,56.0,102.0,18.5,27.8,37.6,19.2,16.6,17.8,27.4,34.9
Galié (31510),/management/ville/galie/ville-31207,0.0,5.0,5.0,5.0,10.0,0.0,15.0,18.0,16.0,22.0,16.7,25.7,30.6,20.0,25.0,20.0,27.8,34.3
Hubersent (62630),/management/ville/hubersent/ville-62460,5.0,10.0,0.0,30.0,25.0,40.0,52.0,56.0,41.0,46.0,21.4,32.0,29.6,24.5,27.6,14.4,21.4,25.8
Jambles (71640),/management/ville/jambles/ville-71241,15.0,30.0,30.0,50.0,55.0,20.0,101.0,100.0,63.0,123.0,19.3,32.2,33.2,18.7,15.5,17.1,32.1,31.7
Helleville (50340),/management/ville/helleville/ville-50240,5.0,0.0,40.0,55.0,89.0,80.0,74.0,114.0,68.0,88.0,17.8,25.2,37.8,25.7,21.1,18.4,23.3,28.2
Juvincourt-et-Damary (02190),/management/ville/juvincourt-et-damary/ville-02399,0.0,10.0,10.0,54.0,104.0,118.0,119.0,126.0,70.0,83.0,26.8,33.0,39.0,22.7,16.6,19.1,17.6,24.2
Domme (24250),/management/ville/domme/ville-24152,5.0,72.0,25.0,83.0,78.0,80.0,225.0,185.0,125.0,235.0,31.0,27.7,29.0,19.2,15.5,16.9,24.5,35.7
Gerville (76790),/management/ville/gerville/ville-76300,10.0,19.0,10.0,48.0,53.0,34.0,63.0,92.0,55.0,73.0,21.3,23.2,38.3,25.2,18.4,20.4,22.0,29.6
Le Vignon-en-Quercy (46110),/management/ville/le-vignon-en-quercy/ville-46232,10.0,46.0,55.0,96.0,71.0,147.0,262.0,247.0,143.0,147.0,26.8,38.1,41.1,21.3,16.1,19.8,16.1,20.5
Firfol (14100),/management/ville/firfol/ville-14270,0.0,30.0,20.0,40.0,60.0,50.0,78.0,120.0,47.0,65.0,19.9,30.2,52.3,23.7,13.2,17.0,14.6,27.0
Lévis-Saint-Nom (78320),/management/ville/levis-saint-nom/ville-78334,10.0,40.0,330.0,210.0,135.0,85.0,204.0,229.0,169.0,593.0,14.6,19.7,21.5,16.1,15.2,13.0,48.7,50.6
La Vaivre (70320),/management/ville/la-vaivre/ville-70512,0.0,0.0,0.0,10.0,19.0,39.0,62.0,60.0,27.0,16.0,34.1,40.7,40.0,27.4,18.8,14.8,7.1,12.3
Grézet-Cavagnan (47250),/management/ville/grezet-cavagnan/ville-47114,30.0,20.0,5.0,10.0,50.0,60.0,91.0,94.0,53.0,53.0,32.2,30.4,37.8,25.2,16.8,19.6,13.3,23.0
Le Perréon (69460),/management/ville/le-perreon/ville-69151,45.0,71.0,131.0,227.0,181.0,156.0,260.0,356.0,199.0,278.0,22.9,24.6,38.0,25.6,15.6,20.9,23.5,27.3
Dégagnac (46340),/management/ville/degagnac/ville-46087,31.0,11.0,4.0,41.0,104.0,40.0,190.0,137.0,103.0,91.0,36.6,36.3,30.3,21.8,20.1,19.5,13.0,21.7
Lanmérin (22300),/management/ville/lanmerin/ville-22110,5.0,10.0,45.0,25.0,110.0,75.0,58.0,136.0,74.0,113.0,11.1,19.3,39.7,28.0,20.6,18.2,28.6,30.7
Fraroz (39250),/management/ville/fraroz/ville-39237,5.0,0.0,0.0,10.0,0.0,15.0,16.0,5.0,7.0,9.0,52.6,33.3,21.1,6.7,15.8,22.2,10.5,38.9
Gouaux (65240),/management/ville/gouaux/ville-65205,0.0,5.0,5.0,15.0,0.0,5.0,6.0,11.0,15.0,19.0,8.3,14.8,33.3,13.6,29.2,29.6,29.2,44.4
La Destrousse (13112),/management/ville/la-destrousse/ville-13031,0.0,118.0,260.0,481.0,413.0,211.0,645.0,721.0,504.0,799.0,23.7,24.6,30.2,23.2,17.2,20.4,28.9,30.9
Épense (51330),/management/ville/epense/ville-51229,10.0,5.0,5.0,0.0,10.0,15.0,36.0,23.0,18.0,12.0,37.8,44.4,31.1,19.6,22.2,17.8,8.9,17.8
La Cabanasse (66210),/management/ville/la-cabanasse/ville-66027,10.0,10.0,39.0,84.0,165.0,68.0,92.0,140.0,127.0,120.0,16.2,22.3,35.3,23.7,27.4,25.6,21.2,29.0
Eaucourt-sur-Somme (80580),/management/ville/eaucourt-sur-somme/ville-80262,0.0,15.0,15.0,35.0,70.0,20.0,110.0,90.0,59.0,66.0,24.7,43.4,37.3,17.7,18.1,18.2,19.9,20.8
Le Crouais (35290),/management/ville/le-crouais/ville-35091,5.0,5.0,10.0,90.0,70.0,100.0,90.0,143.0,73.0,72.0,22.6,25.0,40.9,30.0,19.9,18.8,16.7,21.4
Les Hauts-d'Anjou (49330),/management/ville/les-hauts-d-anjou/ville-49080,201.0,179.0,250.0,729.0,1300.0,1475.0,2331.0,1817.0,990.0,1066.0,33.4,41.6,34.9,22.1,16.3,15.7,15.5,18.8
Lagnicourt-Marcel (62159),/management/ville/lagnicourt-marcel/ville-62484,5.0,10.0,5.0,49.0,43.0,60.0,101.0,67.0,42.0,41.0,38.6,41.9,30.7,20.5,18.9,15.3,11.8,21.0
Essigny-le-Petit (02100),/management/ville/essigny-le-petit/ville-02288,10.0,15.0,5.0,45.0,30.0,49.0,103.0,76.0,45.0,40.0,29.5,47.2,41.8,18.1,13.1,20.4,15.6,14.8
Laval (53000),/management/ville/laval/ville-53130,22.0,878.0,3388.0,5759.0,6275.0,5503.0,11376.0,8307.0,5617.0,10253.0,27.9,35.5,26.8,19.5,15.8,15.8,29.5,28.3
Galinagues (11140),/management/ville/galinagues/ville-11160,4.0,4.0,0.0,0.0,0.0,4.0,8.0,3.0,7.0,9.0,28.6,30.8,14.3,10.0,21.4,30.8,35.7,30.8
Huberville (50700),/management/ville/huberville/ville-50251,5.0,25.0,20.0,80.0,40.0,30.0,56.0,89.0,40.0,65.0,17.7,27.0,46.0,24.1,12.1,19.8,24.2,27.8
Dommery (08460),/management/ville/dommery/ville-08141,10.0,5.0,0.0,25.0,25.0,25.0,38.0,40.0,28.0,29.0,19.7,37.5,36.6,20.9,23.9,17.2,19.7,23.4
Fontcouverte-la-Toussuire (73300),/management/ville/fontcouverte-la-toussuire/ville-73116,0.0,25.0,19.0,110.0,63.0,100.0,109.0,132.0,83.0,106.0,19.8,31.2,40.6,20.6,19.3,18.8,20.3,28.9
La Motte-Servolex (73290),/management/ville/la-motte-servolex/ville-73179,61.0,348.0,875.0,1668.0,1598.0,1013.0,1766.0,2392.0,1549.0,3097.0,19.0,21.0,30.2,23.2,16.1,18.9,34.8,35.5
Géry (55000),/management/ville/gery/ville-55207,0.0,0.0,0.0,5.0,10.0,0.0,14.0,17.0,4.0,6.0,30.4,36.8,60.9,21.1,0.0,21.1,8.7,21.1
Jambville (78440),/management/ville/jambville/ville-78317,0.0,51.0,101.0,137.0,81.0,60.0,98.0,144.0,103.0,213.0,16.9,18.5,28.3,22.4,16.9,20.4,37.9,38.1
Hellimer (57660),/management/ville/hellimer/ville-57311,16.0,21.0,16.0,89.0,84.0,31.0,112.0,148.0,93.0,88.0,21.2,29.7,41.0,24.9,20.7,21.5,17.1,22.8
Juvisy-sur-Orge (91260),/management/ville/juvisy-sur-orge/ville-91326,0.0,262.0,2192.0,2291.0,2449.0,1306.0,2824.0,1920.0,2103.0,4991.0,21.7,25.8,19.0,14.5,17.0,18.4,42.3,42.0
Le Vilhain (03350),/management/ville/le-vilhain/ville-03313,5.0,10.0,10.0,44.0,19.0,19.0,69.0,65.0,45.0,38.0,28.2,35.4,33.0,26.1,18.4,22.1,20.4,15.0
La Valette (38350),/management/ville/la-valette/ville-38521,0.0,0.0,21.0,15.0,10.0,5.0,14.0,8.0,12.0,23.0,13.0,33.3,21.7,10.3,21.7,21.2,43.5,36.4
Grézian (65240),/management/ville/grezian/ville-65209,0.0,0.0,0.0,0.0,0.0,0.0,20.0,16.0,19.0,19.0,23.1,31.4,23.1,21.2,25.6,25.7,28.2,22.9
Hachan (65230),/management/ville/hachan/ville-65214,0.0,0.0,0.0,10.0,5.0,5.0,12.0,8.0,3.0,11.0,23.5,47.1,41.2,6.3,5.9,11.8,29.4,35.3
Firmi (12300),/management/ville/firmi/ville-12100,0.0,76.0,66.0,259.0,269.0,330.0,582.0,670.0,325.0,382.0,24.4,34.7,43.3,23.8,15.9,17.2,16.5,22.2
Lanmeur (29620),/management/ville/lanmeur/ville-29113,74.0,25.0,35.0,204.0,219.0,250.0,777.0,481.0,258.0,265.0,35.8,50.2,34.0,19.6,16.8,12.5,13.5,16.0
Degré (72550),/management/ville/degre/ville-72113,5.0,25.0,40.0,130.0,135.0,100.0,124.0,176.0,116.0,137.0,19.6,25.3,37.3,24.9,21.4,20.6,21.7,27.8
Levoncourt (55260),/management/ville/levoncourt/ville-55289,5.0,0.0,10.0,10.0,0.0,0.0,14.0,6.0,9.0,11.0,33.3,36.8,19.0,11.8,23.8,21.1,23.8,31.6
Épercieux-Saint-Paul (42110),/management/ville/epercieux-saint-paul/ville-42088,15.0,29.0,15.0,111.0,73.0,102.0,134.0,189.0,94.0,105.0,23.9,27.3,45.1,25.6,16.5,19.5,14.5,25.5
La Devise (17380),/management/ville/la-devise/ville-17457,5.0,30.0,45.0,126.0,135.0,115.0,263.0,255.0,142.0,143.0,30.1,35.7,35.6,25.4,17.3,18.0,17.0,18.5
Eaunes (31600),/management/ville/eaunes/ville-31165,5.0,288.0,479.0,972.0,899.0,513.0,851.0,1128.0,906.0,1455.0,18.3,20.8,30.4,22.0,19.3,22.3,32.0,35.0
Le Crouzet (25240),/management/ville/le-crouzet/ville-25179,0.0,0.0,0.0,10.0,10.0,19.0,13.0,9.0,8.0,11.0,29.4,34.6,29.4,15.4,23.5,15.4,17.6,34.6
Gouaux-de-Larboust (31110),/management/ville/gouaux-de-larboust/ville-31221,0.0,5.0,5.0,15.0,10.0,5.0,15.0,12.0,12.0,14.0,35.5,18.2,25.8,20.0,19.4,27.3,19.4,36.4
Frasnay-Reugny (58270),/management/ville/frasnay-reugny/ville-58119,0.0,5.0,0.0,0.0,16.0,11.0,14.0,21.0,14.0,18.0,14.7,25.0,44.1,21.4,11.8,31.3,29.4,25.0
Laval-d'Aix (26150),/management/ville/laval-d-aix/ville-26159,5.0,5.0,10.0,10.0,20.0,15.0,24.0,25.0,22.0,30.0,20.4,26.9,26.5,21.8,26.5,17.3,26.5,32.7
Les Hauts-de-Caux (76190),/management/ville/les-hauts-de-caux/ville-76041,10.0,35.0,80.0,221.0,181.0,206.0,289.0,310.0,166.0,268.0,24.8,31.2,35.5,22.5,15.9,16.2,23.8,28.3
Le Perreux-sur-Marne (94170),/management/ville/le-perreux-sur-marne/ville-94058,0.0,1116.0,6135.0,5078.0,3454.0,1484.0,4891.0,3437.0,3993.0,12175.0,18.6,21.1,15.5,13.3,15.8,16.8,50.1,49.3
Essises (02570),/management/ville/essises/ville-02289,0.0,18.0,15.0,74.0,54.0,53.0,105.0,96.0,63.0,66.0,33.7,29.5,32.5,24.7,17.2,21.1,16.6,23.5
La Cadière-d'Azur (83740),/management/ville/la-cadiere-d-azur/ville-83027,70.0,458.0,438.0,612.0,622.0,348.0,772.0,923.0,845.0,1837.0,16.2,19.0,24.4,18.4,17.9,20.6,41.4,42.5
Famechon (62760),/management/ville/famechon/ville-62322,5.0,0.0,0.0,10.0,21.0,15.0,32.0,23.0,14.0,15.0,30.8,44.2,33.3,19.1,23.1,11.6,12.8,23.3
Lagnieu (01150),/management/ville/lagnieu/ville-01202,10.0,175.0,410.0,830.0,900.0,1000.0,1617.0,1629.0,914.0,1154.0,25.0,35.4,37.1,22.9,17.8,16.7,20.1,23.2
Huby-Saint-Leu (62140),/management/ville/huby-saint-leu/ville-62461,0.0,45.0,30.0,45.0,110.0,125.0,310.0,181.0,117.0,91.0,38.6,49.2,31.2,20.7,15.3,18.0,15.0,11.4
Fontenailles (77370),/management/ville/fontenailles/ville-77191,15.0,40.0,105.0,176.0,125.0,80.0,153.0,241.0,158.0,199.0,19.2,21.5,39.6,24.1,19.4,22.6,21.8,31.3
Gallardon (28320),/management/ville/gallardon/ville-28168,5.0,60.0,250.0,535.0,620.0,360.0,669.0,755.0,461.0,676.0,22.4,29.6,35.6,22.8,16.5,19.4,25.5,27.2
Héloup (61250),/management/ville/heloup/ville-61203,5.0,30.0,49.0,144.0,138.0,70.0,179.0,214.0,122.0,175.0,21.3,30.3,38.9,22.3,17.7,17.7,22.2,28.4
0.3,21.8
Jaméricourt (60240),/management/ville/jamericourt/ville-60322,5.0,0.0,5.0,60.0,50.0,30.0,49.0,74.0,46.0,51.0,20.0,24.5,42.7,23.3,22.7,19.1,14.5,31.8
Dommiers (02600),/management/ville/dommiers/ville-02267,0.0,10.0,26.0,44.0,19.0,48.0,74.0,59.0,38.0,45.0,32.1,36.4,34.9,20.0,13.8,21.5,19.3,22.4
La Motte-Ternant (21210),/management/ville/la-motte-ternant/ville-21445,5.0,5.0,5.0,10.0,20.0,20.0,36.0,45.0,22.0,30.0,26.0,28.6,36.4,27.0,15.6,17.9,22.1,23.2
Juvrecourt (54370),/management/ville/juvrecourt/ville-54285,0.0,0.0,0.0,0.0,5.0,5.0,12.0,12.0,9.0,13.0,16.0,36.8,44.0,7.1,12.0,31.6,28.0,26.3
Firminy (42700),/management/ville/firminy/ville-42095,9.0,284.0,401.0,1580.0,2238.0,1798.0,4851.0,3860.0,2035.0,1990.0,31.8,43.1,37.6,22.7,15.4,16.5,15.3,15.9
Hâcourt (52150),/management/ville/hacourt/ville-52234,5.0,0.0,0.0,0.0,15.0,5.0,10.0,8.0,7.0,5.0,28.6,37.5,35.7,20.0,21.4,25.0,14.3,18.8
Laval-de-Cère (46130),/management/ville/laval-de-cere/ville-46163,0.0,0.0,26.0,26.0,16.0,57.0,61.0,103.0,43.0,39.0,21.0,27.8,42.0,33.8,17.6,17.5,19.3,12.7
Essômes-sur-Marne (02400),/management/ville/essomes-sur-marne/ville-02290,95.0,70.0,120.0,283.0,314.0,449.0,708.0,576.0,355.0,396.0,32.6,37.0,34.1,21.6,16.2,18.8,17.1,21.9
La Valette-du-Var (83160),/management/ville/la-valette-du-var/ville-83144,0.0,728.0,1421.0,2918.0,4081.0,1573.0,4743.0,4357.0,3748.0,5266.0,24.1,28.0,27.0,21.5,20.1,21.2,28.8,29.3
Levoncourt (68480),/management/ville/levoncourt/ville-68181,10.0,0.0,5.0,15.0,46.0,30.0,65.0,64.0,29.0,17.0,28.6,45.6,44.0,25.7,16.7,16.7,10.7,8.9
Éperlecques (62910),/management/ville/eperlecques/ville-62297,10.0,89.0,133.0,453.0,453.0,512.0,769.0,694.0,421.0,614.0,27.1,34.3,35.0,20.5,15.2,18.4,22.7,26.3
Grézieu-la-Varenne (69290),/management/ville/grezieu-la-varenne/ville-69094,0.0,197.0,640.0,952.0,693.0,356.0,786.0,900.0,744.0,1668.0,16.8,21.3,26.1,18.4,17.1,19.1,40.0,41.3
Dehault (72400),/management/ville/dehault/ville-72114,20.0,0.0,0.0,40.0,30.0,65.0,52.0,69.0,31.0,40.0,20.8,34.1,49.5,21.6,8.9,24.2,20.8,20.9
Le Crozet (42310),/management/ville/le-crozet/ville-42078,10.0,10.0,5.0,10.0,34.0,39.0,82.0,69.0,33.0,31.0,30.7,46.5,40.4,21.3,14.9,15.8,14.0,14.9
Le Villars (71700),/management/ville/le-villars/ville-71576,0.0,0.0,21.0,37.0,26.0,63.0,76.0,56.0,33.0,61.0,23.4,43.5,32.4,16.3,18.9,10.4,25.2,28.7

Gouaux-de-Luchon (31110),/management/ville/gouaux-de-luchon/ville-31222,0.0,5.0,5.0,0.0,0.0,0.0,16.0,7.0,7.0,12.0,30.8,50.0,23.1,7.1,15.4,18.8,30.8,25.0
La Digne-d'Amont (11300),/management/ville/la-digne-d-amont/ville-11119,5.0,15.0,15.0,25.0,50.0,15.0,59.0,69.0,38.0,52.0,29.1,25.2,31.1,28.0,17.5,17.4,22.3,25.2
Lanmodez (22610),/management/ville/lanmodez/ville-22111,10.0,0.0,5.0,10.0,38.0,78.0,106.0,118.0,53.0,59.0,27.7,35.2,40.3,26.8,13.8,17.6,18.2,17.0
La Cadière-et-Cambo (30170),/management/ville/la-cadiere-et-cambo/ville-30058,0.0,0.0,20.0,10.0,30.0,20.0,53.0,46.0,28.0,38.0,35.4,28.9,35.4,20.5,13.4,20.5,15.9,30.1
Le Perrey (27500),/management/ville/le-perrey/ville-27263,5.0,59.0,45.0,185.0,131.0,175.0,280.0,283.0,171.0,189.0,26.4,34.4,36.9,23.0,18.5,18.6,18.2,22.8
Les Hauts-de-Chée (55000),/management/ville/les-hauts-de-chee/ville-55123,52.0,10.0,31.0,108.0,93.0,88.0,133.0,173.0,97.0,156.0,21.8,25.8,36.9,23.0,16.7,18.4,24.6,31.5
Lagny (60310),/management/ville/lagny/ville-60340,10.0,0.0,10.0,65.0,65.0,95.0,116.0,133.0,60.0,69.0,26.7,35.0,42.1,24.9,15.9,15.8,15.4,21.3
Eaux-Bonnes (64440),/management/ville/eaux-bonnes/ville-64204,30.0,8.0,0.0,53.0,45.0,23.0,54.0,108.0,45.0,50.0,17.5,25.4,45.5,31.6,16.8,18.4,20.3,18.4
La Motte-Tilly (10400),/management/ville/la-motte-tilly/ville-10259,5.0,15.0,10.0,36.0,26.0,51.0,94.0,80.0,52.0,56.0,29.0,37.0,34.1,22.4,15.2,21.9,21.7,18.5
Fontenay (36150),/management/ville/fontenay/ville-36075,5.0,0.0,0.0,0.0,5.0,5.0,24.0,26.0,11.0,8.0,33.3,36.1,45.5,27.5,12.1,19.4,9.1,13.9
Famechon (80290),/management/ville/famechon/ville-80301,0.0,0.0,10.0,19.0,53.0,48.0,62.0,55.0,31.0,42.0,28.3,37.8,36.4,20.0,16.2,15.6,19.2,25.6
Helstroff (57220),/management/ville/helstroff/ville-57312,15.0,10.0,35.0,61.0,66.0,71.0,95.0,108.0,65.0,100.0,22.5,29.1,36.5,21.8,16.3,18.5,24.7,29.6
Juxue (64120),/management/ville/juxue/ville-64285,40.0,15.0,0.0,20.0,10.0,15.0,43.0,37.0,48.0,23.0,26.9,30.1,35.9,15.8,29.5,34.2,7.7,23.3
Gallargues-le-Montueux (30660),/management/ville/gallargues-le-montueux/ville-30123,20.0,181.0,297.0,543.0,453.0,347.0,692.0,651.0,438.0,823.0,25.8,27.3,29.7,20.0,16.1,17.5,28.5,34.5
Gesnes (53150),/management/ville/gesnes/ville-53105,10.0,0.0,0.0,30.0,35.0,40.0,31.0,52.0,31.0,50.0,18.9,18.9,37.8,23.4,17.8,20.3,25.6,36.5
Jametz (55600),/management/ville/jametz/ville-55255,5.0,5.0,5.0,15.0,34.0,69.0,81.0,64.0,24.0,18.0,36.1,50.6,41.2,23.3,14.4,11.2,8.2,11.2
Domnom-lès-Dieuze (57260),/management/ville/domnom-les-dieuze/ville-57181,5.0,5.0,0.0,15.0,15.0,5.0,38.0,19.0,9.0,9.0,43.8,55.8,25.0,22.4,12.5,11.6,18.8,7.0
Huchenneville (80132),/management/ville/huchenneville/ville-80444,10.0,15.0,15.0,70.0,70.0,60.0,179.0,131.0,86.0,103.0,33.7,38.0,30.5,21.2,16.1,18.4,19.7,21.6
Levroux (36110),/management/ville/levroux/ville-36093,75.0,85.0,70.0,155.0,470.0,424.0,928.0,774.0,325.0,335.0,34.3,43.6,40.1,23.4,14.5,13.2,11.2,16.8
Esson (14220),/management/ville/esson/ville-14251,0.0,10.0,20.0,64.0,83.0,98.0,87.0,116.0,66.0,92.0,22.9,25.4,38.3,24.5,16.6,20.0,22.3,28.6
Le Villey (39230),/management/ville/le-villey/ville-39575,5.0,0.0,5.0,5.0,0.0,10.0,30.0,23.0,11.0,9.0,32.5,51.5,45.0,15.2,15.0,15.2,7.5,18.2
La Valla-en-Gier (42131),/management/ville/la-valla-en-gier/ville-42322,5.0,43.0,38.0,120.0,144.0,129.0,157.0,216.0,139.0,203.0,20.7,23.2,35.6,23.2,20.2,18.6,23.5,33.6
Fislis (68480),/management/ville/fislis/ville-68092,15.0,10.0,5.0,41.0,81.0,76.0,81.0,128.0,68.0,43.0,16.0,35.0,49.7,28.1,19.6,23.6,14.7,11.5
Grézieu-le-Marché (69610),/management/ville/grezieu-le-marche/ville-69095,34.0,34.0,10.0,163.0,103.0,89.0,129.0,195.0,130.0,125.0,20.2,24.4,39.4,26.1,24.0,20.9,16.4,26.8
Le Cuing (31210),/management/ville/le-cuing/ville-31159,5.0,25.0,10.0,40.0,71.0,30.0,150.0,111.0,57.0,51.0,39.2,42.3,36.7,21.5,12.1,19.6,12.1,16.1
Goudargues (30630),/management/ville/goudargues/ville-30131,5.0,65.0,50.0,135.0,154.0,89.0,265.0,258.0,159.0,207.0,29.4,30.3,33.2,23.6,15.5,20.3,21.9,24.8
Épernay (51200),/management/ville/epernay/ville-51230,131.0,466.0,993.0,2066.0,3269.0,3654.0,6442.0,4661.0,2465.0,3899.0,32.9,40.3,30.9,21.1,14.3,13.9,21.8,22.7
Hacqueville (27150),/management/ville/hacqueville/ville-27310,15.0,15.0,30.0,30.0,71.0,56.0,106.0,109.0,50.0,58.0,28.5,37.2,42.4,23.5,14.6,16.5,14.6,20.7
Laval-du-Tarn (48500),/management/ville/laval-du-tarn/ville-48085,21.0,10.0,5.0,10.0,10.0,10.0,17.0,27.0,18.0,23.0,19.1,20.0,40.4,22.9,19.1,22.9,21.3,34.3
Frasne-le-Château (70700),/management/ville/frasne-le-chateau/ville-70253,10.0,15.0,36.0,36.0,21.0,40.0,67.0,57.0,34.0,44.0,28.7,37.9,34.3,20.8,16.7,15.8,20.4,24.2
Dehéries (59127),/management/ville/deheries/ville-59171,0.0,5.0,0.0,5.0,5.0,5.0,9.0,7.0,6.0,6.0,20.0,46.2,33.3,16.7,20.0,23.1,26.7,15.4
Lagny-le-Sec (60330),/management/ville/lagny-le-sec/ville-60341,10.0,35.0,191.0,347.0,256.0,141.0,302.0,371.0,292.0,459.0,21.4,21.0,31.6,20.8,18.7,22.4,28.3,36.3
Galluis (78490),/management/ville/galluis/ville-78262,0.0,39.0,157.0,191.0,137.0,59.0,134.0,163.0,146.0,365.0,16.8,16.6,21.7,18.5,16.8,19.4,44.7,45.7
Domont (95330),/management/ville/domont/ville-95199,0.0,316.0,1369.0,2425.0,2391.0,1192.0,2835.0,2543.0,2054.0,3470.0,23.5,28.2,27.7,19.5,18.1,19.5,30.6,32.9
Fameck (57290),/management/ville/fameck/ville-57206,3.0,182.0,338.0,1263.0,2008.0,1972.0,3564.0,2897.0,1683.0,1818.0,31.9,39.2,31.5,24.3,17.6,16.3,19.0,17.5
Janailhac (87800),/management/ville/janailhac/ville-87077,15.0,15.0,21.0,57.0,62.0,58.0,74.0,138.0,101.0,77.0,15.7,22.8,39.9,28.6,27.8,23.8,16.7,22.8
Eaux-Puiseaux (10130),/management/ville/eaux-puiseaux/ville-10133,0.0,0.0,15.0,20.0,20.0,20.0,58.0,57.0,40.0,39.0,20.0,40.4,33.0,23.3,25.0,16.0,22.0,18.1
Fontenay (71120),/management/ville/fontenay/ville-71203,0.0,5.0,5.0,0.0,5.0,0.0,5.0,13.0,8.0,6.0,16.7,15.4,44.4,28.6,27.8,23.1,11.1,30.8
Lanne (65380),/management/ville/lanne/ville-65257,0.0,30.0,35.0,111.0,76.0,65.0,93.0,132.0,87.0,120.0,19.4,23.8,41.0,20.3,16.7,23.3,23.0,33.3
Le Perrier (85300),/management/ville/le-perrier/ville-85172,10.0,79.0,54.0,138.0,324.0,314.0,428.0,559.0,259.0,266.0,20.9,35.2,49.5,24.2,13.6,20.2,16.0,19.1
Juzanvigny (10500),/management/ville/juzanvigny/ville-10184,0.0,5.0,0.0,10.0,20.0,20.0,49.0,29.0,15.0,8.0,46.3,51.1,31.5,23.1,14.8,14.9,7.4,8.5
Gesnes-en-Argonne (55110),/management/ville/gesnes-en-argonne/ville-55208,5.0,0.0,0.0,10.0,10.0,5.0,20.0,7.0,8.0,6.0,33.3,60.9,11.1,19.2,33.3,8.7,22.2,8.7
La Digne-d'Aval (11300),/management/ville/la-digne-d-aval/ville-11120,10.0,20.0,20.0,45.0,104.0,34.0,131.0,114.0,74.0,110.0,30.3,31.1,32.2,20.5,16.3,18.0,21.2,29.7
La Caillère-Saint-Hilaire (85410),/management/ville/la-caillere-saint-hilaire/ville-85040,10.0,40.0,15.0,75.0,135.0,150.0,403.0,253.0,116.0,135.0,37.4,50.7,34.7,20.0,13.0,12.6,14.9,14.9
Hem (59510),/management/ville/hem/ville-59299,10.0,376.0,1513.0,2107.0,2109.0,1825.0,4251.0,2655.0,1955.0,4040.0,29.0,36.4,23.9,17.2,14.8,15.5,32.3,30.5
Les Hauts-Talican (60390),/management/ville/les-hauts-talican/ville-60054,5.0,25.0,55.0,124.0,115.0,140.0,191.0,200.0,112.0,165.0,26.5,30.8,36.5,22.2,14.7,18.9,22.4,27.1
La Mouche (50320),/management/ville/la-mouche/ville-50361,5.0,0.0,5.0,20.0,41.0,51.0,50.0,55.0,35.0,25.0,26.4,34.2,43.7,22.1,20.7,21.1,9.2,22.4
Huclier (62130),/management/ville/huclier/ville-62462,0.0,0.0,10.0,5.0,26.0,20.0,25.0,30.0,17.0,19.0,23.8,29.8,42.9,22.4,19.0,19.1,14.3,27.7
Épernay-sous-Gevrey (21220),/management/ville/epernay-sous-gevrey/ville-21246,15.0,5.0,10.0,10.0,30.0,40.0,35.0,48.0,20.0,35.0,23.2,27.5,43.5,24.0,11.6,17.4,21.7,29.0
Grézieux-le-Fromental (42600),/management/ville/grezieux-le-fromental/ville-42105,25.0,0.0,5.0,35.0,10.0,45.0,61.0,14.0,48.0,24.0,40.5,42.5,9.5,11.7,37.8,27.4,12.2,20.5
Fismes (51170),/management/ville/fismes/ville-51250,20.0,105.0,125.0,518.0,885.0,850.0,1664.0,1152.0,526.0,707.0,36.8,44.9,35.2,20.8,11.5,14.3,16.5,18.3
Le Vintrou (81240),/management/ville/le-vintrou/ville-81321,5.0,0.0,10.0,5.0,10.0,10.0,10.0,21.0,11.0,17.0,13.8,19.4,44.8,26.5,17.2,19.4,24.1,32.3
Goudelancourt-lès-Berrieux (02820),/management/ville/goudelancourt-les-berrieux/ville-02349,5.0,0.0,0.0,5.0,10.0,0.0,15.0,10.0,8.0,12.0,30.8,40.0,23.1,19.0,19.2,15.0,26.9,25.0
Dehlingen (67430),/management/ville/dehlingen/ville-67088,10.0,0.0,10.0,50.0,60.0,70.0,93.0,108.0,43.0,48.0,26.3,37.9,43.4,25.6,16.4,12.9,13.8,19.3
Frasne-les-Meulières (39290),/management/ville/frasne-les-meulieres/ville-39238,0.0,10.0,0.0,15.0,10.0,25.0,19.0,26.0,20.0,25.0,16.3,25.5,51.2,11.1,11.6,31.9,20.9,34.0
Essouvert (17400),/management/ville/essouvert/ville-17277,24.0,26.0,29.0,121.0,173.0,143.0,287.0,341.0,127.0,136.0,29.3,35.3,44.3,27.3,14.3,14.0,12.1,18.3
Le Deschaux (39120),/management/ville/le-deschaux/ville-39193,5.0,50.0,65.0,95.0,119.0,115.0,241.0,231.0,118.0,131.0,30.1,36.8,41.0,22.2,13.8,19.0,15.2,21.2
Hadancourt-le-Haut-Clocher (60240),/management/ville/hadancourt-le-haut-clocher/ville-60293,5.0,25.0,40.0,100.0,35.0,30.0,50.0,62.0,49.0,109.0,17.8,19.3,23.7,21.7,16.3,20.0,42.2,38.5
La Valla-sur-Rochefort (42111),/management/ville/la-valla-sur-rochefort/ville-42321,0.0,5.0,0.0,21.0,16.0,27.0,41.0,36.0,13.0,10.0,23.2,65.1,48.2,19.6,10.7,14.0,17.9,0.0
Laval-en-Brie (77148),/management/ville/laval-en-brie/ville-77245,0.0,5.0,45.0,66.0,71.0,33.0,80.0,102.0,69.0,75.0,25.3,24.5,35.3,25.5,21.2,20.6,18.2,27.7
Lewarde (59287),/management/ville/lewarde/ville-59345,0.0,57.0,73.0,280.0,311.0,252.0,619.0,516.0,340.0,319.0,27.5,40.9,34.9,22.2,19.4,18.5,18.1,17.4
Gamaches (80220),/management/ville/gamaches/ville-80373,5.0,42.0,16.0,156.0,250.0,468.0,1012.0,672.0,262.0,185.0,39.5,53.8,39.8,22.2,12.0,12.5,8.7,8.7
Eauze (32800),/management/ville/eauze/ville-32119,59.0,99.0,118.0,227.0,380.0,538.0,1266.0,856.0,501.0,569.0,36.1,42.9,32.8,20.5,13.8,17.5,17.3,18.3
Fontenay (76290),/management/ville/fontenay/ville-76275,0.0,48.0,58.0,174.0,120.0,63.0,173.0,243.0,168.0,253.0,15.3,26.0,36.3,21.4,21.1,19.1,27.4,32.9
Le Perron (50160),/management/ville/le-perron/ville-50398,0.0,0.0,5.0,31.0,16.0,31.0,45.0,55.0,24.0,21.0,30.1,32.4,43.8,28.8,13.7,19.7,12.3,15.5
Juzennecourt (52330),/management/ville/juzennecourt/ville-52253,0.0,10.0,0.0,10.0,35.0,35.0,40.0,52.0,29.0,27.0,19.7,35.6,48.7,21.1,15.8,23.3,15.8,20.5
Janaillat (23250),/management/ville/janaillat/ville-23099,20.0,5.0,5.0,30.0,60.0,10.0,113.0,69.0,47.0,45.0,31.3,50.3,31.3,18.4,21.4,13.3,16.0,16.8
Fampoux (62118),/management/ville/fampoux/ville-62323,0.0,54.0,83.0,156.0,127.0,141.0,163.0,211.0,168.0,283.0,14.6,24.5,31.9,19.4,22.2,18.8,31.4,37.1
Gesnes-le-Gandelin (72130),/management/ville/gesnes-le-gandelin/ville-72141,0.0,55.0,40.0,106.0,155.0,146.0,198.0,214.0,107.0,163.0,29.5,28.6,36.5,24.1,14.9,16.2,19.0,28.6
La Dominelais (35390),/management/ville/la-dominelais/ville-35098,41.0,10.0,36.0,134.0,175.0,311.0,265.0,331.0,162.0,174.0,28.8,28.0,39.9,27.8,15.0,19.9,16.3,21.3
Lanne-en-Barétous (64570),/management/ville/lanne-en-baretous/ville-64310,52.0,26.0,10.0,36.0,57.0,67.0,148.0,119.0,70.0,57.0,36.0,39.5,33.5,24.5,17.7,17.4,12.8,16.3
Dompaire (88270),/management/ville/dompaire/ville-88151,5.0,20.0,75.0,116.0,171.0,137.0,282.0,231.0,156.0,173.0,26.9,39.3,35.0,20.1,19.8,17.4,18.3,22.5
Lagny-sur-Marne (77400),/management/ville/lagny-sur-marne/ville-77243,0.0,487.0,2118.0,3177.0,2875.0,1862.0,4153.0,2930.0,2803.0,5181.0,26.6,28.4,22.0,17.6,18.2,18.9,33.2,35.4
Hucqueliers (62650),/management/ville/hucqueliers/ville-62463,5.0,50.0,0.0,30.0,75.0,40.0,129.0,95.0,49.0,64.0,29.0,46.9,34.0,21.3,13.6,15.4,23.5,14.9
Épernon (28230),/management/ville/epernon/ville-28140,0.0,93.0,567.0,787.0,982.0,684.0,1287.0,967.0,744.0,1168.0,27.4,34.0,27.3,19.3,17.2,18.4,28.1,28.0
Grézillac (33420),/management/ville/grezillac/ville-33194,10.0,20.0,45.0,95.0,130.0,75.0,143.0,157.0,91.0,136.0,22.5,31.4,37.2,22.4,13.8,20.4,26.5,25.2
Le Vivier (66730),/management/ville/le-vivier/ville-66234,5.0,0.0,10.0,0.0,0.0,0.0,25.0,20.0,10.0,18.0,25.0,45.5,40.0,12.5,12.5,15.2,22.5,27.3
La Mulatière (69350),/management/ville/la-mulatiere/ville-69142,0.0,202.0,487.0,824.0,859.0,524.0,1324.0,955.0,804.0,1463.0,25.6,32.2,24.7,17.6,18.5,17.0,31.3,33.0
Goudelancourt-lès-Pierrepont (02350),/management/ville/goudelancourt-les-pierrepont/ville-02350,0.0,0.0,0.0,15.0,5.0,30.0,35.0,33.0,18.0,13.0,30.8,40.4,38.5,24.1,23.1,12.8,7.7,19.1
Fitou (11510),/management/ville/fitou/ville-11144,35.0,70.0,25.0,135.0,90.0,70.0,234.0,232.0,149.0,237.0,22.3,32.6,32.9,20.6,18.3,16.7,26.5,29.1
La Caine (14210),/management/ville/la-caine/ville-14122,10.0,10.0,0.0,21.0,26.0,21.0,25.0,30.0,17.0,28.0,25.0,24.4,32.7,24.5,17.3,17.8,25.0,31.1
Deinvillers (88700),/management/ville/deinvillers/ville-88127,5.0,0.0,5.0,10.0,5.0,5.0,11.0,14.0,13.0,9.0,20.8,26.1,20.8,33.3,33.3,21.7,25.0,13.0
Hem-Hardinval (80600),/management/ville/hem-hardinval/ville-80427,5.0,15.0,5.0,24.0,68.0,53.0,67.0,77.0,52.0,48.0,28.0,26.9,36.8,25.0,20.8,21.8,14.4,25.2
Les Hayes (41800),/management/ville/les-hayes/ville-41100,10.0,10.0,5.0,29.0,24.0,10.0,33.0,49.0,24.0,37.0,20.0,26.5,37.3,24.7,24.0,10.3,18.7,33.8
Lexy (54720),/management/ville/lexy/ville-54314,5.0,85.0,210.0,465.0,540.0,335.0,708.0,850.0,441.0,800.0,20.6,29.5,34.1,24.1,16.7,14.9,28.6,28.6
Le Détroit (14690),/management/ville/le-detroit/ville-14223,15.0,0.0,5.0,0.0,5.0,10.0,26.0,20.0,10.0,9.0,36.4,43.8,42.4,18.8,12.1,18.8,9.1,18.8
Hadigny-les-Verrières (88330),/management/ville/hadigny-les-verrieres/ville-88224,5.0,15.0,5.0,35.0,50.0,65.0,85.0,112.0,42.0,52.0,26.8,31.7,47.0,25.9,13.4,15.5,12.8,23.2
Gamaches-en-Vexin (27150),/management/ville/gamaches-en-vexin/ville-27276,5.0,0.0,21.0,10.0,41.0,77.0,68.0,62.0,36.0,65.0,26.5,32.7,33.3,19.5,14.5,15.9,25.6,31.0
Essoyes (10360),/management/ville/essoyes/ville-10141,20.0,25.0,10.0,41.0,81.0,143.0,212.0,202.0,75.0,72.0,35.2,39.9,43.6,25.7,11.0,15.8,10.2,15.1
Ébaty (21190),/management/ville/ebaty/ville-21236,5.0,5.0,10.0,25.0,41.0,61.0,41.0,77.0,32.0,38.0,21.7,21.1,47.8,29.8,18.5,15.8,12.0,27.4
Fontenay (88600),/management/ville/fontenay/ville-88175,0.0,20.0,25.0,55.0,55.0,80.0,82.0,100.0,55.0,101.0,20.8,27.9,35.3,22.4,14.5,18.2,29.5,30.3
Laval-en-Laonnois (02860),/management/ville/laval-en-laonnois/ville-02413,0.0,15.0,15.0,35.0,25.0,40.0,44.0,71.0,45.0,31.0,19.4,27.3,46.6,26.1,21.4,26.1,12.6,20.5
La Vallée (17250),/management/ville/la-vallee/ville-17455,15.0,30.0,20.0,45.0,116.0,91.0,165.0,196.0,88.0,86.0,25.9,35.6,44.0,26.8,14.3,18.5,15.8,16.0
Juzes (31540),/management/ville/juzes/ville-31243,5.0,5.0,5.0,5.0,10.0,0.0,28.0,10.0,7.0,28.0,42.9,33.3,17.1,11.4,5.7,13.9,34.3,41.7
Le Perthus (66480),/management/ville/le-perthus/ville-66137,0.0,45.0,10.0,5.0,123.0,40.0,232.0,120.0,80.0,54.0,43.2,51.7,27.3,20.5,20.3,13.1,9.3,12.7
Frasnoy (59530),/management/ville/frasnoy/ville-59251,0.0,25.0,40.0,35.0,45.0,50.0,60.0,56.0,40.0,106.0,20.0,26.2,25.2,17.1,15.6,15.1,39.3,41.3
Jancigny (21310),/management/ville/jancigny/ville-21323,0.0,0.0,10.0,10.0,20.0,10.0,27.0,23.0,20.0,28.0,20.4,34.7,34.7,13.0,22.4,18.4,22.4,34.7
Dompcevrin (55300),/management/ville/dompcevrin/ville-55159,5.0,0.0,0.0,5.0,39.0,68.0,100.0,111.0,25.0,23.0,26.9,50.8,57.5,23.5,9.7,9.5,6.0,11.9
Fanjeaux (11270),/management/ville/fanjeaux/ville-11136,55.0,45.0,15.0,60.0,55.0,70.0,188.0,155.0,117.0,188.0,27.8,29.9,28.2,19.8,20.6,16.2,23.5,33.2
La Dorée (53190),/management/ville/la-doree/ville-53093,15.0,0.0,10.0,10.0,5.0,30.0,130.0,64.0,30.0,25.0,45.2,60.5,31.1,17.7,13.3,10.5,10.4,9.6
Lagor (64150),/management/ville/lagor/ville-64301,10.0,30.0,85.0,140.0,170.0,135.0,255.0,332.0,144.0,183.0,24.0,31.7,41.3,27.3,16.1,15.2,18.6,21.2
Lanne-Soubiran (32110),/management/ville/lanne-soubiran/ville-32191,10.0,10.0,5.0,10.0,10.0,5.0,33.0,27.0,21.0,23.0,32.7,32.7,32.7,19.1,16.4,22.4,18.2,26.5
Hudimesnil (50510),/management/ville/hudimesnil/ville-50252,30.0,60.0,25.0,105.0,150.0,125.0,144.0,216.0,124.0,137.0,19.0,27.3,42.9,25.2,19.0,20.9,19.0,25.1
Gespunsart (08700),/management/ville/gespunsart/ville-08188,5.0,10.0,15.0,39.0,134.0,180.0,344.0,245.0,108.0,131.0,37.8,44.9,36.5,21.3,11.9,14.1,13.7,17.7
Épertully (71360),/management/ville/epertully/ville-71188,0.0,5.0,5.0,0.0,10.0,5.0,6.0,15.0,12.0,14.0,12.5,13.0,25.0,32.1,33.3,17.4,29.2,30.4
Grézolles (42260),/management/ville/grezolles/ville-42106,30.0,5.0,15.0,30.0,44.0,34.0,86.0,51.0,31.0,40.0,33.7,47.2,27.7,20.0,18.8,11.1,19.8,19.4
Le Vivier-sur-Mer (35960),/management/ville/le-vivier-sur-mer/ville-35361,60.0,59.0,25.0,79.0,139.0,94.0,294.0,267.0,119.0,141.0,31.3,39.6,40.3,23.3,13.7,15.2,14.7,19.4
La Muraz (74560),/management/ville/la-muraz/ville-74193,5.0,60.0,50.0,170.0,180.0,95.0,129.0,239.0,135.0,245.0,14.5,20.1,38.3,23.4,19.3,16.8,28.0,37.7
Goudelin (22290),/management/ville/goudelin/ville-22065,21.0,46.0,31.0,169.0,239.0,219.0,353.0,353.0,263.0,250.0,25.7,32.1,34.0,23.2,23.6,19.6,16.7,24.1
Fitz-James (60600),/management/ville/fitz-james/ville-60234,0.0,59.0,153.0,416.0,345.0,222.0,503.0,564.0,304.0,471.0,24.9,29.5,36.2,23.5,15.9,17.1,23.0,27.9
Les Hays (39120),/management/ville/les-hays/ville-39266,0.0,0.0,5.0,31.0,65.0,51.0,100.0,78.0,50.0,25.0,32.0,46.8,41.4,20.2,18.8,21.4,7.8,11.9
Hem-Lenglet (59247),/management/ville/hem-lenglet/ville-59300,0.0,10.0,15.0,85.0,50.0,85.0,162.0,123.0,63.0,80.0,33.5,42.0,38.8,18.5,13.9,15.5,13.9,23.3
Delain (70180),/management/ville/delain/ville-70201,0.0,5.0,10.0,0.0,35.0,65.0,63.0,53.0,19.0,31.0,30.3,46.8,40.4,20.0,11.2,11.7,18.0,19.5
La Calmette (30190),/management/ville/la-calmette/ville-30061,10.0,97.0,97.0,259.0,333.0,226.0,535.0,470.0,301.0,343.0,30.8,33.8,33.9,22.7,17.4,19.1,17.9,23.3
Le Dézert (50620),/management/ville/le-dezert/ville-50161,5.0,5.0,10.0,30.0,50.0,100.0,186.0,136.0,58.0,58.0,33.8,50.4,40.0,20.6,14.3,12.3,11.9,14.5
Ley (57810),/management/ville/ley/ville-57397,5.0,0.0,0.0,21.0,16.0,16.0,23.0,22.0,14.0,22.0,26.2,30.6,35.7,18.9,16.7,16.7,21.4,33.3
Essuiles (60510),/management/ville/essuiles/ville-60222,20.0,10.0,20.0,85.0,35.0,90.0,96.0,124.0,78.0,102.0,22.2,25.9,37.4,23.3,19.2,19.8,21.2,29.9
Hadol (88220),/management/ville/hadol/ville-88225,30.0,71.0,121.0,403.0,302.0,267.0,415.0,562.0,311.0,456.0,20.3,27.3,39.1,23.7,17.3,18.3,23.3,29.0
Ebblinghem (59173),/management/ville/ebblinghem/ville-59184,5.0,0.0,41.0,42.0,104.0,133.0,147.0,145.0,81.0,110.0,26.8,34.5,33.7,22.7,19.9,13.0,19.5,26.9
Laval-le-Prieuré (25210),/management/ville/laval-le-prieure/ville-25329,0.0,5.0,0.0,5.0,0.0,5.0,9.0,5.0,6.0,6.0,29.4,50.0,23.5,11.1,23.5,20.0,23.5,20.0
Fontenay-aux-Roses (92260),/management/ville/fontenay-aux-roses/ville-92032,3.0,402.0,3888.0,3144.0,3084.0,1055.0,3271.0,2394.0,2647.0,8177.0,18.1,21.3,14.8,14.6,15.2,16.7,51.9,47.8
Juzet-d'Izaut (31160),/management/ville/juzet-d-izaut/ville-31245,0.0,10.0,10.0,36.0,26.0,21.0,42.0,62.0,25.0,37.0,27.5,24.4,41.3,28.7,12.5,16.3,18.8,25.6
Le Pertre (35370),/management/ville/le-pertre/ville-35217,40.0,20.0,58.0,152.0,139.0,233.0,393.0,242.0,198.0,187.0,33.0,43.7,29.1,18.5,21.1,17.9,16.8,19.8
La Vallée-au-Blé (02140),/management/ville/la-vallee-au-ble/ville-02759,15.0,10.0,5.0,10.0,55.0,30.0,146.0,75.0,33.0,24.0,51.8,53.2,27.3,22.8,13.7,10.1,7.2,10.1
Frasseto (20157),/management/ville/frasseto/ville-2A119,1.0,5.0,5.0,14.0,11.0,2.0,46.0,21.0,21.0,19.0,43.1,46.3,17.6,19.3,23.5,14.8,15.7,18.5
Dompierre (60420),/management/ville/dompierre/ville-60201,0.0,5.0,15.0,20.0,30.0,55.0,68.0,62.0,23.0,23.0,36.3,41.2,42.9,24.5,9.9,16.5,11.0,15.3
Jandun (08430),/management/ville/jandun/ville-08236,0.0,20.0,0.0,50.0,55.0,25.0,60.0,47.0,32.0,64.0,27.6,31.6,30.5,15.5,15.2,16.3,26.7,36.7
Lagorce (07150),/management/ville/lagorce/ville-07126,40.0,100.0,65.0,155.0,130.0,90.0,201.0,265.0,171.0,261.0,20.9,23.9,36.9,21.7,18.4,19.5,23.8,34.2
Gestas (64190),/management/ville/gestas/ville-64242,14.0,0.0,0.0,0.0,5.0,5.0,16.0,25.0,7.0,8.0,23.1,31.3,50.0,31.7,15.4,12.5,11.5,15.6
Hudiviller (54110),/management/ville/hudiviller/ville-54269,0.0,10.0,25.0,75.0,35.0,35.0,50.0,88.0,58.0,70.0,15.1,22.8,41.7,23.8,19.4,24.4,23.7,29.1
Lannéanou (29640),/management/ville/lanneanou/ville-29114,5.0,5.0,10.0,31.0,77.0,67.0,111.0,84.0,68.0,46.0,33.9,38.5,29.2,23.0,25.0,18.2,11.9,18.9
Épervans (71380),/management/ville/epervans/ville-71189,10.0,60.0,99.0,218.0,263.0,154.0,332.0,414.0,194.0,261.0,23.2,31.9,43.1,24.2,14.6,17.5,19.1,24.3
La Dornac (24120),/management/ville/la-dornac/ville-24153,10.0,10.0,10.0,82.0,31.0,77.0,70.0,100.0,59.0,78.0,21.9,24.2,40.6,24.0,14.8,23.5,22.6,28.1
Fanlac (24290),/management/ville/fanlac/ville-24174,10.0,15.0,5.0,0.0,15.0,19.0,43.0,40.0,16.0,17.0,35.7,36.7,41.1,25.8,8.9,18.3,14.3,16.7
Gricourt (02100),/management/ville/gricourt/ville-02355,5.0,40.0,70.0,151.0,130.0,120.0,190.0,155.0,121.0,215.0,26.6,29.5,27.5,18.2,17.6,17.9,28.4,34.4
Le Wast (62142),/management/ville/le-wast/ville-62880,10.0,5.0,15.0,36.0,31.0,5.0,43.0,28.0,20.0,61.0,25.0,30.5,26.5,11.4,11.8,14.6,36.8,43.9
Gamarde-les-Bains (40380),/management/ville/gamarde-les-bains/ville-40104,28.0,51.0,23.0,112.0,173.0,187.0,242.0,296.0,207.0,203.0,21.0,29.6,37.4,24.5,22.6,21.3,19.0,23.5
Goudet (43150),/management/ville/goudet/ville-43101,0.0,0.0,0.0,0.0,10.0,5.0,14.0,18.0,8.0,10.0,22.2,34.8,25.9,34.4,22.2,8.7,29.6,8.7
Les Herbiers (85500),/management/ville/les-herbiers/ville-85109,166.0,443.0,840.0,1875.0,1784.0,2634.0,3889.0,3292.0,1881.0,2793.0,28.1,37.5,32.9,21.2,16.0,15.7,23.0,24.1
Fix-Saint-Geneys (43320),/management/ville/fix-saint-geneys/ville-43095,10.0,0.0,5.0,10.0,10.0,15.0,32.0,34.0,14.0,17.0,32.7,33.3,41.8,23.4,14.5,14.3,10.9,26.2
Hem-Monacu (80360),/management/ville/hem-monacu/ville-80428,0.0,0.0,0.0,10.0,19.0,0.0,40.0,31.0,16.0,14.0,34.0,43.4,36.0,22.0,20.0,13.2,10.0,18.9
Le Diamant (97223),/management/ville/le-diamant/ville-97206,26.0,299.0,345.0,793.0,726.0,412.0,1201.0,967.0,754.0,1364.0,29.4,26.8,25.4,19.8,16.0,19.0,29.1,34.2
La Calotterie (62170),/management/ville/la-calotterie/ville-62196,10.0,15.0,35.0,75.0,84.0,45.0,136.0,144.0,69.0,105.0,19.9,39.9,42.5,19.6,16.8,13.6,20.8,25.4
La Mure (38350),/management/ville/la-mure/ville-38269,25.0,125.0,171.0,381.0,662.0,542.0,1377.0,1181.0,637.0,674.0,29.9,40.3,37.8,22.8,15.8,17.0,16.6,18.1
Establet (26470),/management/ville/establet/ville-26123,0.0,0.0,0.0,0.0,0.0,0.0,3.0,11.0,4.0,8.0,21.4,0.0,42.9,33.3,14.3,20.0,21.4,40.0
48.9
Haegen (67700),/management/ville/haegen/ville-67179,5.0,35.0,45.0,106.0,80.0,79.0,123.0,201.0,96.0,121.0,17.6,27.9,42.5,27.6,18.3,17.1,21.6,23.4
Laval-Morency (08150),/management/ville/laval-morency/ville-08249,0.0,10.0,10.0,40.0,20.0,35.0,72.0,42.0,29.0,42.0,32.2,45.5,31.0,15.3,14.9,16.2,21.8,23.2
Delettes (62129),/management/ville/delettes/ville-62265,30.0,15.0,50.0,140.0,149.0,194.0,224.0,237.0,158.0,204.0,23.4,31.1,34.1,22.6,18.1,20.3,24.3,25.2
Eberbach-Seltz (67470),/management/ville/eberbach-seltz/ville-67113,0.0,10.0,30.0,45.0,70.0,75.0,80.0,105.0,61.0,71.0,20.3,31.4,40.1,23.4,18.1,20.7,21.5,23.6
Fontenay-de-Bossery (10400),/management/ville/fontenay-de-bossery/ville-10154,5.0,0.0,0.0,5.0,0.0,15.0,15.0,31.0,8.0,8.0,25.0,24.1,50.0,35.9,12.5,13.8,12.5,13.8
Frauenberg (57200),/management/ville/frauenberg/ville-57234,0.0,5.0,15.0,78.0,112.0,97.0,105.0,173.0,73.0,108.0,21.5,24.1,39.7,29.9,16.4,15.4,22.4,24.5
Le Pertuis (43200),/management/ville/le-pertuis/ville-43150,15.0,15.0,25.0,39.0,54.0,39.0,79.0,96.0,54.0,105.0,19.5,27.3,38.5,18.1,17.8,15.2,24.3,38.8
Juzet-de-Luchon (31110),/management/ville/juzet-de-luchon/ville-31244,0.0,4.0,4.0,19.0,58.0,24.0,101.0,87.0,60.0,50.0,28.8,38.2,37.9,22.2,18.9,21.2,14.4,18.2
Janneyrias (38280),/management/ville/janneyrias/ville-38197,16.0,67.0,150.0,290.0,290.0,207.0,278.0,433.0,230.0,332.0,21.6,22.2,41.4,25.0,15.0,21.1,22.0,30.3
Dompierre (61700),/management/ville/dompierre/ville-61146,0.0,20.0,31.0,36.0,25.0,51.0,105.0,97.0,48.0,44.0,33.8,38.0,39.1,25.5,12.6,19.7,14.6,14.8
Lagorce (33230),/management/ville/lagorce/ville-33218,0.0,90.0,30.0,155.0,290.0,210.0,417.0,474.0,192.0,157.0,32.0,35.2,44.4,28.2,12.2,18.7,11.3,14.1
La Vallée-Mulâtre (02110),/management/ville/la-vallee-mulatre/ville-02760,10.0,5.0,5.0,5.0,16.0,26.0,47.0,41.0,21.0,6.0,34.0,46.8,49.1,24.2,11.3,24.2,5.7,4.8
Gestel (56530),/management/ville/gestel/ville-56063,10.0,45.0,125.0,352.0,348.0,288.0,409.0,661.0,372.0,516.0,17.1,24.5,38.3,26.5,20.0,18.0,24.7,27.9
Faramans (01800),/management/ville/faramans/ville-01156,10.0,40.0,89.0,153.0,79.0,69.0,107.0,211.0,108.0,145.0,15.9,21.4,45.0,26.9,16.3,21.4,22.8,28.2
Gamarthe (64220),/management/ville/gamarthe/ville-64229,29.0,10.0,5.0,10.0,10.0,0.0,23.0,20.0,12.0,27.0,27.1,29.7,31.3,15.8,14.6,13.5,27.1,40.5
La Douze (24330),/management/ville/la-douze/ville-24156,15.0,55.0,35.0,80.0,190.0,210.0,289.0,272.0,150.0,144.0,34.2,33.4,36.0,25.5,15.6,19.5,14.2,19.5
Grièges (01290),/management/ville/grieges/ville-01179,15.0,64.0,65.0,258.0,304.0,249.0,443.0,449.0,236.0,295.0,26.7,35.5,38.0,23.4,16.0,17.2,19.3,22.0
Léalvillers (80560),/management/ville/lealvillers/ville-80470,0.0,10.0,0.0,10.0,15.0,20.0,44.0,44.0,17.0,24.0,35.4,32.8,40.0,25.4,9.2,17.2,15.4,21.9
Goudex (31230),/management/ville/goudex/ville-31223,17.0,6.0,0.0,11.0,0.0,0.0,14.0,10.0,6.0,14.0,37.5,25.0,33.3,11.8,4.2,25.0,25.0,40.0
Épeugney (25290),/management/ville/epeugney/ville-25220,5.0,15.0,31.0,72.0,82.0,41.0,92.0,121.0,82.0,121.0,22.0,21.8,34.1,23.0,19.2,20.3,24.8,34.2
Les Hermaux (48340),/management/ville/les-hermaux/ville-48073,15.0,0.0,0.0,0.0,21.0,0.0,30.0,33.0,18.0,9.0,27.1,40.0,47.9,23.8,18.8,20.0,6.3,15.0
Lannebert (22290),/management/ville/lannebert/ville-22112,10.0,5.0,10.0,67.0,56.0,41.0,82.0,110.0,65.0,69.0,19.4,31.1,37.6,26.1,24.2,15.5,18.8,23.6
La Mure-Argens (04170),/management/ville/la-mure-argens/ville-04136,0.0,10.0,5.0,51.0,56.0,36.0,66.0,81.0,51.0,71.0,20.4,28.8,38.0,21.6,16.8,20.5,24.8,28.8
Hémevez (50700),/management/ville/hemevez/ville-50241,5.0,5.0,15.0,20.0,10.0,40.0,31.0,48.0,18.0,25.0,15.0,35.5,53.3,23.5,13.3,16.1,18.3,22.6
Fixem (57570),/management/ville/fixem/ville-57214,10.0,5.0,46.0,41.0,72.0,51.0,62.0,96.0,47.0,91.0,11.7,29.6,42.1,21.5,16.6,15.8,29.7,31.6
Le Donjon (03130),/management/ville/le-donjon/ville-03103,65.0,45.0,20.0,55.0,100.0,120.0,430.0,233.0,104.0,123.0,41.2,54.5,35.3,17.4,9.6,13.5,13.9,13.7
Hagécourt (88270),/management/ville/hagecourt/ville-88226,5.0,0.0,9.0,9.0,18.0,27.0,21.0,24.0,8.0,25.0,20.5,33.3,41.0,19.0,7.7,12.8,30.8,33.3
Leyme (46120),/management/ville/leyme/ville-46170,10.0,40.0,15.0,85.0,110.0,65.0,233.0,201.0,114.0,233.0,31.6,28.1,28.5,21.1,14.8,14.5,25.2,34.5
Laval-Pradel (30110),/management/ville/laval-pradel/ville-30142,5.0,45.0,25.0,144.0,209.0,125.0,271.0,282.0,192.0,162.0,32.5,27.4,33.9,27.4,17.6,24.6,16.0,19.4
Ebersheim (67600),/management/ville/ebersheim/ville-67115,40.0,30.0,100.0,270.0,225.0,385.0,417.0,562.0,277.0,423.0,20.7,29.0,40.4,23.9,17.1,15.9,21.8,28.6
La Cambe (14230),/management/ville/la-cambe/ville-14124,30.0,15.0,10.0,50.0,55.0,90.0,183.0,132.0,63.0,62.0,41.1,42.1,37.0,21.4,13.2,15.4,8.7,19.5
Estadens (31160),/management/ville/estadens/ville-31174,25.0,35.0,40.0,58.0,69.0,44.0,109.0,129.0,72.0,103.0,19.5,33.3,39.0,21.9,17.6,17.6,23.8,26.0
Juziers (78820),/management/ville/juziers/ville-78327,15.0,165.0,370.0,555.0,565.0,310.0,625.0,837.0,500.0,792.0,19.8,25.5,35.9,23.5,18.2,18.1,26.1,31.3
Dompierre (88600),/management/ville/dompierre/ville-88152,5.0,15.0,10.0,15.0,31.0,31.0,41.0,59.0,33.0,48.0,19.8,25.6,36.3,25.7,22.0,13.3,22.0,31.1
Fontenay-en-Parisis (95190),/management/ville/fontenay-en-parisis/ville-95241,0.0,40.0,155.0,390.0,255.0,130.0,391.0,352.0,244.0,405.0,23.4,32.2,31.4,19.5,17.3,17.7,27.9,30.2
Le Pescher (19190),/management/ville/le-pescher/ville-19163,0.0,5.0,5.0,30.0,65.0,40.0,49.0,65.0,57.0,61.0,19.0,23.3,33.6,23.6,21.6,27.6,25.9,26.7
Jans (44170),/management/ville/jans/ville-44076,44.0,49.0,54.0,142.0,171.0,211.0,201.0,340.0,197.0,190.0,18.1,25.7,41.6,28.4,20.7,21.8,19.7,21.4
Lagord (17140),/management/ville/lagord/ville-17200,5.0,202.0,625.0,685.0,887.0,297.0,1253.0,1284.0,1100.0,2054.0,18.5,24.8,25.3,20.2,18.8,19.7,37.4,35.1
La Vancelle (67730),/management/ville/la-vancelle/ville-67505,0.0,34.0,70.0,40.0,49.0,25.0,46.0,79.0,73.0,130.0,11.1,17.1,27.5,21.3,19.3,25.3,42.1,37.3
Delincourt (60240),/management/ville/delincourt/ville-60195,0.0,39.0,44.0,63.0,49.0,10.0,99.0,90.0,78.0,100.0,19.6,34.4,32.6,18.6,16.8,25.7,31.0,23.0
Huest (27930),/management/ville/huest/ville-27347,5.0,11.0,57.0,97.0,107.0,67.0,132.0,151.0,112.0,171.0,21.7,24.5,30.3,23.0,18.4,21.1,29.6,30.9
Frausseilles (81170),/management/ville/frausseilles/ville-81095,0.0,0.0,0.0,0.0,5.0,0.0,20.0,12.0,15.0,27.0,19.4,35.1,16.7,13.9,22.2,16.2,41.7,35.1
Gestiès (09220),/management/ville/gesties/ville-09134,8.0,0.0,4.0,4.0,0.0,0.0,6.0,6.0,3.0,8.0,15.4,44.4,46.2,0.0,15.4,11.1,23.1,44.4
Epfig (67680),/management/ville/epfig/ville-67125,25.0,35.0,105.0,349.0,328.0,391.0,480.0,539.0,315.0,402.0,22.7,32.6,37.1,23.1,19.6,16.7,20.6,25.7
Léaupartie (14340),/management/ville/leaupartie/ville-14358,0.0,5.0,0.0,5.0,25.0,15.0,7.0,16.0,19.0,19.0,3.4,18.8,44.8,12.0,31.0,31.3,20.7,40.6
Gambais (78950),/management/ville/gambais/ville-78263,5.0,128.0,439.0,281.0,222.0,99.0,245.0,398.0,344.0,777.0,13.4,14.3,24.8,20.7,17.2,21.7,44.7,43.5
Les Hermites (37110),/management/ville/les-hermites/ville-37116,31.0,15.0,25.0,71.0,82.0,76.0,160.0,124.0,79.0,99.0,33.0,36.2,30.9,21.9,15.7,18.5,20.4,22.4
La Drenne (60790),/management/ville/la-drenne/ville-60196,0.0,36.0,66.0,81.0,158.0,144.0,191.0,225.0,124.0,168.0,23.1,30.7,38.5,24.0,15.1,19.7,23.4,24.2
Goudon (65190),/management/ville/goudon/ville-65206,14.0,0.0,20.0,25.0,25.0,20.0,47.0,59.0,33.0,49.0,25.0,25.3,39.1,23.3,14.1,20.2,21.7,30.3
Gries (67240),/management/ville/gries/ville-67169,5.0,104.0,182.0,292.0,359.0,504.0,539.0,861.0,336.0,476.0,17.9,30.9,45.9,27.6,14.2,16.1,22.0,21.1
Lannecaube (64350),/management/ville/lannecaube/ville-64311,25.0,0.0,10.0,0.0,25.0,10.0,31.0,52.0,23.0,19.0,25.4,24.2,49.2,29.6,17.5,19.4,7.9,22.6
La Murette (38140),/management/ville/la-murette/ville-38270,10.0,41.0,277.0,261.0,185.0,118.0,244.0,318.0,222.0,609.0,16.0,18.9,26.6,19.0,13.9,17.8,43.5,44.0
Hémévillers (60190),/management/ville/hemevillers/ville-60308,5.0,25.0,20.0,45.0,90.0,60.0,78.0,92.0,56.0,89.0,22.4,27.3,31.7,24.3,18.6,16.9,27.3,29.2
Le Donzeil (23480),/management/ville/le-donzeil/ville-23074,5.0,0.0,0.0,25.0,5.0,25.0,41.0,48.0,20.0,35.0,21.8,36.4,42.3,20.8,14.1,13.6,21.8,27.3
Fixin (21220),/management/ville/fixin/ville-21265,20.0,40.0,99.0,45.0,35.0,45.0,108.0,158.0,113.0,212.0,17.1,19.7,29.8,23.1,17.1,21.3,36.0,35.3
Leymen (68220),/management/ville/leymen/ville-68182,5.0,35.0,134.0,184.0,129.0,124.0,196.0,277.0,146.0,306.0,15.1,26.9,35.1,22.9,16.0,15.8,33.8,32.2
Laval-Roquecezière (12380),/management/ville/laval-roqueceziere/ville-12125,19.0,10.0,0.0,15.0,49.0,19.0,88.0,58.0,30.0,57.0,42.1,32.1,31.7,16.1,12.7,13.8,13.5,37.6
Hagedet (65700),/management/ville/hagedet/ville-65215,5.0,0.0,0.0,5.0,0.0,0.0,16.0,11.0,2.0,6.0,31.3,57.9,43.8,18.2,6.3,5.3,18.8,15.8
Ebersmunster (67600),/management/ville/ebersmunster/ville-67116,0.0,20.0,35.0,75.0,65.0,55.0,83.0,125.0,62.0,107.0,15.6,28.3,39.8,24.1,17.2,15.7,27.4,29.3
La Canourgue (48500),/management/ville/la-canourgue/ville-48034,60.0,70.0,65.0,231.0,251.0,206.0,492.0,393.0,286.0,397.0,27.1,34.9,30.9,19.9,18.3,18.2,23.8,26.7
Faramans (38260),/management/ville/faramans/ville-38161,20.0,45.0,50.0,120.0,130.0,110.0,196.0,240.0,124.0,178.0,22.8,30.6,38.4,24.1,16.9,16.7,22.0,26.4
Estagel (66310),/management/ville/estagel/ville-66071,35.0,75.0,15.0,171.0,307.0,251.0,540.0,439.0,280.0,287.0,32.4,37.2,35.0,21.6,17.5,18.7,15.0,21.7
Dompierre-aux-Bois (55300),/management/ville/dompierre-aux-bois/ville-55160,5.0,0.0,5.0,0.0,0.0,0.0,16.0,10.0,6.0,3.0,50.0,42.1,27.8,27.3,16.7,15.8,5.6,10.5
Jœuf (54240),/management/ville/joeuf/ville-54280,0.0,141.0,114.0,404.0,922.0,939.0,2204.0,1713.0,668.0,495.0,35.7,49.9,39.9,24.5,14.1,12.3,10.3,9.3
Fontenay-le-Comte (85200),/management/ville/fontenay-le-comte/ville-85092,40.0,313.0,598.0,1075.0,1848.0,1386.0,3779.0,3123.0,1444.0,2072.0,31.4,40.5,35.3,22.5,14.7,13.1,18.5,21.1
Janville (14670),/management/ville/janville/ville-14344,0.0,24.0,24.0,39.0,34.0,24.0,62.0,85.0,46.0,89.0,21.0,23.0,33.6,23.7,18.2,14.4,27.3,36.0
Le Petit-Celland (50370),/management/ville/le-petit-celland/ville-50399,17.0,0.0,0.0,22.0,28.0,34.0,49.0,49.0,32.0,29.0,25.6,36.4,35.4,23.3,25.6,14.3,13.4,23.4
Lagos (64800),/management/ville/lagos/ville-64302,5.0,10.0,15.0,70.0,55.0,25.0,69.0,95.0,61.0,125.0,21.4,18.3,28.9,23.9,15.0,20.0,34.7,36.6
La Vaupalière (76150),/management/ville/la-vaupaliere/ville-76728,0.0,45.0,85.0,184.0,130.0,58.0,168.0,206.0,133.0,227.0,19.6,26.3,31.7,23.0,17.7,18.3,30.9,31.0
Delle (90100),/management/ville/delle/ville-90033,0.0,60.0,227.0,474.0,634.0,1190.0,1824.0,1177.0,665.0,707.0,36.1,46.8,32.1,20.6,16.0,14.5,15.8,16.5
Huêtre (45520),/management/ville/huetre/ville-45166,5.0,0.0,15.0,46.0,46.0,51.0,36.0,73.0,34.0,50.0,20.2,15.9,42.3,29.9,12.5,22.7,25.0,28.4
Fravaux (10200),/management/ville/fravaux/ville-10160,14.0,0.0,0.0,0.0,20.0,7.0,22.0,20.0,4.0,5.0,34.4,55.0,43.8,26.9,9.4,5.0,12.5,5.0
Gesvres (53370),/management/ville/gesvres/ville-53106,20.0,15.0,15.0,25.0,55.0,75.0,143.0,130.0,65.0,54.0,31.0,42.3,41.9,22.0,17.7,15.3,9.4,18.5
Épiais (41290),/management/ville/epiais/ville-41077,0.0,0.0,0.0,5.0,15.0,40.0,31.0,31.0,15.0,19.0,26.9,38.6,40.4,21.7,13.5,18.2,19.2,20.5
Léaz (01200),/management/ville/leaz/ville-01209,5.0,5.0,52.0,73.0,157.0,68.0,152.0,136.0,103.0,116.0,28.6,31.2,33.9,21.1,15.7,25.0,21.8,23.8
Gambaiseuil (78490),/management/ville/gambaiseuil/ville-78264,0.0,10.0,0.0,0.0,0.0,0.0,10.0,3.0,14.0,21.0,17.9,25.0,7.1,6.7,28.6,30.0,46.4,40.0
La Fage-Montivernoux (48310),/management/ville/la-fage-montivernoux/ville-48058,35.0,0.0,5.0,5.0,5.0,25.0,34.0,50.0,25.0,16.0,20.3,35.7,49.3,25.4,23.2,16.1,7.2,19.6
Lannédern (29190),/management/ville/lannedern/ville-29115,5.0,10.0,0.0,35.0,35.0,30.0,49.0,58.0,64.0,56.0,16.1,27.5,35.6,18.2,22.9,33.9,25.4,23.9
Goudourville (82400),/management/ville/goudourville/ville-82073,0.0,60.0,35.0,115.0,115.0,135.0,232.0,230.0,124.0,165.0,29.7,32.1,31.6,26.0,17.6,15.4,21.1,22.8
La Neuve-Grange (27150),/management/ville/la-neuve-grange/ville-27430,10.0,0.0,10.0,30.0,60.0,65.0,61.0,88.0,30.0,39.0,24.3,31.5,52.3,25.0,14.0,13.5,9.3,26.1
Le Dorat (87210),/management/ville/le-dorat/ville-87059,20.0,49.0,25.0,84.0,168.0,193.0,724.0,383.0,191.0,176.0,41.3,55.4,33.2,18.6,14.8,11.5,10.7,12.9
Hémilly (57690),/management/ville/hemilly/ville-57313,9.0,10.0,15.0,15.0,19.0,20.0,26.0,38.0,13.0,34.0,25.9,20.4,33.3,28.4,13.0,11.1,27.8,33.3
Griesbach-au-Val (68140),/management/ville/griesbach-au-val/ville-68109,5.0,20.0,61.0,127.0,81.0,41.0,83.0,233.0,79.0,159.0,9.6,20.1,50.6,28.6,13.3,15.5,26.6,30.6
Les Hogues (27910),/management/ville/les-hogues/ville-27338,0.0,26.0,34.0,69.0,74.0,100.0,152.0,140.0,68.0,110.0,25.8,38.8,41.2,18.0,13.3,15.6,19.7,27.0
Flacey (21490),/management/ville/flacey/ville-21266,0.0,10.0,15.0,30.0,20.0,20.0,21.0,38.0,19.0,52.0,15.6,16.7,34.4,21.6,17.2,12.1,32.8,47.0
Farbus (62580),/management/ville/farbus/ville-62324,0.0,20.0,45.0,75.0,75.0,50.0,100.0,99.0,80.0,144.0,16.1,30.7,30.2,17.5,18.0,19.7,35.6,32.6
Ébersviller (57320),/management/ville/ebersviller/ville-57186,10.0,20.0,10.0,92.0,113.0,194.0,179.0,241.0,115.0,120.0,22.7,32.2,46.1,25.6,15.2,19.8,16.1,20.4
Laval-Saint-Roman (30760),/management/ville/laval-saint-roman/ville-30143,5.0,10.0,10.0,25.0,5.0,35.0,43.0,63.0,42.0,31.0,25.6,22.2,37.2,30.9,20.9,25.6,16.3,18.9
La Capelle (02260),/management/ville/la-capelle/ville-02141,10.0,81.0,30.0,81.0,263.0,220.0,704.0,359.0,174.0,165.0,42.2,57.0,32.9,18.1,12.0,12.9,12.9,10.9
Dompierre-Becquincourt (80980),/management/ville/dompierre-becquincourt/ville-80247,5.0,16.0,10.0,94.0,55.0,145.0,195.0,160.0,73.0,76.0,31.8,44.6,38.4,22.7,15.9,13.5,13.9,16.5
Hagen (57570),/management/ville/hagen/ville-57282,0.0,5.0,54.0,69.0,59.0,35.0,36.0,56.0,41.0,148.0,13.1,12.4,25.5,15.0,11.7,17.5,49.7,55.5
Leyment (01150),/management/ville/leyment/ville-01213,10.0,44.0,92.0,204.0,122.0,219.0,194.0,329.0,160.0,233.0,18.7,23.6,41.4,26.7,18.7,16.2,21.1,29.7
Fontenay-le-Fleury (78330),/management/ville/fontenay-le-fleury/ville-78242,0.0,242.0,1914.0,1983.0,1983.0,900.0,2107.0,1603.0,1658.0,4220.0,20.3,23.5,17.8,16.1,16.5,18.0,45.4,42.7
Le Petit-Fougeray (35320),/management/ville/le-petit-fougeray/ville-35218,10.0,20.0,50.0,95.0,105.0,196.0,131.0,171.0,116.0,141.0,21.4,25.7,36.3,23.2,23.1,18.5,19.2,31.2
La Vendelée (50200),/management/ville/la-vendelee/ville-50624,0.0,20.0,20.0,46.0,61.0,72.0,85.0,108.0,63.0,68.0,23.1,29.1,42.5,24.1,15.0,23.6,19.4,23.0
Kalhausen (57412),/management/ville/kalhausen/ville-57355,20.0,15.0,30.0,115.0,90.0,149.0,213.0,219.0,107.0,110.0,25.8,40.5,41.5,23.4,15.1,18.0,17.5,16.4
Estaing (12190),/management/ville/estaing/ville-12098,0.0,20.0,25.0,45.0,50.0,40.0,147.0,120.0,62.0,74.0,29.8,42.5,37.7,20.8,17.3,13.7,15.2,21.2
Janville (60150),/management/ville/janville/ville-60323,0.0,48.0,34.0,94.0,90.0,92.0,185.0,154.0,82.0,91.0,31.7,40.6,35.1,22.7,16.4,15.9,16.8,18.7
Delme (57590),/management/ville/delme/ville-57171,0.0,5.0,75.0,145.0,190.0,60.0,185.0,225.0,166.0,199.0,17.6,29.1,32.6,24.6,23.2,19.9,26.6,24.9
Lebetain (90100),/management/ville/lebetain/ville-90063,0.0,5.0,20.0,51.0,46.0,102.0,95.0,110.0,64.0,78.0,20.2,34.3,35.8,24.6,20.8,16.0,23.1,22.3
Frayssinet (46310),/management/ville/frayssinet/ville-46113,15.0,10.0,10.0,45.0,25.0,20.0,65.0,69.0,53.0,52.0,28.9,25.6,31.6,26.0,19.3,24.8,20.2,23.2
Gambsheim (67760),/management/ville/gambsheim/ville-67151,5.0,148.0,305.0,654.0,772.0,679.0,769.0,1350.0,590.0,988.0,17.0,24.4,41.3,27.6,15.7,16.2,26.0,27.4
Huez (38750),/management/ville/huez/ville-38191,0.0,145.0,40.0,275.0,215.0,125.0,213.0,238.0,200.0,332.0,22.5,20.8,28.9,20.1,17.5,23.3,31.1,36.6
La Fage-Saint-Julien (48200),/management/ville/la-fage-saint-julien/ville-48059,25.0,5.0,15.0,30.0,35.0,25.0,70.0,64.0,34.0,52.0,28.8,34.9,36.9,20.4,13.5,17.4,20.7,26.6
Gesvres-le-Chapitre (77165),/management/ville/gesvres-le-chapitre/ville-77205,5.0,0.0,10.0,21.0,21.0,10.0,22.0,27.0,20.0,36.0,24.1,16.0,29.6,22.0,14.8,22.0,31.5,40.0
Lagrâce-Dieu (31190),/management/ville/lagrace-dieu/ville-31264,31.0,0.0,72.0,62.0,103.0,31.0,75.0,91.0,89.0,120.0,15.9,24.1,30.7,19.3,23.3,24.1,30.2,33.7
Gouesnach (29950),/management/ville/gouesnach/ville-29060,10.0,140.0,251.0,351.0,281.0,210.0,380.0,558.0,437.0,686.0,14.8,22.0,31.4,22.3,22.1,20.4,31.7,34.8
Griesheim-près-Molsheim (67870),/management/ville/griesheim-pres-molsheim/ville-67172,0.0,45.0,230.0,320.0,285.0,290.0,267.0,501.0,285.0,558.0,14.4,18.7,33.9,25.4,18.7,16.7,33.0,36.3
La Neuve-Lyre (27330),/management/ville/la-neuve-lyre/ville-27431,0.0,35.0,25.0,45.0,40.0,75.0,203.0,124.0,53.0,49.0,45.4,49.1,32.9,22.0,14.0,10.8,7.7,14.9
Héming (57830),/management/ville/heming/ville-57314,0.0,10.0,5.0,55.0,75.0,85.0,101.0,132.0,59.0,70.0,20.8,35.2,43.2,26.2,15.8,16.8,20.2,18.4
Épiais-lès-Louvres (95380),/management/ville/epiais-les-louvres/ville-95212,0.0,5.0,0.0,26.0,26.0,5.0,20.0,17.0,22.0,22.0,26.8,21.6,29.3,16.1,24.4,29.7,19.5,35.1
Lannemaignan (32240),/management/ville/lannemaignan/ville-32189,10.0,5.0,5.0,5.0,20.0,15.0,35.0,21.0,15.0,17.0,34.9,43.2,34.9,14.6,14.0,20.5,16.3,22.7
Les Hôpitaux-Neufs (25370),/management/ville/les-hopitaux-neufs/ville-25307,0.0,19.0,86.0,211.0,67.0,130.0,97.0,155.0,146.0,259.0,12.9,16.7,30.0,18.4,19.8,24.7,37.2,41.7
Le Douhet (17100),/management/ville/le-douhet/ville-17143,10.0,35.0,25.0,84.0,89.0,104.0,127.0,197.0,98.0,129.0,21.8,24.6,39.6,27.6,17.9,18.0,20.7,26.1
Hagenbach (68210),/management/ville/hagenbach/ville-68119,0.0,5.0,25.0,103.0,108.0,108.0,95.0,174.0,96.0,140.0,10.8,26.7,38.6,26.7,20.9,17.1,29.7,26.0
Dompierre-en-Morvan (21390),/management/ville/dompierre-en-morvan/ville-21232,5.0,10.0,10.0,30.0,40.0,30.0,57.0,49.0,27.0,28.0,28.2,42.7,40.0,19.0,18.8,14.7,12.9,22.7
Flacey (28800),/management/ville/flacey/ville-28153,10.0,10.0,15.0,20.0,15.0,35.0,44.0,57.0,24.0,35.0,21.2,34.2,41.2,25.6,17.6,11.8,20.0,23.7
Laval-sur-Doulon (43440),/management/ville/laval-sur-doulon/ville-43116,0.0,10.0,0.0,10.0,10.0,0.0,17.0,17.0,7.0,14.0,28.6,33.3,32.1,25.8,10.7,14.8,28.6,22.2
Le Petit-Pressigny (37350),/management/ville/le-petit-pressigny/ville-37184,20.0,20.0,0.0,10.0,20.0,25.0,83.0,83.0,53.0,53.0,25.9,35.0,37.0,22.8,20.7,18.2,16.3,22.6
Fontenay-le-Marmion (14320),/management/ville/fontenay-le-marmion/ville-14277,5.0,36.0,107.0,203.0,259.0,284.0,386.0,394.0,203.0,330.0,25.5,33.1,34.8,23.6,13.6,17.2,26.1,24.1
La Vendue-Mignot (10800),/management/ville/la-vendue-mignot/ville-10402,0.0,10.0,10.0,31.0,5.0,36.0,51.0,50.0,37.0,56.0,21.4,30.9,31.6,19.4,20.4,18.6,26.5,30.9
Kaltenhouse (67240),/management/ville/kaltenhouse/ville-67230,0.0,32.0,128.0,312.0,280.0,357.0,459.0,567.0,263.0,360.0,25.1,30.5,38.9,26.4,15.3,16.6,20.8,22.9
Delouze-Rosières (55130),/management/ville/delouze-rosieres/ville-55148,5.0,0.0,0.0,10.0,35.0,20.0,35.0,24.0,15.0,15.0,26.7,52.3,46.7,8.3,8.9,25.0,17.8,15.9
Leynes (71570),/management/ville/leynes/ville-71258,10.0,26.0,51.0,72.0,51.0,62.0,76.0,102.0,74.0,145.0,18.1,20.3,28.0,21.4,23.3,14.4,30.6,42.1
Estaing (65400),/management/ville/estaing/ville-65169,0.0,4.0,4.0,9.0,9.0,13.0,18.0,18.0,11.0,15.0,28.1,31.0,43.8,14.3,15.6,17.2,12.5,37.9
Janville-en-Beauce (28310),/management/ville/janville-en-beauce/ville-28199,50.0,35.0,50.0,200.0,355.0,485.0,728.0,605.0,302.0,294.0,37.0,38.4,38.4,23.3,13.0,18.1,11.6,18.6
Lebeuville (54740),/management/ville/lebeuville/ville-54307,5.0,10.0,15.0,20.0,5.0,15.0,25.0,34.0,24.0,40.0,15.3,25.0,30.5,23.5,20.3,18.8,33.9,31.3
Gétigné (44190),/management/ville/getigne/ville-44063,30.0,111.0,205.0,476.0,472.0,592.0,805.0,762.0,448.0,625.0,24.7,36.1,35.7,20.9,18.0,16.0,21.5,25.8
Épiais-Rhus (95810),/management/ville/epiais-rhus/ville-95213,10.0,40.0,81.0,94.0,30.0,29.0,91.0,92.0,84.0,185.0,17.3,22.6,26.2,15.2,18.7,18.6,37.8,44.2
Lagrange (40240),/management/ville/lagrange/ville-40140,21.0,0.0,0.0,21.0,21.0,21.0,50.0,36.0,38.0,31.0,28.0,35.4,28.0,20.0,25.3,24.1,18.7,21.5
Frayssinet-le-Gélat (46250),/management/ville/frayssinet-le-gelat/ville-46114,10.0,10.0,15.0,25.0,45.0,35.0,84.0,103.0,56.0,60.0,22.0,33.3,39.3,26.5,16.7,20.3,22.0,17.6
La Fajolle (11140),/management/ville/la-fajolle/ville-11135,0.0,0.0,0.0,0.0,0.0,0.0,1.0,3.0,1.0,4.0,0.0,16.7,25.0,28.6,0.0,16.7,75.0,33.3
La Capelle-Balaguier (12260),/management/ville/la-capelle-balaguier/ville-12053,20.0,15.0,5.0,35.0,40.0,50.0,61.0,57.0,62.0,54.0,21.8,30.3,31.9,18.7,26.1,26.9,20.2,26.1
Flacey-en-Bresse (71580),/management/ville/flacey-en-bresse/ville-71198,5.0,25.0,5.0,60.0,55.0,60.0,111.0,114.0,46.0,42.0,28.1,43.8,47.3,22.4,12.6,17.1,12.0,15.1
Éblange (57220),/management/ville/eblange/ville-57187,0.0,0.0,10.0,45.0,40.0,80.0,52.0,115.0,51.0,57.0,16.6,21.5,42.8,32.1,22.8,13.8,17.9,23.8
Griesheim-sur-Souffel (67370),/management/ville/griesheim-sur-souffel/ville-67173,0.0,45.0,145.0,166.0,80.0,35.0,100.0,215.0,157.0,379.0,8.7,14.7,25.1,24.0,16.9,20.0,49.3,40.0
Lannemezan (65300),/management/ville/lannemezan/ville-65258,30.0,165.0,105.0,470.0,895.0,406.0,1784.0,1239.0,836.0,968.0,33.3,40.5,28.5,21.5,18.3,16.4,19.9,20.2
Le Petit-Quevilly (76140),/management/ville/le-petit-quevilly/ville-76498,3.0,453.0,825.0,2670.0,3465.0,2891.0,5771.0,4194.0,2558.0,3301.0,33.2,39.4,30.9,21.2,16.4,15.9,19.5,22.1
Gan (64290),/management/ville/gan/ville-64230,50.0,156.0,351.0,763.0,633.0,457.0,853.0,1172.0,762.0,1361.0,15.9,24.6,33.7,22.1,19.7,17.2,30.6,34.7
Hugier (70150),/management/ville/hugier/ville-70286,5.0,0.0,25.0,15.0,0.0,0.0,18.0,19.0,14.0,31.0,27.9,15.4,25.6,20.0,16.3,17.9,30.2,46.2
Fontenay-le-Pesnel (14250),/management/ville/fontenay-le-pesnel/ville-14278,5.0,50.0,45.0,166.0,166.0,121.0,200.0,273.0,155.0,214.0,17.9,29.0,36.8,25.4,20.1,17.0,25.1,25.8
Les Hôpitaux-Vieux (25370),/management/ville/les-hopitaux-vieux/ville-25308,0.0,14.0,19.0,81.0,43.0,67.0,42.0,90.0,56.0,111.0,11.7,16.8,35.0,22.7,21.5,15.3,31.9,43.1
Le Doulieu (59940),/management/ville/le-doulieu/ville-59180,10.0,40.0,99.0,188.0,173.0,203.0,238.0,246.0,184.0,336.0,20.9,26.6,30.0,19.1,17.4,19.1,31.6,35.2
Farébersviller (57450),/management/ville/farebersviller/ville-57207,0.0,90.0,30.0,325.0,610.0,990.0,1968.0,1097.0,479.0,393.0,42.5,56.9,33.3,20.4,13.4,11.0,10.9,9.2
Laval-sur-Luzège (19550),/management/ville/laval-sur-luzege/ville-19111,10.0,0.0,5.0,15.0,5.0,0.0,26.0,25.0,14.0,21.0,14.6,50.0,39.6,16.2,14.6,18.4,31.3,15.8
Dompierre-les-Églises (87190),/management/ville/dompierre-les-eglises/ville-87057,10.0,31.0,15.0,15.0,31.0,21.0,121.0,84.0,54.0,56.0,31.6,45.0,34.2,18.5,20.0,14.4,14.2,21.3
Hagenthal-le-Bas (68220),/management/ville/hagenthal-le-bas/ville-68120,0.0,35.0,86.0,166.0,156.0,202.0,168.0,338.0,149.0,283.0,14.7,21.1,43.1,26.4,12.8,19.2,29.4,30.7
Hémonstoir (22600),/management/ville/hemonstoir/ville-22075,50.0,0.0,0.0,45.0,70.0,139.0,201.0,174.0,107.0,56.0,33.5,41.4,36.3,26.4,18.5,21.5,11.7,9.0
Gouesnou (29850),/management/ville/gouesnou/ville-29061,10.0,110.0,520.0,770.0,885.0,540.0,854.0,1246.0,817.0,1555.0,14.9,23.1,31.7,23.0,18.1,18.5,35.4,34.2
La Neuvelle-lès-Lure (70200),/management/ville/la-neuvelle-les-lure/ville-70385,5.0,15.0,20.0,35.0,45.0,40.0,75.0,85.0,41.0,46.0,24.8,35.4,41.9,25.0,16.2,16.9,17.1,20.0
Leynhac (15600),/management/ville/leynhac/ville-15104,46.0,25.0,10.0,10.0,20.0,41.0,100.0,79.0,53.0,46.0,31.0,42.4,36.6,19.4,19.3,18.2,13.1,19.7
Kanfen (57330),/management/ville/kanfen/ville-57356,0.0,20.0,130.0,160.0,220.0,70.0,130.0,223.0,147.0,340.0,14.0,16.9,28.2,23.1,18.1,16.9,39.7,41.2
La Ventrouze (61190),/management/ville/la-ventrouze/ville-61500,5.0,5.0,5.0,0.0,5.0,24.0,45.0,32.0,15.0,13.0,40.4,44.2,40.4,19.6,15.4,13.5,3.8,21.2
Lagrange (65300),/management/ville/lagrange/ville-65245,5.0,15.0,15.0,20.0,15.0,30.0,43.0,70.0,35.0,32.0,21.3,26.4,46.1,28.2,20.2,18.7,12.4,23.1
Épieds (02400),/management/ville/epieds/ville-02280,0.0,11.0,36.0,35.0,45.0,59.0,87.0,76.0,59.0,60.0,32.1,29.8,30.0,22.8,22.9,18.4,15.0,27.7
Janville-sur-Juine (91510),/management/ville/janville-sur-juine/ville-91318,0.0,65.0,210.0,324.0,270.0,110.0,227.0,340.0,282.0,563.0,15.3,16.8,28.7,19.6,20.4,19.6,35.7,43.9
Geu (65100),/management/ville/geu/ville-65201,0.0,10.0,0.0,5.0,38.0,29.0,37.0,38.0,27.0,32.0,27.1,28.6,35.7,21.0,17.1,22.2,20.0,28.6
Estaires (59940),/management/ville/estaires/ville-59212,10.0,136.0,237.0,619.0,909.0,988.0,1705.0,1266.0,747.0,861.0,32.9,41.2,32.1,21.9,16.9,15.7,18.0,19.5
Delut (55150),/management/ville/delut/ville-55149,10.0,0.0,0.0,10.0,21.0,16.0,42.0,24.0,9.0,14.0,46.5,48.9,32.6,20.4,7.0,13.3,14.0,15.6
La Falaise (78410),/management/ville/la-falaise/ville-78230,5.0,15.0,54.0,103.0,89.0,39.0,81.0,116.0,61.0,158.0,19.8,18.8,35.6,20.3,10.4,18.8,34.2,41.8
La Capelle-Bleys (12240),/management/ville/la-capelle-bleys/ville-12054,27.0,11.0,21.0,27.0,23.0,43.0,93.0,87.0,61.0,50.0,31.2,32.6,35.1,23.9,20.1,21.7,13.6,21.0
Lebiez (62990),/management/ville/lebiez/ville-62492,15.0,0.0,10.0,20.0,25.0,40.0,73.0,37.0,27.0,42.0,34.5,46.2,23.0,17.9,16.1,14.3,26.4,20.9
Flachères (38690),/management/ville/flacheres/ville-38167,10.0,15.0,10.0,69.0,60.0,89.0,90.0,111.0,68.0,102.0,24.3,24.2,33.5,24.5,17.8,18.9,24.3,30.5
Frayssinhes (46400),/management/ville/frayssinhes/ville-46115,5.0,0.0,15.0,15.0,20.0,20.0,41.0,40.0,38.0,30.0,22.8,33.3,31.6,21.7,29.1,21.7,16.5,23.2
Ébouleau (02350),/management/ville/ebouleau/ville-02274,0.0,20.0,5.0,20.0,31.0,26.0,53.0,39.0,31.0,31.0,31.8,39.7,32.9,17.2,17.6,22.1,17.6,22.1
Grignan (26230),/management/ville/grignan/ville-26146,15.0,101.0,91.0,160.0,151.0,85.0,402.0,322.0,195.0,363.0,27.2,35.1,31.8,18.5,14.4,15.9,26.5,29.9
Hénaménil (54370),/management/ville/henamenil/ville-54258,0.0,0.0,5.0,20.0,10.0,35.0,26.0,42.0,20.0,26.0,19.0,27.5,44.4,25.0,17.5,17.6,19.0,27.5
Lannepax (32190),/management/ville/lannepax/ville-32190,20.0,19.0,24.0,59.0,52.0,78.0,170.0,112.0,68.0,65.0,37.6,44.4,30.7,21.6,17.0,15.7,14.7,16.7
Le Peyrat (09600),/management/ville/le-peyrat/ville-09229,0.0,10.0,5.0,45.0,70.0,65.0,144.0,104.0,56.0,75.0,29.9,45.0,39.0,17.0,14.1,15.3,16.9,22.3
Fontenay-le-Vicomte (91540),/management/ville/fontenay-le-vicomte/ville-91244,0.0,60.0,115.0,255.0,115.0,85.0,167.0,209.0,166.0,307.0,20.0,19.4,26.0,22.5,19.2,19.9,34.9,37.4
Le Dourn (81340),/management/ville/le-dourn/ville-81082,10.0,10.0,0.0,5.0,15.0,0.0,35.0,16.0,12.0,25.0,41.9,37.8,25.6,11.9,9.3,17.8,23.3,33.3
Hugleville-en-Caux (76570),/management/ville/hugleville-en-caux/ville-76370,10.0,10.0,10.0,40.0,56.0,81.0,79.0,86.0,55.0,75.0,22.0,32.2,36.7,20.7,20.0,16.8,21.3,29.4
Dompierre-les-Ormes (71520),/management/ville/dompierre-les-ormes/ville-71178,25.0,40.0,10.0,84.0,109.0,99.0,250.0,187.0,109.0,137.0,31.1,41.7,36.2,18.2,16.8,15.4,15.9,24.0
Ganac (09000),/management/ville/ganac/ville-09130,5.0,29.0,29.0,92.0,101.0,82.0,99.0,140.0,144.0,172.0,16.7,19.0,33.3,19.6,24.1,27.8,25.9,35.6
Laval-sur-Tourbe (51600),/management/ville/laval-sur-tourbe/ville-51317,0.0,0.0,0.0,6.0,6.0,6.0,21.0,14.0,4.0,7.0,40.7,55.6,40.7,15.8,7.4,11.1,11.1,16.7
Gouex (86320),/management/ville/gouex/ville-86107,10.0,5.0,20.0,54.0,69.0,69.0,164.0,113.0,70.0,57.0,34.0,46.3,37.2,19.0,18.8,16.4,9.9,17.8
Fareins (01480),/management/ville/fareins/ville-01157,10.0,120.0,265.0,340.0,235.0,140.0,385.0,447.0,269.0,485.0,20.7,27.8,33.6,21.6,16.6,17.3,29.1,32.1
.9,31.1,29.2
Leyr (54760),/management/ville/leyr/ville-54315,5.0,40.0,60.0,110.0,120.0,100.0,154.0,217.0,135.0,156.0,18.6,28.2,39.5,24.6,19.5,21.4,22.4,24.8
Les Houches (74310),/management/ville/les-houches/ville-74143,10.0,185.0,155.0,510.0,450.0,280.0,411.0,508.0,423.0,782.0,17.9,20.8,29.3,19.0,19.9,19.9,32.9,40.6
La Neuvelle-lès-Scey (70360),/management/ville/la-neuvelle-les-scey/ville-70386,5.0,0.0,0.0,15.0,36.0,41.0,43.0,43.0,15.0,27.0,28.6,39.1,38.1,25.0,12.7,10.9,20.6,20.3
Kani-Kéli (97625),/management/ville/kani-keli/ville-97609,,,,,,,,,,,,,,,,,,
Lagrange (90150),/management/ville/lagrange/ville-90060,0.0,0.0,0.0,30.0,10.0,25.0,14.0,37.0,26.0,24.0,13.5,14.3,42.3,29.4,25.0,26.5,19.2,28.6
La Verdière (83560),/management/ville/la-verdiere/ville-83146,5.0,90.0,40.0,250.0,145.0,125.0,369.0,389.0,201.0,276.0,29.4,30.3,35.1,25.7,13.7,18.7,21.9,22.8
Geudertheim (67170),/management/ville/geudertheim/ville-67156,10.0,85.0,175.0,335.0,355.0,390.0,412.0,710.0,291.0,511.0,18.0,24.8,42.9,27.1,13.6,16.6,25.5,27.6
Épieds (27730),/management/ville/epieds/ville-27220,10.0,14.0,10.0,59.0,74.0,34.0,88.0,101.0,49.0,49.0,29.2,31.9,39.0,28.6,12.3,22.2,19.5,14.8
La Capelle-Bonance (12130),/management/ville/la-capelle-bonance/ville-12055,16.0,0.0,5.0,0.0,0.0,11.0,37.0,16.0,13.0,6.0,45.2,62.1,19.0,20.6,26.2,6.9,9.5,6.9
Leboulin (32810),/management/ville/leboulin/ville-32207,0.0,15.0,40.0,45.0,50.0,20.0,43.0,70.0,50.0,100.0,17.4,15.6,31.4,21.5,18.2,19.9,33.1,42.6
La Faloise (80250),/management/ville/la-faloise/ville-80299,5.0,5.0,14.0,29.0,10.0,10.0,49.0,43.0,23.0,42.0,28.2,34.2,34.1,18.4,15.3,15.1,22.4,31.5
Janvilliers (51210),/management/ville/janvilliers/ville-51304,0.0,0.0,5.0,10.0,20.0,25.0,32.0,40.0,18.0,20.0,26.3,32.1,36.8,28.8,21.1,11.3,15.8,20.8
Ébréon (16140),/management/ville/ebreon/ville-16122,5.0,0.0,0.0,10.0,5.0,26.0,54.0,34.0,24.0,16.0,39.1,46.8,34.4,18.8,20.3,16.1,6.3,17.7
Frazé (28160),/management/ville/fraze/ville-28161,10.0,25.0,20.0,50.0,65.0,55.0,119.0,118.0,65.0,90.0,27.0,33.7,32.7,24.2,19.4,13.8,20.9,25.0
Huillé-Lézigné (49430),/management/ville/huille-lezigne/ville-49174,15.0,35.0,60.0,120.0,150.0,285.0,276.0,318.0,171.0,184.0,26.3,31.8,38.1,26.3,16.9,19.3,18.7,20.1
Flacourt (78200),/management/ville/flacourt/ville-78234,0.0,5.0,14.0,28.0,37.0,14.0,21.0,37.0,27.0,31.0,16.7,18.2,40.0,24.5,20.0,27.3,23.3,30.9
Faremoutiers (77515),/management/ville/faremoutiers/ville-77176,0.0,54.0,209.0,453.0,351.0,263.0,504.0,514.0,394.0,488.0,25.7,27.2,32.4,21.9,20.6,20.9,21.3,29.6
Deluz (25960),/management/ville/deluz/ville-25197,0.0,10.0,45.0,75.0,90.0,80.0,148.0,154.0,89.0,98.0,28.7,31.8,35.2,25.3,18.2,18.2,17.8,22.3
Hénanbihen (22550),/management/ville/henanbihen/ville-22076,47.0,36.0,62.0,109.0,151.0,198.0,303.0,363.0,158.0,202.0,25.0,33.9,41.0,26.1,15.4,15.4,18.5,20.8
Le Pian-Médoc (33290),/management/ville/le-pian-medoc/ville-33322,15.0,222.0,615.0,929.0,900.0,538.0,800.0,1354.0,940.0,1657.0,15.4,18.2,32.2,23.8,19.2,20.4,33.2,36.5
Grigneuseville (76850),/management/ville/grigneuseville/ville-76328,5.0,5.0,14.0,62.0,72.0,24.0,67.0,79.0,39.0,63.0,20.5,33.6,39.4,22.0,15.7,15.6,24.4,27.0
Gouézec (29190),/management/ville/gouezec/ville-29062,50.0,20.0,55.0,130.0,135.0,185.0,186.0,261.0,167.0,224.0,17.8,27.1,38.3,22.1,21.6,18.0,22.3,31.6
Lanneplaà (64300),/management/ville/lanneplaa/ville-64312,10.0,5.0,20.0,30.0,30.0,20.0,46.0,64.0,41.0,64.0,19.3,23.8,32.5,25.0,18.4,19.8,29.8,29.7
Ganagobie (04310),/management/ville/ganagobie/ville-04091,0.0,14.0,0.0,19.0,14.0,5.0,13.0,26.0,18.0,20.0,12.5,26.7,37.5,25.0,25.0,20.0,25.0,26.7
Laval-sur-Vologne (88600),/management/ville/laval-sur-vologne/ville-88261,10.0,5.0,5.0,56.0,86.0,122.0,178.0,142.0,69.0,82.0,37.0,38.4,36.1,23.0,11.0,18.0,15.9,19.2
Le Drennec (29860),/management/ville/le-drennec/ville-29047,15.0,39.0,59.0,255.0,304.0,201.0,224.0,394.0,310.0,344.0,13.6,21.4,38.4,24.1,24.1,24.7,23.9,30.0
Leyrat (23600),/management/ville/leyrat/ville-23108,16.0,0.0,0.0,0.0,10.0,31.0,44.0,39.0,17.0,17.0,36.7,40.0,36.7,26.6,13.3,14.5,13.3,14.5
Les Iffs (35630),/management/ville/les-iffs/ville-35134,5.0,10.0,20.0,30.0,50.0,30.0,35.0,40.0,45.0,71.0,16.3,20.4,19.4,22.6,24.5,22.6,39.8,34.4
Ébreuil (03450),/management/ville/ebreuil/ville-03107,15.0,64.0,40.0,124.0,144.0,89.0,435.0,243.0,151.0,212.0,37.3,45.6,30.0,17.0,15.2,13.9,17.5,22.8
Fontenay-lès-Briis (91640),/management/ville/fontenay-les-briis/ville-91243,0.0,57.0,272.0,391.0,231.0,92.0,283.0,356.0,230.0,595.0,18.0,20.7,27.9,19.7,15.6,15.7,38.6,42.8
Lagrasse (11220),/management/ville/lagrasse/ville-11185,10.0,50.0,15.0,60.0,50.0,30.0,99.0,70.0,93.0,169.0,17.4,27.7,23.2,10.9,23.2,20.1,36.2,42.4
Kappelen (68510),/management/ville/kappelen/ville-68160,0.0,5.0,46.0,71.0,67.0,81.0,80.0,147.0,75.0,139.0,12.1,24.4,37.9,25.7,16.5,17.5,33.5,29.5
La Neuveville-devant-Lépanges (88600),/management/ville/la-neuveville-devant-lepanges/ville-88322,30.0,25.0,5.0,35.0,50.0,95.0,78.0,108.0,66.0,90.0,21.4,24.9,35.3,25.0,20.2,18.3,23.1,29.6
Estampes (32170),/management/ville/estampes/ville-32126,5.0,5.0,0.0,25.0,20.0,5.0,43.0,43.0,27.0,25.0,26.0,36.9,41.1,20.3,17.8,21.5,15.1,21.5
Géus-d'Arzacq (64370),/management/ville/geus-d-arzacq/ville-64243,5.0,0.0,0.0,15.0,51.0,30.0,25.0,37.0,34.0,47.0,15.9,19.7,29.0,22.5,24.6,22.5,30.4,35.2
Dompierre-les-Tilleuls (25560),/management/ville/dompierre-les-tilleuls/ville-25202,15.0,0.0,0.0,35.0,40.0,60.0,48.0,54.0,38.0,37.0,26.7,27.6,35.6,24.2,22.2,20.7,15.6,26.4
La Vergenne (70200),/management/ville/la-vergenne/ville-70544,5.0,10.0,10.0,10.0,10.0,10.0,28.0,31.0,5.0,20.0,27.9,39.0,41.9,25.0,7.0,4.9,23.3,24.4
La Fare-en-Champsaur (05500),/management/ville/la-fare-en-champsaur/ville-05054,5.0,10.0,10.0,30.0,65.0,20.0,142.0,91.0,72.0,59.0,29.0,47.0,29.0,20.7,24.1,16.3,17.9,14.9
Épieds (49260),/management/ville/epieds/ville-49131,15.0,20.0,15.0,66.0,127.0,106.0,184.0,180.0,88.0,65.0,34.3,37.1,42.5,25.3,13.1,21.4,10.1,14.9
La Capelle-et-Masmolène (30700),/management/ville/la-capelle-et-masmolene/ville-30067,10.0,15.0,5.0,56.0,84.0,15.0,109.0,96.0,57.0,88.0,26.0,35.9,34.3,20.0,16.6,16.0,23.1,27.1
Lebucquière (62124),/management/ville/lebucquiere/ville-62493,0.0,20.0,0.0,10.0,30.0,44.0,59.0,49.0,33.0,36.0,30.2,35.5,34.9,20.2,18.6,19.4,16.3,24.7
Janvry (51390),/management/ville/janvry/ville-51305,15.0,15.0,10.0,26.0,10.0,0.0,30.0,23.0,18.0,36.0,26.0,29.6,24.0,17.9,20.0,14.8,30.0,37.0
Hénansal (22400),/management/ville/henansal/ville-22077,35.0,20.0,20.0,130.0,125.0,209.0,191.0,243.0,185.0,213.0,21.5,24.6,35.2,22.5,21.5,23.1,21.7,29.9
Farges (01550),/management/ville/farges/ville-01158,0.0,10.0,102.0,147.0,147.0,122.0,131.0,199.0,120.0,246.0,16.9,20.8,33.4,22.3,16.3,18.2,33.4,37.5
Gancourt-Saint-Étienne (76220),/management/ville/gancourt-saint-etienne/ville-76297,10.0,0.0,15.0,15.0,10.0,35.0,61.0,55.0,35.0,20.0,39.8,31.6,34.4,28.0,16.1,25.3,9.7,13.9
Hagetaubin (64370),/management/ville/hagetaubin/ville-64254,5.0,10.0,10.0,87.0,77.0,46.0,77.0,171.0,80.0,103.0,15.3,20.6,44.6,29.5,19.4,17.7,20.7,27.3
Huilliécourt (52150),/management/ville/huilliecourt/ville-52243,0.0,0.0,0.0,10.0,10.0,25.0,49.0,30.0,11.0,9.0,40.8,58.0,42.9,17.6,6.1,16.0,10.2,8.0
Fréauville (76660),/management/ville/freauville/ville-76280,10.0,5.0,20.0,20.0,5.0,10.0,40.0,36.0,18.0,17.0,30.8,40.7,44.2,22.0,9.6,22.0,15.4,15.3
Lannes (47170),/management/ville/lannes/ville-47134,40.0,25.0,0.0,20.0,40.0,35.0,97.0,79.0,72.0,58.0,25.5,38.7,28.8,22.8,23.5,23.3,22.2,15.3
Le Faget (31460),/management/ville/le-faget/ville-31179,0.0,15.0,56.0,35.0,45.0,20.0,47.0,64.0,59.0,75.0,20.0,17.6,32.8,21.1,20.8,27.7,26.4,35.3
Flacy (89190),/management/ville/flacy/ville-89165,5.0,0.0,5.0,20.0,5.0,20.0,30.0,34.0,17.0,10.0,23.9,42.2,54.3,20.5,15.2,22.2,6.5,15.6
Gouffern en Auge (61160),/management/ville/gouffern-en-auge/ville-61474,130.0,83.0,101.0,312.0,513.0,403.0,1037.0,832.0,505.0,493.0,33.7,38.7,34.6,22.2,17.3,17.9,14.5,20.0
Grignols (24110),/management/ville/grignols/ville-24205,5.0,50.0,26.0,66.0,122.0,61.0,155.0,161.0,84.0,104.0,30.4,31.2,35.4,25.4,16.7,16.6,17.5,23.9
Lavalade (24540),/management/ville/lavalade/ville-24231,0.0,5.0,0.0,0.0,14.0,0.0,25.0,20.0,13.0,12.0,31.7,41.9,34.1,20.6,22.0,12.9,12.2,22.6
Demandolx (04120),/management/ville/demandolx/ville-04069,0.0,10.0,5.0,25.0,10.0,0.0,22.0,37.0,25.0,24.0,16.1,25.0,39.3,28.8,17.9,28.8,26.8,17.3
Le Pian-sur-Garonne (33490),/management/ville/le-pian-sur-garonne/ville-33323,5.0,40.0,75.0,126.0,101.0,65.0,151.0,179.0,118.0,170.0,23.3,25.8,34.6,23.0,17.6,20.1,24.6,30.2
Écaillon (59176),/management/ville/ecaillon/ville-59185,5.0,10.0,25.0,100.0,290.0,260.0,551.0,450.0,197.0,209.0,29.9,46.3,40.7,22.7,14.1,13.9,15.3,14.5
La Fare-les-Oliviers (13580),/management/ville/la-fare-les-oliviers/ville-13037,29.0,253.0,822.0,1324.0,970.0,602.0,1307.0,1409.0,1068.0,2293.0,20.0,22.9,26.5,19.8,16.9,18.2,36.7,38.7
La Vergne (17400),/management/ville/la-vergne/ville-17465,5.0,10.0,20.0,60.0,70.0,85.0,131.0,184.0,77.0,69.0,23.0,33.5,47.3,28.7,15.3,18.0,14.4,15.5
Estampures (65220),/management/ville/estampures/ville-65170,5.0,0.0,0.0,5.0,19.0,10.0,20.0,22.0,8.0,14.0,32.4,31.0,40.5,23.5,13.5,10.3,13.5,31.0
Leyrieu (38460),/management/ville/leyrieu/ville-38210,5.0,24.0,52.0,124.0,115.0,81.0,140.0,165.0,103.0,171.0,26.4,21.8,33.3,22.5,15.8,20.0,24.4,34.9
Épieds-en-Beauce (45130),/management/ville/epieds-en-beauce/ville-45134,20.0,15.0,46.0,188.0,223.0,198.0,264.0,343.0,198.0,227.0,23.1,28.1,40.2,24.4,19.5,18.7,17.2,27.0
Fontenay-Mauvoisin (78200),/management/ville/fontenay-mauvoisin/ville-78245,5.0,20.0,40.0,50.0,45.0,30.0,45.0,69.0,49.0,111.0,12.2,20.7,30.2,20.1,15.1,20.7,42.4,38.5
Kappelkinger (57430),/management/ville/kappelkinger/ville-57357,0.0,0.0,5.0,29.0,79.0,90.0,115.0,93.0,62.0,51.0,32.3,38.8,34.2,22.9,18.6,20.0,14.9,17.5
Lecci (20137),/management/ville/lecci/ville-2A139,7.0,126.0,88.0,146.0,267.0,206.0,474.0,227.0,298.0,329.0,35.8,35.4,21.4,14.6,20.0,24.9,22.9,26.8
Les Ifs (76630),/management/ville/les-ifs/ville-76371,0.0,0.0,0.0,0.0,0.0,27.0,21.0,23.0,4.0,4.0,31.0,54.5,58.6,20.0,6.9,9.1,3.4,13.6
Lagraulet-du-Gers (32330),/management/ville/lagraulet-du-gers/ville-32180,10.0,5.0,15.0,50.0,85.0,75.0,147.0,96.0,77.0,92.0,34.3,36.9,29.8,18.0,16.2,21.0,19.7,24.8
La Neuveville-sous-Châtenois (88170),/management/ville/la-neuveville-sous-chatenois/ville-88324,0.0,25.0,20.0,35.0,45.0,55.0,99.0,104.0,37.0,46.0,28.5,40.3,44.5,25.0,12.4,13.4,14.6,17.4
La Capelle-lès-Boulogne (62360),/management/ville/la-capelle-les-boulogne/ville-62908,15.0,59.0,153.0,217.0,118.0,79.0,290.0,249.0,232.0,441.0,17.8,29.3,24.5,17.3,20.1,18.3,37.7,35.3
Dompierre-sous-Sanvignes (71420),/management/ville/dompierre-sous-sanvignes/ville-71179,15.0,0.0,0.0,0.0,5.0,5.0,9.0,15.0,20.0,13.0,12.1,20.0,24.2,25.0,51.5,16.0,12.1,36.0
Geüs-d'Oloron (64400),/management/ville/geus-d-oloron/ville-64244,0.0,10.0,10.0,20.0,44.0,25.0,29.0,76.0,30.0,54.0,11.2,19.6,50.0,26.7,12.2,19.6,26.5,31.5
Huilly-sur-Seille (71290),/management/ville/huilly-sur-seille/ville-71234,15.0,0.0,19.0,10.0,34.0,44.0,85.0,80.0,45.0,38.0,30.5,38.8,39.7,23.3,16.0,20.7,13.7,16.4
Farges-Allichamps (18200),/management/ville/farges-allichamps/ville-18091,0.0,10.0,0.0,5.0,44.0,25.0,52.0,62.0,30.0,40.0,26.8,30.0,36.1,26.5,16.5,16.7,20.6,23.3
Lavaldens (38350),/management/ville/lavaldens/ville-38207,16.0,0.0,0.0,5.0,21.0,16.0,30.0,30.0,24.0,37.0,29.9,18.2,26.9,23.5,11.9,29.1,31.3,30.9
Flagey (25330),/management/ville/flagey/ville-25241,16.0,0.0,5.0,21.0,10.0,36.0,24.0,32.0,23.0,32.0,11.8,29.5,37.3,22.2,19.6,19.7,31.4,27.9
Hagetmau (40700),/management/ville/hagetmau/ville-40119,40.0,136.0,121.0,435.0,571.0,677.0,1339.0,1155.0,604.0,650.0,29.5,41.1,36.2,23.8,16.0,16.2,18.2,16.6
Gougenheim (67270),/management/ville/gougenheim/ville-67163,0.0,10.0,25.0,102.0,56.0,71.0,90.0,116.0,73.0,131.0,18.6,25.0,33.7,22.3,16.6,19.3,31.2,32.5
Gandelain (61420),/management/ville/gandelain/ville-61182,15.0,15.0,29.0,39.0,39.0,29.0,100.0,86.0,61.0,60.0,30.8,34.9,32.7,22.4,18.2,21.9,18.2,20.5
Janvry (91640),/management/ville/janvry/ville-91319,0.0,10.0,100.0,75.0,65.0,55.0,89.0,87.0,99.0,171.0,19.9,20.0,24.1,16.2,23.1,21.3,32.9,43.5
Grignols (33690),/management/ville/grignols/ville-33195,10.0,50.0,30.0,25.0,163.0,109.0,433.0,273.0,139.0,134.0,37.3,50.4,33.3,21.3,14.8,13.5,14.6,12.7
Hendaye (64700),/management/ville/hendaye/ville-64260,17.0,560.0,973.0,2043.0,2515.0,1658.0,3206.0,3102.0,2654.0,3612.0,23.3,27.6,27.9,21.2,22.7,19.6,26.0,31.2
Frebécourt (88630),/management/ville/frebecourt/ville-88183,10.0,4.0,15.0,19.0,50.0,51.0,88.0,68.0,44.0,37.0,40.9,33.6,27.3,27.9,15.5,21.6,16.4,14.4
Demange-Baudignécourt (55130),/management/ville/demange-baudignecourt/ville-55150,5.0,20.0,20.0,60.0,55.0,122.0,192.0,145.0,63.0,47.0,38.6,47.9,39.8,22.3,12.7,15.6,8.9,12.3
Lanneuffret (29400),/management/ville/lanneuffret/ville-29116,0.0,0.0,11.0,5.0,27.0,59.0,21.0,32.0,20.0,34.0,18.3,22.0,38.3,20.8,15.0,24.0,28.3,34.0
Estancarbon (31800),/management/ville/estancarbon/ville-31175,0.0,15.0,20.0,70.0,100.0,45.0,138.0,125.0,103.0,105.0,27.1,31.4,31.4,22.6,18.3,25.2,23.1,21.5
La Neuveville-sous-Montfort (88800),/management/ville/la-neuveville-sous-montfort/ville-88325,0.0,5.0,5.0,10.0,20.0,25.0,43.0,49.0,17.0,23.0,25.0,40.0,45.6,24.1,17.6,7.7,11.8,23.1
Les Ilhes (11380),/management/ville/les-ilhes/ville-11174,0.0,0.0,0.0,5.0,5.0,5.0,12.0,13.0,9.0,13.0,16.7,34.8,37.5,17.4,20.8,17.4,25.0,30.4
Épierre (73220),/management/ville/epierre/ville-73109,0.0,20.0,20.0,86.0,106.0,136.0,171.0,224.0,81.0,85.0,23.4,37.1,50.6,26.5,13.2,15.3,12.8,17.0
Katzenthal (68230),/management/ville/katzenthal/ville-68161,20.0,25.0,50.0,55.0,55.0,50.0,82.0,104.0,70.0,149.0,14.7,25.6,30.5,20.3,18.3,16.4,36.5,36.7
Leyritz-Moncassin (47700),/management/ville/leyritz-moncassin/ville-47148,5.0,20.0,0.0,20.0,25.0,20.0,67.0,57.0,22.0,20.0,42.7,38.1,39.0,26.6,8.5,17.9,9.8,14.3
Écalles-Alix (76190),/management/ville/ecalles-alix/ville-76223,10.0,10.0,10.0,104.0,79.0,94.0,85.0,119.0,62.0,114.0,16.1,29.3,39.2,21.8,14.6,18.8,30.2,29.3
Le Pin (03130),/management/ville/le-pin/ville-03208,25.0,15.0,5.0,30.0,35.0,65.0,134.0,85.0,62.0,18.0,42.5,47.9,34.4,21.7,18.8,22.9,4.4,7.9
Lecelles (59226),/management/ville/lecelles/ville-59335,41.0,100.0,248.0,437.0,253.0,258.0,571.0,449.0,362.0,667.0,24.8,30.9,25.0,18.5,18.3,16.9,31.9,33.3
Dompierre-sur-Authie (80150),/management/ville/dompierre-sur-authie/ville-80248,10.0,0.0,14.0,44.0,55.0,64.0,134.0,95.0,50.0,40.0,35.8,47.8,35.8,21.0,18.2,13.7,10.1,15.5
La Cassagne (24120),/management/ville/la-cassagne/ville-24085,15.0,20.0,5.0,20.0,15.0,5.0,41.0,28.0,20.0,26.0,36.2,33.9,34.5,14.8,17.2,17.9,12.1,33.9
Fontenay-près-Chablis (89800),/management/ville/fontenay-pres-chablis/ville-89175,20.0,0.0,0.0,0.0,20.0,25.0,45.0,24.0,16.0,17.0,41.1,47.8,28.6,16.7,17.9,13.0,12.5,21.7
Gévezé (35850),/management/ville/geveze/ville-35120,56.0,121.0,519.0,886.0,753.0,505.0,737.0,773.0,683.0,1325.0,19.4,22.5,25.6,18.8,19.1,19.7,35.9,39.3
Lagraulet-Saint-Nicolas (31480),/management/ville/lagraulet-saint-nicolas/ville-31265,20.0,20.0,20.0,45.0,10.0,10.0,42.0,50.0,37.0,57.0,25.5,19.3,26.5,24.5,23.5,15.9,24.5,37.5
La Farlède (83210),/management/ville/la-farlede/ville-83054,20.0,298.0,448.0,1068.0,1259.0,554.0,2004.0,1760.0,1279.0,1916.0,27.6,30.2,27.8,22.0,16.5,20.6,28.1,26.8
Farges-en-Septaine (18800),/management/ville/farges-en-septaine/ville-18092,20.0,35.0,52.0,91.0,231.0,76.0,174.0,204.0,219.0,165.0,20.8,25.4,26.1,25.9,34.8,21.6,18.4,25.6
Huiron (51300),/management/ville/huiron/ville-51295,0.0,0.0,0.0,20.0,45.0,65.0,66.0,87.0,55.0,33.0,21.7,33.9,42.6,27.4,21.7,24.1,14.0,13.4
Hagéville (54470),/management/ville/hageville/ville-54244,0.0,5.0,15.0,5.0,20.0,20.0,20.0,18.0,26.0,24.0,20.0,26.3,26.0,16.7,26.0,34.2,28.0,26.3
Gandelu (02810),/management/ville/gandelu/ville-02339,0.0,30.0,35.0,85.0,131.0,100.0,150.0,166.0,93.0,78.0,27.6,34.2,39.8,26.0,17.3,21.2,15.4,16.9
Hendecourt-lès-Cagnicourt (62182),/management/ville/hendecourt-les-cagnicourt/ville-62424,5.0,10.0,5.0,20.0,50.0,45.0,71.0,49.0,45.0,53.0,26.9,37.7,29.8,16.2,23.1,18.4,20.2,28.1
Flagey (52250),/management/ville/flagey/ville-52200,5.0,0.0,5.0,0.0,15.0,15.0,28.0,19.0,12.0,7.0,28.6,58.1,42.9,13.8,17.1,19.4,11.4,9.7
Gouhelans (25680),/management/ville/gouhelans/ville-25279,10.0,0.0,5.0,19.0,0.0,34.0,30.0,34.0,17.0,13.0,24.1,41.5,48.1,19.5,18.5,19.5,9.3,19.5
Frébuans (39570),/management/ville/frebuans/ville-39241,0.0,10.0,5.0,65.0,45.0,50.0,75.0,99.0,45.0,71.0,30.9,21.2,32.4,30.3,12.9,17.9,23.7,25.2
Demangevelle (70210),/management/ville/demangevelle/ville-70202,5.0,16.0,5.0,16.0,36.0,42.0,120.0,77.0,29.0,24.0,40.6,55.7,39.1,20.5,9.4,13.9,10.9,8.2
Lannilis (29870),/management/ville/lannilis/ville-29117,73.0,181.0,250.0,622.0,744.0,695.0,820.0,1202.0,791.0,1171.0,16.1,24.7,34.0,24.9,20.4,19.4,29.5,29.3
Lavalette (11290),/management/ville/lavalette/ville-11199,10.0,35.0,65.0,131.0,276.0,201.0,256.0,288.0,255.0,295.0,22.2,24.5,29.1,23.6,23.6,23.1,25.1,28.7
Janzé (35150),/management/ville/janze/ville-35136,75.0,180.0,488.0,1015.0,1125.0,1040.0,1714.0,1622.0,1073.0,1464.0,23.2,34.6,33.6,21.1,19.1,17.5,24.1,25.7
Le Faou (29590),/management/ville/le-faou/ville-29053,5.0,40.0,80.0,215.0,240.0,200.0,307.0,333.0,253.0,376.0,17.0,29.9,31.4,21.5,20.9,19.1,30.7,28.8
Grignon (21150),/management/ville/grignon/ville-21308,5.0,11.0,5.0,11.0,37.0,37.0,59.0,49.0,28.0,30.0,26.7,44.3,38.4,19.5,17.4,16.5,17.4,19.0
Estandeuil (63520),/management/ville/estandeuil/ville-63155,5.0,15.0,30.0,60.0,35.0,45.0,72.0,106.0,53.0,96.0,17.8,26.6,40.2,22.8,14.2,18.4,27.8,31.0
Épiez-sur-Chiers (54260),/management/ville/epiez-sur-chiers/ville-54178,0.0,0.0,10.0,15.0,24.0,49.0,32.0,30.0,36.0,31.0,21.9,27.7,32.8,16.1,28.1,27.7,17.2,30.8
La Neuville (59239),/management/ville/la-neuville/ville-59427,15.0,25.0,61.0,116.0,40.0,25.0,110.0,114.0,83.0,190.0,16.8,26.7,27.6,18.6,17.2,16.2,38.4,38.0
Les Isles-Bardel (14690),/management/ville/les-isles-bardel/ville-14343,5.0,0.0,0.0,10.0,10.0,0.0,21.0,5.0,10.0,13.0,37.5,50.0,20.8,0.0,16.7,25.0,25.0,25.0
Écaquelon (27290),/management/ville/ecaquelon/ville-27209,21.0,10.0,20.0,80.0,82.0,92.0,120.0,131.0,102.0,91.0,25.6,28.8,35.5,23.4,21.4,24.5,17.5,23.6
Leyssard (01450),/management/ville/leyssard/ville-01214,10.0,0.0,5.0,20.0,30.0,20.0,17.0,36.0,18.0,48.0,18.0,10.3,37.7,20.6,16.4,13.8,27.9,53.4
Le Pin (14590),/management/ville/le-pin/ville-14504,10.0,66.0,21.0,70.0,136.0,81.0,191.0,175.0,96.0,112.0,32.1,34.4,38.7,21.4,15.3,18.4,13.9,25.0
Kauffenheim (67480),/management/ville/kauffenheim/ville-67231,0.0,0.0,25.0,30.0,45.0,45.0,42.0,59.0,31.0,39.0,16.3,32.6,40.7,25.3,22.1,14.0,20.9,24.4
Lecey (52360),/management/ville/lecey/ville-52280,0.0,5.0,0.0,15.0,25.0,35.0,60.0,55.0,26.0,32.0,26.4,42.9,40.2,20.7,17.2,13.1,16.1,21.4
Dompierre-sur-Besbre (03290),/management/ville/dompierre-sur-besbre/ville-03102,30.0,65.0,55.0,175.0,455.0,430.0,1090.0,720.0,362.0,295.0,36.3,51.2,37.7,20.1,15.2,14.2,10.8,13.0
La Cassaigne (11270),/management/ville/la-cassaigne/ville-11072,0.0,22.0,5.0,11.0,22.0,38.0,38.0,34.0,29.0,41.0,23.1,29.9,32.3,17.8,18.5,22.1,26.2,31.2
Fontenay-près-Vézelay (89450),/management/ville/fontenay-pres-vezelay/ville-89176,5.0,0.0,0.0,5.0,5.0,35.0,50.0,33.0,14.0,8.0,42.9,53.1,46.4,15.2,7.1,20.4,3.6,12.2
Farges-lès-Chalon (71150),/management/ville/farges-les-chalon/ville-71194,15.0,25.0,15.0,80.0,75.0,120.0,138.0,180.0,115.0,139.0,22.4,25.9,38.6,23.7,17.9,22.3,21.0,27.7
La Faurie (05140),/management/ville/la-faurie/ville-05055,0.0,5.0,20.0,45.0,40.0,35.0,69.0,62.0,44.0,77.0,29.5,25.2,31.8,17.8,14.0,21.1,24.8,36.6
Hagnéville-et-Roncourt (88300),/management/ville/hagneville-et-roncourt/ville-88227,10.0,0.0,0.0,5.0,10.0,5.0,19.0,24.0,16.0,5.0,14.7,46.7,44.1,25.7,35.3,13.3,5.9,10.0
Gouhenans (70110),/management/ville/gouhenans/ville-70271,0.0,0.0,15.0,15.0,54.0,83.0,131.0,95.0,38.0,43.0,38.1,47.1,32.9,23.9,14.8,10.5,14.2,14.4
La Vernaz (74200),/management/ville/la-vernaz/ville-74295,0.0,20.0,10.0,40.0,50.0,40.0,53.0,64.0,43.0,56.0,22.2,26.5,44.4,18.3,15.2,23.9,18.2,32.5
Dembeni (97660),/management/ville/dembeni/ville-97607,,,,,,,,,,,,,,,,,,
Le Faouët (22290),/management/ville/le-faouet/ville-22057,15.0,5.0,15.0,35.0,51.0,56.0,68.0,107.0,54.0,63.0,19.7,26.6,41.5,28.3,19.7,16.8,19.0,23.8
Huismes (37420),/management/ville/huismes/ville-37118,26.0,37.0,58.0,257.0,126.0,184.0,274.0,360.0,207.0,309.0,18.6,28.7,37.6,23.3,19.4,16.7,24.4,29.2
Lagraulière (19700),/management/ville/lagrauliere/ville-19100,15.0,35.0,40.0,100.0,175.0,55.0,246.0,270.0,137.0,207.0,20.1,36.8,42.2,19.8,17.1,14.8,20.6,27.4
Gevigney-et-Mercey (70500),/management/ville/gevigney-et-mercey/ville-70267,25.0,54.0,0.0,35.0,30.0,124.0,149.0,107.0,57.0,57.0,34.9,45.6,34.4,20.6,18.0,13.2,12.7,18.7
Fréchède (65220),/management/ville/frechede/ville-65178,5.0,0.0,0.0,0.0,0.0,20.0,15.0,10.0,11.0,7.0,28.6,40.9,33.3,15.0,28.6,22.7,9.5,22.7
La Faute-sur-Mer (85460),/management/ville/la-faute-sur-mer/ville-85307,0.0,65.0,15.0,35.0,65.0,30.0,187.0,180.0,92.0,116.0,26.4,38.3,35.7,24.3,16.4,15.6,21.4,19.0
Lannion (22300),/management/ville/lannion/ville-22113,39.0,478.0,1966.0,1979.0,2311.0,1610.0,3789.0,3362.0,2497.0,4987.0,20.1,31.2,26.0,19.7,16.9,17.2,37.1,31.3
Demi-Quartier (74120),/management/ville/demi-quartier/ville-74099,45.0,35.0,5.0,85.0,225.0,100.0,226.0,221.0,124.0,147.0,28.6,34.2,38.5,22.6,14.2,20.3,18.7,22.2
Lavalette (31590),/management/ville/lavalette/ville-31285,5.0,25.0,113.0,158.0,79.0,34.0,72.0,104.0,81.0,277.0,12.9,13.8,22.7,16.2,14.8,15.3,49.6,54.5
Flagey-Echézeaux (21640),/management/ville/flagey-echezeaux/ville-21267,14.0,24.0,34.0,48.0,38.0,43.0,96.0,99.0,73.0,84.0,22.4,32.2,35.9,19.9,25.3,16.4,16.5,30.6
Grignon (73200),/management/ville/grignon/ville-73130,0.0,58.0,74.0,238.0,380.0,299.0,517.0,555.0,249.0,270.0,28.6,36.2,42.5,24.8,14.8,16.4,14.1,19.8
Estang (32240),/management/ville/estang/ville-32127,15.0,35.0,15.0,25.0,85.0,65.0,242.0,125.0,84.0,101.0,40.4,47.4,26.8,18.0,15.1,15.4,17.7,18.6
La Neuville-à-Maire (08450),/management/ville/la-neuville-a-maire/ville-08317,0.0,5.0,0.0,16.0,5.0,38.0,20.0,32.0,12.0,26.0,23.8,21.3,35.7,28.6,11.9,14.9,28.6,29.8
Épiez-sur-Meuse (55140),/management/ville/epiez-sur-meuse/ville-55173,5.0,15.0,0.0,0.0,0.0,5.0,12.0,16.0,2.0,4.0,31.3,38.9,62.5,27.3,0.0,11.1,6.3,16.7
Les Islettes (55120),/management/ville/les-islettes/ville-55253,0.0,28.0,10.0,84.0,98.0,112.0,251.0,180.0,86.0,71.0,40.4,44.6,37.3,22.8,11.8,17.2,10.5,13.9
Hagnicourt (08430),/management/ville/hagnicourt/ville-08205,0.0,0.0,5.0,5.0,5.0,15.0,10.0,14.0,16.0,9.0,18.5,22.7,33.3,25.0,33.3,31.8,14.8,22.7
Huisnes-sur-Mer (50170),/management/ville/huisnes-sur-mer/ville-50253,20.0,5.0,0.0,20.0,25.0,15.0,52.0,44.0,33.0,29.0,33.7,32.0,33.7,21.3,20.5,21.3,12.0,25.3
Gandrange (57175),/management/ville/gandrange/ville-57242,0.0,65.0,82.0,332.0,473.0,434.0,573.0,764.0,351.0,429.0,20.2,33.2,45.9,24.8,16.2,16.9,17.8,22.6
Fréchencourt (80260),/management/ville/frechencourt/ville-80351,0.0,15.0,31.0,36.0,41.0,26.0,53.0,53.0,42.0,51.0,21.4,31.7,38.8,15.4,19.4,23.8,20.4,30.7
Leyvaux (43450),/management/ville/leyvaux/ville-15105,5.0,0.0,0.0,5.0,0.0,5.0,13.0,7.0,9.0,2.0,35.3,50.0,29.4,16.7,29.4,28.6,5.9,7.1
Fontenay-Saint-Père (78440),/management/ville/fontenay-saint-pere/ville-78246,5.0,44.0,120.0,130.0,91.0,90.0,168.0,164.0,134.0,249.0,22.1,24.9,25.5,20.2,19.0,18.2,33.3,36.1
Dompierre-sur-Chalaronne (01400),/management/ville/dompierre-sur-chalaronne/ville-01146,5.0,30.0,25.0,60.0,56.0,60.0,67.0,91.0,50.0,78.0,18.7,27.6,41.8,23.5,9.0,25.0,30.6,24.3
Farges-lès-Mâcon (71700),/management/ville/farges-les-macon/ville-71195,15.0,0.0,5.0,25.0,10.0,35.0,51.0,43.0,31.0,43.0,30.4,30.3,27.2,21.7,21.7,14.5,20.7,31.6
La Cauchie (62158),/management/ville/la-cauchie/ville-62216,0.0,10.0,10.0,15.0,24.0,49.0,40.0,56.0,22.0,35.0,14.3,37.2,53.2,19.0,11.7,17.9,20.8,25.6
Écardenville-la-Campagne (27170),/management/ville/ecardenville-la-campagne/ville-27210,10.0,25.0,25.0,60.0,30.0,60.0,96.0,101.0,61.0,52.0,26.9,35.1,39.7,23.9,19.9,19.5,13.5,20.1
Estarvielle (65240),/management/ville/estarvielle/ville-65171,5.0,0.0,0.0,0.0,5.0,9.0,6.0,8.0,9.0,6.0,13.3,31.3,40.0,17.6,46.7,12.5,0.0,37.5
Demigny (71150),/management/ville/demigny/ville-71170,20.0,40.0,80.0,255.0,235.0,225.0,320.0,433.0,241.0,293.0,20.1,29.4,40.6,25.0,18.6,18.8,20.7,24.7
Hagondange (57300),/management/ville/hagondange/ville-57283,0.0,155.0,611.0,1247.0,1520.0,1009.0,2075.0,2228.0,1076.0,1737.0,23.3,34.4,36.2,24.1,14.9,15.3,25.6,23.3
Huisseau-en-Beauce (41310),/management/ville/huisseau-en-beauce/ville-41103,5.0,5.0,10.0,35.0,74.0,85.0,80.0,123.0,56.0,55.0,22.4,28.5,48.7,27.2,15.4,20.3,13.5,21.5
Le Faouët (56320),/management/ville/le-faouet/ville-56057,20.0,105.0,70.0,208.0,343.0,340.0,917.0,658.0,357.0,339.0,32.8,46.9,36.9,20.8,16.2,15.3,14.2,15.6
Fréchendets (65130),/management/ville/frechendets/ville-65179,6.0,0.0,0.0,0.0,6.0,0.0,3.0,8.0,7.0,8.0,14.3,10.0,42.9,22.2,21.4,30.0,21.4,40.0
Kaysersberg Vignoble (68240),/management/ville/kaysersberg-vignoble/ville-68162,57.0,161.0,322.0,598.0,588.0,499.0,728.0,1062.0,650.0,1179.0,15.4,24.3,34.0,23.6,17.6,18.3,33.0,32.2
Fargues (33210),/management/ville/fargues/ville-33164,5.0,29.0,83.0,211.0,226.0,157.0,375.0,346.0,209.0,306.0,27.0,33.5,30.9,23.4,16.3,17.5,25.8,23.8
Geville (55200),/management/ville/geville/ville-55258,25.0,10.0,30.0,86.0,50.0,106.0,90.0,139.0,91.0,121.0,15.9,24.8,40.9,23.0,16.4,24.8,26.8,28.0
Lechâtelet (21250),/management/ville/lechatelet/ville-21344,0.0,5.0,10.0,10.0,25.0,45.0,54.0,60.0,32.0,27.0,32.2,30.1,36.7,29.7,14.4,22.9,16.7,14.5
Lavalette (34700),/management/ville/lavalette/ville-34133,0.0,0.0,10.0,15.0,0.0,10.0,10.0,15.0,9.0,10.0,25.0,20.0,41.7,23.8,20.8,20.0,12.5,35.0
4
Gouillons (28310),/management/ville/gouillons/ville-28184,10.0,5.0,10.0,39.0,64.0,59.0,68.0,71.0,52.0,49.0,27.2,29.1,35.2,23.5,19.2,24.8,18.4,23.1
Flagey-lès-Auxonne (21130),/management/ville/flagey-les-auxonne/ville-21268,10.0,0.0,10.0,25.0,20.0,46.0,41.0,40.0,25.0,37.0,24.3,32.9,35.7,20.3,14.3,21.4,25.7,25.7
La Caunette (34210),/management/ville/la-caunette/ville-34059,27.0,24.0,0.0,27.0,35.0,32.0,75.0,63.0,45.0,70.0,29.3,30.0,30.1,18.9,18.0,17.5,22.6,33.3
Démouville (14840),/management/ville/demouville/ville-14221,5.0,25.0,152.0,319.0,546.0,263.0,717.0,836.0,371.0,527.0,27.2,31.0,38.8,26.3,14.4,15.7,19.6,23.2
Hendecourt-lès-Ransart (62175),/management/ville/hendecourt-les-ransart/ville-62425,5.0,0.0,5.0,20.0,15.0,10.0,24.0,18.0,26.0,24.0,22.7,29.2,25.0,16.3,31.8,25.0,20.5,31.3
Le Fau (15140),/management/ville/le-fau/ville-15067,0.0,0.0,0.0,0.0,0.0,0.0,15.0,6.0,6.0,2.0,52.9,50.0,17.6,23.1,23.5,16.7,5.9,8.3
La Favière (39250),/management/ville/la-faviere/ville-39221,13.0,0.0,0.0,0.0,4.0,4.0,3.0,7.0,3.0,4.0,9.1,33.3,54.5,12.5,18.2,22.2,18.2,33.3
Jarcieu (38270),/management/ville/jarcieu/ville-38198,20.0,30.0,54.0,110.0,109.0,124.0,259.0,219.0,137.0,154.0,30.8,36.3,34.3,21.7,18.0,17.7,16.9,23.1
Léchelle (62124),/management/ville/lechelle/ville-62494,0.0,0.0,0.0,5.0,25.0,5.0,16.0,10.0,5.0,7.0,40.0,44.4,30.0,22.2,5.0,22.2,25.0,11.1
Le Pin (17210),/management/ville/le-pin/ville-17276,5.0,5.0,5.0,0.0,5.0,10.0,33.0,12.0,12.0,8.0,37.9,61.1,24.1,13.9,24.1,13.9,13.8,11.1
Dompierre-sur-Charente (17610),/management/ville/dompierre-sur-charente/ville-17141,15.0,10.0,20.0,25.0,93.0,62.0,105.0,110.0,68.0,70.0,25.6,33.9,40.1,21.5,19.8,18.9,14.5,25.0
Lagrave (81150),/management/ville/lagrave/ville-81131,10.0,109.0,119.0,326.0,272.0,183.0,328.0,384.0,341.0,556.0,20.0,20.8,27.4,20.8,20.0,22.4,32.6,36.4
Leyviller (57660),/management/ville/leyviller/ville-57398,0.0,10.0,35.0,55.0,70.0,65.0,117.0,120.0,61.0,74.0,23.1,39.5,41.4,22.1,15.1,17.8,20.4,19.5
Ganges (34190),/management/ville/ganges/ville-34111,20.0,153.0,79.0,376.0,500.0,272.0,1242.0,740.0,549.0,596.0,34.5,43.7,29.0,19.3,16.6,18.3,19.8,18.5
La Vernelle (36600),/management/ville/la-vernelle/ville-36233,5.0,25.0,15.0,40.0,105.0,135.0,200.0,239.0,82.0,48.0,30.0,39.8,51.1,29.0,11.1,17.4,7.8,9.0
Écausseville (50310),/management/ville/ecausseville/ville-50169,10.0,5.0,0.0,10.0,15.0,0.0,19.0,26.0,8.0,14.0,22.9,34.4,48.6,24.3,11.4,12.5,17.1,25.0
La Neuville-au-Pont (51800),/management/ville/la-neuville-au-pont/ville-51399,15.0,0.0,10.0,60.0,70.0,65.0,137.0,148.0,58.0,64.0,30.0,36.7,38.9,27.8,17.4,11.6,13.7,17.7
Épinac (71360),/management/ville/epinac/ville-71190,20.0,90.0,55.0,164.0,269.0,344.0,763.0,563.0,249.0,220.0,35.4,48.4,40.4,21.8,12.3,15.2,11.8,12.7
Fontenay-sous-Bois (94120),/management/ville/fontenay-sous-bois/ville-94033,0.0,1242.0,7737.0,7084.0,7327.0,3327.0,9668.0,5931.0,5856.0,15838.0,24.7,27.0,17.6,14.6,16.0,15.4,41.7,43.2
Estavar (66800),/management/ville/estavar/ville-66072,5.0,21.0,35.0,40.0,76.0,56.0,84.0,84.0,80.0,98.0,23.3,25.4,30.8,19.1,21.5,24.3,24.4,32.4
Lavallée (55260),/management/ville/lavallee/ville-55282,0.0,5.0,10.0,0.0,15.0,20.0,20.0,18.0,8.0,19.0,30.0,31.4,36.7,17.9,16.7,8.6,16.7,40.0
Huisseau-sur-Cosson (41350),/management/ville/huisseau-sur-cosson/ville-41104,5.0,85.0,125.0,345.0,335.0,145.0,387.0,520.0,311.0,467.0,21.2,24.6,34.7,24.8,19.5,17.4,24.5,30.7
Hénencourt (80300),/management/ville/henencourt/ville-80429,5.0,20.0,0.0,10.0,40.0,35.0,52.0,44.0,29.0,15.0,33.3,40.0,39.1,23.6,20.3,21.4,7.2,14.3
Lagruère (47400),/management/ville/lagruere/ville-47130,11.0,0.0,5.0,37.0,32.0,27.0,99.0,86.0,37.0,40.0,38.1,37.0,34.9,27.5,11.1,17.8,15.9,14.1
Gouise (03340),/management/ville/gouise/ville-03124,20.0,0.0,15.0,20.0,10.0,20.0,42.0,59.0,26.0,42.0,25.3,24.4,40.7,25.6,13.2,17.9,20.9,29.5
Fargues (40500),/management/ville/fargues/ville-40099,10.0,5.0,5.0,45.0,44.0,30.0,74.0,83.0,46.0,53.0,21.0,35.8,40.3,23.5,19.3,16.8,19.3,21.9
Gevingey (39570),/management/ville/gevingey/ville-39251,10.0,20.0,30.0,40.0,70.0,40.0,77.0,113.0,48.0,77.0,23.4,25.6,39.0,28.4,12.3,18.1,25.3,23.8
Gannat (03800),/management/ville/gannat/ville-03118,30.0,160.0,195.0,470.0,711.0,740.0,1601.0,1350.0,705.0,840.0,30.5,39.9,38.3,21.6,15.5,15.8,15.7,21.2
Flagey-Rigney (25640),/management/ville/flagey-rigney/ville-25242,0.0,0.0,5.0,5.0,25.0,15.0,20.0,28.0,12.0,17.0,22.0,31.4,41.5,24.4,19.5,11.4,17.1,28.6
Lez-Fontaine (59740),/management/ville/lez-fontaine/ville-59342,20.0,0.0,0.0,25.0,35.0,20.0,35.0,50.0,32.0,58.0,10.0,31.3,38.9,17.3,17.8,19.3,33.3,32.5
La Vernotte (70130),/management/ville/la-vernotte/ville-70549,5.0,0.0,5.0,16.0,5.0,11.0,31.0,8.0,6.0,7.0,54.2,64.3,29.2,4.3,0.0,21.4,16.7,10.7
Haguenau (67500),/management/ville/haguenau/ville-67180,9.0,830.0,2007.0,3942.0,5553.0,4763.0,7064.0,7894.0,4562.0,6538.0,22.5,31.5,33.5,24.5,18.8,16.3,25.2,25.0
Fréchet-Aure (65240),/management/ville/frechet-aure/ville-65180,0.0,0.0,0.0,5.0,5.0,0.0,2.0,3.0,2.0,4.0,0.0,25.0,33.3,22.2,33.3,12.5,33.3,37.5
Lannoy-Cuillère (60220),/management/ville/lannoy-cuillere/ville-60347,20.0,5.0,5.0,25.0,30.0,55.0,67.0,68.0,42.0,32.0,25.2,39.2,43.9,20.4,20.6,19.6,10.3,20.6
Jard-sur-Mer (85520),/management/ville/jard-sur-mer/ville-85114,5.0,105.0,70.0,115.0,160.0,130.0,852.0,764.0,368.0,441.0,28.4,40.6,36.8,24.2,15.2,15.2,19.6,17.1
Grignoncourt (88410),/management/ville/grignoncourt/ville-88220,0.0,5.0,0.0,15.0,0.0,5.0,14.0,5.0,5.0,8.0,26.7,58.8,26.7,6.7,13.3,17.6,33.3,17.6
Les Issards (09100),/management/ville/les-issards/ville-09145,5.0,10.0,25.0,49.0,30.0,15.0,45.0,63.0,28.0,44.0,22.3,28.4,43.6,23.2,13.8,17.0,20.2,29.5
Le Fauga (31410),/management/ville/le-fauga/ville-31181,5.0,87.0,110.0,333.0,301.0,191.0,315.0,403.0,283.0,400.0,22.0,23.1,33.4,23.2,20.4,19.9,24.1,32.8
Kédange-sur-Canner (57920),/management/ville/kedange-sur-canner/ville-57358,0.0,10.0,62.0,156.0,138.0,154.0,247.0,242.0,137.0,184.0,25.2,35.3,34.4,23.4,18.5,15.4,21.9,23.5
Léchelle (77171),/management/ville/lechelle/ville-77246,15.0,15.0,45.0,65.0,111.0,45.0,136.0,115.0,60.0,92.0,30.6,36.8,35.7,20.4,14.3,15.7,19.4,26.0
Fontenay-sous-Fouronnes (89660),/management/ville/fontenay-sous-fouronnes/ville-89177,0.0,0.0,0.0,10.0,5.0,5.0,15.0,26.0,4.0,12.0,18.5,34.5,63.0,23.5,3.7,10.3,14.8,27.6
Dému (32190),/management/ville/demu/ville-32115,15.0,10.0,15.0,35.0,55.0,30.0,114.0,71.0,54.0,55.0,37.2,40.0,28.4,20.6,14.2,22.8,20.3,17.2
Écauville (27110),/management/ville/ecauville/ville-27212,0.0,5.0,5.0,10.0,10.0,20.0,24.0,23.0,14.0,14.0,42.5,20.0,25.0,32.5,15.0,22.9,17.5,20.0
La Faye (16700),/management/ville/la-faye/ville-16136,16.0,5.0,27.0,59.0,80.0,102.0,175.0,168.0,72.0,84.0,32.2,38.1,41.6,23.4,12.2,16.8,14.1,19.7
Le Pin (30330),/management/ville/le-pin/ville-30196,0.0,15.0,36.0,60.0,51.0,45.0,79.0,76.0,58.0,92.0,27.5,24.7,25.5,23.0,18.1,19.5,28.9,31.8
La Neuville-aux-Bois (51330),/management/ville/la-neuville-aux-bois/ville-51397,0.0,5.0,0.0,21.0,21.0,5.0,54.0,33.0,17.0,18.0,37.3,51.6,27.1,23.1,23.7,3.2,11.9,16.1
La Caure (51270),/management/ville/la-caure/ville-51100,0.0,0.0,0.0,5.0,19.0,24.0,20.0,29.0,12.0,12.0,31.6,25.0,36.8,32.6,15.8,19.4,15.8,16.7
Esteil (63570),/management/ville/esteil/ville-63156,5.0,0.0,0.0,0.0,10.0,0.0,22.0,21.0,5.0,9.0,40.7,36.7,40.7,27.0,7.4,10.0,11.1,20.0
Dompierre-sur-Helpe (59440),/management/ville/dompierre-sur-helpe/ville-59177,10.0,25.0,20.0,96.0,56.0,127.0,224.0,211.0,110.0,119.0,27.4,39.5,38.9,23.2,16.2,17.2,17.4,18.3
Lavancia-Epercy (01590),/management/ville/lavancia-epercy/ville-39283,5.0,10.0,31.0,98.0,67.0,134.0,122.0,196.0,84.0,104.0,21.4,27.2,41.4,30.5,14.7,18.8,22.6,18.4
Laguenne-sur-Avalouze (19150),/management/ville/laguenne-sur-avalouze/ville-19101,10.0,25.0,70.0,219.0,219.0,149.0,332.0,398.0,236.0,236.0,22.3,32.1,38.0,26.2,20.8,18.7,19.0,20.3
Gevresin (25270),/management/ville/gevresin/ville-25270,5.0,0.0,10.0,5.0,5.0,5.0,24.0,17.0,23.0,21.0,23.3,33.3,27.9,14.3,25.6,28.6,23.3,26.2
Huisseau-sur-Mauves (45130),/management/ville/huisseau-sur-mauves/ville-45167,20.0,60.0,114.0,208.0,214.0,164.0,335.0,421.0,210.0,329.0,21.5,30.2,39.0,23.8,15.8,16.5,23.7,27.3
Goujounac (46250),/management/ville/goujounac/ville-46126,5.0,25.0,10.0,40.0,25.0,5.0,58.0,44.0,42.0,45.0,30.1,31.3,28.0,18.6,26.9,17.7,15.1,32.3
Épinal (88000),/management/ville/epinal/ville-88160,5.0,722.0,1902.0,3413.0,4516.0,2828.0,7581.0,5626.0,3656.0,6375.0,28.2,36.4,28.0,20.0,15.3,16.1,28.5,26.5
Fargues-Saint-Hilaire (33370),/management/ville/fargues-saint-hilaire/ville-33165,15.0,140.0,240.0,450.0,400.0,195.0,505.0,583.0,398.0,718.0,20.8,24.8,30.1,22.2,18.1,18.0,31.0,33.9
Hengwiller (67440),/management/ville/hengwiller/ville-67190,0.0,0.0,5.0,20.0,50.0,40.0,40.0,51.0,19.0,42.0,22.5,30.6,38.8,24.1,12.5,12.5,26.3,29.2
Flagnac (12300),/management/ville/flagnac/ville-12101,0.0,45.0,50.0,115.0,110.0,95.0,258.0,263.0,157.0,166.0,27.2,33.6,37.4,24.1,16.5,20.7,18.9,20.5
Gannay-sur-Loire (03230),/management/ville/gannay-sur-loire/ville-03119,10.0,25.0,5.0,65.0,30.0,35.0,112.0,97.0,60.0,60.0,27.5,39.5,42.5,19.2,14.4,21.5,15.7,20.3
Lézan (30350),/management/ville/lezan/ville-30147,5.0,65.0,60.0,190.0,215.0,130.0,345.0,315.0,208.0,270.0,30.2,30.4,30.6,23.8,16.3,20.1,22.9,24.5
La Verpillière (38290),/management/ville/la-verpilliere/ville-38537,0.0,158.0,456.0,923.0,813.0,954.0,1537.0,1237.0,879.0,1306.0,27.6,34.3,28.4,20.7,18.0,17.4,26.0,26.7
Les Istres-et-Bury (51190),/management/ville/les-istres-et-bury/ville-51302,0.0,10.0,0.0,0.0,10.0,26.0,24.0,25.0,14.0,12.0,25.7,36.8,42.9,23.1,17.1,21.1,14.3,18.4
1
Keffenach (67250),/management/ville/keffenach/ville-67232,0.0,0.0,20.0,15.0,24.0,64.0,40.0,57.0,30.0,26.0,16.5,35.5,46.8,24.4,21.5,18.4,15.2,19.7
.3
Démuin (80110),/management/ville/demuin/ville-80237,5.0,5.0,31.0,102.0,82.0,54.0,87.0,107.0,64.0,87.0,20.9,29.7,38.4,22.9,16.9,19.8,23.8,26.7
Haigneville (54290),/management/ville/haigneville/ville-54245,0.0,0.0,5.0,9.0,5.0,9.0,13.0,10.0,6.0,6.0,41.2,35.0,35.3,22.7,17.6,15.0,5.9,25.0
La Fère (02800),/management/ville/la-fere/ville-02304,5.0,68.0,56.0,249.0,445.0,415.0,924.0,536.0,305.0,297.0,40.8,47.8,30.8,20.9,13.9,15.4,14.4,14.4
Fréchou (47600),/management/ville/frechou/ville-47103,10.0,10.0,24.0,20.0,20.0,5.0,58.0,43.0,26.0,55.0,25.0,38.0,33.0,14.4,12.5,16.3,29.5,31.5
Grigny (62140),/management/ville/grigny/ville-62388,0.0,5.0,15.0,15.0,45.0,35.0,83.0,82.0,26.0,37.0,27.0,45.3,45.0,23.0,14.4,8.5,13.5,18.8
5.5,44.2,20.6,21.7,21.7,15.2,22.5
Jardin (38200),/management/ville/jardin/ville-38199,11.0,74.0,191.0,280.0,258.0,156.0,470.0,398.0,302.0,519.0,24.9,30.6,28.5,18.6,18.6,17.2,28.0,33.3
La Cavalerie (12230),/management/ville/la-cavalerie/ville-12063,15.0,30.0,35.0,110.0,245.0,111.0,213.0,218.0,173.0,166.0,24.4,31.0,35.9,21.1,20.4,24.7,19.2,24.2
Le Pin (39210),/management/ville/le-pin/ville-39421,0.0,5.0,25.0,37.0,44.0,9.0,36.0,50.0,44.0,66.0,20.6,16.3,23.7,26.2,22.7,22.4,33.0,33.7
Esténos (31440),/management/ville/estenos/ville-31176,0.0,25.0,10.0,10.0,35.0,10.0,43.0,52.0,24.0,23.0,25.4,35.2,45.1,26.0,14.1,19.7,15.5,16.9
Dompierre-sur-Mer (17139),/management/ville/dompierre-sur-mer/ville-17142,30.0,181.0,386.0,696.0,762.0,429.0,1053.0,1195.0,775.0,1088.0,23.0,27.9,33.4,23.8,18.4,19.3,25.2,27.6
Fontenay-sur-Conie (28140),/management/ville/fontenay-sur-conie/ville-28157,10.0,5.0,5.0,15.0,15.0,5.0,35.0,30.0,16.0,26.0,30.9,34.6,32.7,21.8,12.7,17.3,23.6,25.0
Lavangeot (39700),/management/ville/lavangeot/ville-39284,0.0,5.0,5.0,14.0,29.0,19.0,31.0,45.0,15.0,17.0,23.2,33.3,44.6,28.6,21.4,7.4,10.7,22.2
Fargues-sur-Ourbise (47700),/management/ville/fargues-sur-ourbise/ville-47093,5.0,25.0,29.0,20.0,44.0,40.0,102.0,73.0,51.0,55.0,33.3,39.0,31.2,19.9,19.1,17.0,16.3,23.4
Épinay-Champlâtreux (95270),/management/ville/epinay-champlatreux/ville-95214,0.0,5.0,15.0,5.0,5.0,0.0,10.0,10.0,11.0,17.0,27.3,15.4,18.2,23.1,22.7,23.1,31.8,38.5
Goulien (29770),/management/ville/goulien/ville-29063,30.0,20.0,5.0,60.0,45.0,40.0,104.0,88.0,75.0,77.0,23.3,36.5,30.7,20.7,24.5,19.3,21.5,23.2
Laguépie (82250),/management/ville/laguepie/ville-82088,0.0,35.0,20.0,40.0,60.0,50.0,186.0,146.0,99.0,109.0,30.5,37.8,31.7,22.1,17.9,18.7,19.9,20.4
Lézardrieux (22740),/management/ville/lezardrieux/ville-22127,15.0,75.0,80.0,85.0,170.0,90.0,348.0,340.0,209.0,302.0,20.7,35.7,32.7,23.0,17.9,17.0,28.6,22.4
Hénin-Beaumont (62110),/management/ville/henin-beaumont/ville-62427,22.0,395.0,855.0,2694.0,3784.0,3147.0,6736.0,4861.0,3341.0,3560.0,29.7,42.2,32.3,20.5,18.1,18.0,19.9,18.7
Hulluch (62410),/management/ville/hulluch/ville-62464,10.0,65.0,85.0,391.0,551.0,470.0,813.0,746.0,391.0,475.0,28.2,38.3,38.0,22.5,15.9,16.3,17.9,21.2
Gannes (60120),/management/ville/gannes/ville-60268,0.0,0.0,10.0,56.0,31.0,41.0,76.0,76.0,40.0,55.0,24.6,36.9,34.1,23.9,18.3,13.9,23.0,22.1
Gevrey-Chambertin (21220),/management/ville/gevrey-chambertin/ville-21295,50.0,55.0,180.0,415.0,510.0,410.0,669.0,672.0,440.0,553.0,25.1,31.8,33.9,22.7,20.2,17.6,20.7,26.4
Flagy (70000),/management/ville/flagy/ville-70235,0.0,0.0,5.0,20.0,15.0,30.0,31.0,39.0,16.0,32.0,22.0,30.5,42.4,21.9,11.9,15.3,23.7,30.5
La Férée (08290),/management/ville/la-feree/ville-08167,5.0,0.0,10.0,5.0,10.0,5.0,30.0,9.0,13.0,15.0,41.7,46.7,13.9,12.9,27.8,10.0,16.7,30.0
Grigny (69520),/management/ville/grigny/ville-69096,0.0,179.0,423.0,1318.0,1358.0,1164.0,1943.0,1982.0,1270.0,1475.0,27.4,30.7,34.9,24.1,17.0,20.9,20.7,23.3
Fontenay-sur-Eure (28630),/management/ville/fontenay-sur-eure/ville-28158,5.0,33.0,109.0,133.0,90.0,109.0,106.0,235.0,111.0,234.0,14.3,16.6,39.7,26.2,13.7,18.9,32.4,35.8
Haillainville (88330),/management/ville/haillainville/ville-88228,10.0,0.0,10.0,10.0,10.0,25.0,45.0,39.0,21.0,17.0,30.6,43.3,41.9,20.6,17.7,16.7,9.7,18.3
Les Junies (46150),/management/ville/les-junies/ville-46134,10.0,5.0,5.0,10.0,55.0,40.0,72.0,54.0,39.0,44.0,29.0,39.4,33.0,19.1,19.0,18.3,19.0,22.9
Lécousse (35133),/management/ville/lecousse/ville-35150,25.0,50.0,161.0,368.0,378.0,343.0,747.0,771.0,360.0,547.0,28.3,33.2,37.1,24.0,14.7,15.0,19.9,25.0
Eccles (59740),/management/ville/eccles/ville-59186,0.0,0.0,10.0,10.0,5.0,0.0,23.0,16.0,10.0,20.0,28.6,38.2,22.9,21.1,17.1,11.8,31.4,26.5
Lano (20244),/management/ville/lano/ville-2B137,3.0,2.0,1.0,1.0,1.0,3.0,12.0,6.0,3.0,4.0,53.3,40.0,20.0,25.0,13.3,10.0,13.3,20.0
Le Pin (44540),/management/ville/le-pin/ville-44124,36.0,20.0,5.0,31.0,107.0,143.0,180.0,192.0,95.0,93.0,30.6,33.8,38.2,27.0,15.6,18.4,15.6,17.6
La Celette (18360),/management/ville/la-celette/ville-18041,15.0,5.0,0.0,10.0,25.0,15.0,56.0,30.0,26.0,22.0,42.9,40.6,24.3,20.3,18.6,20.3,14.3,18.8
Le Favril (27230),/management/ville/le-favril/ville-27237,10.0,10.0,5.0,30.0,20.0,15.0,29.0,53.0,22.0,23.0,24.2,21.3,45.5,32.9,12.1,23.0,18.2,18.0
Fréchou-Fréchet (65190),/management/ville/frechou-frechet/ville-65181,0.0,5.0,5.0,10.0,10.0,46.0,19.0,35.0,18.0,39.0,16.1,18.9,39.3,21.4,16.1,17.0,28.6,41.5
Estensan (65170),/management/ville/estensan/ville-65172,0.0,0.0,0.0,10.0,5.0,0.0,7.0,12.0,5.0,5.0,31.3,15.4,31.3,38.9,18.8,15.4,18.8,15.4
Kembs (68680),/management/ville/kembs/ville-68163,5.0,157.0,372.0,757.0,774.0,746.0,836.0,1351.0,621.0,1068.0,17.2,25.7,40.7,26.1,15.0,17.0,27.1,28.0
Jardres (86800),/management/ville/jardres/ville-86114,5.0,20.0,90.0,190.0,230.0,75.0,190.0,272.0,165.0,258.0,19.3,23.7,35.9,24.2,16.9,20.5,27.9,30.4
La Neuville-aux-Larris (51480),/management/ville/la-neuville-aux-larris/ville-51398,30.0,14.0,5.0,4.0,0.0,19.0,38.0,47.0,25.0,12.0,23.3,39.3,46.7,27.3,20.0,21.3,10.0,9.8
Denain (59220),/management/ville/denain/ville-59172,3.0,253.0,238.0,1084.0,2169.0,2891.0,6259.0,3830.0,1826.0,1494.0,41.1,51.5,33.4,22.0,13.6,13.7,11.9,10.5
La Verrière (78320),/management/ville/la-verriere/ville-78644,0.0,82.0,417.0,763.0,867.0,681.0,1574.0,886.0,664.0,962.0,38.8,38.3,23.6,19.4,14.8,17.7,22.8,24.2
Dompierre-sur-Mont (39270),/management/ville/dompierre-sur-mont/ville-39200,11.0,11.0,5.0,37.0,37.0,32.0,34.0,55.0,50.0,46.0,17.2,19.4,29.0,27.6,35.5,18.3,18.3,31.2
Hénin-sur-Cojeul (62128),/management/ville/henin-sur-cojeul/ville-62428,0.0,10.0,25.0,117.0,61.0,46.0,62.0,110.0,85.0,125.0,14.7,17.6,33.7,24.1,20.0,24.9,31.6,33.7
Lavannes (51110),/management/ville/lavannes/ville-51318,21.0,5.0,74.0,58.0,58.0,11.0,68.0,116.0,72.0,183.0,13.4,17.4,28.7,22.2,18.2,14.8,39.7,43.5
Hultehouse (57820),/management/ville/hultehouse/ville-57339,5.0,5.0,25.0,30.0,60.0,65.0,74.0,106.0,54.0,54.0,20.1,31.3,44.4,26.6,18.1,19.4,17.4,20.1
Laguian-Mazous (32170),/management/ville/laguian-mazous/ville-32181,9.0,10.0,0.0,47.0,18.0,27.0,97.0,52.0,22.0,34.0,44.3,50.5,28.9,19.3,11.3,10.3,15.5,17.8
Goulles (19430),/management/ville/goulles/ville-19086,10.0,5.0,5.0,10.0,44.0,30.0,110.0,69.0,31.0,49.0,37.5,47.6,32.4,18.7,11.8,12.1,18.4,20.2
Farincourt (52500),/management/ville/farincourt/ville-52195,5.0,0.0,0.0,0.0,0.0,9.0,19.0,13.0,3.0,1.0,41.2,61.1,41.2,26.1,11.8,5.6,5.9,0.0
Gans (33430),/management/ville/gans/ville-33180,5.0,25.0,5.0,15.0,30.0,25.0,40.0,52.0,29.0,32.0,24.3,27.7,40.0,25.8,21.4,16.9,14.3,26.5
Épinay-sous-Sénart (91860),/management/ville/epinay-sous-senart/ville-91215,0.0,133.0,563.0,1246.0,2386.0,1377.0,2685.0,1851.0,1624.0,1910.0,31.9,34.4,25.0,21.0,19.7,20.5,23.3,23.9
Lézat-sur-Lèze (09210),/management/ville/lezat-sur-leze/ville-09167,40.0,60.0,70.0,244.0,264.0,309.0,662.0,492.0,269.0,353.0,33.5,40.7,33.6,20.8,15.4,15.0,17.4,22.0
Gevrolles (21520),/management/ville/gevrolles/ville-21296,15.0,0.0,0.0,5.0,25.0,45.0,46.0,56.0,18.0,20.0,34.2,31.3,41.1,29.5,17.8,7.5,6.8,22.4
Hailles (80440),/management/ville/hailles/ville-80405,0.0,10.0,25.0,80.0,75.0,35.0,81.0,79.0,45.0,97.0,22.1,31.4,33.6,18.6,12.8,17.0,31.5,32.7
Jargeau (45150),/management/ville/jargeau/ville-45173,10.0,129.0,318.0,611.0,497.0,591.0,814.0,898.0,574.0,1034.0,20.3,28.4,33.1,20.7,16.9,17.6,29.7,32.5
Lecques (30250),/management/ville/lecques/ville-30144,5.0,25.0,40.0,76.0,45.0,35.0,80.0,68.0,62.0,103.0,26.5,24.5,24.5,18.6,21.9,17.6,27.2,39.0
La Fermeté (58160),/management/ville/la-fermete/ville-58112,16.0,32.0,16.0,80.0,96.0,112.0,105.0,179.0,103.0,118.0,17.5,24.3,42.7,26.1,20.7,20.1,19.1,27.4
Kemplich (57920),/management/ville/kemplich/ville-57359,0.0,10.0,15.0,20.0,25.0,20.0,35.0,39.0,18.0,30.0,24.6,32.8,37.7,24.2,11.5,18.0,26.2,23.0
Grigny (91350),/management/ville/grigny/ville-91286,0.0,473.0,516.0,2050.0,4365.0,3845.0,7602.0,3487.0,2977.0,3041.0,44.2,44.7,21.2,19.2,17.2,17.6,17.4,18.1
Le Pin (77181),/management/ville/le-pin/ville-77363,5.0,30.0,127.0,278.0,222.0,118.0,289.0,259.0,211.0,254.0,27.5,29.5,32.1,19.8,19.7,22.1,20.7,29.3
Le Favril (28190),/management/ville/le-favril/ville-28148,5.0,0.0,24.0,24.0,44.0,63.0,66.0,84.0,49.0,65.0,24.3,25.6,35.3,25.7,19.9,17.1,20.6,28.7
Lanobre (15270),/management/ville/lanobre/ville-15092,35.0,65.0,45.0,135.0,140.0,200.0,418.0,388.0,216.0,181.0,26.6,42.6,41.7,22.2,16.9,19.0,14.8,15.2
Fontenay-sur-Loing (45210),/management/ville/fontenay-sur-loing/ville-45148,0.0,55.0,50.0,140.0,265.0,230.0,414.0,445.0,189.0,203.0,29.7,36.4,42.3,26.0,12.4,17.8,15.6,16.9
Flagy (71250),/management/ville/flagy/ville-71199,19.0,5.0,10.0,10.0,15.0,5.0,37.0,26.0,22.0,39.0,26.6,33.3,26.6,15.8,17.2,20.0,29.7,31.7
La Celle (03600),/management/ville/la-celle/ville-03047,50.0,50.0,10.0,15.0,50.0,35.0,84.0,144.0,49.0,56.0,22.9,27.5,48.8,31.5,11.4,18.0,16.9,16.8
Frécourt (52360),/management/ville/frecourt/ville-52207,0.0,0.0,0.0,5.0,10.0,35.0,31.0,25.0,9.0,15.0,34.1,43.6,36.6,22.7,9.8,12.8,19.5,17.9
Échalas (69700),/management/ville/echalas/ville-69080,5.0,80.0,120.0,270.0,175.0,145.0,456.0,224.0,298.0,285.0,38.6,33.7,19.1,17.7,23.8,23.4,18.6,26.3
Estérençuby (64220),/management/ville/esterencuby/ville-64218,60.0,26.0,5.0,10.0,50.0,26.0,134.0,84.0,39.0,21.0,47.3,49.2,35.3,22.3,12.7,15.6,4.7,10.9
Lavans-lès-Dole (39700),/management/ville/lavans-les-dole/ville-39285,0.0,25.0,0.0,20.0,40.0,69.0,48.0,89.0,46.0,53.0,17.4,23.0,40.0,30.6,20.9,18.0,21.7,23.0
Ganties (31160),/management/ville/ganties/ville-31208,10.0,15.0,10.0,25.0,35.0,25.0,81.0,65.0,48.0,61.0,29.9,33.9,33.6,17.2,17.2,20.7,19.4,28.9
Laguinge-Restoue (64470),/management/ville/laguinge-restoue/ville-64303,11.0,0.0,5.0,21.0,16.0,26.0,23.0,55.0,21.0,30.0,9.0,27.0,56.7,23.9,17.9,14.3,16.4,31.7
Gevry (39100),/management/ville/gevry/ville-39252,5.0,10.0,15.0,80.0,95.0,85.0,176.0,193.0,84.0,79.0,27.5,38.4,40.8,27.3,17.2,14.4,14.5,15.1
Dénat (81120),/management/ville/denat/ville-81079,25.0,40.0,55.0,106.0,101.0,81.0,141.0,159.0,102.0,170.0,21.6,27.7,38.2,18.3,14.5,21.1,25.8,33.6
La Versanne (42220),/management/ville/la-versanne/ville-42329,5.0,15.0,15.0,34.0,69.0,34.0,76.0,83.0,47.0,76.0,25.0,28.6,37.8,19.7,16.9,17.3,20.3,33.8
Dompierre-sur-Nièvre (58350),/management/ville/dompierre-sur-nievre/ville-58101,10.0,0.0,5.0,15.0,10.0,15.0,51.0,50.0,22.0,26.0,24.7,45.1,41.6,22.0,19.5,9.9,14.3,19.7
Humbauville (51320),/management/ville/humbauville/ville-51296,10.0,0.0,0.0,0.0,10.0,15.0,20.0,23.0,9.0,7.0,33.3,34.4,48.1,27.8,11.1,18.8,7.4,15.6
Épinay-sur-Duclair (76480),/management/ville/epinay-sur-duclair/ville-76237,19.0,5.0,20.0,75.0,80.0,95.0,87.0,131.0,74.0,72.0,23.0,25.6,43.7,26.6,17.5,23.3,15.8,23.3
Gouloux (58230),/management/ville/gouloux/ville-58129,15.0,10.0,5.0,10.0,20.0,35.0,57.0,44.0,30.0,26.0,35.0,37.7,38.8,17.8,16.3,22.1,10.0,23.4
Héninel (62128),/management/ville/heninel/ville-62426,0.0,5.0,15.0,25.0,15.0,39.0,50.0,33.0,18.0,36.0,32.4,40.3,29.4,18.4,11.8,13.9,26.5,26.4
La Neuville-Bosmont (02250),/management/ville/la-neuville-bosmont/ville-02545,5.0,0.0,0.0,15.0,31.0,15.0,60.0,23.0,28.0,27.0,46.4,42.4,18.8,14.5,20.3,19.7,14.5,24.2
Lezay (79120),/management/ville/lezay/ville-79148,46.0,137.0,61.0,107.0,142.0,178.0,796.0,459.0,195.0,229.0,41.6,52.6,33.2,19.9,13.1,10.2,12.2,14.9
Farinole (20253),/management/ville/farinole/ville-2B109,3.0,10.0,16.0,24.0,39.0,9.0,39.0,13.0,59.0,73.0,23.7,18.7,10.8,5.1,25.8,38.5,39.8,39.6
Les Landes-Genusson (85130),/management/ville/les-landes-genusson/ville-85119,83.0,44.0,44.0,324.0,250.0,456.0,522.0,557.0,321.0,360.0,23.4,36.1,40.0,21.9,18.6,17.9,18.0,23.0
Kerbach (57460),/management/ville/kerbach/ville-57360,0.0,25.0,100.0,170.0,130.0,125.0,185.0,331.0,157.0,261.0,14.8,24.5,42.4,26.5,13.5,20.0,29.4,26.6
Haillicourt (62940),/management/ville/haillicourt/ville-62400,5.0,92.0,92.0,414.0,665.0,644.0,1137.0,1196.0,651.0,570.0,25.1,38.2,41.2,24.7,18.6,18.1,15.1,16.9
La Ferrière (37110),/management/ville/la-ferriere/ville-37106,5.0,25.0,40.0,40.0,30.0,20.0,43.0,63.0,42.0,63.0,17.0,23.8,36.8,22.6,17.9,21.9,28.3,31.4
La Celle (18200),/management/ville/la-celle/ville-18042,5.0,15.0,30.0,35.0,70.0,50.0,98.0,93.0,45.0,40.0,33.6,37.4,42.3,23.3,15.3,17.3,8.8,20.1
Frédéric-Fontaine (70200),/management/ville/frederic-fontaine/ville-70254,5.0,5.0,15.0,25.0,25.0,40.0,45.0,65.0,33.0,42.0,22.4,26.4,43.9,24.2,15.3,20.7,18.4,27.6
Le Pin (79140),/management/ville/le-pin/ville-79210,5.0,15.0,64.0,148.0,93.0,217.0,249.0,249.0,155.0,151.0,28.3,34.0,37.1,23.1,17.9,20.9,16.7,21.4
Lanouaille (24270),/management/ville/lanouaille/ville-24227,20.0,60.0,10.0,85.0,151.0,131.0,350.0,257.0,115.0,131.0,36.0,45.5,38.0,21.5,12.6,14.1,13.4,16.9
Jarjayes (05130),/management/ville/jarjayes/ville-05068,34.0,5.0,34.0,29.0,39.0,29.0,64.0,68.0,69.0,111.0,24.4,16.7,26.9,17.9,20.5,23.7,28.2,42.9
Échallat (16170),/management/ville/echallat/ville-16123,20.0,15.0,5.0,70.0,75.0,45.0,110.0,107.0,72.0,87.0,23.9,34.2,36.1,20.8,20.0,18.4,20.0,26.0
Grillon (84600),/management/ville/grillon/ville-84053,35.0,66.0,66.0,136.0,222.0,187.0,421.0,400.0,237.0,325.0,26.5,34.1,34.6,22.3,16.6,17.6,22.3,24.6
Fontenay-sur-Mer (50310),/management/ville/fontenay-sur-mer/ville-50190,20.0,5.0,10.0,20.0,15.0,20.0,52.0,49.0,26.0,21.0,33.3,37.1,41.0,23.6,14.1,21.4,11.5,17.1
Flagy (77940),/management/ville/flagy/ville-77184,0.0,20.0,60.0,135.0,50.0,75.0,108.0,121.0,88.0,137.0,21.2,25.8,30.0,22.7,19.8,19.1,29.0,31.4
Épinay-sur-Odon (14310),/management/ville/epinay-sur-odon/ville-14241,5.0,10.0,15.0,106.0,96.0,74.0,117.0,147.0,67.0,123.0,26.3,25.3,37.3,24.5,14.5,15.1,21.9,32.0
Ganzeville (76400),/management/ville/ganzeville/ville-76298,5.0,15.0,26.0,36.0,87.0,71.0,115.0,106.0,60.0,79.0,27.1,36.4,39.5,19.4,15.3,18.5,18.1,25.5
Humbécourt (52290),/management/ville/humbecourt/ville-52244,0.0,47.0,16.0,109.0,93.0,124.0,171.0,195.0,104.0,115.0,27.4,31.1,34.9,27.2,20.5,15.0,17.1,22.2
La Vespière-Friardel (14290),/management/ville/la-vespiere-friardel/ville-14740,28.0,33.0,44.0,61.0,136.0,174.0,367.0,304.0,133.0,106.0,34.2,46.5,39.7,24.2,14.3,14.7,11.8,11.5
Dompierre-sur-Veyle (01240),/management/ville/dompierre-sur-veyle/ville-01145,5.0,50.0,60.0,115.0,219.0,134.0,253.0,248.0,161.0,192.0,25.6,33.6,35.8,21.5,18.4,19.5,20.2,24.9
La Neuville-Chant-d'Oisel (76520),/management/ville/la-neuville-chant-d-oisel/ville-76464,5.0,65.0,275.0,365.0,225.0,135.0,317.0,404.0,286.0,534.0,16.8,24.3,33.0,19.2,19.3,17.8,30.8,38.5
Farnay (42320),/management/ville/farnay/ville-42093,5.0,36.0,136.0,231.0,111.0,161.0,193.0,286.0,161.0,354.0,17.3,21.6,33.1,22.4,16.9,15.5,32.7,38.5
Goult (84220),/management/ville/goult/ville-84051,25.0,66.0,45.0,76.0,131.0,81.0,224.0,220.0,177.0,283.0,24.7,24.9,30.7,19.0,17.9,21.1,26.7,35.4
Le Favril (59550),/management/ville/le-favril/ville-59223,5.0,36.0,31.0,56.0,56.0,71.0,107.0,110.0,58.0,96.0,26.9,30.9,36.8,21.0,14.0,17.4,22.3,29.8
Les Laubies (48700),/management/ville/les-laubies/ville-48083,27.0,5.0,16.0,11.0,16.0,16.0,40.0,36.0,25.0,37.0,28.8,29.8,31.3,19.3,17.5,19.3,22.5,31.6
Gex (01170),/management/ville/gex/ville-01173,10.0,282.0,1322.0,1971.0,2449.0,1241.0,1622.0,2196.0,1695.0,3678.0,16.8,18.4,26.2,21.2,17.5,19.4,39.5,40.5
Laguiole (12210),/management/ville/laguiole/ville-12119,70.0,70.0,70.0,115.0,184.0,150.0,357.0,274.0,177.0,215.0,27.7,41.5,34.3,19.3,16.8,17.9,21.2,20.9
Lezennes (59260),/management/ville/lezennes/ville-59346,0.0,62.0,446.0,467.0,359.0,138.0,516.0,438.0,390.0,915.0,19.6,25.7,22.0,17.1,17.3,17.2,41.1,39.9
Denazé (53400),/management/ville/denaze/ville-53090,29.0,5.0,10.0,10.0,15.0,20.0,25.0,39.0,20.0,32.0,16.7,27.6,40.0,23.8,16.7,17.2,26.7,29.3
Lect (39260),/management/ville/lect/ville-39289,5.0,15.0,10.0,30.0,30.0,60.0,115.0,75.0,42.0,37.0,41.0,44.4,32.8,22.0,12.7,18.5,13.4,14.1
Lavans-lès-Saint-Claude (39170),/management/ville/lavans-les-saint-claude/ville-39286,0.0,16.0,113.0,289.0,248.0,434.0,687.0,546.0,271.0,362.0,32.1,41.3,36.2,20.8,14.6,14.5,17.1,21.7
Hennebont (56700),/management/ville/hennebont/ville-56083,20.0,335.0,723.0,1866.0,2018.0,2013.0,3370.0,3513.0,2136.0,2914.0,23.1,32.6,34.5,23.4,18.2,17.6,24.2,24.6
Esternay (51310),/management/ville/esternay/ville-51237,5.0,47.0,47.0,125.0,266.0,297.0,573.0,483.0,213.0,183.0,33.2,44.9,41.7,23.6,13.2,15.9,11.9,13.2
Kerbors (22610),/management/ville/kerbors/ville-22085,25.0,5.0,15.0,25.0,5.0,45.0,82.0,61.0,57.0,61.0,25.6,36.3,27.1,19.7,25.6,18.5,21.7,25.2
Haimps (17160),/management/ville/haimps/ville-17188,30.0,5.0,10.0,30.0,85.0,50.0,132.0,119.0,52.0,51.0,27.8,45.9,46.2,20.7,14.2,15.1,11.8,16.8
La Ferrière (85280),/management/ville/la-ferriere/ville-85089,31.0,118.0,216.0,683.0,744.0,834.0,1041.0,1109.0,694.0,912.0,24.8,30.5,34.7,23.0,19.0,18.0,21.5,27.0
Lanoux (09130),/management/ville/lanoux/ville-09151,0.0,0.0,5.0,5.0,0.0,5.0,4.0,12.0,7.0,14.0,9.5,12.5,42.9,21.4,9.5,31.3,38.1,37.5
Jarménil (88550),/management/ville/jarmenil/ville-88250,0.0,25.0,0.0,54.0,83.0,49.0,105.0,105.0,60.0,64.0,28.0,35.1,40.2,22.4,15.9,19.6,15.9,22.0
Grilly (01220),/management/ville/grilly/ville-01180,0.0,20.0,108.0,127.0,66.0,31.0,93.0,102.0,98.0,290.0,15.1,17.0,18.9,16.5,14.7,19.0,51.2,48.0
Fontenay-sur-Vègre (72350),/management/ville/fontenay-sur-vegre/ville-72136,15.0,10.0,10.0,71.0,50.0,45.0,50.0,73.0,60.0,46.0,16.4,27.9,35.3,27.2,26.7,25.2,21.6,18.9
Frédille (36180),/management/ville/fredille/ville-36080,10.0,0.0,0.0,0.0,5.0,5.0,13.0,25.0,12.0,7.0,21.4,24.1,53.6,31.3,17.9,24.1,7.1,17.2
Flaignes-Havys (08260),/management/ville/flaignes-havys/ville-08169,5.0,0.0,0.0,5.0,20.0,20.0,36.0,28.0,15.0,13.0,34.8,43.5,39.1,20.0,19.6,13.0,6.5,21.7
Échallon (01130),/management/ville/echallon/ville-01152,5.0,20.0,60.0,100.0,115.0,90.0,118.0,151.0,123.0,167.0,19.7,22.7,31.4,22.3,20.7,23.5,28.1,31.9
Épinay-sur-Orge (91360),/management/ville/epinay-sur-orge/ville-91216,0.0,195.0,1456.0,1743.0,1330.0,708.0,2058.0,1545.0,1341.0,3110.0,25.0,26.1,21.5,17.1,15.7,17.5,37.7,39.5
Dompierre-sur-Yon (85170),/management/ville/dompierre-sur-yon/ville-85081,25.0,96.0,291.0,628.0,568.0,538.0,573.0,994.0,556.0,876.0,17.3,21.0,37.9,26.1,17.5,19.7,27.4,31.0
La Veuve (51520),/management/ville/la-veuve/ville-51617,5.0,25.0,70.0,55.0,80.0,60.0,112.0,152.0,66.0,111.0,23.1,27.6,40.3,25.4,14.8,15.1,21.8,28.4
La Celle (63620),/management/ville/la-celle/ville-63064,10.0,10.0,0.0,10.0,15.0,5.0,27.0,28.0,11.0,11.0,28.9,40.5,50.0,21.6,7.9,21.6,13.2,16.2
Gap (05000),/management/ville/gap/ville-05061,90.0,1163.0,2253.0,4691.0,6777.0,3428.0,7998.0,7716.0,5706.0,9323.0,24.2,27.6,30.0,20.5,17.7,19.3,28.1,32.3
Humbercamps (62158),/management/ville/humbercamps/ville-62465,0.0,5.0,20.0,25.0,20.0,15.0,59.0,54.0,29.0,30.0,32.2,36.5,39.1,23.0,12.6,21.2,16.1,18.8
Goulven (29890),/management/ville/goulven/ville-29064,10.0,20.0,15.0,45.0,40.0,50.0,73.0,121.0,71.0,81.0,20.3,22.2,39.0,28.2,19.2,22.2,21.5,25.1
Le Pin (82340),/management/ville/le-pin/ville-82139,0.0,0.0,5.0,0.0,20.0,5.0,39.0,31.0,16.0,17.0,40.4,34.8,28.1,27.3,17.5,13.0,14.0,19.6
La Neuville-du-Bosc (27890),/management/ville/la-neuville-du-bosc/ville-27432,0.0,35.0,35.0,46.0,50.0,91.0,167.0,132.0,84.0,82.0,32.5,39.6,32.1,23.0,18.8,16.9,16.7,18.7
Farschviller (57450),/management/ville/farschviller/ville-57208,0.0,36.0,15.0,165.0,185.0,216.0,255.0,402.0,177.0,235.0,14.5,32.8,43.2,27.4,18.9,14.3,23.3,20.6
Geyssans (26750),/management/ville/geyssans/ville-26140,0.0,30.0,20.0,116.0,96.0,96.0,98.0,147.0,100.0,163.0,18.5,19.9,32.9,23.6,20.1,19.1,28.5,35.9
Lezéville (52230),/management/ville/lezeville/ville-52288,10.0,5.0,0.0,10.0,20.0,5.0,45.0,28.0,9.0,13.0,40.4,54.2,29.8,23.0,17.0,2.1,12.8,14.6
Lectoure (32700),/management/ville/lectoure/ville-32208,90.0,175.0,170.0,304.0,424.0,314.0,881.0,791.0,476.0,810.0,27.8,31.4,32.0,21.3,15.2,16.8,25.0,29.3
Esterre (65120),/management/ville/esterre/ville-65173,5.0,5.0,10.0,5.0,35.0,15.0,31.0,54.0,31.0,43.0,16.7,22.2,34.6,29.7,17.9,21.0,30.8,23.5
Kerfot (22500),/management/ville/kerfot/ville-22086,25.0,36.0,41.0,46.0,112.0,121.0,143.0,163.0,109.0,110.0,22.7,31.4,36.7,24.4,21.9,19.7,18.7,23.0
Le Fay (71580),/management/ville/le-fay/ville-71196,10.0,15.0,25.0,30.0,105.0,105.0,156.0,200.0,82.0,78.0,27.4,33.3,44.4,28.1,15.0,16.9,13.2,17.3
Lagupie (47180),/management/ville/lagupie/ville-47131,0.0,26.0,21.0,98.0,124.0,78.0,163.0,188.0,95.0,114.0,26.0,32.1,39.2,25.6,15.8,18.1,19.0,21.6
Lavans-Quingey (25440),/management/ville/lavans-quingey/ville-25330,0.0,11.0,0.0,44.0,27.0,22.0,14.0,36.0,33.0,50.0,11.1,11.3,33.3,22.2,18.1,32.3,37.5,37.1
Les Lèches (24400),/management/ville/les-leches/ville-24234,20.0,15.0,5.0,54.0,39.0,49.0,82.0,89.0,57.0,69.0,21.6,33.6,36.6,21.7,20.3,18.5,21.6,25.3
Lanquais (24150),/management/ville/lanquais/ville-24228,0.0,20.0,20.0,65.0,45.0,60.0,151.0,123.0,47.0,83.0,33.7,40.8,34.2,23.3,12.4,10.9,19.7,21.3
Denée (49190),/management/ville/denee/ville-49120,40.0,40.0,130.0,160.0,230.0,180.0,236.0,285.0,189.0,307.0,21.7,24.7,32.0,22.8,18.9,18.3,27.4,32.9
La Ferrière-Airoux (86160),/management/ville/la-ferriere-airoux/ville-86097,5.0,10.0,5.0,15.0,30.0,65.0,74.0,93.0,32.0,43.0,23.4,38.6,47.7,24.4,13.3,13.2,15.6,20.2
Fontenay-Torcy (60380),/management/ville/fontenay-torcy/ville-60244,0.0,10.0,5.0,10.0,35.0,25.0,34.0,26.0,16.0,19.0,33.3,38.0,35.6,20.4,11.1,22.0,20.0,20.0
Grimaucourt-en-Woëvre (55400),/management/ville/grimaucourt-en-woevre/ville-55219,15.0,5.0,5.0,5.0,15.0,10.0,24.0,24.0,14.0,14.0,36.8,26.3,23.7,31.9,21.1,15.8,18.4,18.4
Haims (86310),/management/ville/haims/ville-86110,25.0,15.0,5.0,20.0,20.0,15.0,36.0,68.0,44.0,30.0,17.2,23.1,47.1,29.0,21.8,27.5,13.8,19.8
Flainval (54110),/management/ville/flainval/ville-54195,0.0,5.0,15.0,10.0,35.0,35.0,34.0,54.0,28.0,26.0,19.2,29.0,47.9,26.0,17.8,21.7,15.1,21.7
Échalot (21510),/management/ville/echalot/ville-21237,15.0,5.0,0.0,10.0,20.0,15.0,31.0,20.0,12.0,17.0,27.9,52.6,37.2,10.3,20.9,7.9,14.0,28.9
Frégimont (47360),/management/ville/fregimont/ville-47104,5.0,0.0,10.0,45.0,40.0,60.0,65.0,72.0,31.0,36.0,32.3,31.4,41.4,25.8,15.2,15.2,11.1,23.8
Jarnac (16200),/management/ville/jarnac/ville-16167,25.0,126.0,85.0,347.0,552.0,712.0,1352.0,982.0,553.0,683.0,31.6,42.9,33.4,21.3,15.4,15.6,19.7,18.7
Gapennes (80150),/management/ville/gapennes/ville-80374,10.0,10.0,25.0,15.0,39.0,34.0,67.0,53.0,47.0,43.0,30.5,32.1,32.4,19.4,20.0,25.5,17.1,24.5
Fatines (72470),/management/ville/fatines/ville-72129,5.0,40.0,60.0,90.0,134.0,100.0,134.0,207.0,107.0,115.0,20.9,26.8,45.7,25.7,17.7,20.4,15.6,25.4
Lezey (57630),/management/ville/lezey/ville-57399,0.0,0.0,0.0,10.0,20.0,10.0,24.0,17.0,13.0,19.0,28.2,38.2,28.2,16.7,23.1,11.8,20.5,32.4
La Celle (83170),/management/ville/la-celle/ville-83037,15.0,65.0,40.0,140.0,200.0,105.0,278.0,330.0,196.0,285.0,24.8,26.2,35.7,24.1,16.4,19.4,23.2,28.8
La Neuville-en-Beine (02300),/management/ville/la-neuville-en-beine/ville-02546,0.0,0.0,21.0,31.0,21.0,36.0,35.0,42.0,28.0,39.0,23.6,26.0,33.3,24.0,16.7,21.9,26.4,27.4
Le Pin-au-Haras (61310),/management/ville/le-pin-au-haras/ville-61328,0.0,10.0,5.0,21.0,46.0,57.0,63.0,69.0,43.0,54.0,20.4,34.5,36.3,22.8,19.5,18.1,23.9,23.3
Gez (65400),/management/ville/gez/ville-65202,5.0,15.0,20.0,43.0,64.0,48.0,53.0,82.0,41.0,70.0,18.6,24.4,43.2,23.1,14.4,18.9,23.7,32.3
Goumois (25470),/management/ville/goumois/ville-25280,5.0,0.0,10.0,21.0,16.0,68.0,44.0,44.0,30.0,26.0,17.6,44.3,32.4,25.0,27.0,14.3,23.0,12.9
Humbercourt (80600),/management/ville/humbercourt/ville-80445,10.0,5.0,0.0,30.0,45.0,40.0,74.0,63.0,31.0,26.0,34.4,41.6,38.7,24.1,16.1,15.8,10.8,15.8
Lecumberry (64220),/management/ville/lecumberry/ville-64327,15.0,5.0,10.0,20.0,10.0,5.0,36.0,43.0,23.0,36.0,26.3,25.4,31.6,26.0,22.4,9.5,19.7,33.3
Dompnac (07260),/management/ville/dompnac/ville-07081,10.0,5.0,5.0,0.0,5.0,10.0,19.0,9.0,18.0,13.0,34.3,29.2,22.9,6.7,22.9,41.7,20.0,25.0
La Vèze (25660),/management/ville/la-veze/ville-25611,0.0,5.0,53.0,75.0,75.0,50.0,84.0,107.0,64.0,102.0,20.6,26.7,37.2,21.6,18.3,17.6,23.9,33.0
Épinay-sur-Seine (93800),/management/ville/epinay-sur-seine/ville-93031,1.0,1013.0,2136.0,4832.0,9493.0,6336.0,14726.0,6790.0,6964.0,7416.0,40.4,41.6,19.7,18.5,18.9,19.9,21.0,20.3
Hennemont (55160),/management/ville/hennemont/ville-55242,0.0,5.0,0.0,5.0,35.0,15.0,23.0,37.0,14.0,11.0,27.9,26.2,44.2,34.0,16.3,16.7,11.6,14.3
Estevelles (62880),/management/ville/estevelles/ville-62311,10.0,15.0,110.0,271.0,266.0,276.0,367.0,409.0,277.0,377.0,21.8,29.2,34.9,22.1,18.9,19.9,24.4,28.1
Lahage (31370),/management/ville/lahage/ville-31266,5.0,5.0,0.0,38.0,27.0,33.0,67.0,47.0,28.0,55.0,25.5,44.8,25.5,19.1,15.5,12.6,33.6,21.8
Le Fay-Saint-Quentin (60510),/management/ville/le-fay-saint-quentin/ville-60230,10.0,15.0,19.0,68.0,100.0,84.0,105.0,116.0,53.0,109.0,24.1,30.9,37.4,21.0,13.8,13.8,24.6,32.4
Lanques-sur-Rognon (52800),/management/ville/lanques-sur-rognon/ville-52271,5.0,10.0,10.0,15.0,25.0,54.0,57.0,33.0,31.0,25.0,37.3,40.5,34.7,13.1,14.7,28.4,13.3,20.3
La Ferrière-au-Doyen (61380),/management/ville/la-ferriere-au-doyen/ville-61162,15.0,10.0,15.0,15.0,15.0,0.0,50.0,47.0,12.0,34.0,31.4,38.6,40.0,21.4,11.4,5.7,17.1,30.0
Les Lèves-et-Thoumeyragues (33220),/management/ville/les-leves-et-thoumeyragues/ville-33242,35.0,50.0,5.0,40.0,60.0,50.0,144.0,145.0,70.0,102.0,28.6,33.8,40.6,21.5,13.4,16.9,17.4,26.6
Fontenay-Trésigny (77610),/management/ville/fontenay-tresigny/ville-77192,10.0,149.0,380.0,784.0,808.0,659.0,1153.0,1133.0,775.0,858.0,31.0,27.9,32.3,24.7,18.1,21.3,18.6,24.9
Grimaucourt-près-Sampigny (55500),/management/ville/grimaucourt-pres-sampigny/ville-55220,10.0,0.0,0.0,0.0,20.0,10.0,14.0,29.0,15.0,9.0,19.4,22.6,50.0,30.6,25.0,19.4,5.6,22.6
Dénestanville (76590),/management/ville/denestanville/ville-76214,0.0,10.0,5.0,20.0,55.0,45.0,66.0,55.0,34.0,46.0,31.1,34.7,31.1,20.9,22.3,11.2,15.5,30.6
Échalou (61440),/management/ville/echalou/ville-61149,20.0,5.0,10.0,35.0,60.0,70.0,82.0,104.0,48.0,57.0,28.7,27.7,38.7,28.0,16.7,16.3,16.0,23.4
Flamanville (50340),/management/ville/flamanville/ville-50184,10.0,25.0,65.0,218.0,233.0,238.0,483.0,397.0,208.0,286.0,25.7,44.4,39.1,18.3,14.4,15.9,20.8,20.8
Lavans-Vuillafans (25580),/management/ville/lavans-vuillafans/ville-25331,10.0,10.0,5.0,20.0,39.0,54.0,29.0,56.0,33.0,38.0,15.5,23.0,40.5,26.2,26.2,16.2,17.9,31.1
Jarnac-Champagne (17520),/management/ville/jarnac-champagne/ville-17192,41.0,36.0,5.0,66.0,71.0,193.0,198.0,187.0,112.0,112.0,27.8,37.1,37.7,22.9,16.9,19.9,17.5,19.2
Hainvillers (60490),/management/ville/hainvillers/ville-60294,0.0,0.0,5.0,10.0,10.0,10.0,27.0,14.0,5.0,6.0,48.1,52.0,33.3,20.7,11.1,8.0,7.4,16.0
Fatouville-Grestain (27210),/management/ville/fatouville-grestain/ville-27233,0.0,57.0,47.0,84.0,125.0,89.0,187.0,152.0,89.0,150.0,26.9,38.0,35.2,16.6,14.6,16.3,23.3,29.0
Gâprée (61390),/management/ville/gapree/ville-61183,0.0,0.0,0.0,0.0,25.0,10.0,31.0,27.0,20.0,22.0,27.1,34.6,35.4,19.6,18.8,21.2,18.8,25.0
Frégouville (32490),/management/ville/fregouville/ville-32134,0.0,20.0,30.0,55.0,40.0,50.0,50.0,67.0,34.0,107.0,20.3,18.0,24.6,24.1,13.8,12.3,41.3,41.8
Lézignan (65100),/management/ville/lezignan/ville-65271,15.0,25.0,10.0,34.0,39.0,30.0,56.0,127.0,36.0,57.0,16.1,24.6,55.5,29.8,10.9,15.5,17.5,23.9
La Neuville-en-Hez (60510),/management/ville/la-neuville-en-hez/ville-60454,0.0,31.0,97.0,169.0,195.0,77.0,159.0,191.0,151.0,238.0,19.6,23.3,32.6,19.8,20.2,20.7,27.6,36.3
Le Pin-la-Garenne (61400),/management/ville/le-pin-la-garenne/ville-61329,0.0,5.0,15.0,45.0,90.0,80.0,236.0,130.0,56.0,87.0,37.9,53.0,33.5,17.6,12.5,9.8,16.1,17.9
Épineau-les-Voves (89400),/management/ville/epineau-les-voves/ville-89152,0.0,5.0,15.0,70.0,130.0,95.0,170.0,222.0,67.0,80.0,29.4,33.6,46.8,29.1,12.1,12.8,11.7,17.9
Humbert (62650),/management/ville/humbert/ville-62466,0.0,5.0,10.0,5.0,45.0,40.0,54.0,71.0,32.0,15.0,24.7,37.9,48.2,29.7,18.8,18.4,8.2,9.2
Gez-ez-Angles (65100),/management/ville/gez-ez-angles/ville-65203,0.0,0.0,0.0,0.0,5.0,0.0,6.0,5.0,6.0,6.0,18.2,33.3,27.3,18.2,27.3,25.0,27.3,25.0
Domprel (25510),/management/ville/domprel/ville-25203,20.0,5.0,15.0,20.0,25.0,20.0,26.0,48.0,24.0,28.0,18.8,22.8,40.6,31.3,15.9,22.8,24.6,19.3
Goupil-Othon (27170),/management/ville/goupil-othon/ville-27290,5.0,45.0,29.0,116.0,172.0,217.0,295.0,266.0,170.0,166.0,29.9,35.9,34.6,23.0,20.4,17.5,15.1,22.0
Esteville (76690),/management/ville/esteville/ville-76247,10.0,15.0,45.0,50.0,66.0,71.0,83.0,103.0,69.0,98.0,22.2,24.9,34.1,22.8,21.0,17.9,22.7,32.9
La Vicogne (80260),/management/ville/la-vicogne/ville-80792,5.0,15.0,20.0,40.0,20.0,25.0,58.0,43.0,26.0,50.0,30.0,35.6,36.7,11.9,14.4,14.9,18.9,37.9
Henneveux (62142),/management/ville/henneveux/ville-62429,0.0,5.0,0.0,52.0,45.0,40.0,73.0,55.0,48.0,39.0,33.0,35.8,27.4,22.9,23.6,20.8,16.0,19.8
Lécussan (31580),/management/ville/lecussan/ville-31289,15.0,0.0,10.0,29.0,44.0,19.0,63.0,49.0,32.0,47.0,29.5,36.6,33.0,18.3,18.2,15.8,19.3,28.7
Kerfourn (56920),/management/ville/kerfourn/ville-56092,15.0,10.0,10.0,62.0,113.0,154.0,170.0,248.0,120.0,87.0,23.7,30.8,44.8,30.1,18.6,19.5,12.9,14.9
Fontenelle (02170),/management/ville/fontenelle/ville-02324,0.0,10.0,10.0,34.0,39.0,39.0,57.0,54.0,34.0,45.0,26.6,32.3,35.1,22.3,12.8,24.0,25.5,21.9
Lanquetot (76210),/management/ville/lanquetot/ville-76382,5.0,30.0,5.0,110.0,215.0,185.0,274.0,289.0,144.0,129.0,25.8,39.6,44.4,23.2,16.9,17.5,12.8,18.0
Deneuille-lès-Chantelle (03140),/management/ville/deneuille-les-chantelle/ville-03096,0.0,5.0,0.0,0.0,5.0,5.0,25.0,18.0,12.0,12.0,33.3,40.0,40.7,18.4,11.1,22.5,14.8,20.0
La Ferrière-aux-Étangs (61450),/management/ville/la-ferriere-aux-etangs/ville-61163,0.0,58.0,53.0,122.0,199.0,229.0,437.0,444.0,144.0,163.0,32.8,40.5,41.8,27.5,11.6,12.6,13.8,13.7
Flamanville (76970),/management/ville/flamanville/ville-76264,10.0,20.0,35.0,105.0,50.0,45.0,84.0,95.0,59.0,100.0,24.3,25.5,31.8,22.1,20.2,14.5,23.7,35.8
Échandelys (63980),/management/ville/echandelys/ville-63142,5.0,0.0,5.0,5.0,52.0,31.0,88.0,65.0,30.0,35.0,37.0,43.2,37.0,21.2,11.1,16.2,14.8,18.0
Lavaqueresse (02450),/management/ville/lavaqueresse/ville-02414,19.0,0.0,10.0,0.0,14.0,24.0,60.0,38.0,18.0,32.0,36.1,44.2,31.9,18.1,13.9,11.7,18.1,24.7
Garac (31480),/management/ville/garac/ville-31209,15.0,0.0,15.0,25.0,10.0,15.0,39.0,32.0,15.0,36.0,31.6,32.3,33.3,18.8,10.5,13.8,24.6,33.8
Les Lilas (93260),/management/ville/les-lilas/ville-93045,2.0,646.0,3633.0,3297.0,2814.0,1236.0,4189.0,2492.0,2623.0,7128.0,25.0,25.9,16.6,14.2,16.8,15.3,41.6,44.8
Jarnages (23140),/management/ville/jarnages/ville-23100,0.0,16.0,16.0,62.0,42.0,42.0,101.0,113.0,71.0,92.0,20.1,32.7,34.6,23.8,20.7,16.8,24.6,24.5
La Celle-Condé (18160),/management/ville/la-celle-conde/ville-18043,0.0,10.0,5.0,5.0,10.0,10.0,68.0,55.0,24.0,26.0,35.2,44.0,39.8,21.1,15.9,10.7,9.1,21.4
Grimaud (83310),/management/ville/grimaud/ville-83068,24.0,467.0,253.0,331.0,628.0,331.0,959.0,786.0,750.0,999.0,28.6,26.4,25.0,20.9,19.0,23.8,27.5,29.7
Lahas (32130),/management/ville/lahas/ville-32182,16.0,5.0,31.0,10.0,16.0,10.0,44.0,36.0,24.0,35.0,31.3,31.9,31.3,20.8,13.4,20.8,23.9,26.4
Le Pin-Murelet (31370),/management/ville/le-pin-murelet/ville-31419,5.0,5.0,20.0,20.0,20.0,39.0,32.0,38.0,28.0,35.0,23.3,25.4,31.5,23.4,20.5,22.2,24.7,28.6
Fréhel (22240),/management/ville/frehel/ville-22179,38.0,84.0,50.0,87.0,164.0,161.0,501.0,335.0,231.0,251.0,31.8,43.3,31.5,19.6,18.0,17.2,18.8,19.3
Fauch (81120),/management/ville/fauch/ville-81088,15.0,20.0,25.0,60.0,80.0,65.0,87.0,114.0,70.0,113.0,19.8,25.7,35.0,22.6,18.8,17.6,26.4,32.6
Lézignan-Corbières (11200),/management/ville/lezignan-corbieres/ville-11203,27.0,330.0,308.0,793.0,1449.0,1153.0,3439.0,2334.0,1240.0,1538.0,38.9,41.4,32.0,21.4,14.2,14.8,15.0,20.6
Haironville (55000),/management/ville/haironville/ville-55224,0.0,10.0,30.0,65.0,60.0,80.0,96.0,155.0,87.0,87.0,21.4,23.7,41.9,28.3,20.0,20.9,16.7,24.2
Épineu-le-Chevreuil (72540),/management/ville/epineu-le-chevreuil/ville-72126,10.0,21.0,5.0,21.0,52.0,47.0,50.0,80.0,30.0,62.0,19.4,26.5,41.9,24.6,14.5,12.2,24.2,32.7
La Neuville-en-Tourne-à-Fuy (08310),/management/ville/la-neuville-en-tourne-a-fuy/ville-08320,20.0,30.0,35.0,40.0,76.0,101.0,105.0,128.0,79.0,85.0,22.8,30.1,35.1,26.9,21.3,18.1,20.8,21.8
Le Fayel (60680),/management/ville/le-fayel/ville-60229,0.0,5.0,5.0,10.0,31.0,66.0,35.0,66.0,24.0,43.0,18.6,22.5,47.7,28.1,9.3,20.0,24.4,26.3
Hennezel (88260),/management/ville/hennezel/ville-88238,14.0,24.0,0.0,25.0,65.0,39.0,141.0,76.0,51.0,49.0,38.0,50.3,28.2,19.0,16.6,15.9,17.2,14.0
Estézargues (30390),/management/ville/estezargues/ville-30107,5.0,10.0,62.0,96.0,58.0,48.0,88.0,82.0,59.0,157.0,23.5,21.9,24.0,17.8,14.5,16.0,38.0,43.9
Gézaincourt (80600),/management/ville/gezaincourt/ville-80377,5.0,0.0,25.0,45.0,41.0,70.0,141.0,84.0,43.0,51.0,48.3,39.0,25.0,24.1,15.0,11.8,11.7,21.3
Lanrelas (22250),/management/ville/lanrelas/ville-22114,44.0,24.0,10.0,24.0,88.0,147.0,219.0,214.0,122.0,79.0,29.6,39.3,41.1,24.7,19.1,19.5,10.2,14.8
Goupillières (76570),/management/ville/goupillieres/ville-76311,0.0,5.0,20.0,45.0,85.0,75.0,92.0,117.0,60.0,48.0,26.4,31.6,43.4,28.1,15.7,22.2,14.5,15.8
Humberville (52700),/management/ville/humberville/ville-52245,6.0,0.0,0.0,11.0,0.0,6.0,24.0,20.0,9.0,7.0,37.9,43.3,34.5,27.0,20.7,10.0,6.9,13.3
Deneuille-les-Mines (03170),/management/ville/deneuille-les-mines/ville-03097,5.0,10.0,15.0,40.0,50.0,40.0,77.0,84.0,41.0,70.0,25.5,31.1,39.4,21.1,13.1,17.0,21.9,29.6
Dompremy (51300),/management/ville/dompremy/ville-51215,0.0,5.0,5.0,5.0,20.0,46.0,35.0,25.0,15.0,28.0,32.7,35.3,25.0,21.4,15.4,13.7,26.9,27.5
Kergloff (29270),/management/ville/kergloff/ville-29089,61.0,5.0,5.0,97.0,123.0,118.0,154.0,202.0,146.0,178.0,20.4,24.8,34.7,23.6,23.7,19.6,21.3,30.8
Fontenelle (21610),/management/ville/fontenelle/ville-21281,5.0,15.0,0.0,25.0,30.0,20.0,32.0,35.0,22.0,20.0,29.3,29.4,41.4,22.0,17.2,23.5,12.1,25.5
La Ferrière-Béchet (61500),/management/ville/la-ferriere-bechet/ville-61164,0.0,15.0,10.0,41.0,36.0,36.0,46.0,66.0,27.0,31.0,25.3,28.8,42.1,29.5,16.8,15.1,15.8,20.5
La Vicomté-sur-Rance (22690),/management/ville/la-vicomte-sur-rance/ville-22385,5.0,45.0,91.0,75.0,156.0,96.0,185.0,179.0,132.0,237.0,19.7,30.6,28.3,19.9,19.7,16.1,32.4,32.4
Flamarens (32340),/management/ville/flamarens/ville-32131,25.0,0.0,10.0,10.0,0.0,20.0,35.0,25.0,19.0,38.0,30.6,29.1,22.6,18.0,22.6,9.1,24.2,41.8
Lédas-et-Penthiès (81340),/management/ville/ledas-et-penthies/ville-81141,29.0,0.0,5.0,10.0,10.0,10.0,49.0,22.0,27.0,21.0,41.3,40.4,19.0,18.2,25.4,21.1,14.3,21.1
Garancières (78890),/management/ville/garancieres/ville-78265,0.0,95.0,270.0,370.0,255.0,125.0,363.0,416.0,304.0,645.0,19.4,22.5,25.9,21.5,16.7,18.4,37.9,36.7
Épineuil (89700),/management/ville/epineuil/ville-89153,10.0,35.0,15.0,75.0,80.0,79.0,167.0,176.0,67.0,71.0,30.0,39.5,41.6,27.2,12.3,15.5,16.0,13.4
Échannay (21540),/management/ville/echannay/ville-21238,10.0,0.0,5.0,20.0,5.0,5.0,14.0,23.0,20.0,37.0,16.7,13.0,27.1,20.0,29.2,13.0,27.1,52.2
Le Pizou (24700),/management/ville/le-pizou/ville-24329,10.0,50.0,10.0,100.0,155.0,170.0,384.0,339.0,143.0,142.0,34.3,41.9,38.8,25.1,13.1,15.3,13.9,14.3
Jarnosse (42460),/management/ville/jarnosse/ville-42112,10.0,15.0,5.0,45.0,65.0,64.0,91.0,91.0,47.0,85.0,27.8,29.8,32.1,23.1,16.0,13.9,24.1,30.5
Grimault (89310),/management/ville/grimault/ville-89194,5.0,5.0,5.0,10.0,20.0,15.0,33.0,33.0,17.0,13.0,28.8,42.2,48.1,18.2,15.4,20.0,7.7,20.0
Lahaymeix (55260),/management/ville/lahaymeix/ville-55269,15.0,0.0,5.0,0.0,10.0,19.0,15.0,22.0,16.0,5.0,24.1,26.7,37.9,33.3,34.5,20.0,3.4,13.3
Faucigny (74130),/management/ville/faucigny/ville-74122,0.0,20.0,31.0,87.0,87.0,61.0,70.0,145.0,76.0,146.0,13.6,19.0,37.7,25.0,18.9,16.1,29.8,37.0
Lavardac (47230),/management/ville/lavardac/ville-47143,40.0,55.0,60.0,154.0,293.0,288.0,712.0,499.0,253.0,316.0,34.5,44.7,33.4,21.6,13.2,15.1,18.8,16.8
Les Loges (14240),/management/ville/les-loges/ville-14374,18.0,4.0,0.0,9.0,27.0,13.0,20.0,27.0,22.0,10.0,23.7,27.9,44.7,24.4,28.9,27.9,2.6,20.9
Freissinières (05310),/management/ville/freissinieres/ville-05058,0.0,10.0,15.0,35.0,15.0,25.0,36.0,28.0,25.0,62.0,20.5,27.9,22.9,13.8,15.7,17.6,41.0,41.2
La Celle-Dunoise (23800),/management/ville/la-celle-dunoise/ville-23039,29.0,35.0,19.0,83.0,20.0,24.0,156.0,134.0,80.0,101.0,29.0,37.2,35.3,20.6,18.1,15.8,17.6,25.2
Haisnes (62138),/management/ville/haisnes/ville-62401,10.0,50.0,104.0,343.0,646.0,665.0,1184.0,916.0,510.0,469.0,31.4,45.0,37.4,21.3,17.2,15.9,14.0,16.4
Lézignan-la-Cèbe (34120),/management/ville/lezignan-la-cebe/ville-34136,10.0,85.0,35.0,170.0,220.0,100.0,357.0,330.0,201.0,234.0,29.6,34.0,33.8,23.9,16.1,19.7,20.6,21.1
La Neuville-Housset (02250),/management/ville/la-neuville-housset/ville-02547,0.0,0.0,5.0,10.0,5.0,10.0,16.0,18.0,4.0,9.0,41.7,26.1,33.3,31.3,12.5,4.3,12.5,26.1
Gézier-et-Fontenelay (70700),/management/ville/gezier-et-fontenelay/ville-70268,0.0,5.0,15.0,15.0,15.0,26.0,29.0,40.0,22.0,55.0,17.8,21.1,35.6,19.2,12.3,16.9,34.2,42.3
Hennezis (27700),/management/ville/hennezis/ville-27329,5.0,30.0,80.0,100.0,85.0,95.0,153.0,209.0,93.0,123.0,22.6,30.4,43.9,25.7,12.8,19.6,20.6,22.1
Deneuvre (54120),/management/ville/deneuvre/ville-54154,10.0,10.0,5.0,60.0,54.0,59.0,168.0,126.0,59.0,59.0,30.5,50.5,39.5,20.2,16.5,12.3,13.5,15.1
Lédat (47300),/management/ville/ledat/ville-47146,15.0,30.0,70.0,181.0,192.0,127.0,279.0,316.0,168.0,250.0,24.7,30.4,38.0,23.1,14.7,18.3,22.7,26.7
La Vieille-Loye (39380),/management/ville/la-vieille-loye/ville-39559,5.0,15.0,10.0,66.0,76.0,71.0,83.0,86.0,60.0,77.0,25.5,29.3,37.6,19.1,16.6,22.4,20.4,29.9
Le Fel (12140),/management/ville/le-fel/ville-12093,20.0,0.0,5.0,0.0,15.0,20.0,46.0,46.0,32.0,24.0,22.4,40.3,31.6,25.6,31.6,11.1,14.5,18.1
Goupillières (78770),/management/ville/goupillieres/ville-78278,5.0,15.0,105.0,50.0,55.0,40.0,64.0,76.0,57.0,170.0,16.4,18.5,25.4,16.3,12.2,19.1,46.0,46.6
Fontenelle (90340),/management/ville/fontenelle/ville-90048,0.0,0.0,15.0,0.0,20.0,15.0,21.0,36.0,18.0,30.0,23.2,16.3,28.6,33.3,16.1,18.4,32.1,24.5
Humbligny (18250),/management/ville/humbligny/ville-18111,20.0,5.0,10.0,35.0,20.0,15.0,47.0,51.0,29.0,35.0,24.1,34.2,46.0,15.8,19.5,15.8,10.3,34.2
Domprix (54490),/management/ville/domprix/ville-54169,11.0,11.0,5.0,5.0,11.0,11.0,11.0,29.0,11.0,12.0,9.4,24.1,59.4,31.4,15.6,17.2,15.6,20.7
Flamets-Frétils (76270),/management/ville/flamets-fretils/ville-76265,15.0,10.0,15.0,0.0,15.0,45.0,40.0,36.0,24.0,17.0,31.1,37.5,31.1,27.0,23.0,17.9,14.8,14.3
,20.8,20.0
Estialescq (64290),/management/ville/estialescq/ville-64219,20.0,10.0,15.0,30.0,25.0,25.0,35.0,73.0,36.0,60.0,7.4,26.2,47.4,23.5,17.9,17.8,27.4,30.8
Kergrist (56300),/management/ville/kergrist/ville-56093,10.0,10.0,10.0,70.0,86.0,116.0,185.0,138.0,110.0,111.0,30.0,38.7,31.4,18.6,22.1,18.0,16.4,24.5
Lanrigan (35270),/management/ville/lanrigan/ville-35148,0.0,10.0,5.0,10.0,20.0,20.0,22.0,30.0,21.0,28.0,23.1,20.4,32.7,24.1,25.0,16.3,19.2,36.7
Épineuil-le-Fleuriel (18360),/management/ville/epineuil-le-fleuriel/ville-18089,51.0,21.0,15.0,10.0,46.0,41.0,125.0,100.0,71.0,60.0,26.9,42.8,37.7,19.3,18.9,21.1,16.6,17.2
Halinghen (62830),/management/ville/halinghen/ville-62402,0.0,0.0,15.0,25.0,50.0,65.0,73.0,70.0,34.0,65.0,26.8,34.2,33.9,20.5,16.5,11.4,22.8,31.6
Freistroff (57320),/management/ville/freistroff/ville-57235,0.0,20.0,26.0,102.0,133.0,225.0,244.0,277.0,124.0,152.0,24.8,36.3,42.0,24.5,15.9,14.9,17.2,21.1
Jarny (54800),/management/ville/jarny/ville-54273,0.0,186.0,236.0,651.0,1229.0,1095.0,2015.0,2182.0,1102.0,1075.0,26.5,36.1,40.4,26.0,16.7,17.8,16.4,17.2
Garancières-en-Beauce (28700),/management/ville/garancieres-en-beauce/ville-28169,0.0,10.0,29.0,29.0,29.0,29.0,51.0,51.0,20.0,38.0,26.6,36.3,40.5,20.5,13.9,12.5,19.0,28.8
Écharcon (91540),/management/ville/echarcon/ville-91204,5.0,35.0,110.0,100.0,105.0,55.0,107.0,153.0,118.0,204.0,15.5,21.1,31.0,21.7,19.0,21.5,34.5,35.6
La Celle-en-Morvan (71400),/management/ville/la-celle-en-morvan/ville-71509,5.0,20.0,15.0,36.0,97.0,56.0,82.0,137.0,77.0,72.0,22.8,21.8,41.3,29.6,20.1,21.8,15.9,23.5
Les Loges (52500),/management/ville/les-loges/ville-52290,10.0,0.0,0.0,15.0,15.0,20.0,38.0,32.0,17.0,13.0,32.1,45.5,44.6,17.5,10.7,25.0,12.5,13.6
La Neuville-lès-Bray (80340),/management/ville/la-neuville-les-bray/ville-80593,5.0,0.0,10.0,55.0,40.0,30.0,87.0,63.0,27.0,33.0,41.0,41.8,35.0,23.5,8.0,17.3,16.0,15.5

Lézigneux (42600),/management/ville/lezigneux/ville-42122,0.0,75.0,125.0,261.0,181.0,237.0,226.0,349.0,211.0,402.0,17.3,20.6,34.2,23.3,16.3,19.3,32.2,35.6
Grimbosq (14220),/management/ville/grimbosq/ville-14320,0.0,10.0,26.0,31.0,26.0,41.0,51.0,73.0,32.0,65.0,18.5,29.4,41.2,21.6,13.4,14.7,26.9,32.4
Le Pla (09460),/management/ville/le-pla/ville-09230,0.0,0.0,0.0,0.0,0.0,0.0,11.0,13.0,9.0,21.0,13.8,28.0,24.1,23.1,13.8,20.0,48.3,28.0
Lavardens (32360),/management/ville/lavardens/ville-32204,30.0,30.0,25.0,30.0,35.0,30.0,106.0,71.0,65.0,81.0,30.4,34.9,28.5,17.2,18.4,21.7,22.8,27.1
Lahayville (55300),/management/ville/lahayville/ville-55270,5.0,0.0,0.0,5.0,5.0,0.0,7.0,4.0,3.0,7.0,33.3,33.3,25.0,12.5,8.3,22.2,33.3,33.3
Estibeaux (40290),/management/ville/estibeaux/ville-40095,35.0,35.0,5.0,66.0,86.0,101.0,153.0,182.0,82.0,96.0,28.6,31.0,42.0,25.8,15.7,16.3,13.7,23.6
Lanrivain (22480),/management/ville/lanrivain/ville-22115,30.0,25.0,0.0,10.0,50.0,45.0,107.0,101.0,80.0,78.0,26.4,32.4,35.2,19.6,21.8,22.0,16.6,26.6
Lédenon (30210),/management/ville/ledenon/ville-30145,15.0,71.0,102.0,121.0,283.0,222.0,284.0,313.0,229.0,297.0,25.0,25.7,34.8,21.2,19.9,20.8,20.4,32.3
Gézoncourt (54380),/management/ville/gezoncourt/ville-54225,0.0,0.0,10.0,35.0,30.0,5.0,16.0,43.0,26.0,47.0,9.1,14.9,28.8,29.3,25.8,13.4,36.4,35.8
Humerœuille (62130),/management/ville/humeroeuille/ville-62467,5.0,15.0,5.0,10.0,20.0,25.0,39.0,36.0,23.0,32.0,27.4,32.4,37.1,19.4,14.5,20.6,21.0,27.9
La Ferrière-en-Parthenay (79390),/management/ville/la-ferriere-en-parthenay/ville-79120,31.0,31.0,37.0,52.0,115.0,147.0,224.0,189.0,83.0,114.0,33.3,40.3,37.8,21.6,13.5,13.8,15.4,22.1
Domps (87120),/management/ville/domps/ville-87058,30.0,10.0,5.0,15.0,10.0,0.0,38.0,27.0,28.0,14.0,26.4,45.5,37.7,15.2,22.6,29.1,13.2,12.7
Kergrist-Moëlou (22110),/management/ville/kergrist-moelou/ville-22087,45.0,35.0,5.0,45.0,79.0,89.0,162.0,138.0,104.0,106.0,29.5,33.5,33.1,21.0,20.7,20.4,16.7,25.0
Flammerans (21130),/management/ville/flammerans/ville-21269,0.0,20.0,25.0,50.0,45.0,45.0,100.0,97.0,43.0,72.0,24.3,39.3,41.9,19.7,15.5,12.3,18.2,27.0
Hénon (22150),/management/ville/henon/ville-22079,55.0,109.0,30.0,179.0,343.0,368.0,393.0,511.0,314.0,333.0,21.5,29.0,40.3,24.5,20.1,20.3,18.1,24.8
Le Fenouiller (85800),/management/ville/le-fenouiller/ville-85088,10.0,220.0,165.0,490.0,625.0,445.0,1031.0,1348.0,635.0,711.0,22.0,32.9,42.5,26.7,17.7,16.5,17.9,20.2
Fontenelle-Montby (25340),/management/ville/fontenelle-montby/ville-25247,0.0,5.0,0.0,5.0,20.0,10.0,25.0,22.0,7.0,14.0,32.4,41.2,35.3,24.4,11.8,8.8,20.6,20.6
Gouraincourt (55230),/management/ville/gouraincourt/ville-55216,0.0,5.0,0.0,0.0,9.0,5.0,10.0,12.0,9.0,7.0,19.0,35.0,38.1,22.7,33.3,15.0,9.5,25.0
Denèvre (70180),/management/ville/denevre/ville-70204,5.0,0.0,10.0,20.0,20.0,15.0,35.0,41.0,22.0,23.0,25.8,32.7,42.4,23.2,18.2,17.3,13.6,25.0
Épineuse (60190),/management/ville/epineuse/ville-60210,10.0,25.0,5.0,45.0,25.0,20.0,54.0,57.0,27.0,35.0,30.7,31.8,39.8,25.0,9.1,22.4,20.5,20.0
Lézinnes (89160),/management/ville/lezinnes/ville-89223,15.0,40.0,40.0,45.0,45.0,70.0,202.0,196.0,80.0,75.0,30.8,42.1,44.7,23.6,14.7,14.3,9.9,17.1
Laheycourt (55800),/management/ville/laheycourt/ville-55271,5.0,0.0,20.0,20.0,65.0,60.0,103.0,80.0,64.0,66.0,30.4,35.2,29.1,22.0,20.3,20.6,20.3,21.8
Hallencourt (80490),/management/ville/hallencourt/ville-80406,26.0,36.0,31.0,103.0,201.0,154.0,386.0,318.0,162.0,156.0,31.8,43.0,38.6,22.3,16.9,14.9,12.8,17.7
Faucompierre (88460),/management/ville/faucompierre/ville-88167,0.0,10.0,15.0,35.0,20.0,40.0,39.0,63.0,24.0,55.0,19.4,23.9,39.8,24.5,17.2,9.1,23.7,37.5
Lavardin (41800),/management/ville/lavardin/ville-41113,0.0,5.0,15.0,15.0,10.0,10.0,48.0,44.0,26.0,38.0,26.0,36.7,37.7,18.5,15.6,16.5,20.8,27.8
La Neuville-lès-Dorengt (02450),/management/ville/la-neuville-les-dorengt/ville-02548,5.0,0.0,5.0,40.0,60.0,55.0,128.0,73.0,48.0,34.0,38.8,51.4,31.7,19.0,20.1,13.9,9.4,14.6
Jarret (65100),/management/ville/jarret/ville-65233,0.0,20.0,10.0,24.0,73.0,20.0,45.0,67.0,56.0,52.0,20.2,21.0,36.4,26.7,21.2,28.6,22.2,24.4
Grimesnil (50450),/management/ville/grimesnil/ville-50221,0.0,5.0,5.0,5.0,10.0,15.0,18.0,15.0,7.0,4.0,53.6,18.8,32.1,33.3,10.7,25.0,3.6,18.8
.6,16.2,24.6
Freix-Anglards (15310),/management/ville/freix-anglards/ville-15072,15.0,0.0,5.0,20.0,15.0,50.0,65.0,53.0,30.0,32.0,34.1,38.2,34.1,22.0,20.9,12.4,11.0,24.7
Garancières-en-Drouais (28500),/management/ville/garancieres-en-drouais/ville-28170,0.0,5.0,14.0,29.0,24.0,48.0,56.0,62.0,31.0,54.0,23.8,32.0,37.6,21.6,14.9,15.5,23.8,29.1
Le Plagnal (07590),/management/ville/le-plagnal/ville-07175,0.0,0.0,0.0,0.0,5.0,10.0,20.0,13.0,12.0,12.0,30.0,40.7,30.0,16.7,16.7,25.9,23.3,18.5
Échassières (03330),/management/ville/echassieres/ville-03108,5.0,0.0,10.0,50.0,20.0,20.0,154.0,64.0,47.0,58.0,41.6,52.9,27.5,13.8,11.4,17.2,19.5,16.7
La Celle-Guenand (37350),/management/ville/la-celle-guenand/ville-37044,30.0,0.0,0.0,10.0,35.0,74.0,145.0,97.0,35.0,41.0,37.1,54.0,40.3,19.0,11.9,9.9,10.7,14.9
Lédergues (12170),/management/ville/ledergues/ville-12127,73.0,16.0,10.0,52.0,57.0,31.0,205.0,146.0,115.0,90.0,30.0,43.6,32.5,20.1,20.9,20.4,16.6,16.1
Le Ferré (35420),/management/ville/le-ferre/ville-35111,65.0,30.0,15.0,30.0,65.0,90.0,198.0,158.0,81.0,70.0,35.2,43.0,39.5,21.4,15.2,16.7,10.2,17.5
Domptail (88700),/management/ville/domptail/ville-88153,5.0,5.0,5.0,25.0,25.0,50.0,66.0,87.0,47.0,47.0,19.8,33.1,41.3,26.1,20.7,17.7,18.2,20.2
Hénonville (60119),/management/ville/henonville/ville-60309,0.0,51.0,65.0,120.0,95.0,100.0,157.0,194.0,84.0,159.0,22.9,29.6,40.8,22.6,15.1,13.2,21.1,31.8
,21.8,22.0,22.8
Fontenet (17400),/management/ville/fontenet/ville-17165,21.0,0.0,5.0,16.0,62.0,83.0,96.0,110.0,60.0,48.0,24.5,36.4,41.7,25.6,21.2,17.3,12.6,17.9
Kerien (22480),/management/ville/kerien/ville-22088,41.0,5.0,5.0,5.0,31.0,36.0,53.0,50.0,50.0,46.0,23.0,31.0,28.3,20.5,29.2,19.5,19.5,28.7
Humes-Jorquenay (52200),/management/ville/humes-jorquenay/ville-52246,10.0,25.0,40.0,60.0,64.0,49.0,142.0,146.0,77.0,73.0,26.1,38.5,38.1,24.8,21.6,13.6,14.2,19.5
Estigarde (40240),/management/ville/estigarde/ville-40096,6.0,11.0,0.0,0.0,6.0,34.0,33.0,42.0,8.0,14.0,26.9,42.2,50.0,27.6,9.6,6.7,13.5,15.6
Lanrivoaré (29290),/management/ville/lanrivoare/ville-29119,20.0,30.0,80.0,220.0,230.0,170.0,155.0,374.0,225.0,299.0,13.1,16.4,38.1,29.2,22.2,20.5,26.5,30.4
Dénezé-sous-Doué (49700),/management/ville/deneze-sous-doue/ville-49121,30.0,10.0,10.0,35.0,45.0,65.0,99.0,104.0,68.0,72.0,25.9,32.0,40.2,20.1,19.5,20.1,14.4,27.8
La Vieux-Rue (76160),/management/ville/la-vieux-rue/ville-76740,10.0,15.0,45.0,70.0,100.0,65.0,75.0,99.0,72.0,130.0,21.1,18.8,31.1,21.1,18.9,19.4,28.9,40.3
Gourbera (40990),/management/ville/gourbera/ville-40114,0.0,10.0,20.0,75.0,45.0,35.0,56.0,79.0,52.0,97.0,15.6,23.4,39.1,18.7,15.6,20.8,29.7,37.7
Hallennes-lez-Haubourdin (59320),/management/ville/hallennes-lez-haubourdin/ville-59278,0.0,75.0,350.0,615.0,750.0,325.0,735.0,740.0,520.0,1001.0,20.7,28.0,27.9,20.7,18.3,16.5,33.1,33.7
Fréjairolles (81990),/management/ville/frejairolles/ville-81097,20.0,66.0,86.0,235.0,187.0,121.0,219.0,300.0,201.0,268.0,22.3,22.0,36.3,24.1,18.2,22.4,23.2,31.0
Epiniac (35120),/management/ville/epiniac/ville-35104,35.0,21.0,46.0,171.0,168.0,245.0,364.0,315.0,174.0,186.0,28.2,41.8,37.8,21.4,17.0,16.7,17.0,18.8
Jarrie (38560),/management/ville/jarrie/ville-38200,0.0,107.0,406.0,551.0,438.0,273.0,640.0,670.0,433.0,1059.0,20.3,25.4,28.0,19.3,14.1,16.8,37.7,37.9
Grimonviller (54115),/management/ville/grimonviller/ville-54237,5.0,10.0,5.0,15.0,5.0,5.0,19.0,30.0,13.0,10.0,28.9,23.5,47.4,31.6,13.2,23.5,10.5,17.6
Lavardin (72240),/management/ville/lavardin/ville-72157,0.0,25.0,70.0,94.0,104.0,85.0,118.0,172.0,109.0,136.0,18.4,25.7,35.6,26.5,20.2,20.4,25.8,25.3
Le Plan (31220),/management/ville/le-plan/ville-31425,5.0,15.0,5.0,68.0,44.0,73.0,114.0,91.0,60.0,84.0,28.3,36.8,33.9,18.6,14.4,20.5,23.3,24.6
Échauffour (61370),/management/ville/echauffour/ville-61150,14.0,25.0,30.0,40.0,69.0,97.0,294.0,159.0,60.0,78.0,48.2,51.4,30.7,20.7,8.3,12.2,12.9,13.5
Faucon (84110),/management/ville/faucon/ville-84045,10.0,15.0,0.0,25.0,95.0,40.0,90.0,99.0,50.0,84.0,25.3,30.3,39.2,21.4,13.3,17.6,22.2,29.7
Lezoux (63190),/management/ville/lezoux/ville-63195,20.0,197.0,324.0,546.0,854.0,738.0,1631.0,1272.0,718.0,929.0,30.0,40.7,35.0,21.0,14.9,16.5,20.2,20.7
La Neuville-lès-Wasigny (08270),/management/ville/la-neuville-les-wasigny/ville-08323,0.0,0.0,5.0,15.0,5.0,35.0,47.0,40.0,20.0,11.0,32.3,48.2,46.8,19.6,14.5,19.6,6.5,12.5
Les Loges-en-Josas (78350),/management/ville/les-loges-en-josas/ville-78343,0.0,69.0,332.0,127.0,95.0,42.0,124.0,125.0,128.0,656.0,11.9,12.1,13.2,11.4,10.3,14.5,64.6,62.4
La Celle-les-Bordes (78720),/management/ville/la-celle-les-bordes/ville-78125,5.0,40.0,198.0,119.0,64.0,25.0,65.0,100.0,105.0,350.0,10.4,10.7,16.8,15.9,16.5,17.6,56.3,56.0
Garanou (09250),/management/ville/garanou/ville-09131,0.0,5.0,0.0,5.0,25.0,29.0,41.0,57.0,21.0,20.0,20.6,38.0,48.5,28.9,13.2,16.9,17.6,11.3
Lederzeele (59143),/management/ville/lederzeele/ville-59337,5.0,10.0,35.0,71.0,85.0,66.0,144.0,137.0,87.0,116.0,26.4,33.1,29.8,24.0,20.7,14.9,23.1,25.2
Flancourt-Crescy-en-Roumois (27310),/management/ville/flancourt-crescy-en-roumois/ville-27085,28.0,32.0,71.0,191.0,194.0,234.0,278.0,300.0,160.0,255.0,27.0,28.9,34.8,23.4,16.7,15.7,21.5,29.7
Hénouville (76840),/management/ville/henouville/ville-76354,5.0,69.0,113.0,191.0,152.0,78.0,191.0,235.0,183.0,349.0,18.3,21.6,29.3,19.6,19.1,19.1,33.3,39.6
Estillac (47310),/management/ville/estillac/ville-47091,5.0,50.0,111.0,222.0,324.0,212.0,388.0,443.0,299.0,358.0,23.1,28.8,35.5,23.4,19.5,20.7,21.9,26.2
Domptail-en-l'Air (54290),/management/ville/domptail-en-l-air/ville-54170,0.0,0.0,5.0,5.0,15.0,5.0,11.0,12.0,9.0,18.0,16.0,28.0,40.0,9.1,16.0,20.0,28.0,44.0
La Ferté (39600),/management/ville/la-ferte/ville-39223,19.0,15.0,0.0,34.0,10.0,10.0,37.0,57.0,25.0,29.0,21.8,28.2,44.9,25.9,19.2,15.5,14.1,26.8
Humières (62130),/management/ville/humieres/ville-62468,10.0,10.0,5.0,0.0,21.0,31.0,70.0,42.0,31.0,39.0,29.3,47.3,30.4,15.9,15.2,18.7,25.0,18.7
Kerlaz (29100),/management/ville/kerlaz/ville-29090,16.0,26.0,42.0,83.0,57.0,52.0,122.0,203.0,124.0,200.0,15.4,22.5,37.4,23.6,18.1,19.9,29.1,32.8
Lahitère (31310),/management/ville/lahitere/ville-31267,0.0,5.0,5.0,5.0,0.0,5.0,14.0,12.0,6.0,6.0,45.0,27.8,25.0,31.8,15.0,16.7,15.0,16.7
Ghisoni (20227),/management/ville/ghisoni/ville-2B124,3.0,7.0,6.0,9.0,23.0,4.0,101.0,21.0,36.0,39.0,51.0,51.0,14.6,8.2,14.6,22.0,19.8,20.0
Lanrodec (22170),/management/ville/lanrodec/ville-22116,41.0,41.0,21.0,169.0,200.0,184.0,173.0,307.0,174.0,241.0,16.9,22.0,42.0,24.7,18.0,21.1,23.2,31.0
Gourbeyre (97113),/management/ville/gourbeyre/ville-97109,20.0,195.0,335.0,830.0,1405.0,555.0,2265.0,1182.0,1074.0,1194.0,39.9,39.4,24.1,18.4,16.8,20.4,19.2,22.2
Le Fête (21230),/management/ville/le-fete/ville-21264,0.0,0.0,0.0,6.0,6.0,23.0,18.0,12.0,6.0,10.0,47.8,30.4,30.4,23.1,8.7,13.0,13.0,30.4
Denezières (39130),/management/ville/denezieres/ville-39192,0.0,10.0,0.0,0.0,5.0,10.0,14.0,21.0,17.0,11.0,12.5,32.3,37.5,26.5,34.4,19.4,15.6,19.4
La Ville-aux-Bois (10500),/management/ville/la-ville-aux-bois/ville-10411,0.0,0.0,0.0,0.0,5.0,5.0,6.0,6.0,5.0,2.0,20.0,45.5,50.0,18.2,30.0,18.2,0.0,18.2
Fontenille (16230),/management/ville/fontenille/ville-16141,10.0,15.0,25.0,31.0,61.0,31.0,74.0,91.0,47.0,52.0,23.7,33.3,44.4,22.6,17.0,17.8,14.8,24.8
Épinonville (55270),/management/ville/epinonville/ville-55174,15.0,0.0,0.0,5.0,15.0,10.0,17.0,20.0,6.0,11.0,34.5,26.9,37.9,30.3,10.3,11.5,17.2,23.1
Échavanne (70400),/management/ville/echavanne/ville-70205,5.0,10.0,15.0,15.0,30.0,40.0,49.0,50.0,16.0,49.0,21.7,38.3,33.7,22.4,13.3,6.2,31.3,28.4
Hallering (57690),/management/ville/hallering/ville-57284,0.0,0.0,0.0,39.0,10.0,5.0,25.0,22.0,8.0,30.0,25.5,35.0,27.7,21.7,8.5,10.0,38.3,30.0
Jarrier (73300),/management/ville/jarrier/ville-73138,5.0,40.0,25.0,55.0,75.0,65.0,56.0,149.0,70.0,130.0,9.3,18.4,45.4,24.9,18.5,15.9,26.8,37.8
Lhéraule (60650),/management/ville/lheraule/ville-60359,5.0,5.0,20.0,30.0,20.0,20.0,19.0,51.0,24.0,45.0,17.1,9.5,38.2,30.1,15.8,19.0,28.9,36.5
Le Plan-de-la-Tour (83120),/management/ville/le-plan-de-la-tour/ville-83094,20.0,279.0,158.0,222.0,414.0,212.0,635.0,521.0,396.0,514.0,30.1,31.4,30.5,20.2,17.5,20.7,22.0,27.8
Grincourt-lès-Pas (62760),/management/ville/grincourt-les-pas/ville-62389,0.0,0.0,0.0,0.0,5.0,5.0,9.0,7.0,3.0,6.0,22.2,43.8,55.6,13.3,0.0,18.8,22.2,25.0
Fréjeville (81570),/management/ville/frejeville/ville-81098,10.0,24.0,33.0,67.0,105.0,62.0,99.0,137.0,91.0,145.0,20.2,22.1,36.5,21.6,17.2,21.3,26.2,35.0
La Celle-Saint-Avant (37160),/management/ville/la-celle-saint-avant/ville-37045,0.0,50.0,15.0,75.0,179.0,195.0,328.0,309.0,115.0,94.0,34.4,43.2,43.8,25.6,11.7,15.5,10.1,12.2
Faucon-de-Barcelonnette (04400),/management/ville/faucon-de-barcelonnette/ville-04086,0.0,20.0,10.0,30.0,50.0,15.0,55.0,59.0,52.0,63.0,23.7,24.3,30.5,21.3,22.0,23.4,23.7,31.5
Garat (16410),/management/ville/garat/ville-16146,0.0,89.0,138.0,252.0,163.0,173.0,285.0,465.0,299.0,443.0,16.9,21.3,35.7,25.3,18.8,21.3,28.6,30.8
La Neuville-Roy (60190),/management/ville/la-neuville-roy/ville-60456,10.0,25.0,15.0,166.0,171.0,101.0,212.0,217.0,100.0,151.0,27.1,35.3,40.8,21.5,14.3,14.9,17.9,26.5
Les Loges-Marchis (50600),/management/ville/les-loges-marchis/ville-50274,64.0,25.0,15.0,95.0,100.0,123.0,289.0,217.0,117.0,93.0,34.3,46.7,39.0,20.2,16.3,16.3,10.4,15.8
Lavaré (72390),/management/ville/lavare/ville-72158,15.0,5.0,30.0,70.0,106.0,131.0,197.0,233.0,101.0,91.0,25.8,37.6,47.4,25.6,13.1,19.4,13.7,15.3
Ledeuix (64400),/management/ville/ledeuix/ville-64328,20.0,25.0,35.0,75.0,126.0,136.0,213.0,254.0,136.0,206.0,20.3,32.0,41.8,21.0,14.9,18.3,23.0,28.0
Lahitte (32810),/management/ville/lahitte/ville-32183,10.0,0.0,10.0,72.0,20.0,15.0,42.0,56.0,30.0,70.0,23.5,19.0,32.7,22.9,13.3,16.0,30.6,40.0
Lans (71380),/management/ville/lans/ville-71253,0.0,15.0,40.0,135.0,125.0,95.0,164.0,244.0,131.0,155.0,21.2,26.0,41.3,26.8,17.2,20.6,20.3,24.3
Henrichemont (18250),/management/ville/henrichemont/ville-18109,10.0,61.0,82.0,163.0,270.0,133.0,522.0,407.0,246.0,243.0,28.4,43.9,40.1,19.2,15.2,19.1,16.3,17.8
La Ferté Macé (61410),/management/ville/la-ferte-mace/ville-61168,21.0,139.0,82.0,500.0,686.0,661.0,1800.0,1288.0,518.0,657.0,38.4,45.3,34.6,23.3,11.8,12.5,15.2,15.6
Kerling-lès-Sierck (57480),/management/ville/kerling-les-sierck/ville-57361,0.0,19.0,43.0,72.0,86.0,48.0,99.0,119.0,84.0,115.0,19.5,27.8,35.6,21.9,17.6,22.6,27.3,27.8
Domptin (02310),/management/ville/domptin/ville-02268,15.0,25.0,36.0,66.0,117.0,122.0,124.0,148.0,98.0,107.0,23.6,28.6,40.0,21.4,18.8,22.5,17.6,27.8
Ghissignies (59530),/management/ville/ghissignies/ville-59259,5.0,5.0,46.0,71.0,71.0,46.0,67.0,80.0,70.0,151.0,13.9,22.3,23.9,19.1,22.2,16.5,40.0,41.5
Hunawihr (68150),/management/ville/hunawihr/ville-68147,25.0,40.0,25.0,65.0,90.0,90.0,106.0,113.0,76.0,154.0,19.7,27.4,30.0,19.5,17.9,15.9,32.3,36.3
Flangebouche (25390),/management/ville/flangebouche/ville-25243,37.0,5.0,11.0,63.0,79.0,147.0,218.0,159.0,94.0,85.0,28.9,49.1,38.8,18.2,18.3,15.5,13.9,16.6
Estipouy (32300),/management/ville/estipouy/ville-32128,5.0,5.0,10.0,46.0,31.0,0.0,37.0,45.0,34.0,54.0,16.9,25.9,36.1,18.1,19.3,20.0,27.7,36.5
Le Fidelaire (27190),/management/ville/le-fidelaire/ville-27242,15.0,30.0,45.0,100.0,130.0,180.0,198.0,278.0,159.0,133.0,20.5,31.1,44.7,26.4,18.7,22.7,16.1,18.5
La Ville-aux-Bois-lès-Dizy (02340),/management/ville/la-ville-aux-bois-les-dizy/ville-02802,5.0,10.0,0.0,5.0,30.0,50.0,68.0,38.0,21.0,18.0,41.6,52.9,31.2,18.9,16.9,11.8,10.4,14.7
Gourbit (09400),/management/ville/gourbit/ville-09136,0.0,0.0,5.0,0.0,5.0,5.0,28.0,19.0,8.0,20.0,27.5,48.6,27.5,22.0,10.0,8.6,35.0,17.1
Échay (25440),/management/ville/echay/ville-25209,5.0,5.0,5.0,25.0,10.0,5.0,27.0,20.0,7.0,26.0,27.8,38.6,38.9,13.0,8.3,9.1,25.0,38.6
Grindorff-Bizing (57480),/management/ville/grindorff-bizing/ville-57259,0.0,0.0,10.0,65.0,25.0,70.0,74.0,78.0,38.0,56.0,20.2,40.2,44.4,18.1,16.1,14.8,19.4,26.2
Le Planois (71330),/management/ville/le-planois/ville-71352,0.0,0.0,0.0,11.0,0.0,11.0,36.0,18.0,11.0,16.0,47.5,42.5,27.5,16.3,15.0,10.0,10.0,30.0
Fontenille-Saint-Martin-d'Entraigues (79110),/management/ville/fontenille-saint-martin-d-entraigues/ville-79122,10.0,15.0,15.0,15.0,60.0,115.0,182.0,164.0,61.0,33.0,37.4,45.4,43.2,26.7,13.5,14.2,5.9,9.2
Denguin (64230),/management/ville/denguin/ville-64198,21.0,67.0,81.0,252.0,222.0,200.0,239.0,441.0,236.0,349.0,17.4,20.4,36.3,28.9,19.5,17.8,26.8,28.4
Épinouze (26210),/management/ville/epinouze/ville-26118,36.0,77.0,77.0,164.0,174.0,236.0,297.0,340.0,214.0,240.0,26.4,28.0,36.4,25.0,17.2,22.0,20.0,24.0
Halles-sous-les-Côtes (55700),/management/ville/halles-sous-les-cotes/ville-55225,0.0,0.0,5.0,21.0,10.0,31.0,40.0,43.0,18.0,15.0,30.4,37.7,39.3,28.9,19.6,11.5,10.7,14.8
Faucon-du-Caire (04250),/management/ville/faucon-du-caire/ville-04085,5.0,0.0,0.0,0.0,9.0,0.0,16.0,11.0,5.0,6.0,38.9,42.1,33.3,22.7,16.7,10.5,11.1,21.1
La Celle-Saint-Cloud (78170),/management/ville/la-celle-saint-cloud/ville-78126,3.0,644.0,3365.0,2418.0,2313.0,838.0,2659.0,1974.0,2289.0,7447.0,15.9,20.7,14.6,13.5,14.6,17.1,54.9,49.2
Fréjus (83370),/management/ville/frejus/ville-83061,46.0,2116.0,2272.0,5235.0,7973.0,4329.0,14279.0,10366.0,7682.0,9618.0,31.9,35.9,28.4,20.9,17.9,18.7,21.9,23.9
Jars (18260),/management/ville/jars/ville-18117,36.0,20.0,5.0,5.0,61.0,107.0,132.0,145.0,73.0,72.0,27.3,35.5,40.5,24.9,16.3,18.8,15.9,18.8
Les Loges-Margueron (10210),/management/ville/les-loges-margueron/ville-10202,0.0,0.0,5.0,15.0,25.0,25.0,40.0,40.0,20.0,24.0,26.8,36.8,41.1,23.6,12.5,19.1,19.6,19.1
La Neuville-Saint-Pierre (60480),/management/ville/la-neuville-saint-pierre/ville-60457,5.0,0.0,15.0,31.0,10.0,21.0,25.0,34.0,27.0,24.0,25.5,19.2,34.5,27.8,23.6,25.0,16.4,26.9
Lherm (31600),/management/ville/lherm/ville-31299,20.0,127.0,298.0,571.0,459.0,361.0,555.0,690.0,470.0,871.0,18.9,23.8,33.0,20.7,15.3,20.9,32.7,34.6
Lavars (38710),/management/ville/lavars/ville-38208,10.0,0.0,0.0,20.0,35.0,10.0,39.0,24.0,13.0,39.0,41.7,25.5,21.7,18.3,11.7,10.9,25.0,43.6
Garches (92380),/management/ville/garches/ville-92033,10.0,570.0,3655.0,1920.0,1643.0,565.0,2062.0,1426.0,1748.0,7119.0,13.6,19.4,12.1,11.7,12.0,15.9,62.3,53.6
Lédignan (30350),/management/ville/ledignan/ville-30146,20.0,40.0,50.0,176.0,166.0,130.0,365.0,304.0,153.0,224.0,33.1,36.4,32.3,23.5,14.5,14.9,20.0,22.6
Le Fied (39800),/management/ville/le-fied/ville-39225,15.0,10.0,10.0,40.0,15.0,10.0,27.0,39.0,29.0,47.0,17.8,20.3,27.4,24.7,24.7,15.9,30.1,36.2
Lans-en-Vercors (38250),/management/ville/lans-en-vercors/ville-38205,20.0,80.0,344.0,457.0,279.0,179.0,230.0,337.0,343.0,938.0,11.9,13.1,22.0,14.8,19.3,17.8,46.9,54.8
Flassan (84410),/management/ville/flassan/ville-84046,35.0,30.0,25.0,55.0,40.0,35.0,79.0,107.0,83.0,76.0,20.8,25.0,35.3,26.4,22.5,25.6,21.4,22.7
Kerlouan (29890),/management/ville/kerlouan/ville-29091,31.0,51.0,92.0,209.0,199.0,240.0,490.0,575.0,350.0,351.0,22.2,33.0,38.0,25.5,19.1,20.5,20.6,19.2
La Ferté-Alais (91590),/management/ville/la-ferte-alais/ville-91232,0.0,79.0,339.0,526.0,685.0,372.0,748.0,635.0,581.0,824.0,24.7,28.8,27.9,18.7,20.1,21.5,27.3,31.7
Lahitte-Toupière (65700),/management/ville/lahitte-toupiere/ville-65248,5.0,20.0,20.0,15.0,10.0,30.0,51.0,73.0,36.0,39.0,21.5,29.2,46.2,26.3,15.1,20.8,17.2,21.7
Domqueur (80620),/management/ville/domqueur/ville-80249,10.0,10.0,10.0,35.0,25.0,55.0,67.0,61.0,42.0,49.0,25.4,36.2,34.2,20.4,20.2,18.1,20.2,24.8
La Ville-aux-Bois-lès-Pontavert (02160),/management/ville/la-ville-aux-bois-les-pontavert/ville-02803,0.0,0.0,0.0,29.0,29.0,24.0,21.0,31.0,32.0,26.0,16.4,25.0,32.8,23.4,31.1,25.0,19.7,27.1
Estirac (65700),/management/ville/estirac/ville-65174,0.0,0.0,5.0,14.0,5.0,10.0,33.0,25.0,11.0,16.0,41.9,32.6,30.2,25.0,16.3,9.3,11.6,27.9
Henridorff (57820),/management/ville/henridorff/ville-57315,10.0,20.0,15.0,75.0,90.0,95.0,125.0,167.0,81.0,127.0,16.0,33.5,43.2,22.2,16.9,15.6,23.9,26.8
Ghyvelde (59122),/management/ville/ghyvelde/ville-59260,25.0,110.0,130.0,490.0,690.0,460.0,871.0,860.0,578.0,760.0,23.9,32.7,33.5,21.7,19.7,18.0,22.9,26.6
Hundling (57990),/management/ville/hundling/ville-57340,10.0,10.0,50.0,219.0,199.0,139.0,240.0,369.0,175.0,259.0,18.1,27.8,36.3,28.9,18.1,15.6,27.4,22.3
Hallignicourt (52100),/management/ville/hallignicourt/ville-52235,0.0,0.0,15.0,20.0,60.0,40.0,101.0,68.0,21.0,24.0,36.2,58.3,42.9,18.0,12.4,7.4,8.6,13.9
Épinoy (62860),/management/ville/epinoy/ville-62298,15.0,15.0,15.0,65.0,60.0,100.0,103.0,110.0,80.0,95.0,26.8,26.3,34.0,22.1,21.1,20.1,18.0,30.9
La Celle-Saint-Cyr (89116),/management/ville/la-celle-saint-cyr/ville-89063,15.0,40.0,70.0,80.0,110.0,80.0,164.0,220.0,104.0,125.0,27.4,26.1,40.7,27.9,14.3,19.6,17.6,23.2
Jarsy (73630),/management/ville/jarsy/ville-73139,0.0,15.0,30.0,55.0,10.0,20.0,42.0,49.0,47.0,74.0,21.0,18.7,31.4,16.5,20.0,24.3,27.6,42.1
Gourchelles (60220),/management/ville/gourchelles/ville-60280,0.0,0.0,0.0,5.0,10.0,34.0,55.0,31.0,14.0,8.0,48.1,51.9,38.9,19.6,9.3,16.7,3.7,11.1
Gripport (54290),/management/ville/gripport/ville-54238,5.0,11.0,5.0,37.0,37.0,43.0,65.0,71.0,42.0,43.0,22.2,35.2,45.5,21.1,20.2,17.2,12.1,25.4
Fontenilles (31470),/management/ville/fontenilles/ville-31188,16.0,114.0,773.0,954.0,628.0,466.0,644.0,839.0,620.0,1676.0,16.3,17.8,25.0,18.9,15.5,17.3,43.1,45.6
Fréland (68240),/management/ville/freland/ville-68097,15.0,70.0,50.0,211.0,201.0,216.0,263.0,355.0,191.0,250.0,18.4,31.1,41.4,23.9,18.8,17.3,21.4,25.7
Fauconcourt (88700),/management/ville/fauconcourt/ville-88168,0.0,0.0,0.0,5.0,20.0,20.0,23.0,29.0,23.0,19.0,20.4,29.2,36.7,24.0,28.6,20.8,14.3,25.0
Le Planquay (27230),/management/ville/le-planquay/ville-27462,15.0,15.0,5.0,5.0,10.0,25.0,22.0,37.0,26.0,20.0,14.3,28.6,48.2,21.7,23.2,26.5,14.3,24.5
Denicé (69640),/management/ville/denice/ville-69074,10.0,111.0,101.0,276.0,181.0,70.0,244.0,262.0,183.0,369.0,20.4,25.7,32.2,17.7,16.5,18.0,30.9,38.6
Lherm (46150),/management/ville/lherm/ville-46171,10.0,10.0,5.0,34.0,25.0,20.0,59.0,48.0,32.0,51.0,25.3,36.0,34.1,17.2,16.5,18.0,24.2,29.0
Les Loges-Saulces (14700),/management/ville/les-loges-saulces/ville-14375,0.0,5.0,5.0,15.0,25.0,25.0,39.0,38.0,24.0,20.0,28.4,37.0,38.8,21.8,19.4,20.4,13.4,20.4
La Neuville-Sire-Bernard (80110),/management/ville/la-neuville-sire-bernard/ville-80595,5.0,5.0,25.0,15.0,44.0,39.0,78.0,47.0,30.0,56.0,33.7,38.9,28.8,17.1,8.7,19.4,28.8,25.0
Lavatoggio (20225),/management/ville/lavatoggio/ville-2B138,5.0,10.0,6.0,6.0,32.0,11.0,37.0,41.0,18.0,23.0,26.9,34.3,44.2,24.3,13.5,16.4,15.4,22.4
Garchizy (58600),/management/ville/garchizy/ville-58121,5.0,55.0,75.0,378.0,573.0,468.0,718.0,1087.0,483.0,482.0,21.1,30.3,46.4,28.4,17.2,17.7,15.3,19.3
Le Fieu (33230),/management/ville/le-fieu/ville-33166,5.0,26.0,15.0,62.0,77.0,108.0,138.0,127.0,62.0,60.0,35.9,35.4,38.5,24.9,13.8,18.2,11.8,19.3
Domremy-la-Canne (55240),/management/ville/domremy-la-canne/ville-55162,0.0,0.0,0.0,0.0,5.0,0.0,11.0,11.0,4.0,4.0,33.3,40.0,60.0,14.3,6.7,20.0,0.0,26.7
La Ville-aux-Clercs (41160),/management/ville/la-ville-aux-clercs/ville-41275,15.0,31.0,36.0,118.0,128.0,143.0,304.0,309.0,174.0,203.0,21.3,38.7,40.4,21.7,19.7,15.7,18.6,22.2
Ledinghem (62380),/management/ville/ledinghem/ville-62495,0.0,5.0,0.0,35.0,30.0,55.0,68.0,55.0,52.0,44.0,21.7,39.3,34.0,17.8,26.4,21.4,17.9,22.3
Flassans-sur-Issole (83340),/management/ville/flassans-sur-issole/ville-83057,66.0,113.0,168.0,397.0,378.0,362.0,787.0,692.0,504.0,569.0,25.8,35.6,33.1,21.3,18.9,20.5,22.2,22.4
Kermaria-Sulard (22450),/management/ville/kermaria-sulard/ville-22090,0.0,25.0,45.0,169.0,94.0,89.0,152.0,248.0,144.0,224.0,16.3,23.2,37.3,24.9,20.3,17.1,26.1,32.1
Estissac (10190),/management/ville/estissac/ville-10142,10.0,25.0,81.0,188.0,254.0,218.0,527.0,416.0,199.0,252.0,34.1,41.2,36.6,21.7,13.0,15.5,16.3,19.8
La Ferté-Beauharnais (41210),/management/ville/la-ferte-beauharnais/ville-41083,0.0,5.0,24.0,58.0,60.0,44.0,148.0,134.0,68.0,51.0,31.3,42.2,36.9,26.4,17.9,16.0,13.8,11.7
Hundsbach (68130),/management/ville/hundsbach/ville-68148,0.0,5.0,25.0,35.0,70.0,40.0,63.0,75.0,49.0,56.0,21.1,30.8,36.6,23.8,20.3,20.0,22.0,24.2
Lahonce (64990),/management/ville/lahonce/ville-64304,15.0,90.0,171.0,333.0,380.0,211.0,314.0,623.0,320.0,539.0,16.8,18.1,41.0,26.2,16.1,19.5,26.1,33.8
Henriville (57450),/management/ville/henriville/ville-57316,15.0,10.0,19.0,119.0,89.0,90.0,165.0,222.0,100.0,117.0,17.6,36.2,43.1,26.1,20.3,13.0,19.0,20.0
Lansac (33710),/management/ville/lansac/ville-33228,5.0,15.0,55.0,56.0,101.0,137.0,182.0,164.0,89.0,109.0,33.2,33.7,34.4,23.9,16.0,16.7,16.4,23.4
Giat (63620),/management/ville/giat/ville-63165,39.0,68.0,20.0,49.0,123.0,79.0,300.0,175.0,149.0,85.0,38.5,45.5,31.1,20.3,17.4,24.0,13.0,11.1
La Celle-sous-Chantemerle (51260),/management/ville/la-celle-sous-chantemerle/ville-51103,30.0,0.0,5.0,0.0,25.0,5.0,36.0,28.0,18.0,28.0,32.1,33.3,32.1,18.5,14.3,18.5,21.4,29.6
Griscourt (54380),/management/ville/griscourt/ville-54239,0.0,5.0,5.0,0.0,15.0,29.0,20.0,38.0,17.0,19.0,20.4,22.2,44.9,29.1,22.4,13.3,12.2,28.9
Denier (62810),/management/ville/denier/ville-62266,0.0,0.0,0.0,16.0,0.0,11.0,20.0,11.0,9.0,11.0,24.0,58.3,40.0,4.8,16.0,16.7,20.0,20.8
Les Loges-sur-Brécey (50370),/management/ville/les-loges-sur-brecey/ville-50275,16.0,0.0,0.0,5.0,22.0,38.0,47.0,30.0,23.0,16.0,38.1,41.8,31.7,20.4,17.5,21.8,12.7,16.4
Hallines (62570),/management/ville/hallines/ville-62403,0.0,0.0,35.0,109.0,153.0,193.0,335.0,294.0,134.0,133.0,32.1,42.7,37.4,25.1,14.7,15.1,15.8,13.8
Le Plantay (01330),/management/ville/le-plantay/ville-01299,0.0,5.0,39.0,64.0,58.0,78.0,71.0,111.0,74.0,120.0,17.3,20.7,33.0,23.8,21.3,17.9,28.4,35.8
Frelinghien (59236),/management/ville/frelinghien/ville-59252,76.0,64.0,134.0,420.0,240.0,207.0,528.0,399.0,303.0,519.0,27.6,32.5,25.9,19.3,18.2,16.5,28.3,30.9
Lhéry (51170),/management/ville/lhery/ville-51321,15.0,5.0,10.0,10.0,5.0,15.0,19.0,9.0,13.0,22.0,24.2,36.7,15.2,13.8,24.2,16.7,36.4,33.3
Gourdan-Polignan (31210),/management/ville/gourdan-polignan/ville-31224,0.0,25.0,40.0,90.0,150.0,130.0,325.0,299.0,155.0,157.0,29.5,39.1,37.9,24.3,16.7,16.4,15.8,17.6
Échemines (10350),/management/ville/echemines/ville-10134,11.0,11.0,0.0,17.0,0.0,0.0,22.0,13.0,12.0,25.0,28.2,33.3,20.5,17.1,20.5,12.1,30.8,36.4
Jarville-la-Malgrange (54140),/management/ville/jarville-la-malgrange/ville-54274,0.0,99.0,373.0,1073.0,1430.0,1021.0,2384.0,1764.0,1031.0,1635.0,30.8,38.6,29.9,20.9,15.6,14.7,23.7,24.2
Fontenois-la-Ville (70210),/management/ville/fontenois-la-ville/ville-70242,20.0,0.0,0.0,0.0,20.0,36.0,33.0,38.0,21.0,14.0,33.3,29.8,37.5,29.7,18.8,21.1,10.4,15.8
Epiry (58800),/management/ville/epiry/ville-58110,10.0,0.0,0.0,20.0,15.0,40.0,84.0,57.0,23.0,23.0,44.4,45.4,34.4,23.4,12.2,12.4,8.9,15.5
Faudoas (82500),/management/ville/faudoas/ville-82059,36.0,10.0,5.0,20.0,15.0,15.0,100.0,68.0,32.0,37.0,36.1,49.1,37.8,19.3,9.2,17.2,16.8,13.8
La Neuville-sur-Essonne (45390),/management/ville/la-neuville-sur-essonne/ville-45225,0.0,32.0,5.0,44.0,32.0,57.0,103.0,87.0,45.0,58.0,35.3,35.0,36.0,22.3,11.3,19.6,17.3,22.4
Lavau (10150),/management/ville/lavau/ville-10191,5.0,0.0,128.0,113.0,149.0,56.0,193.0,178.0,123.0,200.0,25.8,29.6,30.5,20.3,18.2,17.1,25.5,32.2
Garchy (58150),/management/ville/garchy/ville-58122,0.0,35.0,10.0,55.0,20.0,55.0,115.0,113.0,47.0,65.0,27.1,41.1,41.2,22.1,14.1,13.5,17.5,20.9
Ledringhem (59470),/management/ville/ledringhem/ville-59338,10.0,25.0,20.0,105.0,75.0,80.0,77.0,113.0,95.0,156.0,17.1,17.8,32.0,19.9,20.3,22.8,30.6,40.2
Le Fleix (24130),/management/ville/le-fleix/ville-24182,0.0,60.0,45.0,151.0,171.0,126.0,366.0,364.0,172.0,246.0,28.9,34.6,37.7,23.8,13.5,16.5,19.9,22.9
Gibeaumeix (54112),/management/ville/gibeaumeix/ville-54226,5.0,0.0,10.0,10.0,15.0,25.0,39.0,43.0,20.0,10.0,35.0,34.6,35.0,33.3,20.0,15.4,10.0,7.7
Hénu (62760),/management/ville/henu/ville-62430,0.0,0.0,0.0,5.0,35.0,45.0,50.0,43.0,15.0,9.0,41.4,44.1,43.1,27.3,6.9,18.6,8.6,6.8
Lahontan (64270),/management/ville/lahontan/ville-64305,10.0,39.0,15.0,34.0,54.0,78.0,105.0,131.0,70.0,88.0,22.8,30.1,42.9,23.9,14.1,20.6,20.1,24.4
La Ferté-Bernard (72400),/management/ville/la-ferte-bernard/ville-72132,0.0,226.0,301.0,768.0,923.0,1265.0,3070.0,1894.0,800.0,1179.0,35.0,51.8,34.8,19.2,11.9,11.2,18.4,15.9
Kermoroc'h (22140),/management/ville/kermoroc-h/ville-22091,5.0,11.0,16.0,42.0,53.0,88.0,66.0,95.0,63.0,77.0,21.1,22.8,35.5,25.0,24.3,17.4,19.1,32.2
Estivals (19600),/management/ville/estivals/ville-19077,0.0,5.0,10.0,20.0,15.0,20.0,12.0,29.0,20.0,40.0,10.2,13.5,36.7,20.8,20.4,19.2,32.7,46.2
Flassigny (55600),/management/ville/flassigny/ville-55188,16.0,0.0,5.0,5.0,0.0,11.0,13.0,13.0,5.0,4.0,47.4,26.7,31.6,31.6,15.8,13.3,5.3,20.0
Denipaire (88210),/management/ville/denipaire/ville-88128,10.0,4.0,4.0,19.0,34.0,78.0,64.0,44.0,31.0,54.0,26.3,39.8,33.7,12.4,18.9,13.3,21.1,34.7
La Ville-aux-Dames (37700),/management/ville/la-ville-aux-dames/ville-37273,20.0,140.0,300.0,685.0,700.0,595.0,1137.0,1316.0,691.0,851.0,24.8,31.9,39.0,24.8,17.0,17.6,19.1,23.4
Domrémy-la-Pucelle (88630),/management/ville/domremy-la-pucelle/ville-88154,0.0,0.0,6.0,9.0,6.0,17.0,34.0,24.0,20.0,27.0,36.5,29.6,26.9,18.9,17.3,20.4,19.2,31.5
Huningue (68330),/management/ville/huningue/ville-68149,0.0,131.0,505.0,772.0,1045.0,1075.0,1776.0,1499.0,725.0,1391.0,29.4,36.3,31.6,22.0,13.0,13.9,26.0,25.6
Griselles (21330),/management/ville/griselles/ville-21309,0.0,5.0,0.0,5.0,5.0,15.0,21.0,22.0,15.0,11.0,30.3,30.6,27.3,30.2,27.3,16.7,15.2,16.7
Gourdièges (15230),/management/ville/gourdieges/ville-15077,14.0,0.0,0.0,10.0,0.0,19.0,15.0,17.0,9.0,7.0,29.6,34.8,37.0,30.8,14.8,21.7,18.5,8.7
Frémainville (95450),/management/ville/fremainville/ville-95253,0.0,20.0,94.0,79.0,36.0,37.0,73.0,74.0,68.0,144.0,20.0,20.8,23.3,18.0,20.0,18.0,36.7,43.3
Lhez (65190),/management/ville/lhez/ville-65272,0.0,5.0,0.0,5.0,20.0,5.0,20.0,26.0,6.0,15.0,29.4,30.3,44.1,26.2,11.8,6.1,14.7,30.3
Lansac (65350),/management/ville/lansac/ville-65259,0.0,0.0,5.0,30.0,20.0,20.0,19.0,49.0,20.0,34.0,15.0,16.1,45.0,29.3,18.3,14.5,21.7,33.9
Hallivillers (80250),/management/ville/hallivillers/ville-80407,10.0,16.0,16.0,16.0,5.0,5.0,28.0,20.0,15.0,48.0,14.8,35.7,25.9,10.3,18.5,7.1,40.7,46.4
Le Plantis (61170),/management/ville/le-plantis/ville-61331,5.0,5.0,21.0,16.0,5.0,0.0,27.0,34.0,19.0,38.0,21.4,24.2,37.5,20.6,12.5,19.4,28.6,35.5
Jarzé Villages (49140),/management/ville/jarze-villages/ville-49163,50.0,80.0,115.0,245.0,406.0,370.0,528.0,593.0,384.0,484.0,22.0,31.0,37.7,21.9,17.8,20.7,22.5,26.1
Faugères (07230),/management/ville/faugeres/ville-07088,11.0,0.0,0.0,11.0,11.0,0.0,19.0,23.0,18.0,35.0,16.7,23.9,29.2,19.1,18.8,17.4,35.4,39.1
Échenans (25550),/management/ville/echenans/ville-25210,5.0,0.0,25.0,10.0,15.0,15.0,22.0,38.0,16.0,36.0,22.8,17.0,38.6,25.0,14.0,15.1,24.6,39.6
Estivareilles (03190),/management/ville/estivareilles/ville-03111,10.0,45.0,45.0,100.0,230.0,120.0,227.0,319.0,173.0,158.0,21.8,29.7,41.5,28.8,17.1,22.2,19.5,16.6
Les Lucs-sur-Boulogne (85170),/management/ville/les-lucs-sur-boulogne/ville-85129,93.0,74.0,113.0,377.0,348.0,559.0,672.0,845.0,441.0,548.0,21.0,32.5,40.0,24.6,19.5,15.7,19.4,24.3
La Neuville-sur-Oudeuil (60690),/management/ville/la-neuville-sur-oudeuil/ville-60458,0.0,20.0,5.0,35.0,45.0,45.0,65.0,67.0,41.0,49.0,31.3,27.3,36.6,23.9,12.5,24.5,19.6,24.5
Épizon (52230),/management/ville/epizon/ville-52187,0.0,0.0,0.0,6.0,6.0,22.0,49.0,43.0,25.0,19.0,35.7,37.3,37.1,25.0,12.9,23.9,14.3,13.4
Fontenois-lès-Montbozon (70230),/management/ville/fontenois-les-montbozon/ville-70243,20.0,10.0,10.0,25.0,49.0,44.0,85.0,80.0,39.0,31.0,32.4,39.2,36.9,27.2,18.9,14.4,11.7,14.4
Lavau (89170),/management/ville/lavau/ville-89220,5.0,5.0,5.0,20.0,50.0,65.0,181.0,102.0,48.0,61.0,30.5,60.5,36.9,15.5,12.3,12.2,20.3,11.2
Kernascléden (56540),/management/ville/kernascleden/ville-56264,5.0,40.0,20.0,35.0,55.0,55.0,111.0,91.0,49.0,64.0,31.1,39.9,35.3,20.5,15.0,16.2,18.6,22.3
Henvic (29670),/management/ville/henvic/ville-29079,15.0,15.0,55.0,122.0,172.0,147.0,231.0,356.0,176.0,233.0,18.8,27.2,41.4,26.6,19.5,16.2,20.3,26.2
Gardanne (13120),/management/ville/gardanne/ville-13041,27.0,495.0,1315.0,2535.0,2863.0,1999.0,4622.0,4095.0,2160.0,3996.0,30.0,32.0,30.1,23.0,13.7,15.2,26.2,27.4
Gibel (31560),/management/ville/gibel/ville-31220,10.0,0.0,31.0,71.0,31.0,15.0,60.0,51.0,51.0,78.0,21.7,27.6,29.6,14.4,19.1,22.8,29.6,36.6
La Ferté-Chevresis (02270),/management/ville/la-ferte-chevresis/ville-02306,10.0,5.0,0.0,39.0,83.0,126.0,174.0,128.0,45.0,78.0,35.7,46.0,40.4,18.6,8.5,12.8,15.5,21.3
Domremy-Landéville (52270),/management/ville/domremy-landeville/ville-52173,10.0,0.0,0.0,0.0,10.0,10.0,23.0,17.0,18.0,4.0,31.3,43.3,37.5,20.0,25.0,33.3,6.3,6.7
Flastroff (57320),/management/ville/flastroff/ville-57215,5.0,5.0,10.0,35.0,45.0,75.0,103.0,89.0,31.0,46.0,30.4,46.6,41.3,21.1,14.5,8.4,13.8,20.6
Lahosse (40250),/management/ville/lahosse/ville-40141,27.0,10.0,0.0,21.0,31.0,40.0,77.0,76.0,49.0,40.0,29.3,34.5,32.5,26.9,23.6,17.6,14.6,17.6
Le Folgoët (29260),/management/ville/le-folgoet/ville-29055,5.0,50.0,105.0,338.0,532.0,368.0,556.0,764.0,465.0,600.0,18.4,27.7,34.5,26.7,20.8,18.3,26.3,24.2
La Celle-sous-Gouzon (23230),/management/ville/la-celle-sous-gouzon/ville-23040,15.0,15.0,5.0,15.0,25.0,30.0,36.0,34.0,22.0,19.0,34.5,30.2,34.5,25.0,19.0,20.8,12.1,22.6
Dennebrœucq (62560),/management/ville/dennebroeucq/ville-62267,10.0,10.0,25.0,5.0,84.0,69.0,109.0,88.0,48.0,38.0,31.2,45.5,39.7,21.5,16.3,18.2,12.8,14.0
La Ville-Dieu-du-Temple (82290),/management/ville/la-ville-dieu-du-temple/ville-82096,35.0,100.0,114.0,284.0,535.0,388.0,725.0,704.0,441.0,408.0,31.4,32.3,33.8,26.4,17.0,21.7,17.9,18.0
Gourdon (06620),/management/ville/gourdon/ville-06068,0.0,20.0,25.0,60.0,40.0,50.0,75.0,72.0,58.0,92.0,21.2,29.5,27.2,20.7,20.5,18.5,31.1,30.8
Frémécourt (95830),/management/ville/fremecourt/ville-95254,0.0,40.0,56.0,116.0,71.0,45.0,64.0,120.0,89.0,121.0,15.3,16.7,39.2,22.9,21.2,23.6,24.3,36.9
Lhommaizé (86410),/management/ville/lhommaize/ville-86131,31.0,60.0,41.0,103.0,131.0,96.0,194.0,171.0,112.0,150.0,26.3,35.6,34.3,19.5,19.0,16.7,20.3,27.6
Fontenotte (25110),/management/ville/fontenotte/ville-25249,0.0,0.0,0.0,5.0,15.0,15.0,13.0,18.0,7.0,3.0,35.0,28.6,45.0,34.6,15.0,19.0,5.0,9.5
La Ferté-en-Ouche (61470),/management/ville/la-ferte-en-ouche/ville-61167,105.0,133.0,96.0,251.0,352.0,470.0,965.0,749.0,329.0,321.0,35.4,46.0,39.8,21.9,13.3,14.5,11.5,15.5
Griselles (45210),/management/ville/griselles/ville-45161,5.0,46.0,30.0,117.0,117.0,112.0,177.0,178.0,112.0,127.0,26.5,32.8,39.5,20.9,16.8,20.9,17.2,25.5
Halloville (54450),/management/ville/halloville/ville-54246,0.0,0.0,0.0,5.0,16.0,21.0,19.0,18.0,6.0,10.0,29.6,42.9,40.7,22.2,22.2,0.0,7.4,28.6
Lansac (66720),/management/ville/lansac/ville-66092,10.0,5.0,0.0,0.0,10.0,15.0,30.0,14.0,9.0,10.0,48.3,47.1,17.2,22.5,20.7,8.8,13.8,17.6
Lée (64320),/management/ville/lee/ville-64329,0.0,40.0,216.0,161.0,131.0,60.0,94.0,194.0,144.0,486.0,10.5,10.0,22.6,19.2,13.7,17.4,53.1,53.0
Le Plessier-Huleu (02210),/management/ville/le-plessier-huleu/ville-02606,0.0,0.0,5.0,0.0,15.0,15.0,12.0,19.0,17.0,9.0,16.1,26.9,38.7,28.0,29.0,30.8,16.1,15.4
Garde-Colombe (05300),/management/ville/garde-colombe/ville-05053,5.0,25.0,15.0,65.0,55.0,20.0,138.0,135.0,84.0,100.0,25.6,34.2,39.7,20.4,15.5,21.1,19.2,24.5
Domsure (01270),/management/ville/domsure/ville-01147,15.0,20.0,15.0,30.0,84.0,60.0,121.0,126.0,64.0,59.0,32.6,33.0,40.9,26.0,13.3,20.9,13.3,18.3
La Neuville-sur-Ressons (60490),/management/ville/la-neuville-sur-ressons/ville-60459,0.0,0.0,31.0,16.0,31.0,36.0,48.0,42.0,27.0,42.0,26.2,34.7,32.1,18.5,21.4,12.0,20.2,33.3
Lahourcade (64150),/management/ville/lahourcade/ville-64306,15.0,15.0,35.0,100.0,90.0,45.0,161.0,176.0,100.0,126.0,25.5,31.7,36.9,23.8,17.7,17.8,19.9,24.9
Lavau-sur-Loire (44260),/management/ville/lavau-sur-loire/ville-44080,0.0,20.0,35.0,115.0,110.0,115.0,102.0,190.0,120.0,133.0,14.9,22.3,42.7,26.1,22.1,21.9,20.2,28.3
Hunspach (67250),/management/ville/hunspach/ville-67213,5.0,5.0,40.0,55.0,95.0,105.0,115.0,182.0,78.0,121.0,18.2,28.4,44.3,26.1,13.0,18.5,24.5,24.3
Gourdon (07000),/management/ville/gourdon/ville-07098,20.0,0.0,0.0,33.0,0.0,0.0,32.0,10.0,15.0,15.0,37.5,53.1,20.0,6.9,25.0,15.6,17.5,25.0
Faugères (34600),/management/ville/faugeres/ville-34096,15.0,49.0,10.0,30.0,58.0,60.0,112.0,100.0,85.0,104.0,27.2,28.6,27.2,22.6,19.8,22.6,25.7,26.1
Les Mages (30960),/management/ville/les-mages/ville-30152,16.0,110.0,61.0,224.0,305.0,234.0,510.0,453.0,314.0,328.0,29.6,33.7,32.8,23.1,19.1,20.0,18.5,22.3
Grisolles (02210),/management/ville/grisolles/ville-02356,0.0,5.0,10.0,16.0,36.0,36.0,55.0,50.0,29.0,27.0,31.3,37.7,37.3,23.8,15.7,20.8,15.7,16.9
Gibercourt (02440),/management/ville/gibercourt/ville-02345,5.0,0.0,0.0,0.0,15.0,5.0,8.0,14.0,5.0,5.0,17.6,33.3,47.1,30.0,23.5,6.7,11.8,20.0
Hérange (57635),/management/ville/herange/ville-57317,5.0,0.0,5.0,10.0,15.0,10.0,24.0,24.0,17.0,16.0,15.8,41.9,42.1,18.6,23.7,18.6,18.4,20.9
Jas (42110),/management/ville/jas/ville-42113,0.0,5.0,30.0,15.0,30.0,20.0,45.0,51.0,27.0,37.0,24.4,31.7,38.5,23.6,16.7,17.1,20.5,25.6
Leers (59115),/management/ville/leers/ville-59339,20.0,213.0,498.0,1341.0,1219.0,960.0,2021.0,1772.0,1316.0,1953.0,23.7,32.8,30.3,20.3,18.2,19.0,27.7,27.6
Échenans-sous-Mont-Vaudois (70400),/management/ville/echenans-sous-mont-vaudois/ville-70206,5.0,0.0,78.0,72.0,51.0,61.0,96.0,93.0,60.0,117.0,21.5,30.7,30.5,20.1,14.7,18.0,33.3,30.7
La Celle-sur-Loire (58440),/management/ville/la-celle-sur-loire/ville-58044,15.0,15.0,5.0,85.0,140.0,100.0,240.0,251.0,101.0,70.0,32.7,39.6,45.7,26.8,13.9,16.6,7.7,13.3
La Ville-du-Bois (91620),/management/ville/la-ville-du-bois/ville-91665,5.0,255.0,820.0,1295.0,880.0,705.0,1329.0,1242.0,878.0,1695.0,24.9,26.8,28.0,19.9,16.3,17.8,30.8,35.1
Estivareilles (42380),/management/ville/estivareilles/ville-42091,15.0,25.0,20.0,60.0,80.0,85.0,156.0,197.0,90.0,72.0,25.5,35.7,47.6,25.5,16.6,18.4,10.3,18.0
Le Fossat (09130),/management/ville/le-fossat/ville-09124,25.0,35.0,41.0,71.0,172.0,122.0,268.0,277.0,148.0,135.0,29.3,35.1,39.4,25.8,16.8,18.8,14.5,17.9
Lhomme (72340),/management/ville/lhomme/ville-72161,5.0,35.0,20.0,55.0,110.0,115.0,311.0,272.0,87.0,70.0,36.6,46.9,44.0,25.7,11.1,12.3,8.3,10.5
Fréménil (54450),/management/ville/fremenil/ville-54210,0.0,0.0,5.0,35.0,30.0,30.0,39.0,51.0,31.0,32.0,27.0,24.1,39.2,26.8,16.2,24.1,17.6,24.1
Éplessier (80290),/management/ville/eplessier/ville-80273,5.0,5.0,21.0,37.0,31.0,42.0,99.0,74.0,37.0,65.0,33.6,38.1,34.3,18.1,15.0,11.9,17.1,30.6
Dennevy (71510),/management/ville/dennevy/ville-71171,0.0,10.0,0.0,45.0,50.0,50.0,64.0,82.0,47.0,34.0,25.4,31.0,42.1,27.0,22.8,18.6,9.6,20.4
La Ferté-Gaucher (77320),/management/ville/la-ferte-gaucher/ville-77182,0.0,135.0,80.0,355.0,805.0,670.0,1596.0,1008.0,468.0,397.0,41.6,49.6,36.6,21.2,11.3,15.3,10.5,12.2
La Neuville-Vault (60112),/management/ville/la-neuville-vault/ville-60460,0.0,5.0,5.0,55.0,18.0,18.0,29.0,34.0,30.0,33.0,26.1,17.5,30.4,24.5,20.3,29.8,23.2,29.8
Kernilis (29260),/management/ville/kernilis/ville-29093,10.0,30.0,20.0,186.0,246.0,191.0,222.0,333.0,211.0,207.0,20.1,25.4,40.4,26.2,22.1,21.4,17.4,25.4
Flaucourt (80200),/management/ville/flaucourt/ville-80313,0.0,15.0,15.0,15.0,40.0,70.0,100.0,68.0,28.0,27.0,35.5,54.0,39.1,20.3,11.8,13.3,13.6,10.6
Échenay (52230),/management/ville/echenay/ville-52181,10.0,0.0,5.0,15.0,10.0,5.0,30.0,13.0,19.0,14.0,34.3,45.0,22.9,12.8,34.3,15.0,8.6,27.5
Herbault (41190),/management/ville/herbault/ville-41101,5.0,30.0,35.0,150.0,211.0,176.0,277.0,306.0,164.0,182.0,25.1,34.2,41.9,23.2,16.8,18.3,16.1,22.8
Halloy (60210),/management/ville/halloy/ville-60295,5.0,5.0,5.0,35.0,116.0,60.0,135.0,106.0,43.0,62.0,36.9,40.8,37.5,22.1,11.3,13.6,14.4,21.2
Gardefort (18300),/management/ville/gardefort/ville-18098,5.0,10.0,0.0,10.0,25.0,10.0,45.0,25.0,24.0,24.0,35.6,40.7,28.8,14.8,18.6,22.0,16.9,23.7
Estivaux (19410),/management/ville/estivaux/ville-19078,15.0,5.0,15.0,51.0,47.0,47.0,92.0,91.0,67.0,65.0,21.4,37.2,37.7,20.0,21.4,20.5,19.5,22.4
Jasney (70800),/management/ville/jasney/ville-70290,0.0,0.0,5.0,41.0,30.0,41.0,62.0,56.0,34.0,32.0,28.3,40.0,41.3,20.0,16.3,20.0,14.1,20.0
Domvallier (88500),/management/ville/domvallier/ville-88155,0.0,0.0,10.0,21.0,10.0,5.0,26.0,17.0,8.0,39.0,23.4,34.9,23.4,10.9,12.8,4.7,40.4,48.8
Le Fouilloux (17270),/management/ville/le-fouilloux/ville-17167,20.0,15.0,10.0,20.0,106.0,141.0,263.0,203.0,76.0,47.0,41.5,47.7,42.3,24.6,9.2,16.4,7.0,8.6
Le Plessier-Rozainvillers (80110),/management/ville/le-plessier-rozainvillers/ville-80628,5.0,30.0,5.0,84.0,94.0,109.0,183.0,132.0,88.0,106.0,32.7,38.9,32.7,18.8,17.5,17.5,17.1,24.6
Giberville (14730),/management/ville/giberville/ville-14301,10.0,76.0,181.0,468.0,841.0,770.0,1133.0,1294.0,553.0,706.0,26.4,34.6,41.8,25.8,14.0,15.9,17.8,20.3
Fontenoy (02290),/management/ville/fontenoy/ville-02326,0.0,30.0,30.0,40.0,55.0,65.0,129.0,93.0,66.0,92.0,36.7,32.2,25.6,22.0,16.7,18.1,21.1,26.6
Denney (90160),/management/ville/denney/ville-90034,15.0,40.0,35.0,111.0,101.0,96.0,111.0,159.0,102.0,183.0,21.8,17.8,29.3,26.5,15.0,21.5,33.9,32.4
La Ferté-Hauterive (03340),/management/ville/la-ferte-hauterive/ville-03114,10.0,0.0,0.0,10.0,30.0,35.0,69.0,74.0,30.0,38.0,25.9,40.4,46.3,21.2,13.9,14.4,13.9,22.1
Lhor (57670),/management/ville/lhor/ville-57410,10.0,0.0,0.0,10.0,5.0,10.0,45.0,29.0,10.0,16.0,27.7,60.4,44.7,14.0,12.8,7.5,14.9,17.0
Échenevex (01170),/management/ville/echenevex/ville-01153,0.0,52.0,358.0,322.0,208.0,93.0,153.0,249.0,222.0,815.0,10.8,10.5,20.5,14.5,14.6,16.2,54.1,59.1
Herbécourt (80200),/management/ville/herbecourt/ville-80430,5.0,5.0,0.0,21.0,10.0,41.0,56.0,43.0,26.0,15.0,34.8,44.6,36.4,25.0,16.7,18.9,12.1,9.5
Hunting (57480),/management/ville/hunting/ville-57341,5.0,5.0,72.0,98.0,82.0,103.0,115.0,177.0,103.0,158.0,14.6,26.5,38.7,24.4,18.4,18.9,28.4,28.5
Fauguernon (14100),/management/ville/fauguernon/ville-14260,10.0,15.0,10.0,20.0,35.0,5.0,39.0,53.0,35.0,68.0,23.2,17.2,32.6,22.2,13.7,22.2,30.5,38.4
Lahoussoye (80800),/management/ville/lahoussoye/ville-80458,10.0,15.0,50.0,66.0,76.0,52.0,67.0,79.0,50.0,122.0,17.9,24.5,31.5,17.1,19.1,12.3,31.5,45.2
Lavaudieu (43100),/management/ville/lavaudieu/ville-43117,14.0,14.0,5.0,10.0,19.0,19.0,52.0,49.0,41.0,49.0,22.7,32.3,35.1,16.3,20.6,22.6,21.6,30.1
Les Magnils-Reigniers (85400),/management/ville/les-magnils-reigniers/ville-85131,19.0,50.0,40.0,177.0,260.0,216.0,413.0,403.0,224.0,170.0,30.8,37.6,39.6,24.9,18.3,18.7,11.3,16.7
Gourdon (46300),/management/ville/gourdon/ville-46127,11.0,143.0,191.0,387.0,500.0,265.0,1280.0,919.0,615.0,765.0,29.6,40.9,32.6,19.3,17.3,17.1,20.5,22.1
Lées-Athas (64490),/management/ville/lees-athas/ville-64330,20.0,0.0,10.0,40.0,35.0,35.0,54.0,81.0,30.0,33.0,25.7,29.2,45.0,28.8,18.3,11.2,11.0,23.6
La Celle-sur-Morin (77515),/management/ville/la-celle-sur-morin/ville-77063,5.0,40.0,134.0,224.0,189.0,110.0,236.0,258.0,192.0,267.0,24.3,25.0,30.8,22.8,19.3,21.2,25.6,30.5
Éply (54610),/management/ville/eply/ville-54179,10.0,5.0,45.0,35.0,35.0,35.0,47.0,64.0,51.0,63.0,20.9,20.9,33.0,23.9,20.9,24.5,25.2,30.9
Frémeréville-sous-les-Côtes (55200),/management/ville/fremereville-sous-les-cotes/ville-55196,6.0,17.0,6.0,17.0,11.0,22.0,30.0,27.0,28.0,22.0,29.6,27.8,22.2,26.8,27.8,24.1,20.4,20.4
La Nocle-Maulaix (58250),/management/ville/la-nocle-maulaix/ville-58195,20.0,15.0,5.0,20.0,20.0,20.0,113.0,76.0,28.0,26.0,38.4,55.1,44.8,16.4,9.6,13.6,7.2,14.4
Grisolles (82170),/management/ville/grisolles/ville-82075,25.0,110.0,325.0,480.0,485.0,490.0,878.0,794.0,525.0,792.0,25.0,33.5,33.4,19.6,17.7,17.4,23.9,28.9
Jassans-Riottier (01480),/management/ville/jassans-riottier/ville-01194,0.0,247.0,351.0,858.0,832.0,676.0,1575.0,1258.0,813.0,1059.0,27.8,38.6,31.8,21.0,18.2,16.5,22.2,22.8
Lansargues (34130),/management/ville/lansargues/ville-34127,15.0,141.0,247.0,395.0,525.0,323.0,641.0,534.0,443.0,658.0,28.2,28.1,26.5,20.8,17.6,21.3,27.7,30.0
La Ville-ès-Nonais (35430),/management/ville/la-ville-es-nonais/ville-35358,10.0,53.0,73.0,165.0,155.0,102.0,152.0,218.0,175.0,292.0,16.5,19.8,32.8,20.0,19.9,21.9,30.8,38.8
Flaujac-Gare (46320),/management/ville/flaujac-gare/ville-46104,0.0,11.0,0.0,0.0,11.0,21.0,33.0,26.0,13.0,16.0,34.0,41.5,34.0,23.3,10.6,19.5,21.3,14.6
Estoher (66320),/management/ville/estoher/ville-66073,0.0,5.0,0.0,10.0,5.0,10.0,29.0,42.0,24.0,26.0,17.5,29.5,40.4,26.1,24.6,16.4,17.5,24.6
Huos (31210),/management/ville/huos/ville-31238,5.0,35.0,15.0,30.0,76.0,30.0,122.0,132.0,71.0,57.0,28.9,34.6,40.7,25.1,21.6,16.0,8.8,21.3
Kernouës (29260),/management/ville/kernoues/ville-29094,5.0,20.0,31.0,77.0,97.0,61.0,115.0,173.0,98.0,137.0,17.0,27.2,40.8,24.2,17.0,20.6,25.3,26.8
Les Magny (70110),/management/ville/les-magny/ville-70317,5.0,5.0,5.0,0.0,15.0,30.0,50.0,33.0,10.0,15.0,43.1,50.0,32.8,23.3,10.3,8.0,13.8,14.0
Époisses (21460),/management/ville/epoisses/ville-21247,25.0,15.0,35.0,90.0,80.0,105.0,219.0,184.0,98.0,104.0,34.0,38.2,34.4,24.5,14.8,17.5,16.8,17.5
Gourdon (71300),/management/ville/gourdon/ville-71222,0.0,36.0,61.0,117.0,61.0,92.0,150.0,201.0,125.0,237.0,16.6,25.4,36.6,20.1,15.1,19.6,31.7,34.8
La Noë-Blanche (35470),/management/ville/la-noe-blanche/ville-35202,15.0,35.0,40.0,125.0,125.0,160.0,217.0,256.0,127.0,97.0,28.5,33.9,42.7,27.2,17.6,18.9,11.2,16.8
Fontenoy (89520),/management/ville/fontenoy/ville-89179,5.0,0.0,5.0,19.0,34.0,40.0,111.0,67.0,42.0,29.0,37.0,51.5,37.8,17.1,16.0,17.7,9.2,13.8
Le Plessier-sur-Bulles (60130),/management/ville/le-plessier-sur-bulles/ville-60497,0.0,10.0,15.0,46.0,36.0,31.0,60.0,42.0,23.0,35.0,38.4,37.0,29.1,21.3,14.0,13.7,18.6,26.0
Denonville (28700),/management/ville/denonville/ville-28129,10.0,31.0,55.0,138.0,142.0,91.0,146.0,145.0,103.0,131.0,26.2,29.3,32.1,22.1,20.7,18.8,21.0,28.9
La Ferté-Imbault (41300),/management/ville/la-ferte-imbault/ville-41084,5.0,20.0,20.0,60.0,145.0,145.0,239.0,289.0,109.0,136.0,24.4,36.8,46.6,25.8,12.1,15.9,17.0,18.1
Lhospitalet (46170),/management/ville/lhospitalet/ville-46172,10.0,15.0,24.0,63.0,78.0,44.0,78.0,103.0,87.0,94.0,21.0,22.0,32.6,24.4,22.7,25.3,23.8,28.6
Lanta (31570),/management/ville/lanta/ville-31271,17.0,83.0,182.0,357.0,290.0,133.0,259.0,277.0,252.0,645.0,18.1,18.1,21.2,17.4,17.8,17.4,43.0,47.1
Jasseines (10330),/management/ville/jasseines/ville-10175,0.0,15.0,0.0,10.0,20.0,15.0,50.0,47.0,20.0,17.0,35.3,39.4,41.2,26.4,10.3,19.7,13.2,12.1
Laifour (08800),/management/ville/laifour/ville-08242,0.0,10.0,5.0,40.0,45.0,114.0,188.0,108.0,45.0,38.0,40.9,57.4,36.0,19.4,13.4,10.8,9.7,10.3
Herbeuval (08370),/management/ville/herbeuval/ville-08223,0.0,0.0,5.0,10.0,19.0,5.0,27.0,22.0,15.0,20.0,17.5,44.4,42.5,11.6,22.5,15.6,17.5,28.9
La Celle-sur-Nièvre (58700),/management/ville/la-celle-sur-nievre/ville-58045,5.0,0.0,0.0,20.0,15.0,15.0,53.0,30.0,20.0,34.0,34.9,43.1,31.7,12.9,14.3,15.3,19.0,29.2
Fauguerolles (47400),/management/ville/fauguerolles/ville-47094,10.0,20.0,10.0,86.0,86.0,172.0,212.0,168.0,81.0,90.0,36.3,41.1,34.9,23.7,13.5,15.6,15.3,17.0
Gibles (71800),/management/ville/gibles/ville-71218,30.0,53.0,20.0,20.0,63.0,54.0,211.0,126.0,75.0,71.0,39.5,47.9,31.5,19.1,16.9,14.0,12.1,17.8
Échenon (21170),/management/ville/echenon/ville-21239,10.0,10.0,15.0,70.0,116.0,141.0,201.0,188.0,90.0,71.0,33.5,39.6,39.7,25.4,17.3,15.5,9.6,16.2
Gardegan-et-Tourtirac (33350),/management/ville/gardegan-et-tourtirac/ville-33181,20.0,14.0,25.0,25.0,20.0,51.0,64.0,73.0,34.0,49.0,29.1,28.7,33.6,28.2,13.6,17.6,23.6,21.3
Le Fournet (14340),/management/ville/le-fournet/ville-14285,5.0,0.0,0.0,10.0,5.0,0.0,16.0,9.0,11.0,6.0,36.8,36.4,21.1,21.7,36.8,18.2,5.3,22.7
Domvast (80150),/management/ville/domvast/ville-80250,20.0,15.0,5.0,70.0,30.0,40.0,80.0,63.0,46.0,47.0,34.5,33.3,31.1,21.0,22.7,16.2,11.8,28.2
Lefaux (62630),/management/ville/lefaux/ville-62496,10.0,10.0,15.0,40.0,20.0,25.0,56.0,41.0,37.0,38.0,30.4,35.0,26.1,21.3,21.7,21.3,21.7,22.5
Frémery (57590),/management/ville/fremery/ville-57236,0.0,0.0,0.0,5.0,10.0,15.0,8.0,22.0,16.0,7.0,13.8,17.4,51.7,31.6,20.7,43.5,13.8,13.0
Lavaufranche (23600),/management/ville/lavaufranche/ville-23104,25.0,5.0,5.0,5.0,10.0,35.0,84.0,64.0,26.0,31.0,36.6,44.6,36.6,23.3,14.0,11.6,12.9,17.0
Denting (57220),/management/ville/denting/ville-57172,10.0,20.0,10.0,34.0,34.0,30.0,37.0,77.0,43.0,46.0,15.3,22.1,42.3,27.8,24.3,17.9,18.0,28.4
Flaujac-Poujols (46090),/management/ville/flaujac-poujols/ville-46105,5.0,44.0,54.0,73.0,102.0,68.0,101.0,144.0,131.0,203.0,16.7,18.6,26.7,22.5,24.3,20.6,32.3,37.8
La Ville-sous-Orbais (51270),/management/ville/la-ville-sous-orbais/ville-51639,5.0,0.0,0.0,5.0,0.0,15.0,13.0,7.0,5.0,14.0,33.3,33.3,22.2,14.3,11.1,14.3,33.3,38.1
Estos (64400),/management/ville/estos/ville-64220,0.0,15.0,30.0,85.0,75.0,30.0,93.0,111.0,73.0,121.0,20.4,26.1,34.6,21.1,17.8,18.8,27.2,33.3
Halloy (62760),/management/ville/halloy/ville-62404,0.0,10.0,0.0,15.0,35.0,54.0,61.0,50.0,27.0,26.0,32.5,42.2,38.6,21.3,16.9,15.7,12.0,19.3
Huparlac (12460),/management/ville/huparlac/ville-12116,60.0,5.0,0.0,5.0,5.0,20.0,82.0,54.0,36.0,33.0,34.3,46.4,32.4,19.2,17.6,17.5,15.7,16.5
Kerpert (22480),/management/ville/kerpert/ville-22092,34.0,24.0,0.0,10.0,10.0,30.0,74.0,77.0,41.0,29.0,27.4,38.9,40.7,25.6,20.4,16.7,11.5,15.7
Le Plessier-sur-Saint-Just (60130),/management/ville/le-plessier-sur-saint-just/ville-60498,5.0,20.0,9.0,40.0,74.0,99.0,169.0,111.0,63.0,53.0,41.7,43.5,33.0,21.2,15.5,16.2,9.7,17.8
Lhoumois (79390),/management/ville/lhoumois/ville-79149,5.0,0.0,5.0,11.0,11.0,33.0,30.0,34.0,17.0,28.0,26.6,28.3,35.9,23.9,10.9,23.9,26.6,23.9
La Noë-Poulain (27560),/management/ville/la-noe-poulain/ville-27435,0.0,10.0,5.0,35.0,25.0,45.0,55.0,59.0,34.0,26.0,25.8,37.6,41.6,24.2,20.2,18.8,12.4,17.6
Fontenoy-la-Joûte (54122),/management/ville/fontenoy-la-joute/ville-54201,5.0,15.0,26.0,15.0,31.0,51.0,72.0,87.0,37.0,49.0,23.0,35.1,46.9,23.9,11.5,17.6,18.6,21.4
Laigné-en-Belin (72220),/management/ville/laigne-en-belin/ville-72155,5.0,45.0,66.0,313.0,379.0,323.0,409.0,609.0,295.0,410.0,18.3,28.9,42.0,25.8,17.2,17.0,22.4,25.2
Gibourne (17160),/management/ville/gibourne/ville-17176,5.0,15.0,0.0,5.0,5.0,10.0,42.0,25.0,13.0,11.0,42.2,50.0,28.9,23.5,13.3,15.2,15.6,8.7
Gourdon-Murat (19170),/management/ville/gourdon-murat/ville-19087,0.0,5.0,0.0,10.0,20.0,10.0,30.0,29.0,13.0,16.0,31.8,36.4,43.2,21.7,11.4,18.2,13.6,22.7
Frémestroff (57660),/management/ville/fremestroff/ville-57237,0.0,10.0,25.0,25.0,45.0,50.0,74.0,81.0,36.0,40.0,19.8,43.0,48.6,21.1,18.0,13.2,13.5,20.7
Halloy-lès-Pernois (80670),/management/ville/halloy-les-pernois/ville-80408,0.0,10.0,5.0,40.0,49.0,53.0,84.0,107.0,28.0,42.0,30.5,33.1,47.3,28.9,8.4,13.1,13.7,18.5
Épône (78680),/management/ville/epone/ville-78217,5.0,109.0,587.0,992.0,818.0,549.0,1228.0,1176.0,737.0,1514.0,25.0,27.7,28.5,21.1,15.0,16.6,31.6,33.4
Gardères (65320),/management/ville/garderes/ville-65185,25.0,5.0,15.0,55.0,70.0,30.0,80.0,77.0,74.0,103.0,22.0,25.9,28.0,18.6,23.2,21.1,26.8,34.9
Herbeuville (55210),/management/ville/herbeuville/ville-55243,0.0,15.0,5.0,25.0,34.0,15.0,42.0,45.0,18.0,38.0,27.5,31.2,31.9,25.8,14.5,10.4,26.1,27.3
Huppy (80140),/management/ville/huppy/ville-80446,0.0,26.0,47.0,142.0,84.0,74.0,184.0,180.0,97.0,148.0,23.7,37.5,38.3,19.0,17.7,14.0,20.3,28.3
Le Fousseret (31430),/management/ville/le-fousseret/ville-31193,35.0,95.0,60.0,245.0,285.0,245.0,441.0,354.0,268.0,348.0,26.8,35.3,30.3,19.9,19.8,18.2,23.1,26.1
Flaujagues (33350),/management/ville/flaujagues/ville-33168,15.0,10.0,31.0,36.0,61.0,122.0,165.0,155.0,78.0,79.0,35.9,32.8,35.5,26.2,14.5,18.8,14.1,19.7
La Cellette (23350),/management/ville/la-cellette/ville-23041,16.0,11.0,0.0,5.0,22.0,22.0,95.0,72.0,34.0,41.0,32.6,46.5,35.7,20.3,17.1,10.5,14.7,20.2
La Ferté-Loupière (89110),/management/ville/la-ferte-loupiere/ville-89163,20.0,24.0,0.0,44.0,59.0,39.0,146.0,143.0,54.0,68.0,32.3,38.2,44.1,24.3,9.2,16.6,14.4,18.4
Don (59272),/management/ville/don/ville-59670,0.0,15.0,118.0,227.0,187.0,89.0,238.0,263.0,144.0,291.0,17.8,32.0,34.9,20.8,15.1,15.7,32.2,30.2
Leffard (14700),/management/ville/leffard/ville-14360,29.0,0.0,0.0,20.0,24.0,24.0,50.0,25.0,29.0,32.0,38.2,32.9,23.5,16.7,14.7,28.6,23.5,24.3
Fauillet (47400),/management/ville/fauillet/ville-47095,15.0,20.0,5.0,115.0,110.0,80.0,261.0,215.0,87.0,88.0,36.8,43.2,35.9,26.1,12.7,14.0,14.6,12.5
Les Maillys (21130),/management/ville/les-maillys/ville-21371,10.0,31.0,36.0,77.0,118.0,133.0,176.0,233.0,98.0,108.0,26.5,30.9,42.0,28.8,14.8,17.1,16.7,18.5
Le Plessis-aux-Bois (77165),/management/ville/le-plessis-aux-bois/ville-77364,0.0,5.0,16.0,47.0,32.0,47.0,60.0,56.0,34.0,44.0,33.3,28.3,32.4,23.2,17.6,17.4,16.7,29.3
Hallu (80320),/management/ville/hallu/ville-80409,15.0,10.0,5.0,15.0,35.0,25.0,51.0,51.0,20.0,18.0,35.3,37.1,41.2,27.5,11.8,17.1,11.8,14.3
La Norville (91290),/management/ville/la-norville/ville-91457,0.0,95.0,525.0,640.0,520.0,270.0,582.0,688.0,514.0,1107.0,18.7,21.5,26.8,20.4,17.3,18.2,37.1,39.4
La Villedieu (17470),/management/ville/la-villedieu/ville-17471,25.0,5.0,0.0,10.0,5.0,0.0,75.0,46.0,24.0,37.0,41.6,40.9,30.3,19.6,10.1,16.1,18.0,22.6
Jasseron (01250),/management/ville/jasseron/ville-01195,10.0,65.0,155.0,280.0,220.0,135.0,256.0,344.0,242.0,423.0,18.5,21.8,31.0,22.6,20.2,18.2,30.3,36.2
Déols (36130),/management/ville/deols/ville-36063,5.0,217.0,228.0,942.0,1077.0,969.0,1993.0,1977.0,848.0,1039.0,28.9,38.7,40.2,24.7,14.0,14.9,16.8,18.6
Lavault-de-Frétoy (58230),/management/ville/lavault-de-fretoy/ville-58141,0.0,0.0,0.0,0.0,9.0,9.0,16.0,17.0,10.0,10.0,28.6,32.0,39.3,23.1,17.9,20.0,14.3,24.0
Estoublon (04270),/management/ville/estoublon/ville-04084,15.0,5.0,33.0,45.0,53.0,25.0,100.0,100.0,76.0,113.0,21.7,29.6,36.0,16.8,18.5,20.6,23.8,33.7
Fontenoy-le-Château (88240),/management/ville/fontenoy-le-chateau/ville-88176,35.0,10.0,5.0,10.0,44.0,74.0,203.0,125.0,55.0,55.0,39.7,52.2,34.0,21.2,12.9,12.6,13.4,11.7
7
Gardes-le-Pontaroux (16320),/management/ville/gardes-le-pontaroux/ville-16147,20.0,15.0,15.0,35.0,40.0,15.0,57.0,72.0,38.0,36.0,19.8,36.3,46.5,23.4,17.8,19.6,15.8,19.6
Hurbache (88210),/management/ville/hurbache/ville-88245,0.0,0.0,20.0,60.0,30.0,55.0,79.0,62.0,46.0,43.0,32.2,36.5,33.9,20.0,20.0,20.0,13.9,23.5
Le François (97240),/management/ville/le-francois/ville-97210,142.0,732.0,612.0,1481.0,2748.0,1901.0,6059.0,2719.0,1977.0,2476.0,47.1,44.6,23.4,17.9,12.5,17.1,17.0,20.2
La Cellette (63330),/management/ville/la-cellette/ville-63067,5.0,5.0,0.0,35.0,25.0,15.0,37.0,50.0,27.0,25.0,16.7,37.3,52.8,18.8,16.7,22.4,13.9,22.4
Kersaint-Plabennec (29860),/management/ville/kersaint-plabennec/ville-29095,5.0,24.0,106.0,164.0,231.0,164.0,120.0,284.0,217.0,349.0,10.5,14.3,34.6,23.4,24.1,20.7,30.9,40.9
Faulquemont (57380),/management/ville/faulquemont/ville-57209,5.0,128.0,135.0,427.0,627.0,816.0,1619.0,1216.0,643.0,681.0,33.4,44.0,34.2,22.3,16.9,14.2,15.6,17.1
Herbeville (78580),/management/ville/herbeville/ville-78305,0.0,10.0,35.0,25.0,30.0,10.0,20.0,38.0,35.0,90.0,12.9,8.9,24.7,17.6,16.1,22.2,46.2,52.2
Leffincourt (08310),/management/ville/leffincourt/ville-08250,20.0,0.0,0.0,25.0,15.0,10.0,46.0,24.0,34.0,28.0,29.4,40.6,17.6,17.1,41.2,9.4,11.8,31.3
Donazac (11240),/management/ville/donazac/ville-11121,5.0,5.0,0.0,5.0,15.0,29.0,22.0,26.0,18.0,19.0,28.9,23.3,37.8,23.3,17.8,23.3,15.6,30.2
La Ferté-Milon (02460),/management/ville/la-ferte-milon/ville-02307,0.0,65.0,90.0,195.0,305.0,350.0,544.0,490.0,239.0,297.0,30.7,38.2,37.1,23.6,14.0,16.3,18.2,19.6
Estourmel (59400),/management/ville/estourmel/ville-59213,5.0,10.0,30.0,80.0,20.0,55.0,84.0,82.0,66.0,104.0,25.6,24.9,28.0,21.1,16.7,22.5,29.8,32.0
Échenoz-le-Sec (70000),/management/ville/echenoz-le-sec/ville-70208,0.0,5.0,28.0,46.0,39.0,30.0,64.0,65.0,44.0,64.0,22.9,30.3,29.7,23.4,20.3,17.6,27.1,26.9
Fontenoy-sur-Moselle (54840),/management/ville/fontenoy-sur-moselle/ville-54202,5.0,15.0,25.0,50.0,60.0,25.0,37.0,49.0,49.0,114.0,10.4,19.4,22.4,16.5,24.8,14.5,42.4,49.2
Gourgé (79200),/management/ville/gourge/ville-79135,50.0,20.0,25.0,65.0,125.0,130.0,241.0,202.0,127.0,150.0,29.4,37.6,34.6,20.5,18.6,16.7,17.5,24.2
Lavault-Sainte-Anne (03100),/management/ville/lavault-sainte-anne/ville-03140,0.0,15.0,30.0,135.0,160.0,80.0,281.0,299.0,168.0,185.0,25.6,33.9,37.1,25.5,17.1,18.7,20.2,19.5
Halluin (59250),/management/ville/halluin/ville-59279,15.0,426.0,887.0,2255.0,3096.0,2983.0,5088.0,3800.0,2450.0,3197.0,30.8,38.9,31.1,20.5,17.3,16.4,20.7,23.2
Lantages (10210),/management/ville/lantages/ville-10188,17.0,6.0,0.0,11.0,22.0,61.0,43.0,67.0,34.0,45.0,19.0,27.0,42.0,25.3,19.0,16.9,20.0,28.1
La Nouaille (23500),/management/ville/la-nouaille/ville-23144,15.0,0.0,0.0,25.0,30.0,5.0,57.0,65.0,47.0,38.0,17.2,37.0,43.4,21.6,19.2,25.9,20.2,16.7
La Villedieu (23340),/management/ville/la-villedieu/ville-23264,10.0,5.0,0.0,0.0,0.0,0.0,15.0,9.0,8.0,14.0,17.4,47.8,26.1,13.0,21.7,13.0,34.8,26.1
Flaumont-Waudrechies (59440),/management/ville/flaumont-waudrechies/ville-59233,5.0,10.0,15.0,60.0,46.0,36.0,79.0,86.0,45.0,61.0,23.5,34.3,40.9,21.7,15.2,18.2,20.5,24.8
Jasses (64190),/management/ville/jasses/ville-64281,10.0,15.0,5.0,5.0,10.0,15.0,49.0,25.0,13.0,19.0,33.3,55.9,29.2,18.2,16.7,8.5,20.8,15.3
Hure (33190),/management/ville/hure/ville-33204,0.0,10.0,10.0,66.0,81.0,41.0,144.0,108.0,79.0,64.0,33.2,39.5,34.7,20.8,17.9,22.0,14.2,18.0
Le Frasnois (39130),/management/ville/le-frasnois/ville-39240,0.0,10.0,5.0,44.0,19.0,5.0,21.0,33.0,21.0,49.0,14.3,20.6,34.9,16.7,22.2,12.7,28.6,49.2
Donchery (08350),/management/ville/donchery/ville-08142,0.0,37.0,42.0,238.0,306.0,370.0,642.0,478.0,284.0,277.0,29.5,45.0,34.7,21.7,19.2,15.0,16.6,16.4
Leffonds (52210),/management/ville/leffonds/ville-52282,25.0,10.0,5.0,35.0,40.0,70.0,64.0,101.0,46.0,48.0,16.3,32.4,52.0,24.7,18.7,16.9,13.0,23.5
Épouville (76133),/management/ville/epouville/ville-76238,0.0,45.0,178.0,340.0,350.0,226.0,621.0,712.0,288.0,444.0,25.1,34.7,40.0,25.1,15.3,12.7,19.6,23.3
Lhuître (10700),/management/ville/lhuitre/ville-10195,15.0,5.0,5.0,10.0,50.0,40.0,88.0,84.0,22.0,23.0,33.0,48.6,47.3,24.6,10.7,9.5,8.9,12.4
Gardie (11250),/management/ville/gardie/ville-11161,0.0,0.0,5.0,5.0,0.0,10.0,37.0,18.0,16.0,21.0,40.9,40.8,27.3,12.8,18.2,16.3,13.6,30.6
Laignes (21330),/management/ville/laignes/ville-21336,19.0,34.0,19.0,58.0,59.0,81.0,262.0,192.0,69.0,64.0,37.1,51.3,41.8,21.5,12.7,11.2,8.4,13.1
Fremifontaine (88600),/management/ville/fremifontaine/ville-88184,0.0,5.0,5.0,83.0,87.0,60.0,116.0,104.0,57.0,70.0,32.2,35.4,35.1,23.1,14.6,18.3,18.1,21.7
Grisy-Suisnes (77166),/management/ville/grisy-suisnes/ville-77217,15.0,138.0,231.0,324.0,408.0,167.0,435.0,435.0,300.0,579.0,24.7,25.1,30.0,19.6,15.7,18.6,29.5,36.6
Derbamont (88270),/management/ville/derbamont/ville-88129,10.0,0.0,0.0,20.0,10.0,20.0,21.0,26.0,11.0,15.0,27.0,30.6,37.8,26.7,21.6,8.3,13.5,27.8
Le Plessis-Belleville (60330),/management/ville/le-plessis-belleville/ville-60500,0.0,54.0,208.0,546.0,496.0,316.0,663.0,614.0,485.0,516.0,27.7,30.5,32.9,21.3,20.5,22.0,18.9,26.4
La Ferté-Saint-Aubin (45240),/management/ville/la-ferte-saint-aubin/ville-45146,15.0,125.0,412.0,954.0,1099.0,808.0,1623.0,1601.0,857.0,1338.0,25.5,33.9,35.6,22.3,15.6,16.0,23.3,26.0
La Cerlangue (76430),/management/ville/la-cerlangue/ville-76169,20.0,15.0,84.0,178.0,149.0,143.0,237.0,254.0,153.0,248.0,22.8,30.1,34.9,21.4,16.7,17.6,25.6,29.9
Herbéviller (54450),/management/ville/herbeviller/ville-54259,5.0,0.0,10.0,40.0,35.0,40.0,57.0,49.0,29.0,36.0,29.5,37.3,35.2,21.2,14.8,19.3,20.5,21.7
Lantan (18130),/management/ville/lantan/ville-18121,0.0,10.0,5.0,0.0,20.0,5.0,13.0,32.0,12.0,16.0,16.1,19.0,48.4,33.3,12.9,19.0,22.6,21.4
Flaux (30700),/management/ville/flaux/ville-30110,5.0,25.0,30.0,35.0,45.0,25.0,56.0,49.0,55.0,129.0,20.6,18.3,19.9,15.2,18.4,19.6,41.2,47.7
Lavaur (24550),/management/ville/lavaur/ville-24232,0.0,0.0,0.0,10.0,15.0,0.0,22.0,9.0,14.0,14.0,36.7,40.0,23.3,8.7,16.7,30.0,23.3,23.3
Échevannes (21120),/management/ville/echevannes/ville-21240,0.0,5.0,28.0,33.0,33.0,33.0,40.0,42.0,40.0,66.0,18.9,23.7,23.2,20.8,24.2,18.3,33.7,36.6
Faulx (54760),/management/ville/faulx/ville-54188,10.0,56.0,70.0,199.0,168.0,107.0,356.0,248.0,165.0,227.0,30.6,40.5,31.0,18.4,18.9,14.5,19.5,25.7
Les Marêts (77560),/management/ville/les-marets/ville-77275,0.0,10.0,5.0,10.0,10.0,30.0,47.0,36.0,15.0,16.0,35.5,48.1,40.3,20.4,9.7,17.3,14.5,13.5
Fontenu (39130),/management/ville/fontenu/ville-39230,0.0,0.0,5.0,15.0,5.0,10.0,8.0,19.0,14.0,10.0,12.0,19.2,40.0,29.0,40.0,15.4,8.0,30.8
Kertzfeld (67230),/management/ville/kertzfeld/ville-67233,5.0,41.0,56.0,169.0,133.0,195.0,194.0,365.0,159.0,237.0,16.6,23.9,43.5,28.9,14.9,18.3,24.9,24.7
Halsou (64480),/management/ville/halsou/ville-64255,15.0,39.0,20.0,79.0,79.0,84.0,69.0,140.0,87.0,133.0,16.6,15.3,39.5,25.4,18.0,22.1,25.9,36.0
Jatxou (64480),/management/ville/jatxou/ville-64282,5.0,51.0,86.0,201.0,189.0,75.0,121.0,229.0,136.0,304.0,11.7,18.9,35.8,21.4,16.4,18.1,36.1,40.7
Frémontiers (80160),/management/ville/fremontiers/ville-80352,0.0,15.0,5.0,25.0,20.0,10.0,51.0,28.0,18.0,16.0,42.6,48.3,27.8,20.0,18.5,13.3,11.1,16.7
Gardonne (24680),/management/ville/gardonne/ville-24194,15.0,40.0,45.0,121.0,242.0,243.0,451.0,356.0,207.0,194.0,33.5,40.7,33.1,24.2,16.5,17.6,16.9,15.3
Époye (51490),/management/ville/epoye/ville-51232,25.0,10.0,24.0,54.0,44.0,35.0,88.0,92.0,52.0,78.0,25.0,31.4,37.2,20.9,16.7,17.3,21.2,29.5
La Chabanne (03250),/management/ville/la-chabanne/ville-03050,15.0,20.0,5.0,25.0,15.0,0.0,58.0,45.0,16.0,31.0,34.2,43.1,35.5,20.7,11.8,9.7,18.4,23.6
Estouy (45300),/management/ville/estouy/ville-45139,10.0,25.0,20.0,70.0,69.0,104.0,120.0,116.0,74.0,80.0,28.8,33.3,34.8,23.0,19.2,18.2,17.2,24.0
Gidy (45520),/management/ville/gidy/ville-45154,5.0,55.0,105.0,390.0,275.0,180.0,291.0,407.0,252.0,436.0,18.4,23.6,35.1,22.8,16.0,20.4,30.5,32.4
Le Fraysse (81430),/management/ville/le-fraysse/ville-81096,20.0,15.0,10.0,40.0,55.0,55.0,82.0,93.0,57.0,70.0,25.5,28.4,39.9,22.2,13.7,24.3,20.9,25.7
Leffrinckoucke (59495),/management/ville/leffrinckoucke/ville-59340,0.0,65.0,211.0,562.0,577.0,406.0,1045.0,855.0,569.0,888.0,23.3,38.3,30.2,20.1,18.0,16.0,28.5,24.6
Gourgeon (70120),/management/ville/gourgeon/ville-70272,6.0,26.0,6.0,30.0,12.0,30.0,53.0,69.0,39.0,28.0,27.6,27.8,41.8,29.8,15.3,26.7,15.3,14.4
La Villedieu-du-Clain (86340),/management/ville/la-villedieu-du-clain/ville-86290,5.0,25.0,75.0,215.0,315.0,150.0,282.0,378.0,215.0,264.0,22.6,26.8,39.7,25.0,19.3,18.5,18.4,27.6
Grisy-sur-Seine (77480),/management/ville/grisy-sur-seine/ville-77218,0.0,5.0,0.0,15.0,24.0,15.0,19.0,24.0,21.0,18.0,25.0,21.7,25.0,28.8,32.5,19.6,17.5,26.1
Lavaur (81500),/management/ville/lavaur/ville-81140,16.0,308.0,685.0,1249.0,1327.0,1014.0,2571.0,1837.0,1435.0,2426.0,27.5,34.2,26.5,18.3,17.3,17.4,28.6,30.0
Flavacourt (60590),/management/ville/flavacourt/ville-60235,5.0,10.0,20.0,60.0,86.0,166.0,127.0,152.0,97.0,127.0,22.1,28.3,36.8,22.4,20.9,17.4,20.2,30.4
Lhuys (02220),/management/ville/lhuys/ville-02427,0.0,5.0,20.0,0.0,35.0,15.0,39.0,26.0,20.0,16.0,37.9,39.5,32.8,17.5,17.2,23.3,12.1,20.9
Laigneville (60290),/management/ville/laigneville/ville-60342,0.0,131.0,165.0,566.0,765.0,475.0,877.0,925.0,613.0,840.0,24.3,29.4,32.6,23.3,18.5,19.1,24.6,27.0
Le Plessis-Bouchard (95130),/management/ville/le-plessis-bouchard/ville-95491,0.0,230.0,985.0,1375.0,1010.0,460.0,1169.0,1310.0,1122.0,2246.0,16.7,22.9,26.5,18.8,19.2,19.2,37.6,39.1
La Nouaye (35137),/management/ville/la-nouaye/ville-35203,0.0,5.0,41.0,61.0,51.0,31.0,29.0,61.0,40.0,97.0,11.4,13.4,33.3,20.5,17.5,17.0,37.7,48.2
Hurecourt (70210),/management/ville/hurecourt/ville-70287,0.0,5.0,0.0,5.0,0.0,0.0,11.0,14.0,11.0,1.0,26.3,33.3,31.6,36.4,36.8,22.2,5.3,0.0
La Ferté-Saint-Cyr (41220),/management/ville/la-ferte-saint-cyr/ville-41085,0.0,35.0,50.0,110.0,105.0,125.0,220.0,275.0,122.0,212.0,23.4,29.7,37.5,25.6,13.1,16.5,26.0,25.1
Kervignac (56700),/management/ville/kervignac/ville-56094,30.0,234.0,374.0,838.0,1062.0,658.0,828.0,1438.0,914.0,1446.0,15.2,20.5,36.1,24.6,19.7,19.8,28.9,33.5
Faumont (59310),/management/ville/faumont/ville-59222,25.0,55.0,239.0,345.0,240.0,170.0,343.0,346.0,291.0,546.0,19.9,25.0,26.8,19.0,18.0,20.0,35.3,36.3
Herbeys (38320),/management/ville/herbeys/ville-38188,40.0,75.0,170.0,160.0,118.0,89.0,135.0,134.0,172.0,578.0,11.5,14.9,14.9,12.3,16.5,17.4,57.1,56.1
Lantéfontaine (54150),/management/ville/lantefontaine/ville-54302,0.0,20.0,15.0,75.0,110.0,75.0,133.0,203.0,92.0,146.0,14.8,31.1,43.3,24.6,17.3,14.9,24.5,26.4
Dercé (86420),/management/ville/derce/ville-86093,10.0,5.0,0.0,15.0,5.0,10.0,44.0,39.0,9.0,21.0,47.2,31.7,37.7,26.8,1.9,13.3,13.2,23.3
Les Mars (23700),/management/ville/les-mars/ville-23123,40.0,20.0,0.0,10.0,25.0,10.0,56.0,54.0,23.0,29.0,27.3,41.2,42.9,22.6,13.0,15.3,16.9,18.8
Estrablin (38780),/management/ville/estrablin/ville-38157,5.0,105.0,278.0,450.0,347.0,283.0,697.0,749.0,435.0,637.0,23.8,31.6,34.1,23.4,17.7,16.9,24.4,26.2
Fonteny (57590),/management/ville/fonteny/ville-57225,5.0,5.0,5.0,20.0,35.0,10.0,31.0,40.0,14.0,21.0,24.5,34.0,45.3,26.7,9.4,17.0,20.8,18.9
Doncières (88700),/management/ville/doncieres/ville-88156,0.0,5.0,10.0,10.0,20.0,25.0,30.0,33.0,22.0,18.0,24.1,35.6,36.2,24.0,25.9,15.6,13.8,22.2
Échevannes (25580),/management/ville/echevannes/ville-25211,0.0,0.0,0.0,10.0,0.0,20.0,13.0,21.0,15.0,18.0,16.7,22.6,36.1,25.0,22.2,22.6,25.0,29.0
Frémonville (54450),/management/ville/fremonville/ville-54211,0.0,0.0,0.0,10.0,10.0,30.0,58.0,43.0,20.0,24.0,33.3,46.1,39.1,20.3,10.1,17.1,17.4,15.8
Gardouch (31290),/management/ville/gardouch/ville-31210,5.0,35.0,145.0,125.0,185.0,130.0,196.0,216.0,189.0,319.0,19.2,23.4,28.3,19.4,18.7,22.3,33.8,35.6
Jau-Dignac-et-Loirac (33590),/management/ville/jau-dignac-et-loirac/ville-33208,21.0,36.0,5.0,67.0,87.0,139.0,282.0,292.0,122.0,121.0,32.1,37.2,39.3,27.5,13.4,16.5,15.1,14.7
Grives (24170),/management/ville/grives/ville-24206,6.0,6.0,0.0,6.0,24.0,0.0,30.0,43.0,14.0,17.0,22.6,36.0,49.1,28.3,13.2,14.0,15.1,16.0
Flaviac (07000),/management/ville/flaviac/ville-07090,10.0,40.0,40.0,149.0,159.0,139.0,277.0,251.0,164.0,224.0,27.2,33.4,34.1,20.2,17.2,18.5,21.5,27.5
Le Frêche (40190),/management/ville/le-freche/ville-40100,14.0,19.0,5.0,29.0,72.0,38.0,98.0,90.0,50.0,67.0,32.9,31.5,36.4,22.5,13.3,19.1,17.5,25.9
La Noue (51310),/management/ville/la-noue/ville-51407,0.0,15.0,20.0,30.0,55.0,45.0,88.0,87.0,55.0,45.0,29.5,34.3,37.9,24.5,19.7,20.3,12.9,19.6
La Villedieu-en-Fontenette (70160),/management/ville/la-villedieu-en-fontenette/ville-70555,0.0,5.0,5.0,20.0,20.0,40.0,40.0,46.0,20.0,24.0,21.7,38.6,48.3,22.1,16.7,14.3,13.3,22.9
La Chailleuse (39270),/management/ville/la-chailleuse/ville-39021,0.0,20.0,30.0,85.0,70.0,80.0,122.0,159.0,88.0,112.0,26.6,24.1,39.1,24.6,17.3,19.4,16.9,30.2
Herbignac (44410),/management/ville/herbignac/ville-44072,105.0,280.0,215.0,745.0,965.0,900.0,1103.0,1675.0,958.0,1078.0,17.8,27.7,42.8,25.3,20.7,19.2,18.7,25.9
Keskastel (67260),/management/ville/keskastel/ville-67234,25.0,65.0,35.0,120.0,180.0,257.0,376.0,420.0,187.0,203.0,25.9,37.7,40.2,26.6,15.9,15.7,18.0,16.0
Leforest (62790),/management/ville/leforest/ville-62497,0.0,169.0,253.0,769.0,898.0,868.0,1617.0,1403.0,940.0,1023.0,25.4,38.5,35.5,21.3,18.5,19.2,20.6,20.5
Fauquembergues (62560),/management/ville/fauquembergues/ville-62325,15.0,35.0,25.0,95.0,116.0,140.0,304.0,194.0,81.0,117.0,33.3,52.4,38.9,17.5,11.2,12.0,16.5,17.0
Lantenay (01430),/management/ville/lantenay/ville-01206,0.0,0.0,15.0,34.0,34.0,64.0,62.0,55.0,27.0,57.0,28.8,32.3,27.9,23.6,15.4,12.5,27.9,28.1
Liac (65140),/management/ville/liac/ville-65273,5.0,0.0,15.0,10.0,25.0,40.0,32.0,56.0,29.0,30.0,20.3,23.1,47.8,28.0,14.5,24.4,17.4,23.1
Doncourt-aux-Templiers (55160),/management/ville/doncourt-aux-templiers/ville-55163,6.0,0.0,0.0,6.0,22.0,17.0,16.0,20.0,9.0,10.0,32.0,26.7,32.0,30.8,24.0,10.0,12.0,23.3
Frencq (62630),/management/ville/frencq/ville-62354,14.0,24.0,38.0,96.0,106.0,96.0,165.0,175.0,124.0,126.0,21.6,34.1,36.1,22.7,21.6,20.4,20.6,22.1
Hures-la-Parade (48150),/management/ville/hures-la-parade/ville-48074,28.0,6.0,0.0,11.0,28.0,11.0,38.0,44.0,51.0,61.0,19.4,19.4,30.1,18.1,28.0,25.2,22.6,38.8
La Ferté-Saint-Samson (76440),/management/ville/la-ferte-saint-samson/ville-76261,31.0,31.0,5.0,51.0,51.0,61.0,89.0,130.0,64.0,64.0,26.8,24.2,39.9,30.0,18.0,19.4,15.3,21.8
Le Plessis-Brion (60150),/management/ville/le-plessis-brion/ville-60501,0.0,45.0,81.0,222.0,141.0,172.0,295.0,336.0,164.0,281.0,23.2,31.3,36.1,24.1,14.8,15.6,25.8,26.3
Giel-Courteilles (61210),/management/ville/giel-courteilles/ville-61189,10.0,10.0,20.0,49.0,70.0,60.0,92.0,97.0,37.0,51.0,28.4,38.8,43.2,23.2,11.5,15.5,16.9,20.2
Estramiac (32380),/management/ville/estramiac/ville-32129,10.0,15.0,5.0,15.0,5.0,15.0,47.0,32.0,23.0,12.0,40.3,42.3,35.5,20.0,17.7,23.1,6.5,15.4
Flavignac (87230),/management/ville/flavignac/ville-87066,35.0,20.0,35.0,150.0,170.0,110.0,249.0,263.0,130.0,158.0,22.3,38.9,43.1,22.0,17.3,15.3,17.3,21.9
Herbinghen (62850),/management/ville/herbinghen/ville-62432,20.0,25.0,10.0,33.0,65.0,49.0,91.0,75.0,57.0,53.0,26.9,38.8,31.3,21.8,24.6,17.3,17.2,20.9
Laigny (02140),/management/ville/laigny/ville-02401,10.0,29.0,0.0,29.0,19.0,19.0,56.0,41.0,26.0,25.0,34.2,42.0,30.4,21.6,19.0,15.9,16.5,18.8
Lantenay (21370),/management/ville/lantenay/ville-21339,0.0,15.0,71.0,56.0,90.0,44.0,58.0,80.0,64.0,149.0,13.4,19.6,29.7,15.9,21.5,14.5,35.5,49.7
Les Martres-d'Artière (63430),/management/ville/les-martres-d-artiere/ville-63213,10.0,71.0,168.0,388.0,275.0,286.0,302.0,483.0,321.0,435.0,16.8,22.2,35.2,25.7,21.6,20.2,26.5,30.0
La Villeneuve (23260),/management/ville/la-villeneuve/ville-23265,5.0,0.0,0.0,0.0,15.0,5.0,19.0,17.0,6.0,11.0,32.1,40.7,35.7,25.0,10.7,11.1,21.4,18.5
Gourgue (65130),/management/ville/gourgue/ville-65207,0.0,0.0,0.0,5.0,10.0,5.0,15.0,16.0,9.0,8.0,34.8,28.0,34.8,28.6,17.4,20.0,13.0,20.0
Garein (40420),/management/ville/garein/ville-40105,0.0,5.0,35.0,60.0,50.0,50.0,101.0,90.0,60.0,66.0,31.0,32.7,31.6,24.4,15.8,22.0,21.5,20.1
,22.0
Jaucourt (10200),/management/ville/jaucourt/ville-10176,0.0,10.0,0.0,30.0,15.0,25.0,45.0,43.0,21.0,19.0,34.8,35.6,37.7,27.0,11.6,22.0,15.9,13.6
Grivesnes (80250),/management/ville/grivesnes/ville-80390,5.0,0.0,15.0,70.0,60.0,45.0,57.0,76.0,63.0,86.0,18.3,22.1,29.6,23.9,21.8,22.9,30.3,30.7
Eppe-Sauvage (59132),/management/ville/eppe-sauvage/ville-59198,20.0,0.0,15.0,15.0,31.0,15.0,60.0,41.0,49.0,48.0,20.6,39.6,29.9,12.9,29.9,19.8,19.6,28.7
Halstroff (57480),/management/ville/halstroff/ville-57286,0.0,5.0,16.0,26.0,16.0,42.0,86.0,73.0,30.0,46.0,32.2,40.5,34.8,23.6,14.8,11.6,18.3,20.7
Le Fréchet (31360),/management/ville/le-frechet/ville-31198,0.0,0.0,10.0,5.0,15.0,10.0,29.0,22.0,12.0,28.0,27.3,36.4,31.8,15.6,13.6,13.6,27.3,34.1
La Pacaudière (42310),/management/ville/la-pacaudiere/ville-42163,35.0,44.0,20.0,99.0,143.0,118.0,332.0,264.0,111.0,142.0,35.9,42.0,38.7,21.7,14.8,11.4,10.7,22.0
Dercy (02270),/management/ville/dercy/ville-02261,15.0,0.0,5.0,35.0,40.0,75.0,103.0,80.0,52.0,58.0,33.3,37.8,32.7,20.4,19.3,15.4,14.7,25.2
Faurilles (24560),/management/ville/faurilles/ville-24176,5.0,5.0,5.0,0.0,0.0,5.0,4.0,10.0,5.0,9.0,13.3,13.3,40.0,29.4,13.3,20.0,33.3,33.3
Kesseldorf (67930),/management/ville/kesseldorf/ville-67235,0.0,10.0,21.0,45.0,35.0,99.0,95.0,131.0,49.0,57.0,21.8,36.3,46.0,27.7,14.4,15.3,17.8,15.9
Lège (31440),/management/ville/lege/ville-31290,0.0,0.0,0.0,0.0,0.0,10.0,8.0,13.0,3.0,8.0,20.0,29.4,40.0,33.3,0.0,17.6,40.0,11.8
Échevis (26190),/management/ville/echevis/ville-26117,0.0,0.0,18.0,0.0,0.0,5.0,12.0,8.0,10.0,7.0,31.6,30.0,31.6,17.6,21.1,30.0,15.8,25.0
La Chaise (10500),/management/ville/la-chaise/ville-10072,0.0,0.0,0.0,0.0,6.0,17.0,11.0,11.0,7.0,3.0,35.3,37.5,35.3,31.6,17.6,18.8,11.8,6.3
Liancourt (60140),/management/ville/liancourt/ville-60360,0.0,100.0,220.0,659.0,1097.0,863.0,1937.0,1504.0,821.0,933.0,36.3,38.4,32.6,23.0,15.5,16.1,15.7,20.4
Fonters-du-Razès (11400),/management/ville/fonters-du-razes/ville-11149,0.0,0.0,0.0,5.0,0.0,10.0,20.0,19.0,9.0,16.0,32.3,32.4,32.3,25.0,6.5,20.6,29.0,20.6
Huriel (03380),/management/ville/huriel/ville-03128,5.0,65.0,55.0,297.0,463.0,277.0,501.0,747.0,366.0,398.0,20.6,28.8,46.0,26.7,15.5,20.6,17.8,21.6
Gien (45500),/management/ville/gien/ville-45155,19.0,303.0,540.0,1306.0,1417.0,1911.0,4462.0,2728.0,1537.0,1903.0,35.8,47.6,31.1,19.5,14.4,14.5,18.8,17.1
La Ferté-sous-Jouarre (77260),/management/ville/la-ferte-sous-jouarre/ville-77183,0.0,161.0,535.0,1179.0,1629.0,988.0,2363.0,1779.0,1191.0,1602.0,31.8,36.1,29.4,21.5,15.8,18.4,23.0,23.2
La Pallu (53140),/management/ville/la-pallu/ville-53173,10.0,21.0,0.0,5.0,26.0,31.0,57.0,38.0,21.0,21.0,35.2,50.0,38.0,16.7,15.5,14.1,11.3,18.8
La Chaise-Baudouin (50370),/management/ville/la-chaise-baudouin/ville-50112,20.0,5.0,5.0,31.0,46.0,107.0,125.0,114.0,48.0,62.0,28.5,44.2,41.9,20.5,12.9,14.1,16.7,19.6
Dernacueillette (11330),/management/ville/dernacueillette/ville-11118,5.0,5.0,0.0,0.0,10.0,0.0,8.0,16.0,6.0,8.0,22.7,18.8,36.4,38.1,13.6,18.8,27.3,12.5
Le Plessis-Dorin (41170),/management/ville/le-plessis-dorin/ville-41177,0.0,10.0,5.0,10.0,0.0,5.0,64.0,39.0,28.0,25.0,32.1,52.1,34.6,15.9,14.8,20.5,18.5,12.3
Herbisse (10700),/management/ville/herbisse/ville-10172,15.0,5.0,10.0,20.0,5.0,35.0,63.0,42.0,10.0,21.0,45.1,47.7,32.4,23.8,8.5,6.2,14.1,16.9
Lantenne-Vertière (25170),/management/ville/lantenne-vertiere/ville-25326,0.0,15.0,30.0,55.0,105.0,40.0,84.0,130.0,68.0,115.0,18.0,24.4,41.0,22.5,18.0,16.2,23.0,35.0
Flavignerot (21160),/management/ville/flavignerot/ville-21270,5.0,10.0,15.0,30.0,25.0,15.0,17.0,21.0,20.0,73.0,12.9,13.0,21.0,11.4,21.0,10.1,45.2,65.2
Laillé (35890),/management/ville/laille/ville-35139,25.0,189.0,645.0,752.0,538.0,371.0,658.0,850.0,630.0,1322.0,17.3,20.6,27.0,21.6,17.0,19.4,38.7,37.8
Fontès (34320),/management/ville/fontes/ville-34103,25.0,40.0,36.0,110.0,126.0,101.0,300.0,218.0,125.0,173.0,33.8,39.5,31.2,21.3,14.0,16.8,21.1,21.3
Les Martres-de-Veyre (63730),/management/ville/les-martres-de-veyre/ville-63214,5.0,80.0,240.0,425.0,625.0,470.0,700.0,891.0,578.0,825.0,21.9,24.8,36.3,23.2,16.7,21.7,25.1,29.9
Eppes (02840),/management/ville/eppes/ville-02282,5.0,0.0,15.0,35.0,90.0,45.0,88.0,101.0,66.0,47.0,22.4,35.4,46.9,22.4,18.2,24.8,12.6,18.0
Kienheim (67270),/management/ville/kienheim/ville-67236,10.0,36.0,66.0,77.0,46.0,36.0,74.0,114.0,62.0,196.0,13.3,20.0,27.9,22.0,10.2,17.7,48.7,39.1
Fauroux (82190),/management/ville/fauroux/ville-82060,25.0,20.0,10.0,10.0,30.0,10.0,67.0,45.0,37.0,40.0,33.3,37.2,26.5,20.7,19.6,19.8,20.6,22.1
Doncourt-lès-Conflans (54800),/management/ville/doncourt-les-conflans/ville-54171,0.0,25.0,44.0,203.0,137.0,183.0,197.0,283.0,172.0,204.0,23.8,22.2,36.5,27.1,19.4,20.8,20.3,27.6
La Villeneuve-au-Châtelot (10400),/management/ville/la-villeneuve-au-chatelot/ville-10421,5.0,5.0,10.0,26.0,10.0,10.0,37.0,30.0,21.0,16.0,25.0,45.5,37.5,19.6,22.9,18.2,14.6,16.4
Grivillers (80700),/management/ville/grivillers/ville-80391,5.0,0.0,0.0,10.0,19.0,0.0,11.0,19.0,16.0,9.0,19.2,19.4,30.8,35.3,30.8,29.0,19.2,12.9
Ham (80400),/management/ville/ham/ville-80410,25.0,65.0,70.0,275.0,550.0,685.0,1699.0,1052.0,404.0,337.0,42.2,54.2,35.3,22.2,13.2,10.2,9.3,9.9
Liancourt-Fosse (80700),/management/ville/liancourt-fosse/ville-80473,0.0,15.0,10.0,35.0,45.0,55.0,64.0,57.0,40.0,43.0,28.7,34.4,36.1,19.4,17.6,21.9,17.6,25.0
Gourhel (56800),/management/ville/gourhel/ville-56065,5.0,10.0,35.0,104.0,104.0,79.0,89.0,120.0,99.0,179.0,16.5,19.7,27.4,21.2,22.4,18.1,33.8,40.2
Le Freney-d'Oisans (38142),/management/ville/le-freney-d-oisans/ville-38173,5.0,10.0,5.0,25.0,40.0,20.0,39.0,62.0,37.0,54.0,18.6,22.1,42.3,22.1,16.5,22.1,22.7,33.7
Échevronne (21420),/management/ville/echevronne/ville-21241,10.0,15.0,25.0,50.0,25.0,30.0,40.0,56.0,40.0,77.0,16.4,21.4,33.6,17.9,21.8,15.5,28.2,44.7
Lavaveix-les-Mines (23150),/management/ville/lavaveix-les-mines/ville-23105,0.0,5.0,5.0,30.0,105.0,83.0,276.0,163.0,74.0,53.0,43.3,53.4,37.2,20.4,10.3,15.4,9.2,9.5
Jaudrais (28250),/management/ville/jaudrais/ville-28200,9.0,24.0,14.0,38.0,80.0,52.0,67.0,96.0,55.0,49.0,28.3,21.3,39.1,30.0,18.1,22.8,14.5,22.8
Legé (44650),/management/ville/lege/ville-44081,60.0,140.0,130.0,390.0,630.0,795.0,1009.0,1193.0,586.0,535.0,22.9,37.7,44.5,24.9,18.4,16.9,14.3,17.9
Gien-sur-Cure (58230),/management/ville/gien-sur-cure/ville-58125,0.0,0.0,5.0,0.0,10.0,0.0,33.0,21.0,17.0,13.0,42.5,37.8,32.5,19.5,12.5,26.7,12.5,17.8
Garennes-sur-Eure (27780),/management/ville/garennes-sur-eure/ville-27278,5.0,106.0,84.0,186.0,260.0,321.0,429.0,475.0,244.0,228.0,28.3,34.1,40.9,25.9,16.0,19.5,14.7,18.3
Estrebay (08260),/management/ville/estrebay/ville-08154,5.0,0.0,0.0,10.0,5.0,5.0,20.0,13.0,12.0,13.0,24.1,44.8,31.0,13.8,27.6,13.8,17.2,27.6
Hurigny (71870),/management/ville/hurigny/ville-71235,5.0,52.0,138.0,269.0,207.0,209.0,408.0,363.0,246.0,490.0,24.9,29.2,29.4,18.8,15.1,17.3,30.5,34.4
La Ferté-sur-Chiers (08370),/management/ville/la-ferte-sur-chiers/ville-08168,0.0,0.0,0.0,10.0,15.0,43.0,61.0,42.0,25.0,9.0,38.9,49.2,38.9,22.1,18.1,18.5,4.2,9.2
Frenelle-la-Grande (88500),/management/ville/frenelle-la-grande/ville-88185,0.0,0.0,0.0,25.0,5.0,0.0,25.0,32.0,11.0,21.0,27.3,28.9,43.2,24.5,13.6,11.1,15.9,31.1
La Palme (11480),/management/ville/la-palme/ville-11188,41.0,82.0,66.0,87.0,250.0,128.0,323.0,420.0,289.0,304.0,24.2,24.1,35.6,26.6,19.0,24.2,21.1,24.2
Kiffis (68480),/management/ville/kiffis/ville-68165,0.0,5.0,30.0,25.0,40.0,55.0,78.0,72.0,28.0,27.0,34.0,42.2,37.9,26.4,17.5,9.8,10.7,15.7
Fontet (33190),/management/ville/fontet/ville-33170,25.0,15.0,20.0,60.0,105.0,160.0,233.0,175.0,90.0,98.0,40.3,38.0,34.1,23.5,10.6,19.5,15.0,17.8
Ham-en-Artois (62190),/management/ville/ham-en-artois/ville-62407,5.0,24.0,49.0,109.0,144.0,123.0,204.0,238.0,147.0,177.0,22.4,30.8,36.5,23.8,20.3,18.3,20.8,25.3
Faussergues (81340),/management/ville/faussergues/ville-81089,16.0,0.0,5.0,5.0,5.0,16.0,44.0,33.0,19.0,24.0,33.3,40.4,38.1,15.4,9.5,22.8,19.0,22.8
Dernancourt (80300),/management/ville/dernancourt/ville-80238,15.0,0.0,30.0,40.0,65.0,90.0,99.0,136.0,74.0,98.0,14.8,33.8,46.8,19.5,19.2,17.2,19.2,28.9
Flavigny (18350),/management/ville/flavigny/ville-18095,10.0,5.0,0.0,5.0,15.0,15.0,47.0,46.0,23.0,25.0,25.8,40.0,40.9,23.5,15.2,17.3,18.2,17.3
Eppeville (80400),/management/ville/eppeville/ville-80274,0.0,25.0,40.0,140.0,200.0,250.0,561.0,494.0,195.0,143.0,35.4,44.6,42.8,25.6,11.6,16.1,10.2,10.3
Herbitzheim (67260),/management/ville/herbitzheim/ville-67191,0.0,30.0,65.0,231.0,245.0,335.0,468.0,537.0,207.0,253.0,25.5,38.2,43.5,26.0,13.6,14.5,17.4,17.2
La Villeneuve-au-Chêne (10140),/management/ville/la-villeneuve-au-chene/ville-10423,9.0,14.0,0.0,24.0,77.0,81.0,111.0,94.0,59.0,58.0,32.7,36.5,38.3,21.1,11.7,24.5,17.3,18.9
Lantenot (70200),/management/ville/lantenot/ville-70294,0.0,40.0,20.0,45.0,40.0,55.0,64.0,89.0,50.0,55.0,21.0,29.5,39.1,25.9,22.5,15.6,17.4,25.4
Lailly (89190),/management/ville/lailly/ville-89214,5.0,0.0,0.0,15.0,15.0,25.0,42.0,47.0,26.0,30.0,25.0,32.9,41.7,22.7,15.3,20.5,18.1,23.3
Doncourt-lès-Longuyon (54620),/management/ville/doncourt-les-longuyon/ville-54172,0.0,15.0,0.0,31.0,56.0,66.0,54.0,88.0,42.0,39.0,18.1,29.9,49.5,28.7,15.2,21.4,17.1,17.1
Le Plessis-Feu-Aussoux (77540),/management/ville/le-plessis-feu-aussoux/ville-77365,5.0,29.0,29.0,68.0,111.0,58.0,76.0,132.0,99.0,94.0,21.7,16.3,38.9,27.1,22.2,26.7,17.2,29.7
Grivy-Loisy (08400),/management/ville/grivy-loisy/ville-08200,10.0,0.0,10.0,20.0,30.0,15.0,46.0,40.0,30.0,21.0,34.3,33.8,32.9,24.6,20.0,23.5,12.9,17.6
Les Martys (11390),/management/ville/les-martys/ville-11221,0.0,29.0,24.0,0.0,34.0,29.0,51.0,77.0,48.0,43.0,20.2,25.9,45.9,24.3,21.1,22.2,12.8,26.9
Estrébœuf (80230),/management/ville/estreboeuf/ville-80287,0.0,0.0,20.0,40.0,35.0,40.0,62.0,63.0,35.0,35.0,23.1,41.8,45.2,17.4,19.2,16.5,12.5,24.2
Hurtières (38570),/management/ville/hurtieres/ville-38192,0.0,0.0,10.0,44.0,10.0,10.0,21.0,33.0,17.0,49.0,16.1,18.6,32.3,20.3,14.5,13.6,37.1,45.8
La Ferté-Vidame (28340),/management/ville/la-ferte-vidame/ville-28149,10.0,10.0,15.0,84.0,104.0,115.0,267.0,172.0,62.0,57.0,42.8,53.1,37.9,21.3,9.5,12.7,9.8,10.5
Jaujac (07380),/management/ville/jaujac/ville-07107,15.0,35.0,110.0,110.0,100.0,135.0,308.0,217.0,178.0,261.0,28.0,35.5,32.2,14.9,17.8,19.0,22.0,31.4
Gières (38610),/management/ville/gieres/ville-38179,5.0,164.0,942.0,1033.0,728.0,403.0,985.0,813.0,707.0,1908.0,19.1,25.4,21.5,15.8,14.7,17.2,44.7,41.9
Gourin (56110),/management/ville/gourin/ville-56066,82.0,153.0,71.0,306.0,428.0,460.0,1075.0,990.0,526.0,504.0,28.3,40.5,39.6,23.2,17.4,16.6,14.7,17.7
La Palud-sur-Verdon (04120),/management/ville/la-palud-sur-verdon/ville-04144,15.0,10.0,0.0,34.0,49.0,15.0,69.0,61.0,65.0,90.0,20.9,28.0,22.2,20.7,26.1,18.9,30.7,31.8
Frenelle-la-Petite (88500),/management/ville/frenelle-la-petite/ville-88186,5.0,5.0,0.0,5.0,0.0,5.0,13.0,12.0,2.0,9.0,25.0,45.0,43.8,20.0,12.5,0.0,18.8,30.0
Garentreville (77890),/management/ville/garentreville/ville-77200,14.0,10.0,0.0,10.0,14.0,14.0,18.0,24.0,19.0,20.0,18.6,26.8,34.9,21.4,27.9,19.5,18.6,31.7
Lège-Cap-Ferret (33950),/management/ville/lege-cap-ferret/ville-33236,84.0,542.0,420.0,791.0,1103.0,473.0,1550.0,1854.0,1277.0,2062.0,20.2,25.6,32.2,22.4,17.8,20.1,29.8,31.3
Lavazan (33690),/management/ville/lavazan/ville-33235,5.0,16.0,5.0,16.0,31.0,10.0,51.0,62.0,30.0,29.0,23.9,34.9,42.0,26.3,17.0,18.6,17.0,17.4
Liancourt-Saint-Pierre (60240),/management/ville/liancourt-saint-pierre/ville-60361,20.0,15.0,30.0,105.0,85.0,30.0,85.0,122.0,94.0,127.0,19.7,20.0,29.6,25.8,22.4,21.5,28.3,31.2
Échigey (21110),/management/ville/echigey/ville-21242,5.0,29.0,25.0,39.0,34.0,34.0,58.0,59.0,36.0,52.0,27.6,28.7,33.3,22.4,18.1,17.8,21.0,29.7
Doncourt-sur-Meuse (52150),/management/ville/doncourt-sur-meuse/ville-52174,5.0,5.0,5.0,0.0,5.0,11.0,12.0,8.0,4.0,6.0,26.7,50.0,46.7,7.7,13.3,14.3,13.3,28.6
Killem (59122),/management/ville/killem/ville-59326,24.0,38.0,9.0,99.0,142.0,146.0,217.0,249.0,144.0,144.0,25.3,32.3,39.6,24.8,18.6,19.8,16.5,21.4
La Panouse (48600),/management/ville/la-panouse/ville-48108,26.0,0.0,0.0,11.0,5.0,0.0,22.0,17.0,8.0,17.0,39.4,31.0,27.3,22.6,9.1,17.2,24.2,27.6
Légéville-et-Bonfays (88270),/management/ville/legeville-et-bonfays/ville-88264,10.0,0.0,5.0,0.0,10.0,5.0,8.0,15.0,5.0,5.0,11.1,37.5,61.1,25.0,22.2,6.3,5.6,25.0
Gourlizon (29710),/management/ville/gourlizon/ville-29065,10.0,20.0,25.0,105.0,165.0,130.0,131.0,222.0,142.0,162.0,13.9,25.5,41.5,24.9,24.1,19.4,20.6,28.4
Lanteuil (19190),/management/ville/lanteuil/ville-19105,26.0,10.0,26.0,82.0,67.0,67.0,93.0,130.0,77.0,98.0,20.9,25.5,39.3,24.9,17.3,21.5,22.4,27.0
Gièvres (41130),/management/ville/gievres/ville-41097,10.0,178.0,62.0,161.0,295.0,339.0,928.0,560.0,247.0,219.0,45.6,49.4,34.1,21.1,11.6,13.6,8.7,13.9
Ham-les-Moines (08090),/management/ville/ham-les-moines/ville-08206,0.0,15.0,10.0,30.0,60.0,35.0,74.0,76.0,57.0,61.0,22.1,32.8,37.4,20.0,21.4,21.2,19.1,26.3
Derval (44590),/management/ville/derval/ville-44051,100.0,90.0,110.0,295.0,435.0,520.0,716.0,752.0,408.0,520.0,24.8,34.8,38.3,23.0,16.6,17.5,20.3,23.1
Laveissenet (15300),/management/ville/laveissenet/ville-15100,16.0,0.0,0.0,0.0,21.0,10.0,37.0,33.0,20.0,12.0,32.0,41.2,40.0,25.0,16.0,23.5,12.0,9.8
Lailly-en-Val (45740),/management/ville/lailly-en-val/ville-45179,0.0,66.0,162.0,389.0,364.0,410.0,633.0,685.0,348.0,516.0,27.0,30.9,37.0,23.9,14.7,17.2,21.3,25.9
La Villeneuve-Bellenoye-et-la-Maize (70240),/management/ville/la-villeneuve-bellenoye-et-la-maize/ville-70558,0.0,0.0,10.0,30.0,10.0,15.0,31.0,42.0,16.0,18.0,23.5,33.9,47.1,28.1,11.8,17.9,17.6,16.1
Jauldes (16560),/management/ville/jauldes/ville-16168,0.0,54.0,29.0,136.0,83.0,117.0,146.0,197.0,115.0,146.0,20.9,27.7,41.2,22.7,18.6,19.3,19.3,29.4
La Feuillade (24120),/management/ville/la-feuillade/ville-24179,0.0,15.0,25.0,110.0,95.0,85.0,125.0,198.0,106.0,131.0,20.4,24.3,41.1,27.3,16.8,21.1,21.8,25.0
Le Plessis-Gassot (95720),/management/ville/le-plessis-gassot/ville-95492,0.0,0.0,0.0,10.0,15.0,5.0,13.0,21.0,9.0,13.0,25.0,20.8,34.4,31.3,21.9,8.3,18.8,29.2
Herblay-sur-Seine (95220),/management/ville/herblay-sur-seine/ville-95306,17.0,756.0,3608.0,4404.0,3631.0,1943.0,4852.0,4224.0,3389.0,7318.0,23.0,25.9,24.3,18.4,16.7,17.5,36.0,38.0
Les Matelles (34270),/management/ville/les-matelles/ville-34153,10.0,50.0,245.0,285.0,185.0,95.0,271.0,259.0,249.0,680.0,15.8,20.9,22.0,14.7,15.7,18.3,46.4,46.7
Estrée (62170),/management/ville/estree/ville-62312,10.0,0.0,15.0,35.0,40.0,35.0,53.0,64.0,43.0,56.0,22.4,26.6,30.8,26.5,18.7,21.1,28.0,23.9
Hurtigheim (67117),/management/ville/hurtigheim/ville-67214,4.0,28.0,105.0,77.0,125.0,85.0,68.0,127.0,101.0,244.0,10.3,14.9,27.9,18.8,19.5,17.9,42.3,48.1
Frenelles-en-Vexin (27150),/management/ville/frenelles-en-vexin/ville-27070,15.0,15.0,55.0,195.0,215.0,340.0,397.0,363.0,200.0,216.0,30.8,36.7,34.5,24.4,18.2,15.8,16.5,20.2
Le Fresne (51240),/management/ville/le-fresne/ville-51260,15.0,5.0,0.0,5.0,15.0,0.0,10.0,9.0,10.0,18.0,25.0,17.4,29.2,10.0,20.8,21.7,25.0,52.2
Fauverney (21110),/management/ville/fauverney/ville-21261,0.0,5.0,60.0,70.0,87.0,126.0,104.0,122.0,94.0,158.0,16.6,26.7,34.5,17.9,17.9,21.0,31.1,35.0
Fontette (10360),/management/ville/fontette/ville-10155,56.0,10.0,0.0,0.0,5.0,5.0,76.0,38.0,27.0,15.0,42.1,55.7,34.2,14.5,17.1,17.7,6.6,12.7
Flavigny (51190),/management/ville/flavigny/ville-51251,5.0,5.0,10.0,15.0,15.0,24.0,35.0,44.0,25.0,26.0,21.5,32.8,36.9,25.3,26.2,12.5,15.4,25.0
Liart (08290),/management/ville/liart/ville-08254,20.0,25.0,10.0,56.0,61.0,51.0,216.0,104.0,71.0,42.0,40.0,58.4,33.0,16.4,16.5,16.7,10.5,8.6
.0,17.1,18.3,16.7
Garéoult (83136),/management/ville/gareoult/ville-83064,30.0,252.0,227.0,569.0,659.0,292.0,1081.0,1266.0,868.0,1132.0,20.4,28.9,32.4,24.5,20.3,19.7,26.9,25.3
Échillais (17620),/management/ville/echillais/ville-17146,0.0,60.0,191.0,421.0,592.0,256.0,682.0,868.0,495.0,617.0,20.6,30.0,34.8,26.9,21.0,16.5,23.6,22.8
Groffliers (62600),/management/ville/groffliers/ville-62390,0.0,50.0,60.0,150.0,225.0,95.0,309.0,293.0,184.0,323.0,24.8,30.7,32.9,20.0,14.7,18.4,27.6,30.5
Ham-sous-Varsberg (57880),/management/ville/ham-sous-varsberg/ville-57288,0.0,50.0,75.0,365.0,305.0,405.0,561.0,796.0,398.0,413.0,19.8,31.5,41.8,28.0,19.0,17.8,19.4,18.8
Kilstett (67840),/management/ville/kilstett/ville-67237,5.0,128.0,276.0,491.0,286.0,245.0,282.0,671.0,292.0,679.0,11.3,17.9,40.7,25.6,15.0,15.4,33.0,37.6
Gournay (36230),/management/ville/gournay/ville-36084,5.0,5.0,10.0,36.0,57.0,51.0,76.0,78.0,41.0,24.0,32.4,37.4,36.0,29.2,23.4,14.0,8.1,13.1
La Pellerine (49490),/management/ville/la-pellerine/ville-49237,5.0,0.0,5.0,5.0,10.0,21.0,47.0,35.0,20.0,19.0,36.5,41.4,36.5,22.4,11.1,22.4,15.9,13.8
Giey-sur-Aujon (52210),/management/ville/giey-sur-aujon/ville-52220,19.0,0.0,0.0,28.0,14.0,14.0,40.0,25.0,18.0,19.0,35.2,45.8,27.8,20.0,18.5,16.7,18.5,16.7
Epping (57720),/management/ville/epping/ville-57195,25.0,5.0,35.0,69.0,94.0,64.0,112.0,143.0,66.0,119.0,18.4,32.7,42.6,20.6,15.7,14.7,23.3,30.4
Léglantiers (60420),/management/ville/leglantiers/ville-60357,5.0,15.0,10.0,79.0,74.0,99.0,118.0,124.0,70.0,57.0,25.8,37.5,41.6,23.6,23.0,15.6,9.6,20.8
La Villeneuve-en-Chevrie (78270),/management/ville/la-villeneuve-en-chevrie/ville-78668,5.0,35.0,25.0,85.0,75.0,60.0,102.0,118.0,87.0,152.0,19.5,25.0,31.2,20.2,17.7,20.2,31.6,34.6
Laveissière (15300),/management/ville/laveissiere/ville-15101,5.0,31.0,10.0,110.0,95.0,31.0,93.0,135.0,98.0,95.0,19.2,24.9,40.4,24.4,20.7,25.8,19.7,25.4
Désaignes (07570),/management/ville/desaignes/ville-07079,75.0,54.0,15.0,79.0,161.0,147.0,292.0,254.0,168.0,171.0,31.8,34.2,35.2,22.0,16.6,21.3,16.4,22.2
Laimont (55800),/management/ville/laimont/ville-55272,5.0,0.0,5.0,75.0,60.0,50.0,88.0,102.0,53.0,102.0,24.5,26.4,37.4,21.5,12.9,17.6,25.2,33.5
La Feuillée (29690),/management/ville/la-feuillee/ville-29054,5.0,20.0,15.0,45.0,80.0,90.0,128.0,149.0,97.0,140.0,21.0,29.1,36.3,20.6,18.7,19.0,24.0,30.8
Jaulges (89360),/management/ville/jaulges/ville-89205,16.0,21.0,10.0,42.0,54.0,83.0,171.0,137.0,60.0,36.0,42.2,42.7,37.3,25.9,13.8,16.3,6.7,11.8
Le Plessis-Grammoire (49124),/management/ville/le-plessis-grammoire/ville-49241,10.0,40.0,210.0,365.0,290.0,250.0,335.0,510.0,247.0,525.0,17.8,23.5,36.4,23.9,16.0,14.6,29.8,35.1
Lanthenans (25250),/management/ville/lanthenans/ville-25327,0.0,0.0,5.0,25.0,0.0,10.0,15.0,15.0,8.0,13.0,31.3,26.3,31.3,25.0,12.5,21.1,25.0,26.3
Husseren-les-Châteaux (68420),/management/ville/husseren-les-chateaux/ville-68150,5.0,20.0,55.0,80.0,55.0,45.0,53.0,97.0,73.0,144.0,12.5,16.4,24.5,25.6,22.3,17.5,40.8,37.7
Les Mathes (17570),/management/ville/les-mathes/ville-17225,51.0,116.0,30.0,126.0,212.0,151.0,474.0,525.0,274.0,347.0,25.2,33.1,38.3,24.6,16.2,17.5,20.3,22.5
Lias (32600),/management/ville/lias/ville-32210,0.0,24.0,91.0,96.0,58.0,14.0,54.0,63.0,62.0,203.0,12.0,16.2,22.8,10.8,16.3,16.2,48.9,57.4
Estrée-Blanche (62145),/management/ville/estree-blanche/ville-62313,5.0,25.0,30.0,66.0,142.0,182.0,295.0,215.0,106.0,94.0,37.1,45.6,35.6,22.9,15.0,14.8,12.4,14.3
Groises (18140),/management/ville/groises/ville-18104,5.0,5.0,0.0,5.0,15.0,10.0,49.0,32.0,12.0,13.0,39.6,53.7,39.6,18.3,13.2,9.3,7.5,16.7
Herbsheim (67230),/management/ville/herbsheim/ville-67192,5.0,15.0,50.0,125.0,100.0,175.0,171.0,261.0,127.0,142.0,20.3,28.3,43.8,27.9,16.5,19.7,19.4,21.1
Garganvillar (82100),/management/ville/garganvillar/ville-82063,10.0,10.0,15.0,71.0,96.0,56.0,143.0,162.0,90.0,96.0,26.3,31.9,36.9,25.6,20.0,16.8,16.9,22.7
Fontevraud-l'Abbaye (49590),/management/ville/fontevraud-l-abbaye/ville-49140,0.0,10.0,10.0,118.0,507.0,166.0,399.0,343.0,315.0,208.0,27.9,36.4,29.7,23.0,28.4,20.1,14.1,19.6
Gournay-en-Bray (76220),/management/ville/gournay-en-bray/ville-76312,10.0,92.0,173.0,449.0,821.0,939.0,2246.0,1436.0,580.0,555.0,40.5,51.5,35.3,22.5,11.7,12.4,12.5,10.7
Ham-sur-Meuse (08600),/management/ville/ham-sur-meuse/ville-08207,0.0,10.0,15.0,10.0,20.0,40.0,64.0,53.0,27.0,39.0,26.4,44.1,39.6,17.9,13.2,16.1,20.9,21.5
Fauville (27930),/management/ville/fauville/ville-27234,0.0,15.0,20.0,45.0,66.0,20.0,99.0,93.0,33.0,41.0,36.8,37.4,38.4,27.8,6.4,18.0,18.4,12.9
Kindwiller (67350),/management/ville/kindwiller/ville-67238,0.0,0.0,15.0,75.0,95.0,130.0,122.0,177.0,77.0,100.0,19.9,31.0,44.6,26.3,16.9,15.5,18.6,23.3
Le Fresne-Camilly (14480),/management/ville/le-fresne-camilly/ville-14288,14.0,42.0,99.0,108.0,137.0,61.0,82.0,142.0,116.0,281.0,12.5,13.9,25.4,19.8,20.5,17.0,41.6,48.6
Freneuse (76410),/management/ville/freneuse/ville-76282,0.0,5.0,78.0,89.0,117.0,106.0,176.0,235.0,122.0,192.0,19.8,28.7,39.9,23.1,16.3,17.4,24.0,29.0
Les Mayons (83340),/management/ville/les-mayons/ville-83075,5.0,30.0,20.0,71.0,91.0,71.0,153.0,146.0,113.0,103.0,24.7,34.2,32.6,24.4,21.3,22.2,21.3,18.5
La Pellerine (53220),/management/ville/la-pellerine/ville-53177,36.0,21.0,5.0,20.0,31.0,65.0,96.0,69.0,47.0,40.0,37.8,38.1,29.9,24.1,17.3,19.8,15.0,16.7
Échilleuses (45390),/management/ville/echilleuses/ville-45131,5.0,10.0,15.0,30.0,80.0,50.0,99.0,102.0,41.0,55.0,26.0,40.4,42.5,24.0,11.6,15.9,19.9,17.2
Donges (44480),/management/ville/donges/ville-44052,55.0,115.0,160.0,805.0,1180.0,1365.0,1503.0,2225.0,953.0,816.0,22.6,31.9,46.7,29.5,17.4,17.3,13.3,16.3
Giez (74210),/management/ville/giez/ville-74135,5.0,45.0,20.0,55.0,90.0,55.0,147.0,101.0,88.0,88.0,32.7,36.7,29.4,18.6,20.6,21.0,17.3,24.3
Épretot (76430),/management/ville/epretot/ville-76239,10.0,35.0,30.0,128.0,119.0,79.0,113.0,165.0,100.0,125.0,22.9,21.8,37.2,26.0,20.2,19.3,19.8,30.5
La Villeneuve-lès-Charleville (51120),/management/ville/la-villeneuve-les-charleville/ville-51626,5.0,0.0,5.0,0.0,15.0,20.0,25.0,23.0,13.0,23.0,25.6,34.1,34.9,19.5,11.6,19.5,27.9,26.8
Lavelanet (09300),/management/ville/lavelanet/ville-09160,15.0,160.0,110.0,450.0,825.0,760.0,2294.0,1369.0,655.0,629.0,40.4,51.6,33.9,20.4,13.0,13.5,12.7,12.7
La Feuillie (50190),/management/ville/la-feuillie/ville-50182,19.0,15.0,10.0,24.0,35.0,10.0,95.0,66.0,35.0,22.0,40.0,47.1,39.1,20.8,13.0,19.2,7.8,12.5
Légny (69620),/management/ville/legny/ville-69111,0.0,15.0,75.0,115.0,65.0,81.0,96.0,107.0,88.0,175.0,18.9,22.3,27.8,18.9,16.7,20.6,36.6,38.7
Désandans (25750),/management/ville/desandans/ville-25198,5.0,12.0,20.0,98.0,78.0,77.0,194.0,183.0,102.0,115.0,26.7,37.3,36.6,24.2,16.8,17.8,19.8,18.7
Estrée-Cauchy (62690),/management/ville/estree-cauchy/ville-62314,15.0,5.0,25.0,40.0,35.0,30.0,70.0,63.0,52.0,75.0,26.9,27.7,27.7,20.5,20.8,19.2,24.6,32.3
Flavigny-le-Grand-et-Beaurain (02120),/management/ville/flavigny-le-grand-et-beaurain/ville-02313,10.0,0.0,10.0,25.0,76.0,86.0,154.0,110.0,47.0,39.0,38.8,50.0,38.3,21.7,13.1,13.3,9.8,12.7
Lanthes (21250),/management/ville/lanthes/ville-21340,6.0,11.0,0.0,27.0,55.0,60.0,54.0,54.0,45.0,30.0,25.0,34.1,40.2,20.5,21.7,27.5,13.0,19.8
Groissiat (01100),/management/ville/groissiat/ville-01181,0.0,26.0,119.0,174.0,155.0,191.0,231.0,258.0,177.0,187.0,24.2,30.0,35.4,24.7,17.7,23.8,22.6,21.2
Lias-d'Armagnac (32240),/management/ville/lias-d-armagnac/ville-32211,10.0,15.0,15.0,30.0,15.0,15.0,57.0,51.0,19.0,29.0,32.9,39.5,40.0,24.0,8.6,15.1,18.6,18.6
Fontgombault (36220),/management/ville/fontgombault/ville-36076,15.0,5.0,0.0,48.0,19.0,19.0,53.0,46.0,47.0,59.0,19.7,37.5,22.0,22.2,23.5,22.2,34.8,18.1
Hambach (57910),/management/ville/hambach/ville-57289,0.0,74.0,144.0,342.0,422.0,377.0,580.0,663.0,437.0,518.0,21.0,31.4,35.4,23.9,20.5,19.2,23.1,24.0
Lain (89560),/management/ville/lain/ville-89215,10.0,15.0,10.0,15.0,10.0,10.0,47.0,49.0,24.0,26.0,24.4,42.0,39.7,23.1,19.2,13.0,16.7,18.8
Kingersheim (68260),/management/ville/kingersheim/ville-68166,3.0,237.0,581.0,1618.0,1858.0,1871.0,2808.0,3378.0,1734.0,2078.0,22.4,33.3,39.5,25.9,16.6,18.1,21.6,20.1
Gargas (31620),/management/ville/gargas/ville-31211,0.0,40.0,50.0,101.0,101.0,60.0,93.0,131.0,92.0,169.0,18.4,19.7,32.8,20.6,18.9,18.9,29.9,40.3
Le Fresne-Poret (50850),/management/ville/le-fresne-poret/ville-50193,35.0,10.0,0.0,10.0,25.0,45.0,62.0,53.0,26.0,25.0,37.8,37.2,35.6,24.4,17.8,12.8,8.9,21.8
Gournay-le-Guérin (27580),/management/ville/gournay-le-guerin/ville-27291,15.0,5.0,10.0,10.0,20.0,25.0,22.0,34.0,19.0,30.0,17.0,25.0,34.0,26.2,22.6,13.5,26.4,30.8
Faux (08270),/management/ville/faux/ville-08165,5.0,0.0,5.0,0.0,0.0,10.0,15.0,9.0,8.0,11.0,31.8,38.1,31.8,11.1,13.6,23.8,22.7,28.6
Freneuse (78840),/management/ville/freneuse/ville-78255,5.0,124.0,204.0,469.0,686.0,560.0,1153.0,885.0,484.0,527.0,34.3,41.0,34.5,22.3,15.8,15.9,15.4,19.0
Le Plessis-Grohan (27180),/management/ville/le-plessis-grohan/ville-27464,0.0,20.0,54.0,107.0,122.0,88.0,106.0,175.0,111.0,222.0,13.2,20.9,32.5,23.0,19.3,17.2,34.9,37.2
Hercé (53120),/management/ville/herce/ville-53115,30.0,5.0,0.0,25.0,30.0,45.0,83.0,66.0,49.0,35.0,31.4,40.7,38.0,18.9,18.2,23.9,12.4,17.7
.5,40.8,25.9,17.7,17.3,20.3,21.4
La Chaize-Giraud (85220),/management/ville/la-chaize-giraud/ville-85045,5.0,31.0,15.0,132.0,162.0,179.0,289.0,271.0,129.0,130.0,25.6,44.8,45.1,20.1,16.0,15.5,13.3,18.4
La Penne (06260),/management/ville/la-penne/ville-06093,15.0,25.0,15.0,10.0,20.0,10.0,63.0,50.0,31.0,39.0,40.2,28.6,28.3,24.7,14.1,19.8,17.4,25.3
Estrée-Wamin (62810),/management/ville/estree-wamin/ville-62316,5.0,15.0,0.0,15.0,20.0,35.0,47.0,34.0,20.0,28.0,29.2,43.8,36.9,15.9,13.8,17.2,20.0,23.4
Fontguenand (36600),/management/ville/fontguenand/ville-36077,0.0,0.0,0.0,29.0,39.0,44.0,73.0,47.0,31.0,25.0,35.6,47.8,35.6,17.8,17.2,17.8,11.5,16.7
Les Mazures (08500),/management/ville/les-mazures/ville-08284,0.0,20.0,15.0,152.0,117.0,117.0,192.0,217.0,118.0,150.0,21.6,35.0,38.6,24.0,15.9,19.0,24.0,20.4
Jaulnay (37120),/management/ville/jaulnay/ville-37121,5.0,15.0,10.0,6.0,56.0,41.0,76.0,63.0,35.0,19.0,37.4,41.5,42.4,22.8,12.1,24.5,8.1,11.7
Gif-sur-Yvette (91190),/management/ville/gif-sur-yvette/ville-91272,1.0,384.0,4677.0,2266.0,1423.0,543.0,1774.0,1380.0,1867.0,8802.0,10.7,14.9,10.7,10.0,10.9,15.9,67.7,59.9
Liausson (34800),/management/ville/liausson/ville-34137,5.0,15.0,0.0,20.0,15.0,15.0,30.0,27.0,24.0,45.0,19.1,29.3,22.1,19.7,22.1,15.5,36.8,34.5
Echinghen (62360),/management/ville/echinghen/ville-62281,0.0,30.0,25.0,80.0,50.0,35.0,101.0,74.0,40.0,106.0,31.3,31.7,27.8,16.7,11.4,13.8,29.5,37.2
Lantic (22410),/management/ville/lantic/ville-22117,10.0,95.0,40.0,260.0,235.0,135.0,236.0,344.0,259.0,315.0,16.8,23.8,35.9,23.6,23.4,21.6,23.9,30.4
La Villeneuve-les-Convers (21450),/management/ville/la-villeneuve-les-convers/ville-21695,4.0,0.0,4.0,4.0,4.0,8.0,11.0,8.0,8.0,7.0,35.3,27.8,23.5,21.1,29.4,16.7,11.8,33.3
Épreville (76400),/management/ville/epreville/ville-76240,5.0,46.0,46.0,106.0,137.0,101.0,220.0,222.0,113.0,163.0,27.5,33.7,37.4,22.2,17.8,13.7,17.3,27.9
Groisy (74570),/management/ville/groisy/ville-74137,20.0,180.0,375.0,500.0,425.0,440.0,393.0,640.0,432.0,1075.0,13.2,17.8,29.9,19.7,17.5,16.5,39.4,45.2
Léguevin (31490),/management/ville/leguevin/ville-31291,5.0,228.0,1190.0,1423.0,1243.0,826.0,946.0,1398.0,1199.0,2939.0,13.1,16.1,23.8,19.5,17.4,19.6,45.8,44.9
Lavelanet-de-Comminges (31220),/management/ville/lavelanet-de-comminges/ville-31286,26.0,31.0,58.0,66.0,62.0,73.0,153.0,117.0,77.0,121.0,28.6,36.6,34.2,16.0,17.7,15.3,19.5,31.9
Flavigny-sur-Moselle (54630),/management/ville/flavigny-sur-moselle/ville-54196,0.0,55.0,155.0,215.0,210.0,120.0,340.0,359.0,173.0,371.0,23.1,31.3,34.1,21.8,14.2,13.6,28.6,31.0
La Feuillie (76220),/management/ville/la-feuillie/ville-76263,15.0,20.0,91.0,131.0,111.0,126.0,369.0,287.0,164.0,178.0,31.7,41.7,36.6,20.7,16.5,16.4,15.2,20.1
La Penne-sur-Huveaune (13821),/management/ville/la-penne-sur-huveaune/ville-13070,10.0,190.0,520.0,825.0,775.0,465.0,1478.0,1244.0,765.0,1315.0,27.9,33.1,29.8,21.3,15.7,16.1,26.6,28.0
Le Frestoy-Vaux (60420),/management/ville/le-frestoy-vaux/ville-60262,5.0,10.0,10.0,21.0,36.0,41.0,65.0,58.0,28.0,29.0,38.7,34.1,34.4,26.5,15.1,15.3,11.8,20.0
Descartes (37160),/management/ville/descartes/ville-37115,10.0,83.0,54.0,287.0,466.0,531.0,1394.0,870.0,373.0,288.0,40.7,53.8,36.3,21.3,14.0,11.7,9.0,10.6
Gargas (84400),/management/ville/gargas/ville-84047,20.0,120.0,120.0,240.0,450.0,385.0,769.0,738.0,398.0,501.0,27.2,36.3,36.3,23.5,16.2,16.8,20.3,21.3
Herchies (60112),/management/ville/herchies/ville-60310,0.0,15.0,10.0,100.0,105.0,70.0,157.0,138.0,78.0,104.0,31.6,34.1,32.9,23.2,16.2,16.5,19.3,24.1
Le Plessis-Hébert (27120),/management/ville/le-plessis-hebert/ville-27465,0.0,15.0,35.0,45.0,84.0,45.0,66.0,91.0,43.0,97.0,21.9,22.8,32.1,25.4,16.1,13.0,29.9,34.6
Épreville-en-Lieuvin (27560),/management/ville/epreville-en-lieuvin/ville-27222,0.0,10.0,15.0,31.0,21.0,10.0,40.0,49.0,33.0,25.0,25.3,30.6,38.7,27.3,21.3,22.2,14.7,18.1
Les Mées (04190),/management/ville/les-mees/ville-04116,20.0,148.0,84.0,431.0,505.0,535.0,919.0,797.0,478.0,602.0,30.5,35.0,33.8,22.5,16.4,17.7,19.3,23.5
Laines-aux-Bois (10120),/management/ville/laines-aux-bois/ville-10186,10.0,30.0,30.0,60.0,90.0,75.0,94.0,110.0,69.0,116.0,20.1,28.4,35.7,19.7,19.1,16.3,25.1,34.7
Faux (24560),/management/ville/faux/ville-24177,15.0,20.0,5.0,40.0,65.0,60.0,150.0,154.0,92.0,103.0,28.9,31.2,34.5,25.5,16.5,20.4,20.1,21.2
Hambers (53160),/management/ville/hambers/ville-53113,30.0,15.0,15.0,20.0,110.0,80.0,141.0,105.0,104.0,106.0,28.5,33.3,28.1,19.6,19.3,26.3,24.1,22.4
Gournay-sur-Aronde (60190),/management/ville/gournay-sur-aronde/ville-60281,0.0,5.0,35.0,99.0,74.0,49.0,129.0,106.0,73.0,131.0,28.1,30.3,27.2,21.0,15.2,18.1,29.5,29.9
Freneuse-sur-Risle (27290),/management/ville/freneuse-sur-risle/ville-27267,0.0,10.0,15.0,45.0,30.0,65.0,104.0,79.0,44.0,56.0,28.6,45.1,38.6,17.0,15.7,15.3,17.1,22.2
Kintzheim (67600),/management/ville/kintzheim/ville-67239,0.0,55.0,140.0,185.0,195.0,180.0,263.0,436.0,170.0,378.0,16.2,25.9,39.7,25.9,14.1,13.2,30.0,30.6
Échiré (79410),/management/ville/echire/ville-79109,15.0,29.0,299.0,436.0,416.0,323.0,558.0,694.0,465.0,836.0,19.2,24.2,30.5,22.7,18.7,17.8,31.6,33.8
Fontienne (04230),/management/ville/fontienne/ville-04087,10.0,0.0,5.0,20.0,20.0,15.0,23.0,28.0,20.0,30.0,29.2,17.0,29.2,25.0,18.8,20.8,22.9,35.8
La Flachère (38530),/management/ville/la-flachere/ville-38166,15.0,25.0,56.0,81.0,41.0,51.0,65.0,85.0,46.0,137.0,17.1,21.9,29.9,20.0,14.6,12.4,38.4,43.8
Hussigny-Godbrange (54590),/management/ville/hussigny-godbrange/ville-54270,0.0,59.0,94.0,269.0,710.0,509.0,885.0,837.0,442.0,525.0,26.4,38.7,38.6,22.5,17.3,15.7,17.7,21.2
Le Fréty (08290),/management/ville/le-frety/ville-08182,5.0,0.0,0.0,0.0,0.0,20.0,22.0,14.0,7.0,4.0,41.7,52.2,29.2,25.0,20.8,8.7,8.3,8.7
Désertines (03630),/management/ville/desertines/ville-03098,0.0,109.0,183.0,421.0,645.0,491.0,1058.0,1235.0,530.0,689.0,24.4,34.8,43.0,25.6,13.3,16.6,19.3,19.9
La Villeneuve-sous-Thury (60890),/management/ville/la-villeneuve-sous-thury/ville-60679,5.0,0.0,15.0,30.0,30.0,20.0,37.0,23.0,22.0,25.0,35.2,34.0,24.1,19.6,18.5,22.6,22.2,24.5
Estréelles (62170),/management/ville/estreelles/ville-62315,0.0,15.0,20.0,66.0,35.0,30.0,49.0,53.0,44.0,104.0,21.1,17.5,21.9,19.2,18.8,15.8,38.3,46.7
Jaulnes (77480),/management/ville/jaulnes/ville-77236,10.0,5.0,0.0,55.0,55.0,70.0,101.0,97.0,43.0,44.0,31.2,39.6,44.7,22.5,11.3,18.8,12.8,18.1
Giffaumont-Champaubert (51290),/management/ville/giffaumont-champaubert/ville-51269,0.0,15.0,10.0,15.0,36.0,10.0,87.0,52.0,48.0,43.0,33.6,41.8,30.3,15.5,17.2,25.5,18.9,19.1
La Penne-sur-l'Ouvèze (26170),/management/ville/la-penne-sur-l-ouveze/ville-26229,5.0,5.0,0.0,5.0,11.0,5.0,28.0,23.0,17.0,14.0,28.6,39.0,35.7,23.1,14.3,26.8,21.4,12.2
Laveline-devant-Bruyères (88600),/management/ville/laveline-devant-bruyeres/ville-88262,0.0,11.0,11.0,37.0,59.0,101.0,199.0,164.0,68.0,53.0,37.4,44.4,42.7,24.0,10.1,17.5,9.7,12.1
Libaros (65330),/management/ville/libaros/ville-65274,10.0,15.0,0.0,0.0,10.0,10.0,34.0,37.0,15.0,25.0,24.6,37.5,42.1,22.2,14.0,12.5,19.3,25.0
Gargenville (78440),/management/ville/gargenville/ville-78267,5.0,150.0,455.0,1228.0,965.0,705.0,1464.0,1628.0,911.0,1186.0,26.4,29.9,35.9,25.0,16.8,18.2,20.9,24.7
Hérépian (34600),/management/ville/herepian/ville-34119,0.0,45.0,35.0,124.0,293.0,154.0,400.0,366.0,208.0,242.0,29.9,35.6,33.5,24.3,19.4,15.0,17.3,22.1
La Chaize-le-Vicomte (85310),/management/ville/la-chaize-le-vicomte/ville-85046,71.0,57.0,144.0,497.0,493.0,546.0,702.0,755.0,481.0,675.0,23.6,30.1,34.5,22.3,18.7,18.1,23.2,28.3
Lainsecq (89520),/management/ville/lainsecq/ville-89216,16.0,0.0,0.0,26.0,42.0,37.0,103.0,94.0,29.0,37.0,32.2,45.2,52.5,21.0,5.1,15.1,10.2,17.1
Lantignié (69430),/management/ville/lantignie/ville-69109,45.0,40.0,15.0,115.0,105.0,125.0,146.0,197.0,118.0,169.0,17.7,28.4,40.3,21.3,20.7,17.0,21.3,32.1
Flavigny-sur-Ozerain (21150),/management/ville/flavigny-sur-ozerain/ville-21271,20.0,5.0,10.0,90.0,0.0,15.0,55.0,37.0,46.0,96.0,18.4,30.6,19.1,12.4,19.1,20.4,43.4,37.8
Groix (56590),/management/ville/groix/ville-56069,15.0,130.0,50.0,150.0,250.0,195.0,622.0,559.0,320.0,453.0,24.1,38.7,34.1,21.8,17.8,15.1,24.0,22.5
Le Plessis-l'Échelle (41370),/management/ville/le-plessis-l-echelle/ville-41178,15.0,0.0,0.0,5.0,10.0,10.0,27.0,20.0,2.0,7.0,42.4,56.0,42.4,22.6,3.0,4.0,12.1,12.0
Épreville-près-le-Neubourg (27110),/management/ville/epreville-pres-le-neubourg/ville-27224,5.0,15.0,19.0,54.0,79.0,64.0,117.0,94.0,60.0,77.0,30.6,37.1,32.2,20.7,17.2,17.4,20.0,24.0
Léguillac-de-l'Auche (24110),/management/ville/leguillac-de-l-auche/ville-24236,0.0,25.0,55.0,155.0,150.0,125.0,158.0,237.0,149.0,175.0,19.6,24.3,41.5,24.6,16.8,24.6,22.1,26.5
Freney (73500),/management/ville/freney/ville-73119,0.0,0.0,0.0,10.0,25.0,5.0,11.0,35.0,13.0,21.0,7.3,21.1,51.2,28.3,19.5,13.2,22.0,31.6
Échirolles (38130),/management/ville/echirolles/ville-38151,4.0,706.0,1736.0,3548.0,5324.0,3791.0,8878.0,5836.0,4249.0,6420.0,33.6,36.2,25.7,19.9,16.6,16.9,24.1,26.3
Kirchberg (68290),/management/ville/kirchberg/ville-68167,5.0,21.0,32.0,58.0,116.0,153.0,143.0,259.0,102.0,120.0,16.6,29.5,48.2,29.0,17.3,15.4,17.9,20.5
Gournay-sur-Marne (93460),/management/ville/gournay-sur-marne/ville-93033,0.0,180.0,1022.0,1072.0,738.0,319.0,824.0,961.0,932.0,2161.0,16.2,17.6,21.7,18.1,18.9,19.3,43.1,45.4
Faux-Fresnay (51230),/management/ville/faux-fresnay/ville-51243,31.0,5.0,10.0,31.0,10.0,52.0,98.0,87.0,40.0,36.0,33.6,41.2,42.0,23.5,9.9,20.6,14.5,13.7
Hamblain-les-Prés (62118),/management/ville/hamblain-les-pres/ville-62405,0.0,10.0,40.0,55.0,75.0,40.0,89.0,104.0,71.0,89.0,24.6,25.9,31.8,26.0,17.3,23.0,26.3,24.1
Donjeux (57590),/management/ville/donjeux/ville-57182,5.0,0.0,5.0,20.0,15.0,15.0,21.0,24.0,16.0,15.0,17.5,38.9,42.5,19.4,22.5,19.4,17.5,22.2
La Villetelle (23260),/management/ville/la-villetelle/ville-23266,30.0,5.0,5.0,5.0,15.0,10.0,49.0,38.0,22.0,18.0,33.8,44.1,32.4,23.2,23.5,10.2,10.3,18.6
Fontiers-Cabardès (11390),/management/ville/fontiers-cabardes/ville-11150,30.0,25.0,40.0,35.0,55.0,40.0,83.0,91.0,58.0,105.0,22.7,26.8,33.5,19.5,15.3,19.5,28.4,34.1
Libercourt (62820),/management/ville/libercourt/ville-62907,0.0,135.0,260.0,705.0,1040.0,1290.0,2480.0,1574.0,943.0,974.0,35.3,47.1,32.8,19.6,15.9,15.7,16.0,16.6
La Perche (18200),/management/ville/la-perche/ville-18178,5.0,5.0,5.0,14.0,34.0,29.0,76.0,51.0,29.0,19.0,41.9,44.8,34.9,22.3,16.3,16.1,7.0,14.9
Huttendorf (67270),/management/ville/huttendorf/ville-67215,10.0,10.0,30.0,35.0,90.0,96.0,99.0,138.0,67.0,88.0,22.3,28.1,45.1,24.4,14.5,19.1,18.1,26.6
Estrées (02420),/management/ville/estrees/ville-02291,0.0,15.0,15.0,30.0,70.0,55.0,98.0,112.0,46.0,47.0,25.2,38.8,45.5,25.8,14.7,15.6,14.7,16.3
Laveline-du-Houx (88640),/management/ville/laveline-du-houx/ville-88263,5.0,5.0,0.0,5.0,33.0,54.0,57.0,58.0,22.0,33.0,24.1,43.9,42.5,22.1,16.1,9.8,17.2,20.7
Le Fugeret (04240),/management/ville/le-fugeret/ville-04090,14.0,5.0,5.0,14.0,24.0,9.0,59.0,49.0,29.0,28.0,36.6,34.1,36.6,23.5,11.0,24.4,15.9,18.3
Gigean (34770),/management/ville/gigean/ville-34113,30.0,205.0,301.0,964.0,948.0,607.0,1199.0,1199.0,841.0,1199.0,24.7,29.1,31.2,22.4,18.4,19.4,25.7,28.2
Jaulny (54470),/management/ville/jaulny/ville-54275,0.0,5.0,11.0,27.0,43.0,38.0,47.0,53.0,37.0,33.0,26.7,29.8,38.4,21.8,23.3,19.0,11.6,28.6
Garges-lès-Gonesse (95140),/management/ville/garges-les-gonesse/ville-95268,7.0,934.0,888.0,3161.0,6777.0,5612.0,12832.0,5160.0,4328.0,4652.0,47.2,47.9,20.9,17.2,15.4,16.6,16.4,18.1
Hères (65700),/management/ville/heres/ville-65219,0.0,5.0,0.0,5.0,0.0,20.0,31.0,28.0,22.0,13.0,28.6,37.8,38.8,21.4,20.4,26.7,12.2,15.6
Désertines (53190),/management/ville/desertines/ville-53091,88.0,10.0,5.0,10.0,36.0,52.0,159.0,105.0,68.0,49.0,39.7,43.9,27.8,24.1,21.6,13.9,10.8,15.0
La Flamengrie (02260),/management/ville/la-flamengrie/ville-02312,31.0,51.0,26.0,102.0,143.0,230.0,308.0,196.0,128.0,164.0,36.9,40.3,29.6,19.6,13.8,18.2,19.7,21.6
Épron (14610),/management/ville/epron/ville-14242,0.0,20.0,198.0,119.0,113.0,34.0,186.0,154.0,132.0,515.0,16.8,20.6,16.2,14.7,13.3,13.6,53.7,50.9
Groléjac (24250),/management/ville/grolejac/ville-24207,15.0,60.0,35.0,55.0,69.0,60.0,173.0,154.0,82.0,103.0,30.2,37.1,36.6,22.3,12.3,20.4,20.9,19.6
Fréniches (60640),/management/ville/freniches/ville-60255,0.0,0.0,5.0,55.0,30.0,70.0,73.0,82.0,43.0,47.0,26.6,33.3,39.8,25.8,11.7,23.9,21.9,16.2
La Chamba (42440),/management/ville/la-chamba/ville-42040,0.0,5.0,5.0,20.0,5.0,0.0,11.0,10.0,7.0,14.0,21.1,30.4,21.1,23.1,21.1,13.0,36.8,30.4
Donnay (14220),/management/ville/donnay/ville-14226,5.0,31.0,20.0,10.0,41.0,36.0,56.0,49.0,41.0,47.0,28.9,29.2,30.9,21.6,14.4,28.1,25.8,22.9
Les Menus (61290),/management/ville/les-menus/ville-61274,5.0,5.0,20.0,25.0,30.0,20.0,42.0,48.0,49.0,31.0,22.4,27.8,32.7,24.6,26.5,31.9,18.4,18.1
Hambye (50450),/management/ville/hambye/ville-50228,50.0,10.0,30.0,79.0,193.0,159.0,393.0,268.0,134.0,133.0,35.7,48.3,34.2,21.6,16.3,12.9,13.8,14.7
Kirchheim (67520),/management/ville/kirchheim/ville-67240,0.0,10.0,50.0,95.0,75.0,115.0,97.0,198.0,74.0,142.0,15.4,22.6,44.1,28.0,15.0,14.0,25.6,30.0
Lantillac (56120),/management/ville/lantillac/ville-56103,15.0,5.0,5.0,20.0,25.0,60.0,108.0,62.0,36.0,34.0,35.7,53.6,33.9,17.4,17.4,12.8,13.0,15.2
Lainville-en-Vexin (78440),/management/ville/lainville-en-vexin/ville-78329,0.0,20.0,55.0,130.0,105.0,40.0,81.0,150.0,119.0,216.0,15.3,13.3,33.5,20.5,18.1,23.9,33.1,43.2
Gours (33660),/management/ville/gours/ville-33191,0.0,5.0,15.0,50.0,70.0,80.0,120.0,149.0,71.0,66.0,19.9,38.1,45.0,25.7,19.9,15.3,15.2,17.2
Le Plessis-l'Évêque (77165),/management/ville/le-plessis-l-eveque/ville-77366,10.0,15.0,20.0,61.0,36.0,31.0,57.0,70.0,39.0,45.0,26.4,28.6,43.4,22.6,14.2,21.9,16.0,26.7
Échouboulains (77830),/management/ville/echouboulains/ville-77164,0.0,10.0,35.0,121.0,61.0,55.0,100.0,122.0,87.0,93.0,24.0,26.1,37.8,22.8,21.4,21.7,16.8,29.1
Faux-la-Montagne (23340),/management/ville/faux-la-montagne/ville-23077,30.0,20.0,20.0,50.0,25.0,25.0,80.0,72.0,57.0,109.0,19.4,31.0,33.1,12.8,18.1,17.7,29.4,39.2
Lehaucourt (02420),/management/ville/lehaucourt/ville-02374,10.0,10.0,15.0,162.0,111.0,81.0,243.0,210.0,102.0,100.0,33.0,41.0,39.9,22.8,14.0,17.1,13.1,17.4
Flavin (12450),/management/ville/flavin/ville-12102,90.0,95.0,105.0,320.0,310.0,220.0,384.0,476.0,329.0,510.0,20.4,24.7,36.6,20.0,16.8,21.9,26.1,33.9
La Villette (14570),/management/ville/la-villette/ville-14756,0.0,10.0,10.0,15.0,69.0,20.0,38.0,62.0,25.0,37.0,25.0,22.4,42.0,29.4,10.2,21.1,22.7,23.7
La Flamengrie (59570),/management/ville/la-flamengrie/ville-59232,0.0,20.0,34.0,54.0,29.0,39.0,47.0,84.0,61.0,106.0,18.2,13.2,24.7,29.1,18.2,22.2,39.0,32.6
Gargilesse-Dampierre (36190),/management/ville/gargilesse-dampierre/ville-36081,20.0,36.0,0.0,5.0,15.0,31.0,82.0,71.0,50.0,58.0,31.1,31.3,28.9,23.9,18.5,20.3,21.5,23.4
Laventie (62840),/management/ville/laventie/ville-62491,35.0,105.0,359.0,623.0,653.0,438.0,923.0,897.0,637.0,1127.0,22.2,29.0,28.9,20.7,17.9,17.6,30.9,31.9
Jaulzy (60350),/management/ville/jaulzy/ville-60324,5.0,20.0,55.0,75.0,116.0,156.0,257.0,206.0,87.0,96.0,35.1,44.7,36.9,23.2,15.4,11.3,12.6,17.2
Huttenheim (67230),/management/ville/huttenheim/ville-67216,0.0,51.0,195.0,375.0,333.0,406.0,527.0,617.0,368.0,447.0,22.8,30.9,39.3,22.8,18.1,19.5,19.9,25.8
La Pernelle (50630),/management/ville/la-pernelle/ville-50395,20.0,10.0,5.0,15.0,25.0,36.0,92.0,55.0,35.0,21.0,43.2,48.3,30.6,21.5,16.2,18.0,9.9,11.2
Gignac (34150),/management/ville/gignac/ville-34114,51.0,169.0,318.0,745.0,935.0,519.0,1340.0,959.0,769.0,1206.0,29.8,32.8,27.0,18.4,17.4,18.5,25.8,30.4
Estrées (59151),/management/ville/estrees/ville-59214,5.0,15.0,116.0,152.0,132.0,66.0,234.0,194.0,146.0,245.0,25.8,31.1,26.0,20.6,18.8,17.0,29.5,30.4
Hergnies (59199),/management/ville/hergnies/ville-59301,5.0,129.0,234.0,557.0,577.0,552.0,910.0,833.0,622.0,757.0,24.9,33.4,32.4,20.6,20.6,19.2,22.1,26.4
Fontiès-d'Aude (11800),/management/ville/fonties-d-aude/ville-11151,0.0,6.0,17.0,50.0,89.0,38.0,118.0,110.0,69.0,73.0,30.9,32.6,34.3,24.6,15.5,21.4,19.3,20.3
Libermont (60640),/management/ville/libermont/ville-60362,0.0,0.0,0.0,21.0,16.0,58.0,63.0,39.0,24.0,18.0,34.2,55.2,35.5,16.9,21.1,11.9,9.2,14.9
.7,23.0
Le Fœil (22800),/management/ville/le-foeil/ville-22059,35.0,69.0,25.0,159.0,157.0,233.0,271.0,309.0,195.0,220.0,25.5,29.0,36.2,24.4,18.8,20.4,19.4,24.9
Eps (62134),/management/ville/eps/ville-62299,0.0,5.0,5.0,35.0,35.0,20.0,55.0,64.0,24.0,37.0,22.6,37.5,47.6,22.9,10.7,15.6,19.0,21.9
Lantilly (21140),/management/ville/lantilly/ville-21341,5.0,0.0,0.0,20.0,20.0,10.0,16.0,24.0,15.0,18.0,22.9,21.1,42.9,23.1,20.0,21.1,14.3,34.2
Flavy-le-Martel (02520),/management/ville/flavy-le-martel/ville-02315,5.0,15.0,70.0,146.0,221.0,221.0,479.0,347.0,182.0,213.0,30.6,47.0,36.9,19.6,15.2,14.5,17.3,17.6
La Chambonie (42440),/management/ville/la-chambonie/ville-42045,0.0,0.0,0.0,0.0,11.0,0.0,15.0,16.0,8.0,2.0,36.4,42.1,54.5,22.2,9.1,26.3,0.0,10.5
Frénois (21120),/management/ville/frenois/ville-21286,19.0,0.0,0.0,5.0,5.0,10.0,12.0,18.0,14.0,14.0,16.7,25.0,33.3,26.5,26.7,21.9,23.3,25.0
Laire (25550),/management/ville/laire/ville-25322,0.0,15.0,41.0,61.0,35.0,41.0,55.0,86.0,49.0,109.0,16.2,20.5,36.4,20.8,13.6,19.2,33.8,39.0
Le Plessis-Lastelle (50250),/management/ville/le-plessis-lastelle/ville-50405,20.0,0.0,0.0,15.0,30.0,34.0,80.0,51.0,30.0,23.0,37.0,50.0,32.6,21.2,17.4,15.2,13.0,12.0
Donnazac (81170),/management/ville/donnazac/ville-81080,0.0,20.0,0.0,5.0,15.0,5.0,20.0,16.0,9.0,20.0,30.6,31.0,27.8,19.4,13.9,13.8,27.8,34.5
Les Mesneux (51370),/management/ville/les-mesneux/ville-51365,45.0,25.0,90.0,95.0,50.0,50.0,96.0,159.0,117.0,254.0,14.0,16.5,30.8,20.6,16.4,20.8,38.8,42.2
Gourvieille (11410),/management/ville/gourvieille/ville-11166,5.0,5.0,5.0,20.0,5.0,5.0,14.0,16.0,13.0,16.0,25.9,21.9,25.9,27.3,18.5,25.0,29.6,25.0
Faux-Mazuras (23400),/management/ville/faux-mazuras/ville-23078,15.0,10.0,10.0,10.0,15.0,19.0,46.0,39.0,30.0,22.0,32.3,32.9,40.0,19.1,20.0,24.7,7.7,24.7
Leigné-les-Bois (86450),/management/ville/leigne-les-bois/ville-86125,15.0,20.0,5.0,50.0,64.0,94.0,133.0,159.0,81.0,75.0,27.9,31.1,41.0,26.6,17.5,19.2,13.5,20.5
Gron (18800),/management/ville/gron/ville-18105,10.0,5.0,20.0,88.0,54.0,45.0,99.0,93.0,84.0,68.0,25.7,32.1,29.6,23.7,26.8,21.8,17.9,21.8
Kirrberg (67320),/management/ville/kirrberg/ville-67241,0.0,6.0,0.0,17.0,12.0,17.0,46.0,48.0,17.0,24.0,25.4,43.1,52.1,17.9,9.9,15.4,12.7,23.1
Échourgnac (24410),/management/ville/echourgnac/ville-24159,0.0,15.0,0.0,35.0,81.0,52.0,128.0,94.0,54.0,69.0,35.2,38.9,34.5,20.0,13.3,17.8,17.0,22.8
Hamel (59151),/management/ville/hamel/ville-59280,15.0,44.0,34.0,49.0,118.0,78.0,174.0,209.0,106.0,131.0,23.4,32.6,38.6,25.9,16.2,17.9,21.8,20.8
Estrées-Deniécourt (80200),/management/ville/estrees-deniecourt/ville-80288,5.0,5.0,0.0,35.0,45.0,70.0,81.0,79.0,36.0,43.0,28.9,38.4,36.8,26.1,14.0,16.0,20.2,16.0
Hergugney (88130),/management/ville/hergugney/ville-88239,0.0,5.0,5.0,10.0,5.0,10.0,26.0,28.0,20.0,30.0,20.0,30.2,40.0,15.7,18.0,18.9,22.0,35.8
Hyds (03600),/management/ville/hyds/ville-03129,15.0,20.0,15.0,45.0,35.0,20.0,87.0,103.0,36.0,36.0,28.3,37.6,45.7,28.0,12.6,15.0,13.4,14.3
La Flèche (72200),/management/ville/la-fleche/ville-72154,32.0,336.0,693.0,1259.0,1906.0,2135.0,4382.0,3212.0,1673.0,2031.0,32.4,44.5,34.4,21.4,14.4,15.2,18.8,17.3
Desges (43300),/management/ville/desges/ville-43085,10.0,5.0,0.0,0.0,5.0,0.0,24.0,14.0,8.0,6.0,46.4,45.8,21.4,27.6,17.9,12.5,14.3,8.3
Épuisay (41360),/management/ville/epuisay/ville-41078,26.0,10.0,46.0,72.0,118.0,62.0,153.0,188.0,107.0,128.0,23.5,29.4,38.8,24.8,17.8,19.3,19.9,24.7
Flavy-le-Meldeux (60640),/management/ville/flavy-le-meldeux/ville-60236,0.0,10.0,20.0,20.0,30.0,45.0,52.0,51.0,11.0,24.0,33.3,42.0,46.4,23.5,5.8,10.1,14.5,20.3
Le Gallet (60360),/management/ville/le-gallet/ville-60267,0.0,0.0,10.0,25.0,25.0,30.0,18.0,34.0,27.0,35.0,12.3,19.3,33.3,25.9,22.8,24.6,31.6,29.8
Eckartswiller (67700),/management/ville/eckartswiller/ville-67117,0.0,15.0,30.0,60.0,50.0,80.0,71.0,123.0,61.0,89.0,14.6,26.6,46.2,23.8,17.0,18.5,22.2,29.5
Garidech (31380),/management/ville/garidech/ville-31212,5.0,80.0,185.0,320.0,195.0,155.0,193.0,285.0,238.0,489.0,16.5,15.5,27.2,20.0,20.0,19.5,36.2,44.9
Fontivillié (79110),/management/ville/fontivillie/ville-79064,0.0,30.0,20.0,60.0,100.0,131.0,223.0,200.0,98.0,111.0,31.4,39.5,39.4,22.2,14.0,17.2,15.2,19.7
Libourne (33500),/management/ville/libourne/ville-33243,119.0,650.0,1267.0,2629.0,3444.0,2884.0,5882.0,4874.0,3040.0,4879.0,28.7,33.7,28.5,22.5,16.0,16.5,26.8,25.6
Laveraët (32230),/management/ville/laveraet/ville-32205,31.0,0.0,5.0,0.0,10.0,5.0,35.0,25.0,6.0,18.0,48.8,32.5,27.9,25.5,9.3,5.0,14.0,30.0
Jaunac (07160),/management/ville/jaunac/ville-07108,0.0,5.0,0.0,11.0,32.0,5.0,30.0,35.0,12.0,24.0,34.5,24.4,41.8,23.5,9.1,13.3,14.5,35.6
Gignac (46600),/management/ville/gignac/ville-46118,15.0,20.0,34.0,59.0,84.0,74.0,129.0,144.0,107.0,154.0,18.9,29.7,36.0,18.2,18.2,22.0,26.9,30.9
Le Plessis-Luzarches (95270),/management/ville/le-plessis-luzarches/ville-95493,5.0,5.0,5.0,16.0,16.0,11.0,35.0,10.0,28.0,37.0,31.5,31.5,9.3,8.9,27.8,24.1,31.5,37.0
Gron (89100),/management/ville/gron/ville-89195,0.0,54.0,83.0,161.0,131.0,177.0,234.0,313.0,152.0,221.0,21.9,28.7,40.4,25.4,14.7,18.3,23.0,25.1
La Vineuse sur Fregande (71250),/management/ville/la-vineuse-sur-fregande/ville-71582,20.0,10.0,48.0,42.0,43.0,82.0,110.0,143.0,86.0,169.0,19.5,24.0,33.1,21.2,18.4,15.3,28.9,38.0
Hamelet (80800),/management/ville/hamelet/ville-80412,5.0,5.0,25.0,64.0,94.0,109.0,117.0,104.0,76.0,134.0,22.9,30.8,30.2,18.0,19.0,16.5,27.8,34.4
Frénois (88270),/management/ville/frenois/ville-88187,5.0,0.0,0.0,5.0,10.0,0.0,15.0,11.0,8.0,1.0,41.2,44.4,35.3,26.3,23.5,22.2,0.0,5.6
Faux-Vésigneul (51320),/management/ville/faux-vesigneul/ville-51244,20.0,15.0,0.0,30.0,40.0,40.0,50.0,70.0,25.0,45.0,22.6,29.6,40.9,27.5,15.1,11.2,21.5,25.5
La Pérouille (36350),/management/ville/la-perouille/ville-36157,0.0,15.0,5.0,30.0,56.0,81.0,98.0,115.0,53.0,63.0,24.3,36.5,39.6,26.2,16.6,15.1,19.5,18.2
Les Mesnuls (78490),/management/ville/les-mesnuls/ville-78398,0.0,56.0,162.0,66.0,30.0,25.0,116.0,98.0,121.0,327.0,17.0,18.2,15.2,15.0,17.6,19.1,50.1,48.5
Laires (62960),/management/ville/laires/ville-62485,10.0,5.0,0.0,15.0,60.0,65.0,78.0,79.0,49.0,41.0,31.8,31.4,36.4,25.6,18.6,21.2,13.2,20.3
Hyémondans (25250),/management/ville/hyemondans/ville-25311,0.0,5.0,14.0,14.0,24.0,34.0,37.0,54.0,17.0,34.0,21.0,31.7,48.1,22.4,12.3,13.3,18.5,30.0
Eckbolsheim (67201),/management/ville/eckbolsheim/ville-67118,5.0,222.0,544.0,934.0,1002.0,592.0,810.0,1340.0,915.0,1942.0,15.1,17.2,29.6,23.0,17.2,19.3,38.1,39.4
Kirrwiller (67330),/management/ville/kirrwiller/ville-67242,0.0,21.0,47.0,63.0,47.0,58.0,102.0,143.0,85.0,103.0,19.0,28.2,38.9,24.7,22.2,16.9,19.9,27.7
La Chambre (73130),/management/ville/la-chambre/ville-73067,0.0,30.0,60.0,130.0,105.0,110.0,271.0,297.0,175.0,185.0,20.9,35.6,43.0,22.6,18.2,19.4,17.9,21.5
Donnelay (57810),/management/ville/donnelay/ville-57183,20.0,5.0,5.0,30.0,10.0,0.0,48.0,45.0,21.0,35.0,24.3,40.0,37.8,20.5,16.2,12.0,21.6,25.3
Gourvillette (17490),/management/ville/gourvillette/ville-17180,26.0,0.0,0.0,5.0,5.0,10.0,38.0,15.0,15.0,14.0,42.9,54.1,21.4,13.9,19.0,16.2,16.7,16.2
Faux-Villecerf (10290),/management/ville/faux-villecerf/ville-10145,20.0,0.0,20.0,20.0,15.0,10.0,67.0,47.0,19.0,38.0,30.0,49.4,38.9,14.3,11.1,11.1,20.0,24.7
La Vôge-les-Bains (88240),/management/ville/la-voge-les-bains/ville-88029,10.0,36.0,36.0,112.0,265.0,230.0,503.0,456.0,176.0,193.0,29.0,46.5,40.8,24.3,14.1,12.3,16.0,13.1
Deshaies (97126),/management/ville/deshaies/ville-97111,61.0,210.0,118.0,338.0,573.0,312.0,1351.0,830.0,525.0,555.0,39.0,43.8,30.9,19.6,15.3,16.9,14.9,19.1
Équancourt (80360),/management/ville/equancourt/ville-80275,10.0,30.0,0.0,30.0,25.0,70.0,86.0,68.0,45.0,42.0,33.3,38.7,31.7,23.2,17.9,19.3,17.1,17.6
Héric (44810),/management/ville/heric/ville-44073,45.0,167.0,373.0,777.0,929.0,676.0,872.0,1262.0,733.0,1120.0,19.5,24.2,37.5,24.3,17.3,19.5,25.7,30.4
Le Garn (30760),/management/ville/le-garn/ville-30124,21.0,0.0,5.0,16.0,26.0,26.0,46.0,54.0,44.0,30.0,25.8,26.5,38.7,24.7,20.4,30.1,15.1,20.5
Flaxieu (01350),/management/ville/flaxieu/ville-01162,0.0,5.0,11.0,5.0,0.0,5.0,11.0,18.0,5.0,10.0,22.7,25.0,50.0,28.0,13.6,10.0,13.6,30.0
Lanton (33138),/management/ville/lanton/ville-33229,34.0,306.0,413.0,693.0,932.0,444.0,1570.0,1470.0,1101.0,1321.0,25.3,31.7,31.2,22.5,20.0,20.3,23.4,24.8
Gariès (82500),/management/ville/garies/ville-82064,20.0,0.0,5.0,15.0,0.0,5.0,31.0,17.0,19.0,27.0,29.8,36.2,25.5,12.2,17.0,23.4,27.7,29.8
Fontjoncouse (11360),/management/ville/fontjoncouse/ville-11152,0.0,5.0,10.0,0.0,25.0,15.0,18.0,32.0,17.0,40.0,15.4,18.2,32.7,24.6,15.4,16.4,36.5,38.2
Leigné-sur-Usseau (86230),/management/ville/leigne-sur-usseau/ville-86127,5.0,11.0,0.0,32.0,122.0,95.0,119.0,129.0,65.0,57.0,29.6,34.6,40.8,26.2,17.9,17.3,11.7,18.8
Gronard (02140),/management/ville/gronard/ville-02357,10.0,0.0,0.0,10.0,15.0,5.0,10.0,15.0,9.0,13.0,17.4,25.0,43.5,20.0,21.7,16.7,17.4,37.5
Gignac (84400),/management/ville/gignac/ville-84048,5.0,0.0,5.0,25.0,5.0,5.0,22.0,9.0,12.0,12.0,48.1,32.1,29.6,5.0,11.1,32.1,11.1,32.1
Lairière (11330),/management/ville/lairiere/ville-11186,15.0,0.0,0.0,0.0,0.0,10.0,8.0,8.0,10.0,16.0,15.0,22.7,20.0,19.0,25.0,22.7,40.0,36.4
La Champenoise (36100),/management/ville/la-champenoise/ville-36037,10.0,0.0,10.0,53.0,34.0,49.0,76.0,69.0,31.0,39.0,31.3,39.8,43.8,19.0,11.6,17.5,13.4,23.3
La Pesse (39370),/management/ville/la-pesse/ville-39413,15.0,25.0,10.0,25.0,41.0,51.0,69.0,66.0,53.0,80.0,26.8,25.2,31.0,18.0,17.6,21.3,24.6,36.2
Licey-sur-Vingeanne (21610),/management/ville/licey-sur-vingeanne/ville-21348,10.0,0.0,0.0,15.0,10.0,20.0,28.0,27.0,9.0,17.0,29.3,40.5,41.5,22.4,12.2,9.5,17.1,23.8
Les Métairies (16200),/management/ville/les-metairies/ville-16220,10.0,16.0,42.0,68.0,95.0,104.0,153.0,193.0,91.0,91.0,23.8,34.1,44.9,25.6,15.8,18.6,15.5,19.3
Favalello (20212),/management/ville/favalello/ville-2B110,2.0,6.0,5.0,5.0,11.0,6.0,16.0,5.0,15.0,19.0,40.7,17.9,7.4,15.0,14.8,39.3,37.0,32.1
Le Garric (81450),/management/ville/le-garric/ville-81101,25.0,45.0,45.0,95.0,176.0,146.0,256.0,317.0,183.0,189.0,24.5,29.9,41.7,25.1,14.9,23.8,18.9,20.8
Le Plessis-Pâté (91220),/management/ville/le-plessis-pate/ville-91494,0.0,30.0,547.0,828.0,440.0,254.0,606.0,599.0,583.0,1027.0,21.1,22.0,22.4,20.3,20.6,20.8,35.9,37.0
La Voivre (70310),/management/ville/la-voivre/ville-70573,0.0,5.0,5.0,15.0,15.0,10.0,44.0,23.0,20.0,22.0,32.7,47.2,29.1,13.5,21.8,15.1,16.4,24.5
Desingy (74270),/management/ville/desingy/ville-74100,25.0,35.0,85.0,60.0,116.0,106.0,126.0,211.0,98.0,145.0,21.5,21.7,41.4,28.2,14.5,19.2,22.6,27.4
Fontoy (57650),/management/ville/fontoy/ville-57226,10.0,75.0,75.0,304.0,414.0,389.0,678.0,834.0,369.0,454.0,22.0,35.4,40.9,26.9,16.4,15.3,20.7,18.2
Hyères (83400),/management/ville/hyeres/ville-83069,290.0,1883.0,2759.0,6014.0,8192.0,3819.0,12254.0,9814.0,8631.0,13041.0,24.9,30.6,25.7,19.8,19.2,20.2,30.1,29.6
Lantosque (06450),/management/ville/lantosque/ville-06074,15.0,55.0,30.0,80.0,195.0,130.0,383.0,302.0,158.0,187.0,35.5,39.0,34.8,22.2,13.0,17.9,16.7,19.7
Kirsch-lès-Sierck (57480),/management/ville/kirsch-les-sierck/ville-57364,5.0,0.0,15.0,25.0,59.0,40.0,69.0,67.0,28.0,67.0,26.3,33.6,37.3,19.7,8.5,15.5,28.0,30.2
Donnemain-Saint-Mamès (28200),/management/ville/donnemain-saint-mames/ville-28132,0.0,5.0,35.0,65.0,114.0,119.0,181.0,171.0,71.0,88.0,28.3,43.4,43.5,20.4,14.1,13.5,14.1,20.9
La Chapelaude (03380),/management/ville/la-chapelaude/ville-03055,30.0,20.0,55.0,110.0,170.0,110.0,185.0,285.0,153.0,160.0,17.4,29.7,42.5,27.6,19.2,19.9,21.0,19.9
Garigny (18140),/management/ville/garigny/ville-18099,17.0,0.0,11.0,39.0,33.0,17.0,70.0,52.0,41.0,29.0,31.9,40.4,39.4,17.8,17.0,25.3,11.7,18.2
La Petite-Boissière (79700),/management/ville/la-petite-boissiere/ville-79207,30.0,15.0,5.0,81.0,61.0,122.0,134.0,158.0,84.0,82.0,24.5,33.9,41.5,24.6,21.0,16.1,13.1,22.6
Le Gault-du-Perche (41270),/management/ville/le-gault-du-perche/ville-41096,10.0,15.0,20.0,5.0,30.0,45.0,118.0,78.0,34.0,39.0,38.8,50.0,37.4,17.8,12.2,13.1,11.6,18.0
Frénouville (14630),/management/ville/frenouville/ville-14287,10.0,56.0,71.0,254.0,351.0,224.0,322.0,459.0,284.0,308.0,21.9,24.9,39.9,26.1,18.6,22.7,19.5,25.1
Jaunay-Marigny (86130),/management/ville/jaunay-marigny/ville-86115,25.0,266.0,444.0,1007.0,1161.0,775.0,1304.0,1429.0,1014.0,1565.0,21.7,27.1,32.5,21.4,17.5,20.6,28.2,30.6
Goussaincourt (55140),/management/ville/goussaincourt/ville-55217,0.0,5.0,5.0,5.0,16.0,5.0,40.0,27.0,8.0,17.0,40.0,47.6,34.0,21.3,6.0,11.9,20.0,16.7
Gignac-la-Nerthe (13180),/management/ville/gignac-la-nerthe/ville-13043,0.0,331.0,519.0,1252.0,1466.0,763.0,2217.0,1876.0,1201.0,1559.0,29.6,34.7,32.2,21.9,17.0,18.0,21.1,24.2
La Flotte (17630),/management/ville/la-flotte/ville-17161,20.0,215.0,100.0,180.0,375.0,195.0,606.0,639.0,388.0,593.0,22.1,31.7,35.4,21.7,17.0,17.8,25.5,27.7
Héricourt (62130),/management/ville/hericourt/ville-62433,0.0,0.0,0.0,10.0,15.0,10.0,20.0,18.0,15.0,23.0,22.5,30.6,35.0,13.3,12.5,27.8,30.0,30.6
Hamelin (50730),/management/ville/hamelin/ville-50229,10.0,5.0,0.0,5.0,0.0,15.0,29.0,37.0,6.0,10.0,28.9,43.2,53.3,26.5,11.1,2.7,6.7,18.9
Flaxlanden (68720),/management/ville/flaxlanden/ville-68093,10.0,45.0,170.0,195.0,130.0,85.0,153.0,323.0,199.0,430.0,10.6,17.1,32.3,24.2,18.1,18.0,39.1,38.8
.9
,31.7
9.2,21.4
Hyet (70190),/management/ville/hyet/ville-70288,0.0,5.0,5.0,21.0,10.0,10.0,21.0,29.0,19.0,26.0,21.7,21.7,41.3,20.9,15.2,26.1,21.7,32.6
Favars (19330),/management/ville/favars/ville-19082,0.0,24.0,49.0,161.0,146.0,97.0,172.0,259.0,165.0,202.0,16.3,26.3,40.2,24.3,20.5,21.0,23.1,27.4
Desmonts (45390),/management/ville/desmonts/ville-45124,0.0,15.0,5.0,20.0,20.0,30.0,30.0,39.0,36.0,24.0,27.7,18.8,36.9,25.0,26.2,29.7,9.2,28.1
La Chapelle (03300),/management/ville/la-chapelle/ville-03056,15.0,20.0,25.0,44.0,30.0,45.0,66.0,96.0,59.0,68.0,16.9,28.6,40.5,24.3,20.9,20.0,21.6,25.7
Donnemarie-Dontilly (77520),/management/ville/donnemarie-dontilly/ville-77159,0.0,41.0,88.0,366.0,510.0,283.0,672.0,634.0,376.0,445.0,27.1,35.7,36.0,22.5,18.2,17.2,18.6,23.1
Fontpédrouse (66360),/management/ville/fontpedrouse/ville-66080,0.0,5.0,0.0,0.0,29.0,5.0,44.0,30.0,13.0,15.0,38.9,46.8,42.6,14.9,11.1,14.9,7.4,23.4
Lantriac (43260),/management/ville/lantriac/ville-43113,20.0,75.0,50.0,246.0,316.0,206.0,350.0,427.0,281.0,370.0,22.3,26.6,37.0,22.6,18.4,20.8,22.2,29.5
La Voivre (88470),/management/ville/la-voivre/ville-88519,0.0,30.0,61.0,96.0,96.0,50.0,152.0,149.0,93.0,121.0,23.1,35.0,38.2,20.8,16.8,18.8,21.8,24.9
Kirschnaumen (57480),/management/ville/kirschnaumen/ville-57365,10.0,5.0,40.0,25.0,69.0,89.0,114.0,111.0,65.0,77.0,26.3,36.2,34.7,23.2,19.5,15.8,19.5,22.6
Le Plessis-Patte-d'Oie (60640),/management/ville/le-plessis-patte-d-oie/ville-60502,5.0,0.0,0.0,5.0,16.0,27.0,24.0,35.0,12.0,12.0,31.1,27.8,37.8,34.0,20.0,8.3,11.1,16.7
La Petite-Fosse (88490),/management/ville/la-petite-fosse/ville-88345,0.0,0.0,0.0,5.0,15.0,21.0,12.0,24.0,11.0,15.0,21.4,18.2,39.3,31.6,14.3,21.2,25.0,24.2
Garin (31110),/management/ville/garin/ville-31213,5.0,5.0,15.0,5.0,29.0,5.0,25.0,35.0,26.0,25.0,13.8,32.1,41.4,21.2,20.7,26.8,24.1,21.4
Frépillon (95740),/management/ville/frepillon/ville-95256,0.0,116.0,333.0,595.0,403.0,176.0,447.0,567.0,413.0,778.0,19.3,21.3,30.7,20.6,17.4,20.1,32.7,37.8
Gros-Morne (97213),/management/ville/gros-morne/ville-97212,88.0,255.0,148.0,861.0,1471.0,1213.0,4183.0,1697.0,897.0,808.0,56.3,54.1,23.8,19.4,11.4,12.2,8.4,12.6
Les Molières (91470),/management/ville/les-molieres/ville-91411,5.0,61.0,382.0,214.0,117.0,51.0,251.0,227.0,200.0,733.0,17.4,18.2,16.0,16.1,13.0,15.3,53.6,50.3
Le Gault-Saint-Denis (28800),/management/ville/le-gault-saint-denis/ville-28176,10.0,15.0,15.0,90.0,90.0,119.0,137.0,157.0,93.0,87.0,26.6,31.5,38.6,25.2,21.2,17.9,13.7,23.0
Héricourt (70400),/management/ville/hericourt/ville-70285,22.0,186.0,408.0,1115.0,1474.0,1533.0,2836.0,2446.0,1189.0,1689.0,29.9,39.2,34.7,23.3,14.0,15.1,21.5,20.0
Estrées-lès-Crécy (80150),/management/ville/estrees-les-crecy/ville-80290,20.0,5.0,10.0,30.0,60.0,50.0,125.0,80.0,36.0,45.0,42.7,44.8,34.3,20.7,8.4,16.8,14.7,16.8
Leigneux (42130),/management/ville/leigneux/ville-42119,0.0,5.0,10.0,20.0,40.0,94.0,107.0,92.0,39.0,45.0,36.4,39.0,33.6,26.2,17.5,9.9,12.6,19.1
Jaure (24140),/management/ville/jaure/ville-24213,0.0,10.0,10.0,40.0,20.0,15.0,36.0,43.0,19.0,31.0,17.7,37.3,45.2,20.3,17.7,11.9,19.4,28.4
Équennes-Éramecourt (80290),/management/ville/equennes-eramecourt/ville-80276,15.0,10.0,10.0,30.0,25.0,61.0,58.0,75.0,40.0,47.0,25.2,27.0,38.3,26.6,18.7,18.0,17.8,25.2
Gignat (63340),/management/ville/gignat/ville-63166,10.0,10.0,0.0,20.0,35.0,25.0,52.0,55.0,36.0,45.0,23.1,32.0,40.7,19.8,13.2,24.7,23.1,24.7
Lavergne (46500),/management/ville/lavergne/ville-46165,10.0,20.0,30.0,40.0,64.0,61.0,86.0,121.0,60.0,81.0,23.4,25.6,36.5,28.6,18.0,16.7,22.2,24.4
Éclaibes (59330),/management/ville/eclaibes/ville-59187,5.0,0.0,10.0,67.0,46.0,15.0,51.0,50.0,46.0,69.0,21.1,26.4,29.4,19.0,16.5,26.4,33.0,30.0
Hyèvre-Magny (25110),/management/ville/hyevre-magny/ville-25312,10.0,0.0,0.0,10.0,15.0,10.0,15.0,19.0,12.0,9.0,24.1,30.8,37.9,28.6,20.7,23.1,17.2,15.4
Lichères (16460),/management/ville/licheres/ville-16184,0.0,5.0,0.0,26.0,10.0,5.0,30.0,25.0,9.0,10.0,30.6,50.0,44.4,20.5,11.1,13.9,13.9,13.9
Goussainville (28410),/management/ville/goussainville/ville-28185,0.0,48.0,110.0,184.0,165.0,136.0,171.0,280.0,155.0,259.0,19.3,20.5,36.5,25.8,15.9,20.0,28.3,31.7
Flayat (23260),/management/ville/flayat/ville-23081,35.0,10.0,0.0,10.0,35.0,35.0,105.0,87.0,51.0,32.0,34.0,42.5,37.6,23.9,17.7,19.4,10.6,12.7
La Folie (14710),/management/ville/la-folie/ville-14272,0.0,5.0,5.0,10.0,10.0,25.0,31.0,27.0,14.0,11.0,32.6,43.2,45.7,17.1,13.0,21.6,8.7,18.9
Hamelincourt (62121),/management/ville/hamelincourt/ville-62406,0.0,5.0,10.0,35.0,40.0,35.0,43.0,53.0,42.0,52.0,20.8,24.2,29.7,24.2,25.7,17.6,23.8,31.9
Donnement (10330),/management/ville/donnement/ville-10128,10.0,0.0,0.0,0.0,20.0,20.0,30.0,14.0,14.0,10.0,35.5,51.4,29.0,14.3,22.6,18.9,12.9,16.2
Faverdines (18360),/management/ville/faverdines/ville-18093,10.0,0.0,10.0,15.0,10.0,5.0,40.0,36.0,15.0,16.0,32.1,43.1,42.9,22.6,8.9,19.6,16.1,13.7
Desnes (39140),/management/ville/desnes/ville-39194,5.0,15.0,10.0,59.0,64.0,54.0,85.0,163.0,60.0,58.0,19.9,26.2,55.7,29.5,14.2,18.8,10.2,20.9
La Chapelle (08200),/management/ville/la-chapelle/ville-08101,0.0,0.0,0.0,31.0,10.0,26.0,50.0,29.0,33.0,27.0,36.6,34.8,32.4,11.5,14.1,33.3,16.9,23.2
Laissac-Sévérac l'Église (12310),/management/ville/laissac-severac-l-eglise/ville-12120,55.0,74.0,74.0,233.0,273.0,169.0,547.0,450.0,277.0,355.0,27.0,39.2,37.6,18.5,17.5,16.6,17.9,25.2
Le Plessis-Placy (77440),/management/ville/le-plessis-placy/ville-77367,5.0,10.0,25.0,30.0,30.0,40.0,48.0,59.0,36.0,44.0,24.2,26.7,40.0,23.0,13.7,25.6,22.1,25.6
Garindein (64130),/management/ville/garindein/ville-64231,5.0,25.0,5.0,45.0,90.0,45.0,133.0,129.0,62.0,77.0,24.5,41.5,45.4,18.9,14.8,16.1,15.3,22.9
Lanty (58250),/management/ville/lanty/ville-58139,0.0,10.0,0.0,10.0,15.0,35.0,42.0,29.0,21.0,15.0,27.8,50.9,37.0,17.0,22.2,17.0,13.0,15.1
Fontrabiouse (66210),/management/ville/fontrabiouse/ville-66081,5.0,15.0,0.0,15.0,10.0,20.0,17.0,38.0,24.0,19.0,18.0,17.0,52.0,27.9,14.0,34.0,16.0,23.4
La Voulte-sur-Rhône (07800),/management/ville/la-voulte-sur-rhone/ville-07349,5.0,109.0,118.0,439.0,671.0,882.0,1869.0,1030.0,511.0,591.0,40.1,52.6,33.5,17.7,12.9,12.7,13.6,15.9
La Petite-Marche (03420),/management/ville/la-petite-marche/ville-03206,10.0,5.0,0.0,16.0,26.0,5.0,54.0,38.0,22.0,35.0,36.7,35.7,25.3,24.7,11.4,17.1,26.6,20.0
Kirviller (57430),/management/ville/kirviller/ville-57366,0.0,5.0,10.0,26.0,10.0,36.0,21.0,31.0,26.0,25.0,17.5,22.7,36.8,23.3,26.3,25.0,19.3,29.5
Le Gault-Soigny (51210),/management/ville/le-gault-soigny/ville-51264,20.0,10.0,30.0,81.0,44.0,89.0,101.0,131.0,69.0,99.0,18.7,31.3,42.0,22.6,17.1,17.8,22.3,26.9
Fresles (76270),/management/ville/fresles/ville-76283,5.0,15.0,30.0,15.0,35.0,25.0,42.0,44.0,38.0,39.0,23.5,28.8,36.5,20.0,16.5,30.0,23.5,23.8
Goussainville (95190),/management/ville/goussainville/ville-95280,3.0,653.0,806.0,2706.0,4902.0,4764.0,9116.0,4479.0,3238.0,3212.0,44.9,46.1,25.1,19.2,14.8,17.5,15.2,16.8
Leimbach (68800),/management/ville/leimbach/ville-68180,0.0,15.0,73.0,119.0,67.0,82.0,128.0,232.0,112.0,188.0,14.8,23.8,36.7,28.6,17.9,16.1,30.6,26.5
Gros-Réderching (57410),/management/ville/gros-rederching/ville-57261,15.0,30.0,50.0,160.0,200.0,220.0,287.0,364.0,148.0,212.0,22.4,34.3,41.3,26.0,17.0,12.4,19.4,22.5
Estrées-Mons (80200),/management/ville/estrees-mons/ville-80557,5.0,10.0,15.0,50.0,61.0,136.0,167.0,135.0,59.0,74.0,35.8,40.7,35.8,23.8,12.7,14.5,15.6,18.1
Équevilley (70160),/management/ville/equevilley/ville-70214,5.0,0.0,0.0,15.0,20.0,15.0,33.0,32.0,16.0,17.0,39.2,27.7,29.4,29.8,17.6,14.9,13.7,21.3
Lavergne (47800),/management/ville/lavergne/ville-47144,40.0,20.0,10.0,60.0,80.0,75.0,168.0,151.0,62.0,78.0,36.7,36.8,38.5,24.8,10.6,16.1,14.2,19.4
Lichères-près-Aigremont (89800),/management/ville/licheres-pres-aigremont/ville-89224,0.0,5.0,5.0,10.0,25.0,50.0,43.0,35.0,19.0,29.0,36.7,31.8,25.0,26.0,16.7,13.6,21.7,24.2
Les Mollettes (73800),/management/ville/les-mollettes/ville-73159,5.0,30.0,50.0,125.0,95.0,90.0,127.0,189.0,99.0,144.0,21.1,24.4,41.9,24.1,14.9,20.7,22.1,29.6
Jausiers (04850),/management/ville/jausiers/ville-04096,19.0,30.0,46.0,123.0,213.0,120.0,261.0,219.0,186.0,225.0,25.7,32.7,30.2,19.3,22.0,19.7,22.0,28.3
Éclaires (51800),/management/ville/eclaires/ville-51222,0.0,0.0,0.0,5.0,24.0,20.0,21.0,24.0,15.0,9.0,22.2,38.2,41.7,27.0,22.2,20.6,13.9,11.8
Flayosc (83780),/management/ville/flayosc/ville-83058,20.0,171.0,272.0,488.0,502.0,272.0,853.0,933.0,695.0,1001.0,22.7,26.2,30.0,23.1,18.9,21.0,28.4,29.1
La Folletière-Abenon (14290),/management/ville/la-folletiere-abenon/ville-14273,5.0,15.0,5.0,19.0,0.0,15.0,37.0,39.0,13.0,17.0,26.8,43.1,39.3,27.4,12.5,11.8,21.4,11.8
Hyèvre-Paroisse (25110),/management/ville/hyevre-paroisse/ville-25313,0.0,10.0,0.0,15.0,34.0,44.0,57.0,53.0,16.0,22.0,26.3,51.4,50.0,19.2,9.2,12.5,14.5,15.3
Lanty-sur-Aube (52120),/management/ville/lanty-sur-aube/ville-52272,15.0,0.0,5.0,15.0,20.0,5.0,26.0,38.0,30.0,11.0,22.2,27.5,46.3,26.5,27.8,29.4,3.7,17.6
Desseling (57260),/management/ville/desseling/ville-57173,5.0,5.0,22.0,11.0,16.0,11.0,22.0,35.0,13.0,13.0,22.5,31.0,45.0,30.2,20.0,11.9,12.5,19.0
Faverelles (45420),/management/ville/faverelles/ville-45141,0.0,5.0,15.0,5.0,10.0,25.0,40.0,35.0,20.0,25.0,21.2,48.1,40.9,15.4,15.2,18.5,22.7,18.5
Hames-Boucres (62340),/management/ville/hames-boucres/ville-62408,15.0,71.0,71.0,175.0,165.0,180.0,285.0,248.0,199.0,251.0,27.0,30.8,28.5,21.7,20.1,20.4,24.3,26.7
Laissaud (73800),/management/ville/laissaud/ville-73141,5.0,25.0,55.0,115.0,85.0,70.0,107.0,144.0,86.0,145.0,19.2,25.3,38.8,20.6,15.5,20.3,26.5,33.8
Klang (57920),/management/ville/klang/ville-57367,0.0,0.0,5.0,45.0,25.0,50.0,60.0,70.0,23.0,33.0,23.7,40.4,50.5,23.5,7.5,17.0,18.3,17.0
La Petite-Pierre (67290),/management/ville/la-petite-pierre/ville-67371,5.0,15.0,20.0,46.0,61.0,96.0,146.0,166.0,79.0,116.0,14.2,39.9,47.5,20.2,16.0,14.9,22.4,23.6
La Vraie-Croix (56250),/management/ville/la-vraie-croix/ville-56261,34.0,59.0,44.0,181.0,171.0,220.0,217.0,335.0,201.0,286.0,16.9,24.8,38.6,24.5,18.8,20.0,25.8,29.2
Le Plessis-Robinson (92350),/management/ville/le-plessis-robinson/ville-92060,3.0,500.0,5607.0,4154.0,3478.0,1254.0,3737.0,3253.0,3435.0,10079.0,17.3,19.1,16.9,15.4,15.7,17.7,50.2,48.3
Héricourt-en-Caux (76560),/management/ville/hericourt-en-caux/ville-76355,5.0,25.0,18.0,45.0,130.0,192.0,318.0,201.0,109.0,117.0,42.8,42.6,29.7,22.3,13.6,15.6,13.9,17.5
Garlan (29610),/management/ville/garlan/ville-29059,20.0,41.0,61.0,102.0,189.0,107.0,156.0,199.0,150.0,230.0,16.9,25.7,34.1,20.1,19.9,20.8,29.2,33.6
Gignéville (88320),/management/ville/gigneville/ville-88199,5.0,0.0,5.0,20.0,0.0,10.0,16.0,20.0,11.0,11.0,20.7,34.5,37.9,26.5,24.1,13.8,17.2,20.7
Le Gâvre (44130),/management/ville/le-gavre/ville-44062,5.0,40.0,55.0,185.0,290.0,265.0,282.0,411.0,228.0,283.0,21.0,25.7,40.1,25.8,20.0,18.0,18.9,27.8
Fontrailles (65220),/management/ville/fontrailles/ville-65177,0.0,0.0,5.0,14.0,10.0,10.0,22.0,38.0,14.0,38.0,21.1,19.3,45.6,20.0,10.5,15.8,22.8,43.9
Fresnay (10200),/management/ville/fresnay/ville-10161,10.0,0.0,0.0,0.0,0.0,0.0,19.0,5.0,4.0,11.0,40.0,57.9,20.0,5.3,15.0,5.3,25.0,31.6
Goussancourt (02130),/management/ville/goussancourt/ville-02351,0.0,0.0,11.0,11.0,16.0,5.0,18.0,29.0,14.0,27.0,14.0,26.7,41.9,23.4,11.6,20.0,32.6,28.9
La Chapelle (16140),/management/ville/la-chapelle/ville-16081,0.0,5.0,5.0,10.0,26.0,31.0,52.0,52.0,28.0,31.0,26.6,38.1,36.7,25.8,15.2,17.9,21.5,15.5
Les Monceaux (14100),/management/ville/les-monceaux/ville-14435,0.0,10.0,15.0,15.0,24.0,29.0,38.0,42.0,22.0,28.0,24.6,33.3,43.1,20.3,16.9,16.7,15.4,28.8
Estrées-Saint-Denis (60190),/management/ville/estrees-saint-denis/ville-60223,0.0,40.0,205.0,385.0,540.0,550.0,932.0,889.0,396.0,533.0,31.0,36.6,38.0,24.2,13.8,15.0,17.3,21.3
Équevillon (39300),/management/ville/equevillon/ville-39210,0.0,15.0,30.0,65.0,75.0,100.0,138.0,144.0,71.0,112.0,27.1,32.1,34.4,25.0,13.1,17.3,25.3,23.0
La Fontaine-Saint-Martin (72330),/management/ville/la-fontaine-saint-martin/ville-72135,0.0,30.0,15.0,55.0,70.0,125.0,126.0,157.0,69.0,70.0,25.7,34.1,41.1,28.2,17.3,15.4,15.9,17.3
Lavernat (72500),/management/ville/lavernat/ville-72160,0.0,10.0,30.0,45.0,105.0,110.0,139.0,169.0,69.0,78.0,27.0,34.2,40.9,27.4,18.7,11.6,13.5,20.9
Jaux (60880),/management/ville/jaux/ville-60325,11.0,80.0,231.0,322.0,358.0,304.0,517.0,476.0,285.0,548.0,25.5,31.1,28.3,21.9,16.3,14.9,29.9,30.1
Leintrey (54450),/management/ville/leintrey/ville-54308,5.0,5.0,10.0,0.0,19.0,10.0,35.0,37.0,15.0,23.0,19.3,45.5,42.1,21.0,17.5,10.9,21.1,20.0
Grosbliederstroff (57520),/management/ville/grosbliederstroff/ville-57260,0.0,81.0,243.0,416.0,482.0,390.0,580.0,911.0,469.0,732.0,17.6,25.1,35.5,27.8,18.7,16.3,28.2,26.3
Lichères-sur-Yonne (89660),/management/ville/licheres-sur-yonne/ville-89225,0.0,5.0,0.0,0.0,5.0,5.0,13.0,6.0,18.0,8.0,28.0,30.0,20.0,7.7,40.0,40.0,12.0,25.0
Fléac (16730),/management/ville/fleac/ville-16138,10.0,115.0,212.0,505.0,595.0,454.0,711.0,901.0,500.0,769.0,20.9,28.0,37.6,23.9,16.2,18.4,25.3,27.9
Hymont (88500),/management/ville/hymont/ville-88246,0.0,0.0,30.0,50.0,55.0,70.0,146.0,103.0,59.0,64.0,36.5,41.8,34.8,20.4,14.0,17.5,14.6,19.6
Éclance (10200),/management/ville/eclance/ville-10135,10.0,5.0,0.0,10.0,5.0,15.0,35.0,29.0,16.0,10.0,34.7,43.9,40.8,23.1,10.2,26.8,14.3,7.3
Kleingœft (67440),/management/ville/kleingoeft/ville-67244,5.0,5.0,10.0,0.0,26.0,21.0,30.0,42.0,25.0,24.0,24.6,25.9,41.5,25.4,18.5,24.1,15.4,24.1
Hammeville (54330),/management/ville/hammeville/ville-54247,10.0,0.0,10.0,15.0,35.0,15.0,27.0,44.0,21.0,37.0,13.8,28.1,47.7,18.8,20.0,12.5,18.5,39.1
Héricourt-sur-Thérain (60380),/management/ville/hericourt-sur-therain/ville-60312,21.0,10.0,0.0,5.0,26.0,5.0,33.0,22.0,17.0,19.0,35.4,40.5,31.3,17.1,16.7,19.0,16.7,23.8
La Wantzenau (67610),/management/ville/la-wantzenau/ville-67519,5.0,263.0,725.0,835.0,591.0,407.0,625.0,1222.0,646.0,1924.0,11.0,17.1,31.6,22.2,13.2,15.9,44.2,43.0
Le Plessis-Sainte-Opportune (27170),/management/ville/le-plessis-sainte-opportune/ville-27466,10.0,10.0,5.0,31.0,41.0,62.0,84.0,71.0,43.0,42.0,30.5,39.5,34.4,22.3,18.8,17.5,16.4,19.3
Lanuéjols (30750),/management/ville/lanuejols/ville-30139,50.0,0.0,15.0,15.0,70.0,35.0,93.0,82.0,50.0,45.0,30.6,38.2,43.3,18.6,14.2,22.8,11.9,21.3
Garlède-Mondebat (64450),/management/ville/garlede-mondebat/ville-64232,15.0,10.0,10.0,15.0,20.0,20.0,32.0,64.0,24.0,40.0,15.2,25.0,43.0,28.7,20.3,10.0,21.5,28.8
Donnery (45450),/management/ville/donnery/ville-45126,20.0,80.0,280.0,450.0,245.0,230.0,343.0,518.0,329.0,750.0,14.9,20.4,32.4,20.6,15.1,18.8,37.6,39.7
Dessenheim (68600),/management/ville/dessenheim/ville-68069,15.0,20.0,85.0,200.0,175.0,225.0,239.0,331.0,187.0,230.0,20.9,27.5,38.2,26.3,18.8,19.1,22.1,24.5
Laissey (25820),/management/ville/laissey/ville-25323,0.0,15.0,15.0,60.0,50.0,55.0,121.0,92.0,41.0,68.0,34.1,41.3,36.6,19.6,9.8,15.6,19.5,22.5
La Petite-Raon (88210),/management/ville/la-petite-raon/ville-88346,5.0,45.0,5.0,55.0,70.0,104.0,263.0,180.0,81.0,54.0,39.4,51.5,40.4,21.2,10.3,17.5,9.9,8.8
Faverges-de-la-Tour (38110),/management/ville/faverges-de-la-tour/ville-38162,0.0,62.0,106.0,154.0,149.0,163.0,247.0,297.0,192.0,266.0,21.2,27.8,34.9,23.6,18.3,20.0,25.6,27.4
Gigney (88390),/management/ville/gigney/ville-88200,0.0,5.0,5.0,10.0,0.0,5.0,11.0,13.0,9.0,8.0,22.7,30.0,31.8,31.8,18.2,25.0,27.3,10.0
Le Genest-Saint-Isle (53940),/management/ville/le-genest-saint-isle/ville-53103,35.0,65.0,65.0,230.0,335.0,265.0,456.0,450.0,268.0,303.0,26.0,35.7,38.8,21.5,17.3,19.1,18.0,23.1
Fontrieu (81260),/management/ville/fontrieu/ville-81062,80.0,45.0,35.0,75.0,110.0,75.0,326.0,229.0,123.0,129.0,37.5,43.5,33.9,20.7,17.2,13.0,11.4,20.7
Gousse (40465),/management/ville/gousse/ville-40115,16.0,16.0,36.0,52.0,36.0,16.0,47.0,79.0,33.0,58.0,20.5,22.6,39.3,27.8,17.0,14.2,23.2,30.2
La Chapelle (73660),/management/ville/la-chapelle/ville-73074,10.0,5.0,10.0,44.0,25.0,64.0,83.0,95.0,40.0,45.0,25.5,38.0,41.6,25.5,16.8,14.0,16.1,18.6
Fresnay-l'Évêque (28310),/management/ville/fresnay-l-eveque/ville-28164,10.0,30.0,5.0,76.0,121.0,141.0,153.0,166.0,104.0,83.0,29.2,31.7,38.9,25.5,18.7,22.5,13.2,19.3
Lavernay (25170),/management/ville/lavernay/ville-25332,0.0,25.0,35.0,80.0,75.0,85.0,72.0,118.0,90.0,125.0,17.2,18.2,32.8,24.8,22.1,22.2,27.9,34.0
Fléac-sur-Seugne (17800),/management/ville/fleac-sur-seugne/ville-17159,5.0,30.0,5.0,30.0,30.0,65.0,95.0,93.0,40.0,52.0,26.5,41.0,43.4,22.2,11.0,17.4,19.1,18.1
Jauzé (72110),/management/ville/jauze/ville-72148,5.0,0.0,0.0,5.0,20.0,5.0,10.0,23.0,21.0,11.0,11.4,20.0,48.6,23.1,31.4,33.3,8.6,26.7
Grosbois (25110),/management/ville/grosbois/ville-25298,5.0,10.0,5.0,35.0,35.0,25.0,40.0,57.0,28.0,36.0,22.8,26.8,40.5,26.9,17.7,17.1,19.0,25.6
Les Monthairons (55320),/management/ville/les-monthairons/ville-55347,0.0,15.0,10.0,30.0,50.0,80.0,105.0,88.0,41.0,45.0,37.2,38.1,36.6,24.1,11.7,17.9,14.5,17.9
Équihen-Plage (62224),/management/ville/equihen-plage/ville-62300,19.0,25.0,118.0,177.0,336.0,484.0,787.0,602.0,330.0,287.0,30.4,47.0,36.2,22.3,18.5,14.6,14.9,13.8
Lichos (64130),/management/ville/lichos/ville-64341,5.0,0.0,5.0,10.0,10.0,26.0,24.0,41.0,16.0,20.0,18.4,30.0,40.8,31.8,20.4,10.0,20.4,18.0
La Fontelaye (76890),/management/ville/la-fontelaye/ville-76274,5.0,0.0,0.0,5.0,5.0,5.0,5.0,9.0,4.0,7.0,23.1,21.4,30.8,29.4,15.4,14.3,30.8,28.6
Lélex (01410),/management/ville/lelex/ville-01210,0.0,10.0,5.0,15.0,29.0,54.0,41.0,53.0,37.0,47.0,18.7,28.1,41.8,17.6,20.9,21.3,18.7,33.7
Garlin (64330),/management/ville/garlin/ville-64233,55.0,50.0,45.0,150.0,190.0,150.0,412.0,265.0,197.0,222.0,32.3,42.4,29.8,18.9,18.0,17.9,19.9,20.5
Lanuéjols (48000),/management/ville/lanuejols/ville-48081,10.0,10.0,45.0,30.0,35.0,35.0,50.0,54.0,60.0,76.0,21.1,20.6,27.8,16.5,29.3,19.6,21.8,43.9
Laà-Mondrans (64300),/management/ville/laa-mondrans/ville-64286,5.0,30.0,25.0,45.0,50.0,50.0,54.0,117.0,63.0,92.0,14.5,18.4,35.8,30.9,19.4,19.0,30.3,26.4
Éclans-Nenon (39700),/management/ville/eclans-nenon/ville-39205,5.0,5.0,0.0,66.0,66.0,71.0,68.0,85.0,56.0,61.0,23.0,28.2,39.6,23.1,18.0,23.7,19.4,25.2
Le Plessis-Trévise (94420),/management/ville/le-plessis-trevise/ville-94059,10.0,553.0,2126.0,2803.0,2941.0,1347.0,3352.0,2973.0,2802.0,5131.0,22.3,24.6,23.5,18.8,19.4,19.9,34.8,37.0
Knutange (57240),/management/ville/knutange/ville-57368,0.0,105.0,95.0,290.0,495.0,485.0,785.0,866.0,409.0,362.0,27.6,37.0,39.9,27.9,15.7,18.0,16.8,13.2
Héricy (77850),/management/ville/hericy/ville-77226,0.0,91.0,332.0,388.0,292.0,136.0,413.0,393.0,337.0,781.0,18.3,24.4,24.8,16.8,16.1,18.8,40.8,40.4
Hamonville (54470),/management/ville/hamonville/ville-54248,0.0,0.0,0.0,5.0,14.0,33.0,21.0,31.0,9.0,8.0,22.2,35.3,55.6,28.9,8.3,20.6,13.9,11.8
Destord (88600),/management/ville/destord/ville-88130,5.0,25.0,0.0,20.0,41.0,25.0,55.0,63.0,29.0,34.0,24.7,35.8,42.4,25.0,17.6,14.7,15.3,21.1
Estrées-sur-Noye (80250),/management/ville/estrees-sur-noye/ville-80291,5.0,5.0,56.0,36.0,36.0,15.0,42.0,57.0,40.0,72.0,18.6,20.5,25.8,25.4,18.6,18.8,37.1,33.0
Donneville (31450),/management/ville/donneville/ville-31162,5.0,15.0,157.0,114.0,110.0,60.0,132.0,150.0,117.0,329.0,18.1,18.2,24.4,16.7,15.0,17.4,42.5,47.8
Hypercourt (80320),/management/ville/hypercourt/ville-80621,28.0,12.0,5.0,62.0,80.0,112.0,201.0,146.0,78.0,93.0,36.8,40.7,31.4,23.2,13.4,16.7,18.4,17.4
Laître-sous-Amance (54770),/management/ville/laitre-sous-amance/ville-54289,5.0,10.0,62.0,56.0,57.0,21.0,49.0,77.0,60.0,110.0,16.7,16.6,29.7,22.8,17.4,22.3,36.2,38.2
La Petite-Verrière (71400),/management/ville/la-petite-verriere/ville-71349,5.0,0.0,0.0,5.0,0.0,5.0,11.0,16.0,10.0,8.0,18.2,30.4,45.5,27.3,13.6,30.4,22.7,13.0
Faverges-Seythenex (74210),/management/ville/faverges-seythenex/ville-74123,25.0,272.0,258.0,792.0,972.0,1031.0,1868.0,1666.0,966.0,1162.0,28.9,36.7,34.1,23.2,17.2,16.9,19.7,21.2
La Chapelle du Lou du Lac (35360),/management/ville/la-chapelle-du-lou-du-lac/ville-35060,30.0,15.0,15.0,109.0,154.0,199.0,117.0,197.0,155.0,169.0,19.0,17.8,35.5,26.0,22.3,26.4,23.2,29.9
Fontvannes (10190),/management/ville/fontvannes/ville-10156,0.0,15.0,25.0,96.0,101.0,151.0,183.0,167.0,82.0,87.0,34.9,35.8,38.6,23.6,14.3,17.1,12.1,21.5
Le Gicq (17160),/management/ville/le-gicq/ville-17177,6.0,23.0,0.0,11.0,11.0,17.0,39.0,38.0,15.0,11.0,34.0,40.4,43.4,27.1,11.3,17.3,11.3,11.5
Lavernose-Lacasse (31410),/management/ville/lavernose-lacasse/ville-31287,30.0,94.0,264.0,422.0,447.0,170.0,502.0,532.0,404.0,652.0,20.6,27.3,31.5,19.3,20.5,18.2,27.3,34.9
Fléchin (62960),/management/ville/flechin/ville-62336,5.0,5.0,5.0,10.0,49.0,85.0,132.0,104.0,51.0,67.0,28.7,45.7,34.3,22.6,12.9,16.0,24.2,13.7
Grosbois-en-Montagne (21540),/management/ville/grosbois-en-montagne/ville-21310,0.0,5.0,5.0,18.0,9.0,14.0,14.0,20.0,14.0,32.0,12.5,21.6,35.0,14.3,15.0,18.9,37.5,45.9
Lelin-Lapujolle (32400),/management/ville/lelin-lapujolle/ville-32209,0.0,25.0,10.0,40.0,40.0,45.0,67.0,65.0,50.0,36.0,29.5,32.1,38.4,22.0,19.6,26.4,12.5,20.8
Équilly (50320),/management/ville/equilly/ville-50174,5.0,0.0,10.0,10.0,45.0,30.0,31.0,46.0,24.0,34.0,25.7,20.0,34.3,28.2,21.4,13.8,18.6,32.3
Goussonville (78930),/management/ville/goussonville/ville-78281,0.0,40.0,94.0,104.0,59.0,40.0,65.0,111.0,81.0,186.0,14.3,15.3,29.6,20.0,17.0,20.0,39.1,44.7
Lichtenberg (67340),/management/ville/lichtenberg/ville-67265,0.0,20.0,10.0,50.0,59.0,138.0,129.0,154.0,81.0,69.0,21.9,38.0,42.5,24.5,23.3,14.4,12.3,19.9
Gigny (39320),/management/ville/gigny/ville-39253,0.0,5.0,0.0,25.0,31.0,36.0,74.0,84.0,43.0,23.0,28.0,39.3,45.8,27.2,15.3,22.4,11.0,9.3
La Fontenelle (41270),/management/ville/la-fontenelle/ville-41089,10.0,10.0,5.0,35.0,15.0,40.0,47.0,54.0,26.0,28.0,25.6,35.5,43.6,23.2,16.7,17.1,14.1,22.4
,24.2
Garnat-sur-Engièvre (03230),/management/ville/garnat-sur-engievre/ville-03120,10.0,10.0,5.0,79.0,94.0,154.0,165.0,204.0,86.0,77.0,23.0,38.8,48.5,25.3,14.8,17.9,13.7,15.6
Lanuéjouls (12350),/management/ville/lanuejouls/ville-12121,25.0,35.0,25.0,55.0,80.0,95.0,179.0,155.0,109.0,147.0,24.5,36.0,33.8,18.4,21.0,16.0,20.7,29.0
Hampigny (10500),/management/ville/hampigny/ville-10171,0.0,5.0,0.0,15.0,41.0,51.0,94.0,65.0,27.0,12.0,46.2,48.6,39.8,24.1,10.8,16.2,3.2,8.6
Le Ployron (60420),/management/ville/le-ployron/ville-60503,5.0,5.0,0.0,5.0,16.0,26.0,28.0,36.0,13.0,10.0,23.4,42.5,57.4,22.0,10.6,20.0,8.5,15.0
88.0,258.0,307.0,26.7,34.7,37.8,24.3,16.9,16.9,18.5,21.8
Hœdic (56170),/management/ville/hoedic/ville-56085,10.0,5.0,0.0,5.0,5.0,0.0,22.0,41.0,11.0,12.0,4.7,46.5,69.8,22.9,11.6,14.0,14.0,14.0
Donnezac (33860),/management/ville/donnezac/ville-33151,10.0,15.0,50.0,35.0,100.0,190.0,264.0,271.0,92.0,66.0,33.2,42.9,47.2,26.8,11.7,14.9,7.9,11.1
Hériménil (54300),/management/ville/herimenil/ville-54260,5.0,20.0,30.0,135.0,145.0,50.0,132.0,277.0,112.0,159.0,15.2,23.4,44.8,30.2,18.2,14.9,21.8,24.9
Destry (57340),/management/ville/destry/ville-57174,0.0,0.0,0.0,15.0,15.0,25.0,15.0,19.0,13.0,19.0,20.0,25.8,31.4,22.9,25.7,12.9,22.9,35.5
Laas (32170),/management/ville/laas/ville-32167,10.0,10.0,10.0,44.0,39.0,34.0,66.0,78.0,46.0,50.0,23.8,31.9,38.5,25.2,17.2,20.7,20.5,20.7
Laives (71240),/management/ville/laives/ville-71249,0.0,24.0,56.0,153.0,163.0,76.0,217.0,237.0,139.0,191.0,25.8,29.7,35.6,22.9,18.3,16.9,20.3,28.6
La Chapelle-Agnon (63590),/management/ville/la-chapelle-agnon/ville-63086,10.0,15.0,0.0,46.0,31.0,46.0,131.0,84.0,43.0,47.0,37.6,48.0,38.2,16.0,12.7,16.0,11.5,20.0
Knœringue (68220),/management/ville/knoeringue/ville-68168,10.0,5.0,34.0,55.0,55.0,35.0,61.0,112.0,41.0,74.0,14.8,27.4,47.2,26.9,12.0,16.4,26.1,25.3
Faverney (70160),/management/ville/faverney/ville-70228,5.0,35.0,50.0,100.0,140.0,85.0,282.0,222.0,109.0,106.0,36.1,42.3,36.1,23.7,13.2,17.1,14.6,14.9
La Peyratte (79200),/management/ville/la-peyratte/ville-79208,45.0,50.0,35.0,81.0,141.0,131.0,345.0,289.0,122.0,151.0,36.2,40.0,36.9,23.6,13.7,13.0,13.2,20.1
Lavernoy (52140),/management/ville/lavernoy/ville-52275,0.0,0.0,0.0,10.0,10.0,10.0,23.0,26.0,10.0,3.0,20.0,53.1,56.7,25.0,16.7,15.6,6.7,3.1
15.6,18.5,25.5,28.8
Licourt (80320),/management/ville/licourt/ville-80474,15.0,5.0,15.0,20.0,30.0,104.0,129.0,92.0,40.0,44.0,41.5,42.9,34.0,23.4,13.2,12.9,11.3,17.7
Équirre (62134),/management/ville/equirre/ville-62301,0.0,5.0,0.0,0.0,14.0,5.0,22.0,15.0,13.0,5.0,33.3,48.0,33.3,20.0,23.3,20.0,10.0,12.0
Gigny (89160),/management/ville/gigny/ville-89187,0.0,0.0,5.0,0.0,10.0,10.0,28.0,25.0,18.0,13.0,34.1,33.3,31.7,27.1,19.5,22.2,14.6,15.6
Fléchy (60120),/management/ville/flechy/ville-60237,10.0,0.0,0.0,5.0,10.0,10.0,31.0,20.0,9.0,9.0,35.3,52.9,41.2,17.1,11.8,14.7,11.8,14.7
Grosbois-lès-Tichey (21250),/management/ville/grosbois-les-tichey/ville-21311,0.0,5.0,0.0,10.0,5.0,10.0,24.0,20.0,6.0,5.0,37.0,50.0,48.1,22.6,7.4,14.3,7.4,10.7
Les Monts d'Andaine (61600),/management/ville/les-monts-d-andaine/ville-61463,36.0,58.0,57.0,174.0,235.0,318.0,436.0,417.0,232.0,232.0,29.7,36.6,37.0,24.1,18.9,16.3,14.4,20.6
Lelling (57660),/management/ville/lelling/ville-57389,0.0,10.0,30.0,69.0,60.0,77.0,97.0,118.0,66.0,74.0,15.9,38.3,43.8,21.6,19.9,17.2,20.5,21.7
Javené (35133),/management/ville/javene/ville-35137,10.0,30.0,94.0,293.0,278.0,318.0,401.0,452.0,250.0,375.0,25.0,29.2,35.7,23.5,17.0,16.8,22.3,28.4
La Force (11270),/management/ville/la-force/ville-11153,10.0,5.0,15.0,25.0,10.0,15.0,47.0,45.0,25.0,45.0,19.7,35.4,36.4,20.4,16.7,14.6,27.3,28.1
Goustranville (14430),/management/ville/goustranville/ville-14308,0.0,15.0,10.0,5.0,36.0,10.0,50.0,44.0,24.0,24.0,23.9,45.9,41.8,19.0,20.9,13.5,13.4,20.3
Fresnay-le-Gilmert (28300),/management/ville/fresnay-le-gilmert/ville-28163,0.0,5.0,29.0,33.0,29.0,10.0,29.0,40.0,32.0,41.0,15.5,25.7,31.0,24.0,25.4,18.6,28.2,30.0
Le Poët (05300),/management/ville/le-poet/ville-05103,21.0,37.0,21.0,86.0,64.0,90.0,214.0,154.0,113.0,136.0,35.3,34.1,30.0,19.9,17.5,19.1,17.2,26.8
Eclassan (07370),/management/ville/eclassan/ville-07084,15.0,10.0,74.0,147.0,129.0,93.0,200.0,230.0,119.0,189.0,24.3,30.2,36.4,23.5,16.2,16.0,23.2,28.0
Hœnheim (67800),/management/ville/hoenheim/ville-67204,0.0,249.0,637.0,1266.0,1673.0,1162.0,2049.0,2840.0,1428.0,2129.0,22.3,25.9,35.6,27.9,16.6,17.2,25.5,24.9
Garnay (28500),/management/ville/garnay/ville-28171,5.0,35.0,55.0,114.0,134.0,60.0,201.0,217.0,114.0,154.0,23.9,34.5,40.3,22.1,15.5,17.7,20.3,24.5
Lanvallay (22100),/management/ville/lanvallay/ville-22118,25.0,85.0,213.0,513.0,533.0,335.0,764.0,951.0,563.0,929.0,16.7,29.8,35.1,23.1,18.8,16.5,29.4,28.6
Laas (45300),/management/ville/laas/ville-45177,5.0,0.0,5.0,10.0,45.0,59.0,59.0,54.0,27.0,26.0,38.2,33.3,37.1,24.7,14.6,17.9,10.1,21.8
Hampont (57170),/management/ville/hampont/ville-57290,0.0,0.0,5.0,25.0,20.0,20.0,37.0,60.0,18.0,30.0,20.5,30.6,50.7,27.7,8.2,16.7,20.5,20.8
14.6,16.3,15.9,15.8
Estreux (59990),/management/ville/estreux/ville-59215,5.0,35.0,115.0,129.0,95.0,79.0,142.0,144.0,125.0,280.0,16.4,24.6,22.5,18.9,18.7,17.5,42.4,38.7
Desvres (62240),/management/ville/desvres/ville-62268,10.0,111.0,70.0,355.0,815.0,744.0,1747.0,982.0,620.0,408.0,39.5,52.7,34.0,18.9,15.2,17.6,11.2,10.5
Dontreix (23700),/management/ville/dontreix/ville-23073,30.0,15.0,5.0,30.0,55.0,15.0,103.0,111.0,66.0,58.0,22.6,37.9,37.8,24.4,26.8,12.6,12.8,21.3
Laix (54720),/management/ville/laix/ville-54290,0.0,5.0,0.0,30.0,20.0,30.0,47.0,53.0,27.0,34.0,28.9,29.5,31.3,29.0,18.1,15.4,21.7,20.5
La Chapelle-Anthenaise (53950),/management/ville/la-chapelle-anthenaise/ville-53056,16.0,26.0,47.0,114.0,98.0,196.0,153.0,211.0,114.0,178.0,20.0,26.7,39.4,23.5,15.5,19.3,25.1,29.2
Knœrsheim (67310),/management/ville/knoersheim/ville-67245,0.0,5.0,5.0,31.0,52.0,31.0,44.0,58.0,28.0,32.0,22.5,32.5,42.5,26.7,13.8,20.5,21.3,18.1
Faverois (90100),/management/ville/faverois/ville-90043,0.0,15.0,25.0,80.0,55.0,150.0,110.0,163.0,87.0,77.0,18.5,32.1,42.8,28.5,19.4,20.5,19.4,15.8
Licq-Athérey (64560),/management/ville/licq-atherey/ville-64342,20.0,5.0,5.0,39.0,15.0,5.0,42.0,59.0,20.0,43.0,23.5,28.4,43.5,23.7,11.8,12.3,21.2,32.1
Éragny (95610),/management/ville/eragny/ville-95218,3.0,364.0,1774.0,2508.0,2467.0,1345.0,2790.0,2528.0,2177.0,3996.0,21.5,26.7,24.7,19.4,19.5,18.5,34.4,35.1
Laverrière (60210),/management/ville/laverriere/ville-60354,10.0,5.0,0.0,5.0,0.0,0.0,12.0,10.0,4.0,5.0,43.8,33.3,37.5,25.0,6.3,20.0,12.5,20.0
Forbach (57600),/management/ville/forbach/ville-57227,0.0,402.0,659.0,1561.0,2576.0,2941.0,6654.0,4229.0,2284.0,3028.0,36.6,45.1,29.6,21.0,14.8,13.5,19.0,18.4
La Piarre (05700),/management/ville/la-piarre/ville-05102,10.0,0.0,5.0,0.0,5.0,15.0,13.0,18.0,17.0,22.0,16.7,20.6,30.6,21.2,25.0,23.5,27.8,35.3
Le Givre (85540),/management/ville/le-givre/ville-85101,5.0,15.0,10.0,87.0,67.0,72.0,90.0,100.0,88.0,82.0,23.5,26.4,38.5,19.2,19.3,29.9,18.7,27.0
Grosbreuil (85440),/management/ville/grosbreuil/ville-85103,45.0,25.0,60.0,265.0,265.0,370.0,371.0,535.0,319.0,293.0,21.6,27.4,42.3,26.6,19.4,22.7,16.8,21.9
Flée (72500),/management/ville/flee/ville-72134,15.0,5.0,5.0,57.0,81.0,86.0,109.0,159.0,81.0,73.0,19.4,31.9,45.1,27.8,18.4,19.7,17.0,17.4
Javerdat (87520),/management/ville/javerdat/ville-87078,16.0,21.0,26.0,67.0,88.0,140.0,153.0,157.0,107.0,112.0,25.6,32.2,36.6,22.5,19.1,21.3,18.7,23.6
Gigny-Bussy (51290),/management/ville/gigny-bussy/ville-51270,5.0,10.0,30.0,30.0,20.0,25.0,61.0,50.0,31.0,28.0,31.0,41.0,35.6,21.3,20.7,15.7,12.6,20.5
Lemainville (54740),/management/ville/lemainville/ville-54309,0.0,15.0,15.0,65.0,35.0,25.0,72.0,70.0,47.0,79.0,22.3,30.7,31.5,20.4,17.7,17.5,28.5,30.7
Fresnay-le-Long (76850),/management/ville/fresnay-le-long/ville-76284,5.0,5.0,10.0,67.0,21.0,52.0,74.0,62.0,47.0,46.0,27.0,37.7,35.7,18.8,20.9,20.2,16.5,23.7
Les Monts d'Aunay (14260),/management/ville/les-monts-d-aunay/ville-14027,41.0,91.0,147.0,381.0,873.0,701.0,1158.0,1064.0,530.0,737.0,27.7,38.3,37.1,22.2,15.3,15.0,19.9,22.3
La Force (24130),/management/ville/la-force/ville-24222,5.0,81.0,81.0,233.0,417.0,244.0,689.0,614.0,328.0,438.0,29.9,36.2,34.0,23.5,16.0,15.7,20.0,22.2
Le Poët-Célard (26460),/management/ville/le-poet-celard/ville-26241,5.0,15.0,10.0,15.0,5.0,40.0,25.0,30.0,24.0,21.0,18.2,33.3,38.2,21.4,21.8,26.7,21.8,20.0
Laàs (64390),/management/ville/laas/ville-64287,5.0,10.0,5.0,20.0,10.0,0.0,34.0,34.0,14.0,24.0,25.0,37.5,37.5,22.4,20.8,7.1,16.7,28.6
Écleux (39600),/management/ville/ecleux/ville-39206,10.0,10.0,0.0,10.0,15.0,30.0,49.0,58.0,28.0,31.0,24.1,34.5,39.2,26.7,19.0,14.9,17.7,19.5
Han-devant-Pierrepont (54620),/management/ville/han-devant-pierrepont/ville-54602,0.0,0.0,10.0,5.0,16.0,47.0,43.0,39.0,19.0,13.0,36.4,40.0,40.0,26.9,12.7,18.3,10.9,11.7
Hérin (59195),/management/ville/herin/ville-59302,0.0,40.0,115.0,427.0,587.0,587.0,868.0,969.0,465.0,624.0,24.2,34.5,39.8,24.6,14.9,16.8,21.1,21.6
Laiz (01290),/management/ville/laiz/ville-01203,10.0,40.0,30.0,185.0,185.0,160.0,237.0,299.0,156.0,198.0,24.2,28.9,41.1,24.7,16.7,18.3,18.1,26.1
Estrun (59295),/management/ville/estrun/ville-59219,0.0,25.0,70.0,110.0,65.0,90.0,122.0,111.0,81.0,164.0,17.8,32.8,30.9,15.7,18.7,15.4,32.6,36.0
Garnerans (01140),/management/ville/garnerans/ville-01167,15.0,36.0,46.0,72.0,77.0,87.0,129.0,163.0,88.0,117.0,20.3,32.0,39.4,23.9,17.9,17.6,22.3,24.6
La Chapelle-au-Mans (71130),/management/ville/la-chapelle-au-mans/ville-71088,35.0,15.0,10.0,0.0,25.0,30.0,66.0,71.0,26.0,18.0,28.7,44.8,44.7,26.6,20.2,8.0,6.4,13.8
Gout-Rossignol (24320),/management/ville/gout-rossignol/ville-24199,10.0,10.0,5.0,20.0,25.0,35.0,158.0,84.0,43.0,48.0,40.0,54.3,31.9,17.7,14.4,11.6,13.8,15.0
Détain-et-Bruant (21220),/management/ville/detain-et-bruant/ville-21228,5.0,10.0,10.0,15.0,15.0,10.0,25.0,26.0,19.0,30.0,18.2,33.3,32.7,17.0,23.6,13.3,25.5,35.6
Kogenheim (67230),/management/ville/kogenheim/ville-67246,10.0,39.0,64.0,157.0,162.0,250.0,218.0,336.0,135.0,214.0,19.8,28.5,43.8,26.3,15.0,15.1,21.4,26.1
Hœrdt (67720),/management/ville/hoerdt/ville-67205,15.0,129.0,344.0,673.0,558.0,544.0,701.0,1170.0,497.0,910.0,16.1,26.1,42.4,25.9,15.1,15.2,26.4,29.0
Lanvaudan (56240),/management/ville/lanvaudan/ville-56104,10.0,20.0,20.0,85.0,110.0,105.0,145.0,207.0,118.0,124.0,19.5,29.4,40.9,26.5,19.5,20.3,20.1,21.6
Licques (62850),/management/ville/licques/ville-62506,25.0,45.0,25.0,150.0,210.0,290.0,390.0,341.0,209.0,229.0,28.3,38.1,36.5,21.5,17.4,18.3,17.8,21.3
Éragny-sur-Epte (60590),/management/ville/eragny-sur-epte/ville-60211,5.0,10.0,26.0,92.0,61.0,86.0,168.0,146.0,73.0,64.0,35.0,39.3,37.2,24.8,16.1,16.6,11.7,16.6
Laversine (02600),/management/ville/laversine/ville-02415,0.0,5.0,15.0,20.0,5.0,35.0,27.0,34.0,22.0,26.0,24.6,25.0,31.6,28.1,19.3,21.2,24.6,23.1
Faverolles (02600),/management/ville/faverolles/ville-02302,0.0,24.0,24.0,63.0,63.0,29.0,59.0,72.0,40.0,52.0,22.9,31.1,39.0,23.4,17.8,17.5,20.3,26.2
Groslay (95410),/management/ville/groslay/ville-95288,15.0,325.0,1071.0,1203.0,1284.0,471.0,1568.0,1259.0,986.0,2043.0,26.5,27.0,23.9,18.9,16.6,17.1,33.0,36.6
Fleigneux (08200),/management/ville/fleigneux/ville-08170,0.0,10.0,10.0,44.0,19.0,24.0,31.0,54.0,28.0,37.0,15.0,26.8,43.8,25.7,16.3,22.5,25.0,23.9
Gigny-sur-Saône (71240),/management/ville/gigny-sur-saone/ville-71219,20.0,25.0,45.0,60.0,85.0,45.0,115.0,154.0,69.0,78.0,22.8,32.2,45.5,26.1,15.3,17.8,16.3,21.0
Forcalqueiret (83136),/management/ville/forcalqueiret/ville-83059,10.0,80.0,100.0,405.0,380.0,200.0,505.0,602.0,460.0,519.0,22.1,26.2,33.7,24.2,19.9,24.1,24.2,25.5
Lembach (67510),/management/ville/lembach/ville-67263,10.0,61.0,46.0,187.0,167.0,304.0,353.0,451.0,188.0,230.0,19.2,38.0,47.6,24.3,14.4,16.3,18.8,18.8
Javerlhac-et-la-Chapelle-Saint-Robert (24300),/management/ville/javerlhac-et-la-chapelle-saint-robert/ville-24214,10.0,44.0,24.0,45.0,127.0,107.0,300.0,185.0,136.0,98.0,36.2,46.8,33.6,18.7,18.0,19.8,12.2,15.0
La Pierre (38570),/management/ville/la-pierre/ville-38303,0.0,37.0,36.0,99.0,47.0,57.0,78.0,109.0,74.0,123.0,17.9,22.6,35.3,21.1,19.5,19.5,27.4,36.4
Le Glaizil (05800),/management/ville/le-glaizil/ville-05062,5.0,0.0,0.0,10.0,20.0,15.0,56.0,44.0,30.0,19.0,35.5,39.7,36.8,22.5,15.8,24.7,11.8,13.7
Les Monts du Roumois (27370),/management/ville/les-monts-du-roumois/ville-27062,20.0,25.0,174.0,297.0,163.0,188.0,289.0,317.0,200.0,322.0,23.4,27.9,34.0,21.2,18.1,17.4,24.6,32.5
La Forclaz (74200),/management/ville/la-forclaz/ville-74129,0.0,10.0,20.0,10.0,30.0,30.0,61.0,61.0,22.0,34.0,28.1,40.4,43.8,21.4,15.7,9.0,12.4,25.8
Éclimeux (62770),/management/ville/eclimeux/ville-62282,0.0,5.0,5.0,5.0,14.0,34.0,46.0,39.0,22.0,21.0,29.7,40.9,34.4,23.9,17.2,18.2,18.8,15.2
Labalme (01450),/management/ville/labalme/ville-01200,0.0,10.0,10.0,25.0,30.0,35.0,43.0,47.0,21.0,42.0,22.8,33.8,34.2,24.1,12.7,14.9,30.4,24.3
Fresnay-le-Samson (61120),/management/ville/fresnay-le-samson/ville-61180,0.0,5.0,10.0,0.0,15.0,10.0,27.0,31.0,9.0,6.0,26.5,46.2,47.1,30.0,14.7,10.3,11.8,5.1
Han-lès-Juvigny (55600),/management/ville/han-les-juvigny/ville-55226,15.0,0.0,0.0,10.0,15.0,10.0,17.0,18.0,27.0,16.0,18.4,25.0,26.3,22.9,36.8,32.5,18.4,22.5
Garons (30128),/management/ville/garons/ville-30125,88.0,186.0,276.0,534.0,700.0,486.0,892.0,935.0,664.0,996.0,24.5,26.5,30.6,22.5,18.8,19.3,26.0,30.9
Hérissart (80260),/management/ville/herissart/ville-80431,5.0,15.0,40.0,111.0,120.0,65.0,84.0,130.0,83.0,138.0,17.3,21.3,38.3,22.1,14.5,23.5,29.9,33.5
Donville-les-Bains (50350),/management/ville/donville-les-bains/ville-50165,5.0,105.0,160.0,306.0,414.0,360.0,908.0,720.0,357.0,573.0,29.6,40.1,31.7,22.6,14.6,13.4,24.0,21.1
Laizé (71870),/management/ville/laize/ville-71250,5.0,55.0,55.0,181.0,131.0,131.0,125.0,240.0,176.0,252.0,13.4,17.9,38.4,22.6,20.2,24.0,28.0,35.9
Le Poët-en-Percip (26170),/management/ville/le-poet-en-percip/ville-26242,0.0,0.0,0.0,0.0,0.0,0.0,3.0,3.0,1.0,7.0,25.0,16.7,37.5,0.0,0.0,16.7,37.5,66.7
La Chapelle-au-Moine (61100),/management/ville/la-chapelle-au-moine/ville-61094,0.0,5.0,25.0,89.0,74.0,84.0,115.0,160.0,81.0,85.0,23.0,29.2,41.2,27.2,19.0,18.1,16.8,22.2
Goutevernisse (31310),/management/ville/goutevernisse/ville-31225,15.0,10.0,25.0,20.0,40.0,0.0,26.0,34.0,24.0,43.0,23.3,17.9,30.0,23.2,16.7,20.9,30.0,37.3
Esves-le-Moutier (37240),/management/ville/esves-le-moutier/ville-37103,5.0,10.0,5.0,5.0,16.0,10.0,33.0,37.0,24.0,25.0,28.8,26.4,31.8,29.8,15.2,24.5,24.2,17.0
Détrier (73110),/management/ville/detrier/ville-73099,0.0,15.0,20.0,30.0,74.0,60.0,65.0,96.0,56.0,92.0,21.2,20.6,33.1,26.9,15.9,20.0,29.8,30.0
Lanvellec (22420),/management/ville/lanvellec/ville-22119,26.0,20.0,26.0,46.0,57.0,62.0,163.0,110.0,94.0,105.0,30.3,39.1,28.6,17.9,22.3,17.2,18.9,25.8
Kolbsheim (67120),/management/ville/kolbsheim/ville-67247,5.0,15.0,81.0,117.0,128.0,92.0,108.0,221.0,126.0,242.0,13.4,17.8,34.7,26.5,16.2,19.8,35.8,33.5
Ibarrolle (64120),/management/ville/ibarrolle/ville-64267,32.0,5.0,0.0,0.0,11.0,5.0,24.0,23.0,17.0,8.0,34.9,31.0,34.9,28.6,20.9,31.0,9.3,10.3
Laversines (60510),/management/ville/laversines/ville-60355,0.0,30.0,99.0,168.0,168.0,133.0,239.0,227.0,151.0,220.0,27.3,29.7,30.7,22.4,17.9,18.2,24.1,28.5
Faverolles (28210),/management/ville/faverolles/ville-28146,5.0,30.0,100.0,170.0,75.0,80.0,133.0,189.0,101.0,187.0,18.2,25.2,35.0,24.8,15.5,17.6,31.3,30.0
Licy-Clignon (02810),/management/ville/licy-clignon/ville-02428,5.0,5.0,0.0,15.0,0.0,5.0,16.0,14.0,11.0,11.0,24.0,37.0,32.0,20.7,28.0,14.8,16.0,25.9
Fleisheim (57635),/management/ville/fleisheim/ville-57216,11.0,11.0,5.0,16.0,16.0,32.0,30.0,30.0,23.0,30.0,19.3,33.3,28.1,23.3,22.8,19.3,29.8,22.8
Forcalquier (04300),/management/ville/forcalquier/ville-04088,40.0,217.0,182.0,475.0,553.0,351.0,1290.0,897.0,621.0,1125.0,30.2,35.0,25.9,19.4,15.2,16.3,28.6,28.6
Eraines (14700),/management/ville/eraines/ville-14244,0.0,5.0,25.0,61.0,40.0,40.0,56.0,65.0,39.0,77.0,24.3,23.3,28.7,23.3,18.3,15.0,28.7,35.8
Gigondas (84190),/management/ville/gigondas/ville-84049,35.0,15.0,19.0,55.0,84.0,65.0,130.0,96.0,77.0,125.0,29.9,30.6,29.9,15.5,15.8,20.4,24.4,34.5
Javernant (10320),/management/ville/javernant/ville-10177,10.0,0.0,0.0,31.0,10.0,15.0,32.0,42.0,19.0,35.0,19.7,30.5,36.4,24.6,18.2,11.9,25.8,28.8
La Pisseure (70800),/management/ville/la-pisseure/ville-70411,0.0,0.0,0.0,0.0,5.0,25.0,11.0,8.0,3.0,1.0,23.1,80.0,53.8,9.1,23.1,0.0,0.0,10.0
Groslée-Saint-Benoit (01300),/management/ville/groslee-saint-benoit/ville-01338,20.0,60.0,30.0,140.0,100.0,180.0,235.0,281.0,155.0,195.0,24.9,29.4,39.8,23.7,17.2,18.6,18.1,26.8
Lemberg (57620),/management/ville/lemberg/ville-57390,0.0,35.0,35.0,120.0,225.0,196.0,385.0,402.0,172.0,171.0,25.0,42.9,45.5,23.6,15.2,15.1,14.3,15.8
Hérisson (03190),/management/ville/herisson/ville-03127,25.0,10.0,35.0,25.0,65.0,70.0,204.0,136.0,74.0,105.0,28.2,47.2,35.2,18.9,13.0,15.2,23.6,17.8
Le Gosier (97190),/management/ville/le-gosier/ville-97113,40.0,1533.0,1742.0,3132.0,3655.0,1934.0,6966.0,3339.0,3393.0,6018.0,34.6,36.0,19.5,15.2,16.6,17.7,29.4,31.5
La Forest-Landerneau (29800),/management/ville/la-forest-landerneau/ville-29056,0.0,53.0,169.0,314.0,198.0,101.0,168.0,336.0,279.0,529.0,11.6,13.9,29.3,21.6,22.5,20.1,36.6,43.9
Han-sur-Meuse (55300),/management/ville/han-sur-meuse/ville-55229,0.0,10.0,10.0,26.0,20.0,15.0,68.0,74.0,30.0,36.0,35.6,30.8,45.2,24.1,9.6,18.3,9.6,25.0
Donzac (33410),/management/ville/donzac/ville-33152,5.0,0.0,0.0,10.0,20.0,30.0,27.0,26.0,21.0,23.0,30.4,25.5,32.6,22.4,17.4,25.5,19.6,27.5
Eclose-Badinières (38300),/management/ville/eclose-badinieres/ville-38152,0.0,75.0,75.0,180.0,200.0,250.0,230.0,315.0,184.0,251.0,19.7,27.3,37.2,24.9,18.7,18.8,24.3,26.9
Laize-Clinchamps (14320),/management/ville/laize-clinchamps/ville-14349,5.0,106.0,121.0,303.0,303.0,243.0,245.0,416.0,280.0,418.0,15.3,20.7,36.1,23.9,21.8,19.4,26.8,34.7
Garos (64410),/management/ville/garos/ville-64234,5.0,10.0,5.0,39.0,34.0,34.0,44.0,52.0,35.0,43.0,23.7,26.3,38.7,20.3,19.4,21.3,18.3,32.5
Fresnay-sur-Sarthe (72130),/management/ville/fresnay-sur-sarthe/ville-72138,41.0,78.0,72.0,269.0,352.0,402.0,976.0,684.0,361.0,348.0,33.9,46.9,37.7,20.8,13.8,16.4,14.6,14.8
Le Poët-Laval (26160),/management/ville/le-poet-laval/ville-26243,5.0,68.0,59.0,108.0,146.0,59.0,196.0,158.0,137.0,244.0,27.7,25.6,26.1,17.4,16.0,21.3,30.2,36.5
Les Monts-Verts (48200),/management/ville/les-monts-verts/ville-48012,25.0,10.0,0.0,20.0,45.0,70.0,92.0,111.0,41.0,40.0,32.3,32.5,41.6,29.7,13.7,15.4,12.4,16.3
Labarde (33460),/management/ville/labarde/ville-33211,0.0,10.0,25.0,94.0,104.0,109.0,97.0,166.0,86.0,95.0,20.3,23.6,41.9,29.1,17.6,21.4,20.3,22.7
La Chapelle-au-Riboul (53440),/management/ville/la-chapelle-au-riboul/ville-53057,10.0,20.0,0.0,35.0,45.0,60.0,122.0,144.0,48.0,47.0,30.9,37.0,45.2,28.2,13.3,13.3,10.6,15.6
Goutrens (12390),/management/ville/goutrens/ville-12111,31.0,15.0,10.0,86.0,50.0,46.0,102.0,80.0,75.0,119.0,26.4,27.8,26.4,15.8,22.3,17.2,24.9,39.4
Esvres (37320),/management/ville/esvres/ville-37104,5.0,170.0,426.0,948.0,708.0,552.0,941.0,1203.0,735.0,1350.0,18.6,25.7,35.2,21.1,17.4,17.3,28.8,34.9
Koungou (97600),/management/ville/koungou/ville-97610,,,,,,,,,,,,,,,,,,
Ibigny (57830),/management/ville/ibigny/ville-57342,0.0,0.0,0.0,5.0,5.0,30.0,29.0,32.0,8.0,11.0,26.8,46.2,51.2,23.9,9.8,10.3,12.2,15.4
Dettey (71190),/management/ville/dettey/ville-71172,10.0,0.0,0.0,15.0,10.0,10.0,18.0,23.0,9.0,17.0,17.1,37.5,51.4,15.2,14.3,12.5,17.1,34.4
Lanvénégen (56320),/management/ville/lanvenegen/ville-56105,61.0,30.0,5.0,86.0,106.0,181.0,350.0,266.0,157.0,144.0,31.8,44.2,36.0,21.1,17.8,16.7,14.4,16.9
Lidrezing (57340),/management/ville/lidrezing/ville-57401,0.0,0.0,0.0,10.0,24.0,10.0,27.0,26.0,12.0,5.0,35.1,39.4,40.5,28.9,18.9,18.2,5.4,9.1
Fleix (86300),/management/ville/fleix/ville-86098,5.0,0.0,0.0,15.0,15.0,30.0,34.0,33.0,18.0,18.0,27.3,39.6,40.0,22.0,16.4,18.8,16.4,18.8
Lavérune (34880),/management/ville/laverune/ville-34134,11.0,106.0,249.0,478.0,399.0,197.0,668.0,494.0,462.0,739.0,27.4,29.0,25.1,17.9,17.5,21.3,29.9,32.5
Faverolles (52260),/management/ville/faverolles/ville-52196,10.0,0.0,0.0,29.0,10.0,24.0,30.0,26.0,19.0,12.0,27.3,40.9,40.9,19.5,20.5,25.0,11.4,15.9
Forcé (53260),/management/ville/force/ville-53099,10.0,29.0,58.0,131.0,136.0,121.0,142.0,244.0,164.0,205.0,15.8,21.4,42.1,23.2,19.4,24.0,22.7,31.5
Erbajolo (20212),/management/ville/erbajolo/ville-2B105,5.0,4.0,8.0,7.0,12.0,4.0,30.0,19.0,17.0,29.0,31.3,31.9,20.8,21.4,6.3,29.8,41.7,19.1
Gigors (04250),/management/ville/gigors/ville-04093,0.0,0.0,5.0,5.0,0.0,0.0,15.0,15.0,6.0,9.0,33.3,33.3,41.7,21.7,12.5,14.3,12.5,28.6
Javrezac (16100),/management/ville/javrezac/ville-16169,5.0,15.0,20.0,60.0,60.0,90.0,122.0,155.0,81.0,117.0,21.8,29.3,35.4,26.8,16.2,17.9,26.6,22.8
La Plagne Tarentaise (73210),/management/ville/la-plagne-tarentaise/ville-73150,17.0,258.0,183.0,669.0,482.0,411.0,626.0,819.0,549.0,775.0,19.6,25.7,38.5,20.4,19.1,20.6,22.7,33.4
Lembeye (64350),/management/ville/lembeye/ville-64331,10.0,36.0,5.0,113.0,87.0,62.0,174.0,185.0,113.0,141.0,23.7,32.4,38.2,22.8,15.5,20.9,22.6,23.3
Le Grais (61600),/management/ville/le-grais/ville-61195,10.0,10.0,5.0,15.0,25.0,25.0,46.0,49.0,22.0,32.0,31.3,30.3,32.5,27.5,16.9,12.1,19.3,24.2
Herleville (80340),/management/ville/herleville/ville-80432,0.0,0.0,5.0,10.0,31.0,26.0,48.0,41.0,18.0,21.0,28.8,46.8,37.9,22.5,16.7,11.3,16.7,16.1
La Forestière (51120),/management/ville/la-forestiere/ville-51258,20.0,5.0,0.0,15.0,24.0,24.0,67.0,50.0,21.0,31.0,36.5,42.4,32.9,22.2,15.3,9.4,15.3,22.4
Han-sur-Nied (57580),/management/ville/han-sur-nied/ville-57293,0.0,0.0,5.0,45.0,55.0,45.0,31.0,64.0,39.0,43.0,13.5,21.6,41.6,29.0,19.1,25.0,25.8,22.7
Éclusier-Vaux (80340),/management/ville/eclusier-vaux/ville-80264,0.0,5.0,0.0,0.0,15.0,5.0,32.0,14.0,11.0,8.0,41.2,58.1,26.5,16.1,17.6,16.1,14.7,9.7
Les Moussières (39310),/management/ville/les-moussieres/ville-39373,15.0,0.0,10.0,5.0,35.0,10.0,50.0,35.0,14.0,29.0,34.3,43.9,27.1,23.2,14.3,7.0,24.3,21.1
Labaroche (68910),/management/ville/labaroche/ville-68173,5.0,87.0,200.0,302.0,313.0,195.0,263.0,474.0,313.0,614.0,12.6,19.1,32.9,22.7,19.2,18.4,35.2,38.5
Garravet (32220),/management/ville/garravet/ville-32138,5.0,0.0,0.0,20.0,15.0,10.0,43.0,31.0,23.0,22.0,30.5,40.7,30.5,21.0,22.0,16.9,16.9,20.3
Fresne-Cauverville (27260),/management/ville/fresne-cauverville/ville-27269,0.0,15.0,0.0,15.0,20.0,26.0,54.0,51.0,13.0,35.0,34.2,37.8,38.0,23.6,8.9,8.1,19.0,25.7
Laizy (71190),/management/ville/laizy/ville-71251,20.0,25.0,29.0,64.0,74.0,65.0,120.0,158.0,89.0,105.0,22.0,28.9,39.8,24.5,20.3,17.7,17.8,26.7
Le Poët-Sigillat (26110),/management/ville/le-poet-sigillat/ville-26244,15.0,0.0,0.0,5.0,15.0,35.0,22.0,17.0,18.0,26.0,36.6,16.7,22.0,21.6,12.2,31.0,29.3,33.3
Donzac (82340),/management/ville/donzac/ville-82049,0.0,30.0,35.0,104.0,154.0,184.0,270.0,226.0,146.0,137.0,31.7,37.8,33.7,22.9,18.8,18.6,15.8,19.4
La Chapelle-Aubareil (24290),/management/ville/la-chapelle-aubareil/ville-24106,5.0,45.0,30.0,30.0,45.0,96.0,107.0,101.0,94.0,86.0,26.1,29.1,33.5,21.1,19.7,28.6,20.7,23.1
Grosley-sur-Risle (27170),/management/ville/grosley-sur-risle/ville-27300,0.0,10.0,35.0,45.0,40.0,85.0,129.0,128.0,67.0,51.0,27.5,40.9,42.9,23.9,18.1,17.6,11.5,15.5
Gouts (40400),/management/ville/gouts/ville-40116,15.0,0.0,0.0,31.0,36.0,36.0,52.0,64.0,45.0,50.0,29.0,20.2,33.6,28.2,14.0,28.8,23.4,23.1
Eswars (59161),/management/ville/eswars/ville-59216,0.0,15.0,25.0,85.0,40.0,15.0,67.0,58.0,63.0,81.0,24.1,25.7,27.1,18.0,20.3,26.5,28.6,31.6
Dettwiller (67490),/management/ville/dettwiller/ville-67089,5.0,75.0,165.0,275.0,410.0,400.0,486.0,753.0,327.0,450.0,17.3,30.3,44.0,27.4,15.2,17.1,23.4,21.3
Ibos (65420),/management/ville/ibos/ville-65226,20.0,79.0,195.0,371.0,348.0,247.0,545.0,578.0,414.0,640.0,19.9,29.6,32.2,21.0,19.1,19.0,28.9,29.9
Liebenswiller (68220),/management/ville/liebenswiller/ville-68183,5.0,0.0,21.0,27.0,37.0,32.0,37.0,52.0,29.0,47.0,20.5,24.1,33.7,27.2,15.7,19.3,30.1,26.5
Lanvéoc (29160),/management/ville/lanveoc/ville-29120,14.0,74.0,249.0,247.0,438.0,130.0,395.0,404.0,348.0,279.0,22.4,33.7,32.3,23.4,26.6,21.9,18.6,20.5
Kourou (97310),/management/ville/kourou/ville-97304,35.0,741.0,1147.0,2313.0,3713.0,2214.0,6993.0,2467.0,2108.0,3236.0,41.2,53.1,20.3,13.1,15.8,12.8,22.7,21.0
Fléré-la-Rivière (36700),/management/ville/flere-la-riviere/ville-36074,15.0,30.0,10.0,10.0,85.0,94.0,192.0,132.0,63.0,57.0,36.4,49.3,37.3,20.9,15.2,13.2,11.1,14.5
Laveyron (26240),/management/ville/laveyron/ville-26160,20.0,35.0,35.0,75.0,155.0,135.0,353.0,212.0,143.0,92.0,42.6,45.4,31.1,21.5,17.7,18.0,8.6,14.1
Faverolles (61600),/management/ville/faverolles/ville-61158,25.0,10.0,10.0,0.0,15.0,5.0,32.0,42.0,22.0,13.0,25.0,34.7,45.0,27.8,20.0,20.4,10.0,14.3
Forcelles-Saint-Gorgon (54330),/management/ville/forcelles-saint-gorgon/ville-54203,0.0,0.0,16.0,21.0,16.0,16.0,30.0,33.0,14.0,40.0,24.6,27.1,31.6,21.7,14.0,8.5,29.8,39.0
La Plaine (49360),/management/ville/la-plaine/ville-49240,51.0,10.0,21.0,108.0,103.0,185.0,222.0,244.0,141.0,126.0,24.5,36.8,41.6,22.6,20.8,17.6,13.2,21.5
Gigors-et-Lozeron (26400),/management/ville/gigors-et-lozeron/ville-26141,9.0,13.0,39.0,30.0,9.0,13.0,25.0,22.0,23.0,64.0,17.3,20.0,21.3,10.5,20.0,15.0,41.3,55.0
Javron-les-Chapelles (53250),/management/ville/javron-les-chapelles/ville-53121,25.0,61.0,31.0,56.0,168.0,235.0,477.0,392.0,170.0,125.0,39.5,42.4,41.4,24.6,10.2,18.7,8.9,12.4
Lembras (24100),/management/ville/lembras/ville-24237,5.0,69.0,60.0,89.0,139.0,108.0,246.0,311.0,154.0,224.0,22.8,29.6,36.5,26.9,14.7,18.2,26.0,22.1
Le Grand-Bornand (74450),/management/ville/le-grand-bornand/ville-74136,65.0,235.0,95.0,225.0,180.0,230.0,453.0,420.0,307.0,454.0,25.6,29.9,30.3,20.3,19.7,17.8,24.3,31.4
Hanches (28130),/management/ville/hanches/ville-28191,0.0,65.0,195.0,515.0,274.0,259.0,446.0,504.0,398.0,595.0,22.3,23.6,31.2,21.2,17.9,23.0,28.5,32.6
Herlies (59134),/management/ville/herlies/ville-59303,0.0,50.0,255.0,355.0,275.0,190.0,328.0,412.0,277.0,641.0,18.4,21.0,25.8,22.2,17.2,16.3,38.5,38.8
Écluzelles (28500),/management/ville/ecluzelles/ville-28136,0.0,15.0,15.0,25.0,10.0,20.0,22.0,36.0,19.0,47.0,13.1,22.2,32.8,23.9,11.5,19.0,42.6,33.3
La Forêt-de-Tessé (16240),/management/ville/la-foret-de-tesse/ville-16142,10.0,5.0,0.0,15.0,24.0,15.0,47.0,58.0,30.0,29.0,27.2,29.4,44.4,24.4,17.3,20.0,11.1,24.7
Labarthe (32260),/management/ville/labarthe/ville-32169,5.0,5.0,24.0,5.0,5.0,19.0,39.0,26.0,22.0,27.0,34.5,33.9,22.4,21.3,24.1,14.3,19.0,28.6
Les Moutiers-en-Auge (14620),/management/ville/les-moutiers-en-auge/ville-14457,5.0,0.0,5.0,5.0,14.0,19.0,26.0,30.0,14.0,15.0,31.1,27.5,40.0,27.3,15.6,20.0,13.3,22.5
Garrebourg (57820),/management/ville/garrebourg/ville-57244,10.0,10.0,5.0,25.0,50.0,115.0,158.0,131.0,53.0,49.0,32.8,48.2,44.9,20.6,11.1,16.1,11.1,14.0
Fresné-la-Mère (14700),/management/ville/fresne-la-mere/ville-14289,11.0,37.0,16.0,47.0,74.0,79.0,126.0,137.0,77.0,75.0,25.9,35.1,39.0,24.9,18.5,18.5,16.6,19.4
Le Poinçonnet (36330),/management/ville/le-poinconnet/ville-36159,15.0,121.0,383.0,800.0,846.0,554.0,1057.0,1513.0,788.0,1249.0,20.4,25.3,38.6,25.0,16.6,17.5,24.4,29.7
Lajo (48120),/management/ville/lajo/ville-48079,19.0,0.0,5.0,15.0,10.0,19.0,29.0,24.0,22.0,12.0,35.6,31.1,22.2,28.8,33.3,17.8,8.9,17.8
Donzacq (40360),/management/ville/donzacq/ville-40090,31.0,0.0,15.0,31.0,41.0,52.0,105.0,128.0,56.0,82.0,25.0,31.4,40.8,25.7,12.0,18.6,22.3,21.8
La Chapelle-aux-Bois (88240),/management/ville/la-chapelle-aux-bois/ville-88088,55.0,25.0,15.0,45.0,104.0,95.0,197.0,157.0,90.0,83.0,32.2,42.6,36.7,21.7,16.7,17.4,14.4,17.1
Grosmagny (90200),/management/ville/grosmagny/ville-90054,10.0,15.0,51.0,51.0,61.0,41.0,88.0,113.0,77.0,121.0,13.8,29.4,34.6,22.1,18.6,19.9,33.0,28.0
Étables (07300),/management/ville/etables/ville-07086,25.0,10.0,20.0,128.0,113.0,84.0,155.0,190.0,119.0,170.0,24.8,24.0,33.2,24.8,18.9,18.5,23.0,30.7
Gouttières (63390),/management/ville/gouttieres/ville-63171,11.0,0.0,21.0,48.0,37.0,26.0,86.0,99.0,71.0,43.0,23.6,33.6,45.3,22.9,20.3,27.0,10.8,17.8
Deuil-la-Barre (95170),/management/ville/deuil-la-barre/ville-95197,0.0,547.0,2868.0,3397.0,3219.0,1402.0,3634.0,2911.0,2767.0,6302.0,22.2,24.2,20.9,17.0,17.1,18.3,39.8,40.8
Ichtratzheim (67640),/management/ville/ichtratzheim/ville-67217,5.0,9.0,14.0,75.0,33.0,24.0,38.0,73.0,48.0,84.0,11.3,18.9,37.4,22.6,20.9,18.9,30.4,38.6
Lanvollon (22290),/management/ville/lanvollon/ville-22121,10.0,65.0,55.0,165.0,239.0,184.0,463.0,424.0,249.0,230.0,28.6,38.4,37.5,23.9,18.0,18.3,15.9,17.6
Flers (61100),/management/ville/flers/ville-61169,22.0,321.0,505.0,1161.0,1724.0,2087.0,4697.0,3062.0,1405.0,1982.0,38.4,45.3,31.7,21.5,12.4,12.7,17.5,18.0
Erbéviller-sur-Amezule (54280),/management/ville/erbeviller-sur-amezule/ville-54180,5.0,5.0,0.0,5.0,5.0,0.0,12.0,22.0,11.0,14.0,24.2,16.7,33.3,37.0,12.1,29.2,30.3,12.5
Faverolles (80500),/management/ville/faverolles/ville-80302,10.0,0.0,5.0,10.0,10.0,10.0,52.0,20.0,29.0,19.0,43.6,45.2,20.0,14.3,25.5,22.6,10.9,19.4
Krautergersheim (67880),/management/ville/krautergersheim/ville-67248,5.0,44.0,128.0,202.0,214.0,260.0,315.0,419.0,238.0,320.0,17.4,31.2,38.8,24.2,19.1,17.8,24.8,24.8
Laveyrune (48250),/management/ville/laveyrune/ville-07136,16.0,0.0,5.0,10.0,21.0,5.0,30.0,23.0,24.0,23.0,27.8,35.6,31.5,15.4,20.4,26.7,20.4,24.4
Liebsdorf (68480),/management/ville/liebsdorf/ville-68184,5.0,10.0,5.0,35.0,40.0,100.0,67.0,88.0,38.0,39.0,24.0,34.2,43.8,27.6,15.7,17.1,16.5,17.1
Forcelles-sous-Gugney (54930),/management/ville/forcelles-sous-gugney/ville-54204,5.0,0.0,5.0,5.0,15.0,15.0,25.0,18.0,8.0,17.0,32.4,41.2,32.4,17.9,17.6,5.9,17.6,32.4
Gigouzac (46150),/management/ville/gigouzac/ville-46119,9.0,5.0,14.0,19.0,42.0,37.0,51.0,51.0,44.0,54.0,30.0,21.0,27.0,24.5,18.0,26.0,25.0,29.0
Jax (43230),/management/ville/jax/ville-43106,5.0,5.0,0.0,10.0,20.0,5.0,32.0,40.0,11.0,31.0,23.0,34.0,45.9,20.3,8.2,11.3,23.0,32.1
Le Grand-Bourg (23240),/management/ville/le-grand-bourg/ville-23095,60.0,25.0,50.0,105.0,155.0,130.0,314.0,281.0,172.0,197.0,26.8,37.8,36.4,21.3,18.8,16.9,18.0,22.7
Lemé (02140),/management/ville/leme/ville-02416,10.0,15.0,0.0,30.0,45.0,65.0,149.0,100.0,50.0,47.0,39.8,46.7,35.9,20.6,11.0,18.2,13.3,13.9
Hancourt (80240),/management/ville/hancourt/ville-80413,5.0,0.0,0.0,11.0,11.0,16.0,24.0,16.0,19.0,13.0,29.7,41.2,18.9,22.9,32.4,20.6,18.9,14.7
Herlin-le-Sec (62130),/management/ville/herlin-le-sec/ville-62436,5.0,5.0,11.0,0.0,27.0,43.0,36.0,23.0,29.0,37.0,24.2,32.8,24.2,15.0,25.8,20.3,25.8,32.8
La Plaine-des-Palmistes (97431),/management/ville/la-plaine-des-palmistes/ville-97406,110.0,195.0,130.0,455.0,1000.0,675.0,1800.0,1025.0,737.0,556.0,40.3,46.9,30.3,19.7,17.1,18.6,12.4,14.6
Écly (08300),/management/ville/ecly/ville-08150,5.0,10.0,5.0,10.0,35.0,20.0,55.0,37.0,24.0,18.0,41.2,41.8,32.4,22.1,14.7,20.9,11.8,14.9
La Forêt-du-Parc (27220),/management/ville/la-foret-du-parc/ville-27256,5.0,21.0,5.0,61.0,81.0,117.0,123.0,139.0,79.0,79.0,28.0,30.6,37.0,27.1,16.1,21.5,19.0,18.7
Labarthe (82220),/management/ville/labarthe/ville-82077,39.0,24.0,0.0,29.0,24.0,44.0,93.0,86.0,59.0,67.0,29.4,32.4,34.4,20.7,17.2,21.8,19.0,25.4
Le Poiré-sur-Vie (85170),/management/ville/le-poire-sur-vie/ville-85178,75.0,300.0,480.0,1240.0,1075.0,1020.0,1342.0,1833.0,1137.0,1597.0,18.8,26.5,37.5,23.6,18.2,20.2,25.5,28.5
Fresne-le-Plan (76520),/management/ville/fresne-le-plan/ville-76285,5.0,30.0,39.0,129.0,70.0,49.0,99.0,111.0,66.0,150.0,21.3,25.1,30.3,20.2,17.5,13.5,30.8,39.5
Les Moutiers-en-Cinglais (14220),/management/ville/les-moutiers-en-cinglais/ville-14458,5.0,25.0,15.0,45.0,55.0,35.0,68.0,110.0,64.0,98.0,22.9,16.8,34.1,27.7,17.3,20.5,25.7,32.3
Lajoux (01410),/management/ville/lajoux/ville-39274,5.0,15.0,25.0,55.0,20.0,20.0,42.0,56.0,39.0,62.0,18.2,24.0,38.4,18.8,17.2,22.0,26.3,36.0
Donzenac (19270),/management/ville/donzenac/ville-19072,25.0,105.0,155.0,331.0,391.0,221.0,518.0,571.0,351.0,558.0,21.3,30.2,34.8,21.7,17.5,17.6,26.4,29.4
La Chapelle-aux-Brocs (19360),/management/ville/la-chapelle-aux-brocs/ville-19043,0.0,19.0,5.0,54.0,74.0,59.0,77.0,116.0,54.0,79.0,20.8,25.7,43.5,25.9,15.6,18.1,20.1,27.5
Grosne (90100),/management/ville/grosne/ville-90055,0.0,5.0,20.0,40.0,30.0,75.0,60.0,82.0,46.0,48.0,23.3,28.0,38.0,28.0,18.6,20.6,20.2,20.6
Garrevaques (81700),/management/ville/garrevaques/ville-81100,32.0,16.0,42.0,64.0,75.0,5.0,87.0,71.0,53.0,80.0,28.6,31.3,28.6,20.8,15.0,21.3,27.9,26.7
Étagnac (16150),/management/ville/etagnac/ville-16132,30.0,39.0,20.0,59.0,98.0,157.0,302.0,257.0,128.0,104.0,29.6,45.7,42.3,22.2,16.6,15.9,11.6,14.5
Goutz (32500),/management/ville/goutz/ville-32150,9.0,0.0,5.0,14.0,28.0,19.0,41.0,34.0,30.0,40.0,28.2,27.0,28.2,20.5,19.7,21.6,23.9,31.1
Deuillet (02700),/management/ville/deuillet/ville-02262,0.0,5.0,10.0,20.0,25.0,29.0,51.0,54.0,21.0,27.0,33.8,33.8,39.0,26.1,15.6,11.7,11.7,23.4
Lanzac (46200),/management/ville/lanzac/ville-46153,20.0,15.0,50.0,70.0,30.0,65.0,124.0,135.0,85.0,123.0,17.7,34.4,38.2,20.3,17.3,19.0,26.8,25.9
Ichy (77890),/management/ville/ichy/ville-77230,0.0,5.0,16.0,26.0,16.0,21.0,39.0,38.0,23.0,31.0,29.9,29.2,29.9,24.3,20.9,13.8,19.4,29.2
Flers (62270),/management/ville/flers/ville-62337,20.0,5.0,0.0,5.0,20.0,20.0,46.0,53.0,44.0,20.0,21.7,35.4,42.2,24.0,25.3,27.8,10.8,13.9
Erbray (44110),/management/ville/erbray/ville-44054,49.0,89.0,84.0,261.0,463.0,418.0,532.0,780.0,407.0,410.0,22.2,27.8,41.6,28.1,19.5,18.7,16.7,21.8
Lavieu (42560),/management/ville/lavieu/ville-42117,5.0,21.0,5.0,0.0,21.0,5.0,13.0,23.0,26.0,22.0,13.6,14.6,34.1,23.7,31.8,29.3,20.5,34.1
Faverolles-et-Coëmy (51170),/management/ville/faverolles-et-coemy/ville-51245,10.0,34.0,41.0,60.0,87.0,66.0,103.0,121.0,79.0,125.0,23.7,24.4,32.6,23.1,16.7,20.2,27.0,31.5
Krautwiller (67170),/management/ville/krautwiller/ville-67249,5.0,5.0,11.0,38.0,32.0,38.0,27.0,62.0,17.0,60.0,12.7,19.3,43.0,26.2,11.4,10.2,32.9,38.6
Liebvillers (25190),/management/ville/liebvillers/ville-25335,0.0,0.0,10.0,10.0,10.0,50.0,49.0,38.0,21.0,24.0,29.0,46.8,31.9,21.4,20.3,11.3,18.8,17.7
Forceville (80560),/management/ville/forceville/ville-80329,0.0,10.0,10.0,5.0,30.0,35.0,31.0,38.0,24.0,29.0,18.5,33.3,44.6,16.7,18.5,21.1,18.5,29.8
Jaxu (64220),/management/ville/jaxu/ville-64283,27.0,11.0,11.0,16.0,11.0,22.0,38.0,52.0,22.0,49.0,20.5,26.5,42.3,20.4,16.7,10.8,20.5,39.8
Le Grand-Celland (50370),/management/ville/le-grand-celland/ville-50217,20.0,10.0,15.0,71.0,65.0,90.0,138.0,129.0,69.0,72.0,30.2,38.5,41.4,20.0,16.7,16.7,11.6,24.0
Lème (64450),/management/ville/leme/ville-64332,0.0,10.0,0.0,35.0,15.0,15.0,36.0,33.0,32.0,27.0,25.0,31.7,32.4,20.8,20.6,30.0,22.1,20.0
Handschuheim (67117),/management/ville/handschuheim/ville-67181,0.0,0.0,29.0,40.0,29.0,19.0,36.0,56.0,31.0,80.0,14.6,19.8,37.5,18.7,12.5,17.9,35.4,43.4
Herlincourt (62130),/management/ville/herlincourt/ville-62435,5.0,0.0,10.0,10.0,10.0,15.0,19.0,30.0,14.0,21.0,9.5,35.7,45.2,23.4,19.0,14.3,26.2,23.8
La Plaine-sur-Mer (44770),/management/ville/la-plaine-sur-mer/ville-44126,5.0,128.0,119.0,357.0,552.0,433.0,898.0,1205.0,597.0,660.0,22.2,30.9,42.2,26.7,17.8,17.8,17.8,21.4
Écoche (42670),/management/ville/ecoche/ville-42086,16.0,16.0,31.0,36.0,47.0,94.0,95.0,114.0,76.0,122.0,21.5,25.3,32.2,22.0,21.0,16.0,25.2,35.1
La Forêt-du-Temple (23360),/management/ville/la-foret-du-temple/ville-23084,5.0,5.0,0.0,0.0,20.0,15.0,49.0,31.0,16.0,19.0,34.6,49.2,36.5,18.2,13.5,14.3,15.4,17.5
Labarthe-Bleys (81170),/management/ville/labarthe-bleys/ville-81111,5.0,5.0,0.0,0.0,5.0,5.0,23.0,16.0,12.0,14.0,32.3,38.2,32.3,18.8,12.9,23.5,22.6,20.6
Fresne-Léguillon (60240),/management/ville/fresne-leguillon/ville-60257,5.0,25.0,15.0,25.0,71.0,97.0,73.0,99.0,52.0,82.0,22.1,26.0,39.6,23.8,13.0,20.8,25.3,28.6
Le Poislay (41270),/management/ville/le-poislay/ville-41179,5.0,10.0,0.0,15.0,5.0,15.0,73.0,30.0,21.0,27.0,41.8,54.1,25.3,14.7,13.9,13.5,19.0,17.6
Lalacelle (61320),/management/ville/lalacelle/ville-61213,0.0,10.0,10.0,45.0,45.0,20.0,65.0,69.0,34.0,37.0,25.0,38.0,44.2,21.7,16.3,17.0,14.4,22.0
Donzère (26290),/management/ville/donzere/ville-26116,21.0,125.0,291.0,756.0,798.0,747.0,1358.0,1264.0,695.0,817.0,29.3,36.1,35.0,24.2,16.7,16.9,19.0,20.4
Grospierres (07120),/management/ville/grospierres/ville-07101,30.0,50.0,20.0,75.0,117.0,55.0,189.0,239.0,114.0,168.0,25.9,27.4,38.6,25.9,14.6,17.5,20.8,26.3
La Chapelle-aux-Chasses (03230),/management/ville/la-chapelle-aux-chasses/ville-03057,30.0,5.0,0.0,20.0,25.0,25.0,64.0,49.0,28.0,31.0,34.4,40.7,35.5,20.2,15.1,17.3,15.1,21.0
Garrey (40180),/management/ville/garrey/ville-40106,15.0,5.0,15.0,5.0,20.0,20.0,44.0,60.0,19.0,28.0,27.4,30.4,47.9,27.5,8.2,16.5,16.4,21.5
Les Moutiers-en-Retz (44760),/management/ville/les-moutiers-en-retz/ville-44106,30.0,80.0,65.0,138.0,199.0,176.0,339.0,424.0,221.0,288.0,19.8,33.1,39.3,24.6,20.0,15.0,20.9,24.1
Gijounet (81530),/management/ville/gijounet/ville-81103,15.0,0.0,0.0,0.0,5.0,5.0,27.0,33.0,20.0,21.0,25.9,28.0,40.7,23.4,13.0,28.0,20.4,22.0
Étaimpuis (76850),/management/ville/etaimpuis/ville-76249,5.0,20.0,40.0,70.0,120.0,135.0,157.0,196.0,90.0,109.0,23.7,33.3,44.1,24.6,14.7,17.9,17.6,22.0
Gouvernes (77400),/management/ville/gouvernes/ville-77209,0.0,25.0,161.0,201.0,127.0,55.0,151.0,202.0,141.0,360.0,14.5,20.8,28.3,18.4,16.6,16.3,40.6,44.0
Laon (02000),/management/ville/laon/ville-02408,12.0,397.0,967.0,2323.0,3522.0,3109.0,7007.0,4785.0,2782.0,3996.0,34.1,40.9,28.9,21.3,14.9,15.0,22.0,21.1
Deûlémont (59890),/management/ville/deulemont/ville-59173,30.0,61.0,150.0,256.0,166.0,173.0,255.0,280.0,196.0,407.0,21.1,23.7,26.9,20.9,18.9,15.7,33.1,38.4
Erbrée (35500),/management/ville/erbree/ville-35105,60.0,35.0,60.0,223.0,203.0,303.0,293.0,431.0,230.0,254.0,20.3,28.3,42.0,26.5,18.9,19.2,18.9,23.3
Flers (80360),/management/ville/flers/ville-80314,0.0,0.0,29.0,19.0,19.0,10.0,43.0,30.0,27.0,30.0,25.8,39.1,24.2,20.6,25.8,15.6,24.2,23.4
Idaux-Mendy (64130),/management/ville/idaux-mendy/ville-64268,15.0,5.0,0.0,29.0,44.0,34.0,55.0,60.0,34.0,57.0,20.6,33.0,38.2,19.8,14.7,17.5,26.5,29.1
Kriegsheim (67170),/management/ville/kriegsheim/ville-67250,25.0,25.0,70.0,140.0,110.0,90.0,80.0,200.0,85.0,194.0,11.3,17.6,40.4,26.5,15.8,14.6,32.5,37.1
Liederschiedt (57230),/management/ville/liederschiedt/ville-57402,0.0,5.0,0.0,15.0,25.0,25.0,25.0,38.0,18.0,13.0,25.0,28.3,35.4,35.0,22.9,15.2,16.7,10.9
Faverolles-la-Campagne (27190),/management/ville/faverolles-la-campagne/ville-27235,0.0,5.0,0.0,15.0,35.0,15.0,30.0,33.0,24.0,31.0,29.3,21.7,31.0,25.9,12.1,28.3,27.6,25.0
Laviéville (80300),/management/ville/lavieville/ville-80468,0.0,5.0,5.0,5.0,30.0,30.0,25.0,49.0,20.0,24.0,25.0,17.7,48.2,30.1,16.1,17.7,10.7,29.0
Forceville-en-Vimeu (80140),/management/ville/forceville-en-vimeu/ville-80330,5.0,5.0,0.0,35.0,15.0,35.0,79.0,45.0,28.0,31.0,40.5,45.9,32.1,17.9,9.5,20.4,17.9,16.3
Jayac (24590),/management/ville/jayac/ville-24215,15.0,20.0,0.0,0.0,15.0,15.0,61.0,35.0,30.0,23.0,35.1,46.7,31.1,16.7,20.3,20.0,13.5,17.3
Le Grand-Lemps (38690),/management/ville/le-grand-lemps/ville-38182,5.0,85.0,170.0,390.0,430.0,430.0,789.0,513.0,399.0,491.0,33.6,38.3,27.3,19.7,16.9,19.4,22.3,22.5
Leménil-Mitry (54740),/management/ville/lemenil-mitry/ville-54310,0.0,0.0,0.0,0.0,0.0,0.0,1.0,1.0,0.0,1.0,100.0,0.0,0.0,33.3,0.0,0.0,0.0,50.0
Hangard (80110),/management/ville/hangard/ville-80414,0.0,0.0,30.0,25.0,15.0,5.0,17.0,21.0,10.0,42.0,19.1,18.6,23.4,20.4,12.8,9.3,44.7,48.8
La Planche (44140),/management/ville/la-planche/ville-44127,59.0,54.0,107.0,318.0,371.0,376.0,471.0,621.0,364.0,394.0,20.4,30.4,39.8,25.2,20.9,18.5,18.9,23.6
Herly (62650),/management/ville/herly/ville-62437,21.0,5.0,5.0,26.0,63.0,47.0,77.0,75.0,53.0,39.0,26.2,36.9,31.1,26.4,27.9,15.6,14.8,17.2
Écoivres (62270),/management/ville/ecoivres/ville-62283,0.0,5.0,0.0,10.0,10.0,25.0,26.0,40.0,11.0,17.0,24.5,30.4,49.0,28.3,16.3,6.5,10.2,26.1
La Forêt-Fouesnant (29940),/management/ville/la-foret-fouesnant/ville-29057,24.0,176.0,235.0,343.0,358.0,240.0,506.0,661.0,513.0,1021.0,15.0,22.4,28.6,20.4,18.1,19.8,38.3,37.3
Fresne-Saint-Mamès (70130),/management/ville/fresne-saint-mames/ville-70255,5.0,25.0,15.0,45.0,60.0,80.0,133.0,148.0,60.0,49.0,28.4,39.9,44.2,26.9,16.8,14.0,10.7,14.5
Labarthe-Inard (31800),/management/ville/labarthe-inard/ville-31246,5.0,50.0,15.0,35.0,158.0,138.0,212.0,213.0,125.0,120.0,29.1,34.0,35.6,25.5,19.6,17.9,15.7,20.0
Lalande (89130),/management/ville/lalande/ville-89217,0.0,5.0,15.0,19.0,15.0,15.0,38.0,23.0,21.0,18.0,36.0,38.8,32.0,15.9,18.0,24.5,14.0,22.4
Le Poizat-Lalleyriat (01130),/management/ville/le-poizat-lalleyriat/ville-01204,5.0,34.0,39.0,98.0,107.0,83.0,89.0,154.0,101.0,165.0,13.1,21.9,35.9,24.0,17.8,21.9,33.2,31.5
Donzy (58220),/management/ville/donzy/ville-58102,25.0,50.0,50.0,115.0,266.0,165.0,429.0,491.0,203.0,204.0,28.1,35.8,40.3,28.6,16.3,14.6,15.3,15.4
Garrigues (34160),/management/ville/garrigues/ville-34112,5.0,15.0,10.0,10.0,20.0,5.0,35.0,22.0,23.0,49.0,27.4,26.9,19.4,14.7,22.6,13.4,30.6,44.8
La Chapelle-aux-Choux (72800),/management/ville/la-chapelle-aux-choux/ville-72060,0.0,10.0,0.0,45.0,20.0,35.0,67.0,89.0,28.0,33.0,21.1,41.7,49.1,27.0,12.3,13.6,17.5,12.6
Grosrouvre (78490),/management/ville/grosrouvre/ville-78289,0.0,55.0,196.0,100.0,40.0,30.0,104.0,99.0,110.0,333.0,16.8,15.3,16.2,15.2,14.3,20.0,52.7,50.3
Les Mujouls (06910),/management/ville/les-mujouls/ville-06087,0.0,0.0,0.0,5.0,0.0,5.0,6.0,5.0,16.0,8.0,18.8,16.7,25.0,11.1,31.3,55.6,25.0,22.2
Gildwiller (68210),/management/ville/gildwiller/ville-68105,0.0,8.0,18.0,42.0,29.0,34.0,62.0,64.0,40.0,67.0,26.3,27.0,23.7,27.3,16.9,16.5,33.1,25.2
Laons (28270),/management/ville/laons/ville-28206,15.0,5.0,25.0,90.0,120.0,120.0,145.0,191.0,76.0,81.0,25.4,33.5,50.0,25.3,11.7,19.2,12.9,20.0
Étain (55400),/management/ville/etain/ville-55181,15.0,73.0,71.0,293.0,574.0,467.0,1084.0,780.0,427.0,366.0,32.8,47.7,36.8,21.2,17.3,15.0,13.1,14.3
Deux Rivières (89460),/management/ville/deux-rivieres/ville-89130,8.0,43.0,34.0,106.0,215.0,176.0,355.0,298.0,171.0,148.0,31.4,41.4,36.2,23.2,19.1,16.1,13.3,17.1
Gouves (62123),/management/ville/gouves/ville-62378,0.0,5.0,20.0,40.0,50.0,10.0,28.0,42.0,31.0,50.0,14.9,22.1,35.1,20.8,20.3,20.8,29.7,36.4
Flers-en-Escrebieux (59128),/management/ville/flers-en-escrebieux/ville-59234,15.0,149.0,151.0,522.0,763.0,936.0,1453.0,1308.0,710.0,707.0,29.9,39.2,37.5,24.0,15.5,18.4,17.2,16.6
Idrac-Respaillès (32300),/management/ville/idrac-respailles/ville-32156,0.0,0.0,0.0,20.0,35.0,35.0,44.0,51.0,20.0,41.0,24.4,32.1,41.0,21.8,12.8,12.8,21.8,30.8
Ercé (09140),/management/ville/erce/ville-09113,29.0,14.0,19.0,54.0,68.0,29.0,149.0,95.0,76.0,138.0,30.3,34.6,27.2,15.1,15.8,17.3,26.8,33.3
Kruth (68820),/management/ville/kruth/ville-68171,0.0,40.0,5.0,65.0,125.0,180.0,237.0,294.0,100.0,132.0,22.3,39.7,47.0,25.5,13.9,12.4,16.8,17.9
Lavigerie (15300),/management/ville/lavigerie/ville-15102,5.0,0.0,0.0,0.0,10.0,5.0,34.0,22.0,16.0,15.0,36.2,43.9,31.9,17.5,17.0,19.5,14.9,19.5
Lieffrans (70190),/management/ville/lieffrans/ville-70301,0.0,5.0,5.0,5.0,20.0,5.0,12.0,18.0,7.0,7.0,30.4,23.8,43.5,32.0,13.0,19.0,13.0,19.0
Faverolles-lès-Lucey (21290),/management/ville/faverolles-les-lucey/ville-21262,0.0,0.0,0.0,0.0,0.0,0.0,12.0,8.0,6.0,2.0,33.3,60.0,33.3,20.0,22.2,20.0,11.1,0.0
Forcey (52700),/management/ville/forcey/ville-52204,0.0,0.0,0.0,10.0,5.0,0.0,17.0,13.0,11.0,10.0,25.9,39.1,37.0,15.8,14.8,30.4,22.2,17.4
Le Grand-Lucé (72150),/management/ville/le-grand-luce/ville-72143,40.0,30.0,50.0,139.0,270.0,150.0,632.0,466.0,255.0,219.0,35.7,44.0,40.9,20.1,10.7,20.9,12.6,15.1
Jayat (01340),/management/ville/jayat/ville-01196,10.0,55.0,45.0,145.0,130.0,125.0,204.0,271.0,138.0,180.0,22.9,28.5,40.5,25.3,17.6,17.3,19.1,26.3
Lémeré (37120),/management/ville/lemere/ville-37125,0.0,10.0,15.0,45.0,85.0,70.0,127.0,103.0,66.0,73.0,29.8,38.8,34.3,20.8,18.8,17.0,17.1,22.3
Hangenbieten (67980),/management/ville/hangenbieten/ville-67182,0.0,49.0,187.0,286.0,222.0,188.0,203.0,394.0,225.0,333.0,15.1,19.9,37.9,27.3,20.6,18.5,26.4,31.1
La Planée (25160),/management/ville/la-planee/ville-25459,4.0,4.0,22.0,40.0,18.0,44.0,34.0,55.0,40.0,76.0,14.0,19.4,31.8,20.2,23.4,15.3,30.8,43.9
La Forêt-le-Roi (91410),/management/ville/la-foret-le-roi/ville-91247,0.0,5.0,50.0,105.0,65.0,40.0,76.0,104.0,65.0,114.0,14.2,27.9,36.9,20.5,18.8,17.5,30.1,33.3
Herly (80190),/management/ville/herly/ville-80433,5.0,0.0,0.0,5.0,0.0,15.0,12.0,12.0,7.0,6.0,16.7,47.4,27.8,29.2,27.8,10.5,27.8,5.3
École (73630),/management/ville/ecole/ville-73106,14.0,5.0,9.0,28.0,19.0,28.0,54.0,64.0,50.0,49.0,18.8,31.1,33.9,23.2,27.7,18.9,19.6,25.5
Labarthe-Rivière (31800),/management/ville/labarthe-riviere/ville-31247,15.0,70.0,35.0,160.0,218.0,115.0,332.0,311.0,196.0,226.0,28.5,34.0,33.6,23.2,19.2,17.6,18.8,23.6
Fresnes (21500),/management/ville/fresnes/ville-21287,10.0,0.0,10.0,10.0,25.0,30.0,56.0,32.0,24.0,15.0,41.2,47.5,32.4,17.9,16.2,22.0,10.3,13.6
Le Pompidou (48110),/management/ville/le-pompidou/ville-48115,15.0,20.0,0.0,30.0,35.0,5.0,35.0,41.0,29.0,33.0,31.4,19.1,25.7,29.1,24.3,17.6,18.6,29.4
Donzy-le-Pertuis (71250),/management/ville/donzy-le-pertuis/ville-71181,10.0,5.0,10.0,30.0,30.0,15.0,29.0,47.0,20.0,31.0,20.6,25.0,44.4,26.8,12.7,18.8,22.2,26.6
Lalande-de-Pomerol (33500),/management/ville/lalande-de-pomerol/ville-33222,10.0,40.0,51.0,61.0,56.0,40.0,152.0,148.0,80.0,125.0,28.0,32.0,35.6,22.1,14.8,16.4,21.6,27.9
La Chapelle-aux-Filtzméens (35190),/management/ville/la-chapelle-aux-filtzmeens/ville-35056,0.0,15.0,20.0,95.0,185.0,130.0,115.0,164.0,119.0,140.0,18.7,23.9,36.6,24.4,20.6,23.6,24.0,27.9
Grosrouvres (54470),/management/ville/grosrouvres/ville-54240,0.0,0.0,5.0,11.0,16.0,5.0,12.0,17.0,8.0,15.0,23.1,20.8,42.3,23.1,15.4,16.7,19.2,37.5
Garrigues (81500),/management/ville/garrigues/ville-81102,10.0,20.0,40.0,40.0,15.0,25.0,37.0,38.0,29.0,93.0,16.2,21.4,22.2,15.8,16.2,13.3,45.5,49.0
Les Mureaux (78130),/management/ville/les-mureaux/ville-78440,0.0,513.0,1159.0,2993.0,4737.0,4279.0,9535.0,4260.0,3424.0,4215.0,43.9,45.0,20.9,18.4,15.6,16.3,19.5,19.8
Lapalisse (03120),/management/ville/lapalisse/ville-03138,59.0,114.0,59.0,217.0,415.0,390.0,1171.0,712.0,350.0,311.0,37.6,53.1,34.5,20.4,15.5,12.3,12.4,12.1
Étaing (62156),/management/ville/etaing/ville-62317,0.0,15.0,20.0,68.0,54.0,44.0,48.0,102.0,67.0,96.0,12.3,18.2,36.8,26.9,21.3,21.4,29.7,31.4
Gilette (06830),/management/ville/gilette/ville-06066,0.0,84.0,103.0,201.0,249.0,162.0,288.0,372.0,201.0,304.0,23.7,25.7,38.9,23.4,16.0,18.5,21.3,30.9
Deux-Chaises (03240),/management/ville/deux-chaises/ville-03099,20.0,5.0,10.0,20.0,56.0,61.0,97.0,100.0,59.0,67.0,27.0,32.9,34.4,24.6,20.2,16.1,18.4,23.6
Idron (64320),/management/ville/idron/ville-64269,5.0,140.0,730.0,740.0,372.0,179.0,382.0,721.0,585.0,1777.0,9.7,12.2,22.3,19.0,16.5,17.2,51.4,51.2
Gouvets (50420),/management/ville/gouvets/ville-50214,10.0,20.0,5.0,10.0,20.0,55.0,78.0,63.0,30.0,29.0,34.9,43.6,40.6,20.6,12.3,18.1,12.3,17.0
Ercé-en-Lamée (35620),/management/ville/erce-en-lamee/ville-35106,75.0,50.0,45.0,135.0,185.0,220.0,321.0,345.0,159.0,209.0,24.6,37.6,41.3,23.1,15.0,15.8,19.2,21.2
Flers-sur-Noye (80160),/management/ville/flers-sur-noye/ville-80315,0.0,25.0,51.0,116.0,56.0,30.0,62.0,85.0,56.0,159.0,14.1,19.9,28.8,17.2,17.9,12.5,39.1,49.4
Kunheim (68320),/management/ville/kunheim/ville-68172,10.0,45.0,59.0,206.0,256.0,211.0,435.0,435.0,225.0,242.0,22.2,41.8,39.7,23.3,19.6,14.4,18.5,17.8
Lavignac (87230),/management/ville/lavignac/ville-87084,10.0,0.0,10.0,15.0,25.0,20.0,27.0,37.0,29.0,25.0,27.6,18.3,32.8,29.0,22.4,26.7,17.2,25.0
Liéhon (57420),/management/ville/liehon/ville-57403,5.0,5.0,5.0,5.0,10.0,5.0,29.0,26.0,15.0,23.0,25.0,36.7,31.8,21.8,20.5,12.2,22.7,26.5
Faverolles-sur-Cher (41400),/management/ville/faverolles-sur-cher/ville-41080,5.0,36.0,62.0,119.0,145.0,212.0,354.0,351.0,165.0,152.0,30.9,38.2,40.5,25.9,13.8,18.4,14.8,14.9
Forciolo (20190),/management/ville/forciolo/ville-2A117,3.0,1.0,5.0,8.0,7.0,1.0,19.0,11.0,13.0,26.0,21.2,32.4,21.2,14.7,15.2,21.6,42.4,32.4
Jazeneuil (86600),/management/ville/jazeneuil/ville-86116,10.0,20.0,55.0,95.0,140.0,85.0,178.0,166.0,103.0,175.0,28.4,28.8,33.8,18.6,17.2,15.9,20.6,36.1
Le Grand-Madieu (16450),/management/ville/le-grand-madieu/ville-16157,0.0,5.0,10.0,15.0,20.0,15.0,54.0,32.0,21.0,33.0,30.8,45.3,29.2,16.5,18.5,12.0,21.5,25.3
Lemmecourt (88300),/management/ville/lemmecourt/ville-88265,0.0,5.0,0.0,0.0,5.0,5.0,16.0,7.0,3.0,0.0,60.0,63.6,20.0,26.7,20.0,0.0,0.0,0.0
Hangest-en-Santerre (80134),/management/ville/hangest-en-santerre/ville-80415,34.0,15.0,35.0,177.0,134.0,108.0,271.0,189.0,126.0,145.0,35.2,38.8,33.8,18.0,17.0,17.4,14.0,25.7
La Pomarède (11400),/management/ville/la-pomarede/ville-11292,15.0,5.0,10.0,30.0,10.0,0.0,26.0,37.0,17.0,38.0,21.3,22.0,39.3,21.9,13.1,15.3,26.2,39.0
La Forêt-Sainte-Croix (91150),/management/ville/la-foret-sainte-croix/ville-91248,10.0,5.0,5.0,25.0,15.0,10.0,26.0,20.0,21.0,40.0,26.9,21.8,23.1,16.0,15.4,23.6,34.6,40.0
Herm (40990),/management/ville/herm/ville-40123,5.0,85.0,65.0,135.0,176.0,110.0,206.0,263.0,159.0,236.0,22.2,25.3,37.7,22.9,15.9,20.8,24.1,30.4
Labarthe-sur-Lèze (31860),/management/ville/labarthe-sur-leze/ville-31248,5.0,130.0,525.0,865.0,805.0,435.0,967.0,1113.0,764.0,1393.0,21.4,24.1,29.5,22.2,17.4,18.6,31.6,34.1
Le Ponchel (62390),/management/ville/le-ponchel/ville-62665,15.0,0.0,0.0,10.0,20.0,39.0,76.0,49.0,23.0,19.0,36.3,53.5,42.5,17.0,12.5,15.1,8.8,14.0
École-Valentin (25480),/management/ville/ecole-valentin/ville-25212,0.0,68.0,287.0,395.0,341.0,151.0,330.0,416.0,320.0,716.0,14.4,22.2,26.3,20.1,18.2,17.7,41.0,39.4
Doranges (63220),/management/ville/doranges/ville-63137,5.0,5.0,0.0,15.0,10.0,5.0,62.0,34.0,21.0,13.0,47.7,47.0,32.3,20.0,12.3,21.2,7.7,12.1
Fresnes (41700),/management/ville/fresnes/ville-41094,10.0,55.0,75.0,200.0,135.0,125.0,252.0,288.0,141.0,178.0,23.4,35.3,43.9,22.1,14.7,18.1,18.0,23.4
Lalande-en-Son (60590),/management/ville/lalande-en-son/ville-60343,5.0,16.0,33.0,94.0,143.0,94.0,162.0,160.0,74.0,88.0,31.7,35.3,37.8,25.1,14.6,16.0,15.9,20.6
Garrigues-Sainte-Eulalie (30190),/management/ville/garrigues-sainte-eulalie/ville-30126,20.0,56.0,40.0,121.0,76.0,30.0,121.0,166.0,99.0,175.0,19.5,23.9,35.4,22.7,16.2,18.9,28.9,33.3
Grossa (20100),/management/ville/grossa/ville-2A129,1.0,1.0,4.0,3.0,2.0,1.0,13.0,8.0,3.0,10.0,42.9,35.0,21.4,22.7,0.0,15.0,35.7,25.0
La Chapelle-aux-Lys (85120),/management/ville/la-chapelle-aux-lys/ville-85053,25.0,19.0,5.0,15.0,20.0,45.0,94.0,52.0,28.0,23.0,37.5,56.3,34.4,18.0,16.7,11.7,11.5,12.6
Les Nans (39300),/management/ville/les-nans/ville-39381,0.0,0.0,14.0,5.0,0.0,5.0,17.0,20.0,14.0,18.0,20.0,29.4,37.1,21.9,14.3,26.5,28.6,23.5
Étainhus (76430),/management/ville/etainhus/ville-76250,23.0,23.0,52.0,164.0,159.0,197.0,165.0,250.0,161.0,222.0,19.9,21.5,36.9,23.8,21.6,18.7,21.6,34.5
Lapalud (84840),/management/ville/lapalud/ville-84064,25.0,125.0,101.0,428.0,432.0,582.0,992.0,914.0,452.0,432.0,31.0,39.8,38.4,24.8,15.6,16.8,15.0,16.0
Gilhac-et-Bruzac (07800),/management/ville/gilhac-et-bruzac/ville-07094,10.0,0.0,10.0,15.0,15.0,20.0,39.0,38.0,22.0,30.0,32.8,27.4,31.3,25.4,14.9,19.4,20.9,25.8
Deux-Grosnes (69430),/management/ville/deux-grosnes/ville-69135,95.0,74.0,89.0,144.0,189.0,304.0,525.0,419.0,261.0,255.0,31.9,40.4,34.8,21.2,17.5,18.3,15.8,19.3
Gouvieux (60270),/management/ville/gouvieux/ville-60282,45.0,337.0,1276.0,1080.0,793.0,547.0,1911.0,1211.0,1204.0,2558.0,24.6,30.7,20.3,15.5,17.5,17.5,37.7,36.7
Flesquières (59267),/management/ville/flesquieres/ville-59236,0.0,5.0,15.0,30.0,30.0,30.0,61.0,45.0,32.0,53.0,26.9,36.7,34.4,14.1,14.0,19.4,24.7,30.6
Lavigney (70120),/management/ville/lavigney/ville-70298,5.0,5.0,0.0,29.0,10.0,15.0,49.0,16.0,12.0,17.0,52.1,51.1,16.7,16.3,16.7,8.9,14.6,22.2
Kuntzig (57970),/management/ville/kuntzig/ville-57372,0.0,25.0,100.0,185.0,200.0,115.0,150.0,315.0,171.0,321.0,12.0,19.1,40.1,23.9,18.7,17.1,29.2,37.7
Ids-Saint-Roch (18170),/management/ville/ids-saint-roch/ville-18112,11.0,26.0,0.0,26.0,42.0,37.0,88.0,94.0,52.0,33.0,27.0,40.0,44.7,24.0,17.0,21.6,11.3,13.6
Liencourt (62810),/management/ville/liencourt/ville-62507,0.0,5.0,10.0,45.0,30.0,56.0,55.0,67.0,54.0,37.0,22.3,29.0,39.8,25.0,20.4,29.9,17.5,17.8
Favières (28170),/management/ville/favieres/ville-28147,10.0,41.0,16.0,129.0,59.0,50.0,94.0,115.0,81.0,117.0,25.5,20.2,32.7,24.5,13.5,26.8,28.4,29.3
Forest-en-Cambrésis (59222),/management/ville/forest-en-cambresis/ville-59246,15.0,10.0,10.0,44.0,69.0,108.0,120.0,121.0,73.0,80.0,26.4,35.1,37.8,22.3,18.9,17.8,16.9,23.6
Jazennes (17260),/management/ville/jazennes/ville-17196,15.0,40.0,20.0,70.0,65.0,65.0,115.0,145.0,67.0,67.0,25.1,33.3,44.2,26.5,15.1,19.0,15.6,18.5
Lemmes (55220),/management/ville/lemmes/ville-55286,5.0,5.0,0.0,40.0,25.0,40.0,40.0,66.0,28.0,39.0,25.5,20.3,44.7,26.4,17.0,15.2,12.8,34.2
Le Grand-Pressigny (37350),/management/ville/le-grand-pressigny/ville-37113,10.0,75.0,45.0,60.0,104.0,124.0,299.0,225.0,109.0,125.0,29.3,49.4,39.2,19.0,15.9,12.9,15.6,17.3
Hangest-sur-Somme (80310),/management/ville/hangest-sur-somme/ville-80416,5.0,0.0,30.0,60.0,136.0,166.0,200.0,163.0,100.0,115.0,29.7,39.7,37.4,19.0,16.4,17.9,16.4,23.1
La Forêt-sur-Sèvre (79380),/management/ville/la-foret-sur-sevre/ville-79123,134.0,40.0,45.0,234.0,254.0,374.0,651.0,560.0,272.0,278.0,33.8,40.1,37.0,23.7,16.5,14.5,12.7,18.9
Hermanville (76730),/management/ville/hermanville/ville-76356,5.0,0.0,5.0,0.0,15.0,5.0,26.0,12.0,17.0,26.0,27.3,37.1,11.4,18.4,29.5,11.4,31.8,31.4
Le Pondy (18210),/management/ville/le-pondy/ville-18183,5.0,0.0,5.0,20.0,25.0,15.0,43.0,41.0,14.0,14.0,33.3,43.1,42.6,26.5,11.1,13.8,13.0,12.1
Labarthète (32400),/management/ville/labarthete/ville-32170,15.0,0.0,0.0,5.0,15.0,35.0,32.0,39.0,19.0,21.0,29.1,28.6,36.4,28.4,20.0,14.3,14.5,23.2
Écollemont (51290),/management/ville/ecollemont/ville-51223,10.0,0.0,0.0,5.0,5.0,10.0,21.0,13.0,7.0,9.0,39.3,47.8,25.0,22.2,17.9,8.7,17.9,17.4
Ercé-près-Liffré (35340),/management/ville/erce-pres-liffre/ville-35107,39.0,64.0,128.0,276.0,242.0,242.0,212.0,329.0,208.0,454.0,16.7,18.7,32.4,20.6,18.8,15.8,32.1,43.6
La Pommeraye (14690),/management/ville/la-pommeraye/ville-14510,0.0,10.0,0.0,30.0,0.0,0.0,8.0,16.0,5.0,15.0,13.6,22.7,45.5,24.0,9.1,13.6,31.8,36.4
Fresnes (89310),/management/ville/fresnes/ville-89183,0.0,0.0,5.0,0.0,5.0,10.0,22.0,21.0,10.0,7.0,38.7,34.5,41.9,28.6,3.2,31.0,16.1,6.9
Lalandelle (60850),/management/ville/lalandelle/ville-60344,10.0,31.0,35.0,41.0,79.0,76.0,98.0,105.0,56.0,67.0,26.3,33.9,39.4,23.2,18.1,15.8,16.3,24.8
Dorans (90400),/management/ville/dorans/ville-90035,0.0,10.0,74.0,115.0,88.0,110.0,114.0,144.0,79.0,180.0,17.2,26.7,34.0,20.1,17.2,13.4,31.6,38.2
Garris (64120),/management/ville/garris/ville-64235,5.0,15.0,10.0,25.0,20.0,5.0,67.0,72.0,29.0,61.0,29.2,29.3,34.9,24.8,11.3,13.8,24.5,28.5
Grosseto-Prugna (20128),/management/ville/grosseto-prugna/ville-2A130,7.0,180.0,205.0,354.0,458.0,210.0,691.0,440.0,616.0,686.0,28.4,28.4,21.0,17.1,24.3,26.3,26.3,30.1
La Chapelle-aux-Naux (37130),/management/ville/la-chapelle-aux-naux/ville-37056,0.0,0.0,35.0,60.0,80.0,135.0,136.0,131.0,69.0,99.0,28.9,33.6,33.9,23.4,17.9,13.8,19.3,26.3
Les Neyrolles (01130),/management/ville/les-neyrolles/ville-01274,0.0,25.0,10.0,25.0,89.0,122.0,221.0,116.0,66.0,51.0,46.9,50.4,29.6,20.3,13.3,15.8,10.2,12.3
Étais (21500),/management/ville/etais/ville-21252,0.0,5.0,0.0,20.0,10.0,5.0,27.0,27.0,8.0,6.0,30.3,48.6,54.5,23.1,9.1,14.3,6.1,11.4
Gilhoc-sur-Ormèze (07270),/management/ville/gilhoc-sur-ormeze/ville-07095,0.0,35.0,30.0,35.0,45.0,85.0,127.0,91.0,56.0,71.0,33.0,40.8,32.4,18.9,18.8,13.6,15.9,25.4
Deux-Jumeaux (14230),/management/ville/deux-jumeaux/ville-14224,16.0,0.0,5.0,5.0,11.0,0.0,14.0,16.0,7.0,11.0,25.0,33.3,37.5,24.0,20.8,9.5,16.7,28.6
Lapan (18340),/management/ville/lapan/ville-18122,0.0,5.0,10.0,10.0,20.0,39.0,41.0,55.0,25.0,32.0,19.2,33.8,48.7,21.3,15.4,18.2,16.7,26.0
Gouville-sur-Mer (50200),/management/ville/gouville-sur-mer/ville-50215,125.0,105.0,120.0,260.0,335.0,285.0,773.0,814.0,440.0,478.0,25.5,35.6,39.9,24.1,17.2,17.8,17.5,20.5
Kurtzenhouse (67240),/management/ville/kurtzenhouse/ville-67252,0.0,10.0,55.0,120.0,149.0,144.0,150.0,297.0,143.0,205.0,14.4,23.1,44.6,26.9,18.5,17.6,22.5,28.9
Flesselles (80260),/management/ville/flesselles/ville-80316,0.0,45.0,177.0,247.0,293.0,197.0,454.0,415.0,245.0,392.0,24.7,35.5,34.6,19.8,16.4,16.2,24.3,27.6
Lavigny (39210),/management/ville/lavigny/ville-39288,5.0,15.0,15.0,50.0,50.0,25.0,54.0,72.0,56.0,92.0,17.6,21.7,31.3,21.4,20.6,20.3,30.5,36.4
Iffendic (35750),/management/ville/iffendic/ville-35133,125.0,80.0,260.0,515.0,615.0,580.0,778.0,914.0,595.0,781.0,21.3,29.5,36.4,22.4,19.0,19.8,23.4,27.5
Favières (54115),/management/ville/favieres/ville-54189,5.0,30.0,25.0,61.0,111.0,91.0,129.0,125.0,79.0,85.0,26.9,35.5,36.1,22.2,19.9,17.5,17.1,23.5
Lieoux (31800),/management/ville/lieoux/ville-31300,0.0,0.0,10.0,15.0,15.0,15.0,31.0,29.0,23.0,20.0,35.2,24.5,31.5,26.1,14.8,30.6,18.5,20.4
Forest-l'Abbaye (80150),/management/ville/forest-l-abbaye/ville-80331,0.0,0.0,29.0,39.0,53.0,19.0,74.0,58.0,42.0,47.0,33.3,33.9,30.5,21.5,20.0,17.4,16.2,26.1
Jeancourt (02490),/management/ville/jeancourt/ville-02390,0.0,0.0,15.0,51.0,36.0,36.0,53.0,65.0,30.0,55.0,17.8,34.7,41.6,21.1,14.9,14.9,25.7,27.7
Le Grand-Quevilly (76120),/management/ville/le-grand-quevilly/ville-76322,4.0,297.0,729.0,2751.0,4506.0,3349.0,7278.0,6251.0,3336.0,3080.0,31.7,40.3,37.6,24.1,16.6,16.9,14.1,16.5
Hangviller (57370),/management/ville/hangviller/ville-57291,0.0,0.0,15.0,15.0,40.0,70.0,73.0,79.0,33.0,30.0,22.3,44.6,50.5,22.1,15.5,15.2,11.7,16.1
Lemoncourt (57590),/management/ville/lemoncourt/ville-57391,0.0,0.0,0.0,5.0,10.0,5.0,21.0,9.0,9.0,14.0,33.3,44.8,16.7,16.7,20.8,13.8,29.2,24.1
La Forge (88530),/management/ville/la-forge/ville-88177,5.0,20.0,30.0,60.0,40.0,65.0,135.0,130.0,68.0,94.0,29.4,34.0,35.3,23.4,14.5,17.5,20.8,23.3
Hermanville-sur-Mer (14880),/management/ville/hermanville-sur-mer/ville-14325,34.0,113.0,300.0,335.0,394.0,207.0,505.0,633.0,401.0,720.0,20.4,24.3,32.0,22.9,17.0,18.5,30.6,33.0
Le Pont-Chrétien-Chabenet (36800),/management/ville/le-pont-chretien-chabenet/ville-36161,10.0,30.0,5.0,139.0,109.0,94.0,256.0,243.0,90.0,114.0,32.4,40.1,40.5,25.1,11.4,14.4,15.7,16.9
Labassère (65200),/management/ville/labassere/ville-65238,10.0,10.0,5.0,35.0,35.0,39.0,61.0,63.0,38.0,32.0,29.6,34.0,41.8,22.7,16.3,22.7,12.2,20.6
Écommoy (72220),/management/ville/ecommoy/ville-72124,10.0,143.0,163.0,428.0,705.0,568.0,1384.0,1033.0,491.0,576.0,32.9,45.7,38.9,20.1,13.4,14.8,14.8,18.1
Fresnes (94260),/management/ville/fresnes/ville-94034,5.0,384.0,2755.0,3949.0,4090.0,1733.0,5049.0,4048.0,3525.0,7114.0,25.9,25.2,24.4,16.7,17.3,18.5,32.4,39.9
Dorat (63300),/management/ville/dorat/ville-63138,0.0,15.0,20.0,81.0,71.0,91.0,153.0,174.0,84.0,130.0,25.5,31.1,38.3,23.9,13.5,17.6,22.6,25.5
Erceville (45480),/management/ville/erceville/ville-45135,5.0,5.0,25.0,20.0,45.0,30.0,76.0,78.0,34.0,39.0,31.6,35.4,46.5,21.9,8.8,21.2,13.2,21.2
Lalandusse (47330),/management/ville/lalandusse/ville-47132,10.0,10.0,15.0,20.0,20.0,5.0,39.0,46.0,40.0,46.0,23.4,22.3,31.2,24.4,18.2,27.7,27.3,26.6
La Porcherie (87380),/management/ville/la-porcherie/ville-87120,16.0,0.0,5.0,52.0,52.0,57.0,133.0,142.0,61.0,90.0,25.9,36.4,39.2,23.6,17.9,10.7,17.0,25.2
Gars (06850),/management/ville/gars/ville-06063,10.0,5.0,5.0,5.0,5.0,0.0,17.0,15.0,14.0,15.0,16.7,38.7,33.3,16.7,26.7,19.4,23.3,25.8
La Chapelle-aux-Saints (19120),/management/ville/la-chapelle-aux-saints/ville-19044,15.0,25.0,20.0,20.0,40.0,20.0,59.0,45.0,33.0,57.0,26.3,34.3,29.5,16.5,21.1,13.1,23.2,35.4
Étais-la-Sauvin (89480),/management/ville/etais-la-sauvin/ville-89158,25.0,30.0,20.0,34.0,50.0,60.0,236.0,175.0,61.0,57.0,34.1,53.9,41.4,22.6,11.2,11.8,13.3,8.6
Les Noës (42370),/management/ville/les-noes/ville-42158,10.0,5.0,5.0,5.0,47.0,16.0,40.0,42.0,25.0,43.0,28.2,25.0,29.5,24.7,14.1,19.4,28.2,29.2
Grossouvre (18600),/management/ville/grossouvre/ville-18106,10.0,5.0,10.0,10.0,56.0,30.0,85.0,82.0,30.0,20.0,30.6,47.7,48.1,24.2,13.9,13.8,7.4,11.0
Gillancourt (52330),/management/ville/gillancourt/ville-52221,0.0,0.0,0.0,5.0,5.0,5.0,29.0,27.0,13.0,20.0,23.1,40.0,33.3,24.6,15.4,14.0,28.2,18.0
Kuttolsheim (67520),/management/ville/kuttolsheim/ville-67253,5.0,10.0,49.0,65.0,83.0,74.0,103.0,146.0,101.0,132.0,15.3,27.9,38.2,22.1,19.3,22.7,27.3,27.5
Ifs (14123),/management/ville/ifs/ville-14341,6.0,256.0,623.0,1421.0,1630.0,1391.0,2469.0,2236.0,1379.0,2048.0,27.0,33.2,32.8,21.8,16.3,17.5,23.8,26.3
Gouvix (14680),/management/ville/gouvix/ville-14309,15.0,10.0,25.0,93.0,103.0,98.0,198.0,185.0,107.0,120.0,30.8,34.0,37.4,22.4,16.4,18.6,15.4,23.9
Lièpvre (68660),/management/ville/liepvre/ville-68185,5.0,30.0,55.0,144.0,265.0,353.0,426.0,476.0,213.0,215.0,25.7,38.1,43.9,25.2,15.3,16.7,15.1,17.1
Lavillatte (07660),/management/ville/lavillatte/ville-07137,8.0,8.0,0.0,0.0,0.0,0.0,26.0,24.0,6.0,9.0,26.5,51.5,50.0,20.5,14.7,6.1,8.8,18.2
Favières (77220),/management/ville/favieres/ville-77177,0.0,40.0,140.0,150.0,140.0,130.0,172.0,226.0,135.0,281.0,19.6,22.6,35.2,20.0,15.1,18.0,30.0,38.9
Lapanouse-de-Cernon (12230),/management/ville/lapanouse-de-cernon/ville-12122,10.0,10.0,10.0,15.0,10.0,0.0,17.0,22.0,21.0,37.0,13.0,22.2,27.8,19.5,18.5,26.7,40.7,33.3
Flétrange (57690),/management/ville/fletrange/ville-57217,5.0,20.0,40.0,105.0,141.0,130.0,174.0,248.0,127.0,156.0,19.5,29.9,40.8,26.8,16.7,19.1,22.9,21.4
Deux-Verges (15110),/management/ville/deux-verges/ville-15060,10.0,0.0,0.0,5.0,10.0,5.0,12.0,10.0,8.0,5.0,25.0,42.1,37.5,19.0,37.5,10.5,0.0,26.3
.2,17.5,20.6
Jeandelaincourt (54114),/management/ville/jeandelaincourt/ville-54276,0.0,25.0,25.0,110.0,100.0,120.0,166.0,193.0,86.0,117.0,24.7,34.3,40.1,25.2,15.8,14.8,19.4,22.3
Le Grand-Serre (26530),/management/ville/le-grand-serre/ville-26143,35.0,35.0,55.0,70.0,119.0,90.0,175.0,195.0,139.0,138.0,24.3,29.6,36.4,24.0,18.4,24.7,20.9,22.0
Hannaches (60650),/management/ville/hannaches/ville-60296,0.0,5.0,0.0,15.0,15.0,35.0,25.0,33.0,29.0,22.0,23.3,22.4,40.0,20.9,23.3,30.6,13.3,28.6
Le Pont-de-Beauvoisin (38480),/management/ville/le-pont-de-beauvoisin/ville-38315,20.0,114.0,179.0,362.0,560.0,422.0,774.0,771.0,477.0,621.0,25.3,32.8,36.0,22.2,17.4,18.6,21.3,25.4
La Forie (63600),/management/ville/la-forie/ville-63161,0.0,10.0,0.0,40.0,40.0,80.0,109.0,87.0,34.0,29.0,38.0,46.2,40.3,24.3,10.1,16.2,11.6,10.8
Lempaut (81700),/management/ville/lempaut/ville-81142,25.0,30.0,30.0,109.0,129.0,79.0,156.0,183.0,135.0,170.0,21.5,27.1,29.4,25.7,20.9,21.5,28.2,24.3
Hermaville (62690),/management/ville/hermaville/ville-62438,5.0,26.0,51.0,51.0,77.0,56.0,79.0,112.0,79.0,136.0,15.6,23.4,35.6,19.4,19.5,19.4,29.3,37.8
Labastide (65130),/management/ville/labastide/ville-65239,5.0,5.0,11.0,21.0,11.0,21.0,42.0,30.0,23.0,36.0,23.4,39.7,31.3,15.2,18.8,17.6,26.6,27.9
Écorcei (61270),/management/ville/ecorcei/ville-61151,0.0,19.0,5.0,39.0,44.0,78.0,57.0,112.0,30.0,70.0,14.7,27.6,52.2,26.6,8.8,13.4,24.3,27.6
Erches (80500),/management/ville/erches/ville-80278,0.0,0.0,0.0,10.0,40.0,25.0,38.0,41.0,22.0,26.0,33.8,25.8,38.5,25.0,12.3,22.6,15.4,25.8
Dordives (45680),/management/ville/dordives/ville-45127,0.0,117.0,71.0,346.0,539.0,351.0,964.0,792.0,382.0,359.0,34.2,42.6,38.2,23.8,13.7,16.7,13.9,14.8
Fresnes-au-Mont (55260),/management/ville/fresnes-au-mont/ville-55197,0.0,0.0,16.0,0.0,37.0,11.0,21.0,35.0,25.0,39.0,10.5,23.4,40.4,19.4,21.1,21.9,28.1,35.9
La Porta (20237),/management/ville/la-porta/ville-2B246,1.0,8.0,2.0,12.0,26.0,14.0,93.0,36.0,24.0,19.0,54.9,53.3,24.4,17.2,13.4,14.4,7.3,14.4
Lalanne (32500),/management/ville/lalanne/ville-32184,0.0,0.0,0.0,11.0,27.0,21.0,24.0,36.0,20.0,22.0,20.4,26.0,38.9,27.3,20.4,20.0,20.4,24.0
Gartempe (23320),/management/ville/gartempe/ville-23088,5.0,15.0,0.0,10.0,25.0,20.0,44.0,26.0,19.0,12.0,31.0,52.5,33.3,19.7,21.4,16.9,14.3,10.2
La Chapelle-Baloue (23160),/management/ville/la-chapelle-baloue/ville-23050,5.0,10.0,20.0,5.0,5.0,10.0,47.0,37.0,17.0,11.0,39.6,44.1,41.5,23.4,13.2,16.9,5.7,13.6
Étalans (25580),/management/ville/etalans/ville-25222,26.0,73.0,73.0,183.0,156.0,174.0,337.0,280.0,208.0,253.0,29.8,32.8,30.2,21.1,19.4,19.2,20.7,26.4
Grossœuvre (27220),/management/ville/grossoeuvre/ville-27301,0.0,25.0,35.0,190.0,135.0,205.0,202.0,272.0,194.0,200.0,19.2,27.3,39.1,23.9,19.9,24.8,21.8,24.3
Les Noës-près-Troyes (10420),/management/ville/les-noes-pres-troyes/ville-10265,5.0,75.0,126.0,196.0,422.0,427.0,1091.0,641.0,295.0,365.0,39.7,50.2,32.4,20.2,13.1,11.8,14.8,15.7
Kutzenhausen (67250),/management/ville/kutzenhausen/ville-67254,0.0,0.0,45.0,141.0,126.0,161.0,136.0,266.0,129.0,164.0,15.7,23.3,43.5,29.5,17.1,19.8,23.8,23.3
Goux (32400),/management/ville/goux/ville-32151,6.0,0.0,0.0,6.0,6.0,11.0,20.0,21.0,4.0,11.0,33.3,38.5,40.0,28.1,3.3,11.5,23.3,15.4
.2,20.4
Gillaumé (52230),/management/ville/gillaume/ville-52222,5.0,0.0,0.0,0.0,10.0,5.0,9.0,16.0,4.0,1.0,16.7,38.9,58.3,36.0,16.7,11.1,8.3,0.0
Laville-aux-Bois (52000),/management/ville/laville-aux-bois/ville-52276,15.0,5.0,10.0,25.0,15.0,15.0,49.0,54.0,23.0,33.0,26.8,35.9,45.1,20.5,13.4,15.4,14.6,26.9
Forest-Saint-Julien (05260),/management/ville/forest-saint-julien/ville-05056,0.0,15.0,15.0,29.0,48.0,24.0,43.0,67.0,42.0,78.0,19.7,17.0,35.2,21.6,18.0,17.9,27.0,42.5
Liéramont (80240),/management/ville/lieramont/ville-80475,0.0,10.0,10.0,15.0,39.0,54.0,76.0,43.0,23.0,34.0,38.5,48.2,35.2,13.1,12.1,14.1,14.3,24.7
Flêtre (59270),/management/ville/fletre/ville-59237,15.0,40.0,55.0,125.0,100.0,100.0,149.0,173.0,122.0,212.0,20.3,25.2,31.8,20.4,18.5,18.7,29.4,35.3
Favières (80120),/management/ville/favieres/ville-80303,10.0,35.0,10.0,25.0,35.0,40.0,175.0,102.0,41.0,58.0,41.5,51.9,33.7,18.1,13.0,8.7,11.9,19.1
Jeandelize (54800),/management/ville/jeandelize/ville-54277,0.0,15.0,25.0,40.0,55.0,49.0,93.0,106.0,46.0,45.0,23.0,40.4,46.8,24.0,18.0,13.9,12.2,18.5
Laparade (47260),/management/ville/laparade/ville-47135,4.0,19.0,10.0,71.0,52.0,24.0,94.0,92.0,48.0,59.0,30.8,33.1,34.2,24.4,21.2,12.2,13.7,26.4
Le Grand-Village-Plage (17370),/management/ville/le-grand-village-plage/ville-17485,20.0,25.0,40.0,80.0,135.0,85.0,271.0,276.0,124.0,227.0,24.2,35.1,38.1,22.0,15.6,12.2,22.0,28.0
Hannapes (02510),/management/ville/hannapes/ville-02366,0.0,0.0,0.0,40.0,51.0,56.0,80.0,80.0,23.0,33.0,33.0,40.4,43.8,25.6,10.7,10.6,12.5,18.3
La Forteresse (38590),/management/ville/la-forteresse/ville-38171,10.0,25.0,30.0,30.0,40.0,20.0,74.0,57.0,48.0,60.0,30.9,31.0,26.0,21.0,21.1,19.0,22.0,28.4
Labastide-Beauvoir (31450),/management/ville/labastide-beauvoir/ville-31249,22.0,41.0,100.0,180.0,182.0,106.0,198.0,239.0,160.0,331.0,20.9,21.7,29.5,21.1,16.7,17.8,32.9,38.5
Le Pont-de-Beauvoisin (73330),/management/ville/le-pont-de-beauvoisin/ville-73204,5.0,40.0,95.0,199.0,274.0,299.0,575.0,460.0,190.0,313.0,28.2,44.8,37.6,21.2,12.2,12.6,21.9,19.1
Écorches (61160),/management/ville/ecorches/ville-61152,10.0,0.0,5.0,0.0,0.0,14.0,33.0,16.0,8.0,10.0,39.5,62.1,28.9,15.6,15.8,6.9,15.8,13.8
Dore-l'Église (63220),/management/ville/dore-l-eglise/ville-63139,5.0,29.0,15.0,58.0,63.0,134.0,202.0,155.0,82.0,66.0,35.7,44.6,36.5,22.6,16.1,16.1,11.8,14.9
Ercheu (80400),/management/ville/ercheu/ville-80279,0.0,10.0,5.0,26.0,82.0,179.0,238.0,188.0,98.0,73.0,31.0,47.9,40.6,21.8,16.4,16.4,12.1,12.3
La Chapelle-Bâton (79220),/management/ville/la-chapelle-baton/ville-79070,5.0,5.0,50.0,40.0,50.0,45.0,68.0,82.0,56.0,86.0,22.8,23.8,30.9,23.1,22.1,16.1,24.2,35.0
Fresnes-en-Saulnois (57170),/management/ville/fresnes-en-saulnois/ville-57238,15.0,0.0,23.0,35.0,15.0,35.0,31.0,32.0,31.0,29.0,15.9,35.0,31.7,20.3,28.6,21.7,23.8,23.3
La Porte du Der (52220),/management/ville/la-porte-du-der/ville-52331,24.0,44.0,95.0,181.0,353.0,355.0,716.0,494.0,293.0,290.0,34.9,44.4,34.6,20.4,15.5,17.2,15.0,17.2
Lalanne (65230),/management/ville/lalanne/ville-65249,0.0,5.0,5.0,15.0,10.0,15.0,17.0,22.0,14.0,17.0,23.7,25.0,36.8,25.0,15.8,25.0,23.7,25.0
Gas (28320),/management/ville/gas/ville-28172,10.0,15.0,45.0,155.0,80.0,75.0,115.0,198.0,99.0,157.0,18.0,22.3,39.6,27.1,16.2,18.6,26.3,28.9
Grostenquin (57660),/management/ville/grostenquin/ville-57262,15.0,10.0,15.0,65.0,103.0,112.0,127.0,135.0,94.0,104.0,24.2,31.0,37.2,22.1,16.5,24.5,22.1,23.1
Les Nouillers (17380),/management/ville/les-nouillers/ville-17266,10.0,29.0,19.0,58.0,101.0,110.0,162.0,177.0,90.0,74.0,29.3,35.0,40.6,27.4,14.9,20.9,15.3,14.2
Goux-lès-Dambelin (25150),/management/ville/goux-les-dambelin/ville-25281,10.0,5.0,15.0,35.0,15.0,70.0,59.0,76.0,42.0,32.0,19.1,38.4,48.2,22.3,20.9,19.2,11.8,19.2
Kœnigsmacker (57970),/management/ville/koenigsmacker/ville-57370,10.0,75.0,100.0,313.0,304.0,274.0,361.0,546.0,311.0,434.0,16.4,27.2,39.7,24.5,19.3,18.3,24.6,27.9
Forest-sur-Marque (59510),/management/ville/forest-sur-marque/ville-59247,0.0,25.0,123.0,256.0,158.0,94.0,279.0,199.0,142.0,442.0,17.9,33.5,25.1,13.4,12.2,14.3,44.8,38.9
Jeanménil (88700),/management/ville/jeanmenil/ville-88251,5.0,40.0,20.0,110.0,160.0,150.0,275.0,237.0,133.0,175.0,28.8,38.0,34.3,21.9,17.7,14.9,19.2,23.3
Igé (71960),/management/ville/ige/ville-71236,30.0,15.0,25.0,119.0,114.0,65.0,139.0,192.0,108.0,209.0,21.6,21.4,32.5,24.4,16.4,17.1,29.5,34.8
Fléty (58170),/management/ville/flety/ville-58114,5.0,0.0,0.0,15.0,15.0,10.0,29.0,27.0,21.0,12.0,28.6,39.0,32.7,25.6,24.5,22.0,14.3,12.2
Lavilledieu (07170),/management/ville/lavilledieu/ville-07138,15.0,120.0,60.0,260.0,310.0,235.0,470.0,487.0,297.0,336.0,26.5,32.4,37.8,23.0,17.0,20.3,18.7,23.5
Liercourt (80580),/management/ville/liercourt/ville-80476,5.0,10.0,5.0,45.0,75.0,35.0,111.0,84.0,45.0,28.0,36.1,46.7,42.1,20.1,15.8,17.8,6.0,14.8
Gilles (28260),/management/ville/gilles/ville-28180,10.0,20.0,39.0,103.0,44.0,39.0,135.0,105.0,64.0,97.0,33.0,34.7,27.7,22.3,17.0,14.8,22.3,26.0
Étalante (21510),/management/ville/etalante/ville-21253,5.0,0.0,10.0,10.0,21.0,26.0,38.0,42.0,22.0,24.0,22.2,39.3,42.9,22.1,20.6,13.1,14.3,23.0
Laparrouquial (81640),/management/ville/laparrouquial/ville-81135,5.0,5.0,0.0,5.0,11.0,22.0,26.0,16.0,23.0,22.0,31.1,28.6,26.7,11.8,24.4,28.6,17.8,33.3
Favresse (51300),/management/ville/favresse/ville-51246,5.0,10.0,0.0,15.0,30.0,20.0,46.0,46.0,30.0,40.0,30.6,26.0,30.6,24.4,17.6,19.5,21.2,28.6
Devay (58300),/management/ville/devay/ville-58096,5.0,10.0,41.0,56.0,61.0,66.0,104.0,128.0,74.0,74.0,28.4,26.2,38.9,26.3,18.4,20.9,14.2,24.6
Hermelange (57790),/management/ville/hermelange/ville-57318,0.0,5.0,5.0,24.0,33.0,52.0,52.0,58.0,26.0,35.0,31.4,30.2,39.5,25.8,10.5,19.8,18.6,22.1
Labastide-Castel-Amouroux (47250),/management/ville/labastide-castel-amouroux/ville-47121,10.0,5.0,15.0,30.0,20.0,30.0,96.0,71.0,40.0,41.0,36.3,40.7,33.6,23.1,13.3,18.5,16.8,16.3
Le Pont-de-Claix (38800),/management/ville/le-pont-de-claix/ville-38317,0.0,230.0,352.0,1165.0,1799.0,1349.0,2586.0,2178.0,1320.0,1422.0,32.0,36.7,32.0,24.3,17.1,18.0,18.9,19.0
Le Gratteris (25620),/management/ville/le-gratteris/ville-25297,5.0,0.0,15.0,31.0,20.0,20.0,17.0,35.0,14.0,49.0,10.9,18.3,32.7,23.2,12.7,11.7,43.6,43.3
Écordal (08130),/management/ville/ecordal/ville-08151,5.0,20.0,20.0,40.0,50.0,40.0,74.0,74.0,35.0,54.0,28.1,34.5,33.9,24.8,15.7,13.8,22.3,23.3
Hannappes (08290),/management/ville/hannappes/ville-08208,0.0,0.0,0.0,11.0,16.0,16.0,68.0,28.0,16.0,7.0,43.1,71.7,34.5,12.9,15.5,10.0,6.9,5.0
La Fosse-Corduan (10100),/management/ville/la-fosse-corduan/ville-10157,10.0,5.0,5.0,20.0,5.0,0.0,56.0,54.0,27.0,38.0,34.1,29.5,30.7,27.3,12.5,18.2,22.7,21.6
Lempdes-sur-Allagnon (43410),/management/ville/lempdes-sur-allagnon/ville-43120,25.0,30.0,25.0,111.0,186.0,252.0,377.0,358.0,158.0,140.0,29.7,42.9,43.9,23.5,14.8,15.8,11.6,15.4
Dorengt (02450),/management/ville/dorengt/ville-02269,10.0,5.0,15.0,5.0,25.0,25.0,29.0,30.0,19.0,32.0,24.5,28.1,28.3,24.6,15.1,19.3,32.1,26.3
La Possession (97419),/management/ville/la-possession/ville-97408,83.0,901.0,2018.0,4240.0,4716.0,3074.0,7514.0,4340.0,3780.0,5899.0,34.3,35.4,22.9,17.9,16.1,18.8,26.6,28.1
Fresnes-en-Tardenois (02130),/management/ville/fresnes-en-tardenois/ville-02332,0.0,5.0,15.0,15.0,30.0,55.0,78.0,64.0,26.0,31.0,32.3,45.1,37.5,23.5,15.6,10.8,14.6,16.7
La Chapelle-Bâton (86250),/management/ville/la-chapelle-baton/ville-86055,25.0,0.0,15.0,5.0,20.0,65.0,114.0,100.0,40.0,36.0,31.9,46.1,46.4,21.8,12.3,15.1,9.4,15.1
Erchin (59169),/management/ville/erchin/ville-59199,5.0,0.0,48.0,86.0,112.0,74.0,122.0,150.0,103.0,151.0,16.9,29.6,32.7,23.5,18.5,20.6,31.9,25.5
Gasny (27620),/management/ville/gasny/ville-27279,10.0,70.0,115.0,415.0,380.0,375.0,748.0,796.0,362.0,365.0,30.0,35.6,40.6,26.5,15.0,16.8,14.4,17.6
Les Ollières-sur-Eyrieux (07360),/management/ville/les-ollieres-sur-eyrieux/ville-07167,20.0,45.0,45.0,80.0,120.0,65.0,237.0,192.0,130.0,183.0,28.2,35.4,33.8,18.6,15.9,19.0,22.1,27.1
Grosville (50340),/management/ville/grosville/ville-50222,35.0,5.0,35.0,136.0,120.0,85.0,187.0,162.0,119.0,108.0,27.7,37.5,34.5,21.2,20.9,20.4,16.9,20.7
Lalanne-Arqué (32140),/management/ville/lalanne-arque/ville-32185,5.0,15.0,0.0,15.0,15.0,15.0,37.0,40.0,19.0,30.0,30.3,28.1,31.8,26.5,18.2,12.3,19.7,28.1
Goux-les-Usiers (25520),/management/ville/goux-les-usiers/ville-25282,25.0,20.0,40.0,50.0,86.0,131.0,117.0,162.0,108.0,107.0,20.5,27.2,34.4,27.9,24.6,19.2,20.5,22.4
Kœstlach (68480),/management/ville/koestlach/ville-68169,0.0,0.0,10.0,80.0,75.0,90.0,116.0,121.0,65.0,82.0,23.0,38.3,38.2,22.9,14.7,19.4,24.0,18.3
Fleurac (16200),/management/ville/fleurac/ville-16139,0.0,10.0,20.0,25.0,5.0,25.0,48.0,44.0,28.0,61.0,22.1,31.4,31.6,16.1,15.8,15.1,30.5,37.2
Foreste (02590),/management/ville/foreste/ville-02327,5.0,5.0,0.0,31.0,10.0,26.0,55.0,27.0,16.0,22.0,35.2,56.3,27.8,15.9,18.5,9.4,18.5,17.2
Ignaucourt (80800),/management/ville/ignaucourt/ville-80449,10.0,0.0,0.0,20.0,0.0,10.0,17.0,18.0,12.0,15.0,26.5,28.6,35.3,23.1,11.8,28.6,26.5,21.4
Jeantes (02140),/management/ville/jeantes/ville-02391,30.0,5.0,10.0,15.0,25.0,30.0,56.0,52.0,17.0,37.0,24.4,44.0,46.2,17.4,11.5,9.5,17.9,27.4
Lavilleneuve (52140),/management/ville/lavilleneuve/ville-52277,0.0,5.0,0.0,5.0,16.0,26.0,23.0,21.0,11.0,1.0,28.6,53.8,50.0,22.2,21.4,19.2,0.0,3.8
Gilley (25650),/management/ville/gilley/ville-25271,20.0,94.0,79.0,197.0,178.0,346.0,299.0,406.0,211.0,285.0,23.0,26.9,38.9,25.6,18.3,16.9,19.8,27.6
Lapège (09400),/management/ville/lapege/ville-09152,0.0,0.0,0.0,0.0,0.0,0.0,13.0,4.0,2.0,7.0,40.0,63.6,26.7,0.0,13.3,0.0,20.0,36.4
Favreuil (62450),/management/ville/favreuil/ville-62326,10.0,5.0,0.0,29.0,43.0,14.0,55.0,52.0,31.0,32.0,29.5,34.8,38.5,22.4,19.2,17.4,12.8,23.9
Devecey (25870),/management/ville/devecey/ville-25200,0.0,36.0,136.0,197.0,187.0,87.0,254.0,270.0,168.0,352.0,22.4,26.1,29.8,21.4,13.7,18.3,34.1,33.3
Lières (62190),/management/ville/lieres/ville-62508,5.0,15.0,5.0,30.0,65.0,90.0,80.0,63.0,60.0,73.0,22.1,35.7,33.1,14.2,21.3,22.1,23.5,29.3
Le Grau-du-Roi (30240),/management/ville/le-grau-du-roi/ville-30133,55.0,394.0,250.0,574.0,1043.0,587.0,2568.0,2114.0,1193.0,1353.0,32.3,38.4,31.9,24.5,16.1,16.9,19.7,17.8
Labastide-Cézéracq (64170),/management/ville/labastide-cezeracq/ville-64288,5.0,20.0,35.0,75.0,90.0,80.0,79.0,148.0,77.0,107.0,15.3,24.1,43.5,26.2,15.7,22.1,25.5,26.2
Hermelinghen (62132),/management/ville/hermelinghen/ville-62439,5.0,10.0,25.0,30.0,80.0,35.0,63.0,73.0,56.0,70.0,26.7,21.4,29.8,24.6,22.1,20.6,21.4,32.1
Hannescamps (62111),/management/ville/hannescamps/ville-62409,5.0,10.0,0.0,31.0,41.0,20.0,28.0,41.0,39.0,36.0,20.9,17.8,31.3,26.4,26.9,27.4,20.9,28.8
Lempire (02420),/management/ville/lempire/ville-02417,0.0,5.0,5.0,0.0,20.0,15.0,47.0,20.0,10.0,3.0,54.8,64.1,33.3,15.4,9.5,15.4,2.4,5.1
La Fouillade (12270),/management/ville/la-fouillade/ville-12105,30.0,70.0,20.0,85.0,149.0,83.0,336.0,213.0,162.0,147.0,34.1,43.9,32.1,18.1,18.7,19.2,15.1,19.0
Écorpain (72120),/management/ville/ecorpain/ville-72125,15.0,20.0,15.0,19.0,29.0,35.0,77.0,78.0,35.0,33.0,32.5,36.3,40.0,25.4,17.5,13.7,10.0,20.6
Le Pontet (73110),/management/ville/le-pontet/ville-73205,0.0,0.0,0.0,10.0,15.0,15.0,26.0,29.0,15.0,30.0,26.9,25.0,32.7,23.1,13.5,16.7,26.9,33.3
Fresnes-en-Woëvre (55160),/management/ville/fresnes-en-woevre/ville-55198,10.0,20.0,20.0,50.0,70.0,135.0,140.0,176.0,93.0,99.0,22.9,32.4,40.7,25.8,18.2,18.4,18.2,20.8
La Chapelle-Bayvel (27260),/management/ville/la-chapelle-bayvel/ville-27146,5.0,16.0,10.0,36.0,57.0,93.0,87.0,95.0,48.0,59.0,29.9,30.6,34.7,26.6,19.0,13.9,16.3,24.3
Étalle (08260),/management/ville/etalle/ville-08155,10.0,0.0,0.0,0.0,15.0,20.0,28.0,18.0,10.0,17.0,36.1,40.5,36.1,14.3,8.3,18.9,19.4,27.0
La Possonnière (49170),/management/ville/la-possonniere/ville-49247,10.0,60.0,184.0,412.0,268.0,249.0,428.0,435.0,275.0,667.0,19.8,27.2,28.2,19.2,16.9,13.7,35.1,38.6
Gasques (82400),/management/ville/gasques/ville-82065,25.0,5.0,20.0,20.0,66.0,46.0,110.0,101.0,69.0,64.0,30.3,33.9,32.0,24.7,20.0,20.2,17.7,19.6
Les Omergues (04200),/management/ville/les-omergues/ville-04140,5.0,5.0,0.0,5.0,5.0,0.0,40.0,19.0,17.0,29.0,34.6,41.5,23.1,13.7,15.4,17.0,26.9,28.3
Erching (57720),/management/ville/erching/ville-57196,10.0,5.0,19.0,43.0,58.0,63.0,98.0,110.0,57.0,65.0,19.4,40.4,40.0,23.4,21.2,13.3,19.4,19.9
Lalanne-Trie (65220),/management/ville/lalanne-trie/ville-65250,0.0,0.0,0.0,5.0,19.0,9.0,27.0,25.0,21.0,18.0,18.6,40.4,39.5,18.2,20.9,23.4,20.9,19.1
Grouches-Luchuel (80600),/management/ville/grouches-luchuel/ville-80392,5.0,10.0,5.0,46.0,82.0,93.0,136.0,135.0,79.0,92.0,29.2,32.2,39.4,22.2,14.4,21.1,17.1,24.2
Dorlisheim (67120),/management/ville/dorlisheim/ville-67101,10.0,44.0,158.0,380.0,326.0,302.0,525.0,668.0,353.0,492.0,17.0,33.5,37.8,25.2,18.9,15.9,26.2,22.3
Goux-sous-Landet (25440),/management/ville/goux-sous-landet/ville-25283,0.0,0.0,6.0,6.0,18.0,6.0,23.0,15.0,7.0,9.0,52.2,35.5,34.8,21.2,8.7,16.1,4.3,25.8
Fleurac (24580),/management/ville/fleurac/ville-24183,0.0,15.0,20.0,25.0,40.0,15.0,55.0,35.0,45.0,76.0,20.4,30.5,23.7,12.4,20.4,22.0,35.5,36.4
Kœtzingue (68510),/management/ville/koetzingue/ville-68170,15.0,30.0,25.0,86.0,111.0,75.0,85.0,164.0,80.0,136.0,16.0,20.3,42.9,25.9,14.7,19.5,26.4,32.0
Ignaux (09110),/management/ville/ignaux/ville-09140,0.0,5.0,0.0,10.0,5.0,15.0,11.0,21.0,21.0,28.0,15.9,11.8,34.1,17.9,20.5,32.4,29.5,41.2
Lavilleneuve-au-Roi (52330),/management/ville/lavilleneuve-au-roi/ville-52278,0.0,5.0,0.0,5.0,5.0,11.0,27.0,24.0,10.0,11.0,24.3,54.3,43.2,20.5,13.5,11.4,18.9,11.4
Jebsheim (68320),/management/ville/jebsheim/ville-68157,26.0,46.0,82.0,179.0,265.0,168.0,204.0,319.0,182.0,266.0,18.2,23.8,37.8,26.0,17.1,20.2,26.8,28.0
Lapenche (82240),/management/ville/lapenche/ville-82092,0.0,14.0,5.0,24.0,29.0,63.0,62.0,52.0,50.0,36.0,31.9,30.2,30.9,22.1,26.6,23.6,10.6,24.5
Forfry (77165),/management/ville/forfry/ville-77193,0.0,5.0,25.0,35.0,35.0,25.0,22.0,42.0,35.0,47.0,14.5,15.3,30.3,27.4,21.1,26.4,34.2,30.6
Gilley (52500),/management/ville/gilley/ville-52223,5.0,0.0,0.0,0.0,10.0,10.0,27.0,15.0,9.0,5.0,40.7,55.2,33.3,19.4,18.5,13.8,7.4,10.3
Devesset (07320),/management/ville/devesset/ville-07080,25.0,15.0,5.0,25.0,50.0,30.0,78.0,59.0,36.0,62.0,26.7,40.5,32.5,16.9,15.0,15.5,25.8,26.7
Favrieux (78200),/management/ville/favrieux/ville-78231,0.0,5.0,0.0,10.0,14.0,19.0,27.0,33.0,28.0,22.0,22.6,25.5,37.7,24.5,22.6,27.3,17.0,23.6
Liernais (21430),/management/ville/liernais/ville-21349,10.0,20.0,10.0,25.0,78.0,54.0,161.0,134.0,48.0,72.0,33.0,44.0,39.5,22.1,13.5,10.2,14.0,20.4
Labastide-Chalosse (40700),/management/ville/labastide-chalosse/ville-40130,0.0,5.0,0.0,15.0,15.0,25.0,33.0,45.0,18.0,22.0,16.4,38.1,50.9,23.0,21.8,9.5,10.9,25.4
Écot (25150),/management/ville/ecot/ville-25214,10.0,10.0,25.0,81.0,61.0,62.0,105.0,122.0,65.0,88.0,22.7,33.1,37.4,24.2,16.2,18.8,23.7,22.1
Lemps (07610),/management/ville/lemps/ville-07140,5.0,30.0,35.0,90.0,105.0,120.0,208.0,129.0,122.0,112.0,38.9,33.9,23.3,22.4,18.8,24.0,19.1,20.1
Herment (63470),/management/ville/herment/ville-63175,5.0,5.0,5.0,16.0,59.0,16.0,75.0,60.0,47.0,32.0,34.6,35.8,35.5,21.9,18.7,24.8,11.2,18.3
2.9,19.3,19.1,34.4,35.3
Le Pontet (84130),/management/ville/le-pontet/ville-84092,3.0,473.0,706.0,1851.0,2521.0,1953.0,4446.0,3601.0,2212.0,2765.0,34.1,34.2,31.1,22.8,15.8,18.2,19.1,23.4
Hannocourt (57590),/management/ville/hannocourt/ville-57292,5.0,0.0,0.0,0.0,0.0,0.0,6.0,3.0,2.0,4.0,42.9,37.5,28.6,12.5,14.3,12.5,14.3,37.5
Fresnes-lès-Montauban (62490),/management/ville/fresnes-les-montauban/ville-62355,5.0,15.0,45.0,75.0,90.0,79.0,82.0,102.0,93.0,145.0,13.7,24.9,27.8,20.4,25.4,18.9,33.2,35.5
Le Grès (31480),/management/ville/le-gres/ville-31234,10.0,10.0,30.0,85.0,40.0,40.0,45.0,60.0,55.0,126.0,14.8,16.7,26.2,16.3,16.8,21.7,42.3,46.4
Étalleville (76560),/management/ville/etalleville/ville-76251,0.0,15.0,21.0,20.0,66.0,96.0,132.0,109.0,44.0,44.0,35.1,45.8,40.8,22.0,13.8,12.9,10.3,16.8
La Postolle (89260),/management/ville/la-postolle/ville-89310,0.0,5.0,5.0,10.0,10.0,20.0,25.0,30.0,26.0,35.0,20.6,22.6,33.3,17.3,25.4,18.9,20.6,41.5
Erckartswiller (67290),/management/ville/erckartswiller/ville-67126,0.0,10.0,30.0,20.0,40.0,65.0,79.0,77.0,38.0,43.0,29.6,37.2,40.8,22.7,13.6,18.6,16.0,20.4
Lalaye (67220),/management/ville/lalaye/ville-67255,0.0,15.0,35.0,60.0,55.0,70.0,96.0,107.0,59.0,103.0,21.3,31.3,33.3,22.9,17.5,14.8,27.9,28.6
7.4,23.8,21.7
Les Ormes (86220),/management/ville/les-ormes/ville-86183,10.0,40.0,50.0,155.0,215.0,300.0,375.0,454.0,178.0,194.0,23.8,38.4,48.7,24.5,13.9,15.7,13.6,18.6
Grougis (02110),/management/ville/grougis/ville-02358,10.0,5.0,5.0,15.0,20.0,64.0,100.0,88.0,41.0,36.0,31.9,44.0,39.0,23.2,16.3,15.2,12.8,15.2
Gassin (83580),/management/ville/gassin/ville-83065,10.0,288.0,109.0,258.0,339.0,139.0,668.0,493.0,419.0,496.0,29.8,34.3,29.3,19.6,16.6,23.4,24.2,23.6
Dormans (51700),/management/ville/dormans/ville-51217,150.0,75.0,115.0,155.0,284.0,494.0,956.0,679.0,281.0,355.0,35.9,47.6,36.5,21.5,12.5,12.2,15.1,16.1
Gouy (02420),/management/ville/gouy/ville-02352,0.0,10.0,15.0,35.0,65.0,115.0,134.0,144.0,63.0,68.0,30.6,35.0,41.3,25.9,14.1,16.7,14.1,19.2
Fleurance (32500),/management/ville/fleurance/ville-32132,41.0,137.0,218.0,573.0,654.0,659.0,1943.0,1352.0,809.0,925.0,34.3,42.3,32.9,20.8,15.5,16.6,17.3,19.3
Kœur-la-Grande (55300),/management/ville/koeur-la-grande/ville-55263,0.0,5.0,5.0,25.0,30.0,5.0,33.0,37.0,24.0,34.0,17.2,34.4,40.6,17.5,18.8,18.8,23.4,29.7
Lapenne (09500),/management/ville/lapenne/ville-09153,5.0,10.0,0.0,36.0,20.0,5.0,36.0,23.0,25.0,22.0,33.3,33.3,21.7,21.3,28.3,17.8,16.7,26.7
Jegun (32360),/management/ville/jegun/ville-32162,35.0,35.0,55.0,120.0,175.0,110.0,210.0,233.0,167.0,249.0,24.9,24.0,31.2,22.1,20.0,18.8,23.8,34.2
Liernolles (03130),/management/ville/liernolles/ville-03144,35.0,0.0,10.0,0.0,5.0,25.0,81.0,46.0,18.0,26.0,40.7,53.5,37.2,16.7,8.1,12.8,14.0,16.3
Devèze (65230),/management/ville/deveze/ville-65155,12.0,0.0,0.0,6.0,6.0,0.0,19.0,12.0,10.0,16.0,41.4,25.9,17.2,25.0,13.8,22.2,27.6,25.9
Igney (54450),/management/ville/igney/ville-54271,10.0,0.0,0.0,5.0,20.0,20.0,20.0,45.0,16.0,14.0,14.3,26.9,59.5,30.6,16.7,17.3,9.5,19.2
Gillois (39250),/management/ville/gillois/ville-39254,5.0,0.0,10.0,0.0,10.0,14.0,17.0,47.0,15.0,13.0,15.1,23.8,54.7,32.1,22.6,9.5,7.5,23.8
Forges (17290),/management/ville/forges/ville-17166,10.0,20.0,24.0,108.0,235.0,156.0,204.0,341.0,175.0,196.0,19.9,24.6,44.9,27.1,18.6,19.7,16.6,25.9
Fay (61390),/management/ville/fay/ville-61159,0.0,5.0,0.0,0.0,15.0,5.0,23.0,16.0,5.0,12.0,36.4,47.8,36.4,16.7,6.1,13.0,21.2,21.7
Lavilletertre (60240),/management/ville/lavilletertre/ville-60356,0.0,14.0,70.0,79.0,99.0,37.0,106.0,94.0,76.0,120.0,26.5,26.9,28.9,18.4,19.1,19.7,25.5,35.2
Labastide-Clermont (31370),/management/ville/labastide-clermont/ville-31250,5.0,25.0,30.0,60.0,74.0,95.0,143.0,123.0,99.0,94.0,28.1,34.1,32.8,21.3,20.0,23.0,19.1,22.1
La Foye-Monjault (79360),/management/ville/la-foye-monjault/ville-79127,10.0,15.0,35.0,115.0,105.0,125.0,160.0,187.0,128.0,148.0,26.2,25.2,33.4,25.5,18.6,22.5,21.8,25.8
Ecot-la-Combe (52700),/management/ville/ecot-la-combe/ville-52183,0.0,0.0,0.0,0.0,5.0,5.0,7.0,12.0,2.0,5.0,0.0,46.7,66.7,25.0,16.7,0.0,16.7,20.0
Hermeray (78125),/management/ville/hermeray/ville-78307,15.0,61.0,99.0,131.0,105.0,40.0,147.0,130.0,136.0,256.0,21.8,21.9,24.8,15.6,17.3,23.4,36.1,40.5
Le Porge (33680),/management/ville/le-porge/ville-33333,10.0,157.0,128.0,385.0,438.0,300.0,468.0,689.0,491.0,601.0,20.0,21.7,35.4,25.2,20.7,22.9,23.9,29.5
Hannogne-Saint-Martin (08160),/management/ville/hannogne-saint-martin/ville-08209,0.0,20.0,30.0,65.0,85.0,65.0,95.0,101.0,56.0,96.0,22.2,32.2,35.7,20.9,17.5,14.7,24.6,30.5
Lemps (26510),/management/ville/lemps/ville-26161,0.0,0.0,0.0,0.0,10.0,5.0,11.0,12.0,10.0,11.0,15.4,36.8,42.3,12.5,19.2,26.3,23.1,26.3
Fresnes-Mazancourt (80320),/management/ville/fresnes-mazancourt/ville-80353,0.0,0.0,0.0,0.0,0.0,30.0,43.0,23.0,14.0,8.0,39.0,57.4,39.0,15.2,14.6,17.0,7.3,10.6
Le Grez (72140),/management/ville/le-grez/ville-72145,15.0,15.0,0.0,40.0,70.0,55.0,105.0,103.0,42.0,46.0,30.3,40.4,42.8,24.1,13.8,14.6,13.1,17.9
La Chapelle-Bertrand (79200),/management/ville/la-chapelle-bertrand/ville-79071,21.0,20.0,5.0,35.0,80.0,70.0,130.0,115.0,55.0,57.0,37.4,35.6,33.5,26.6,15.1,15.8,14.0,18.1
Étalon (80190),/management/ville/etalon/ville-80292,5.0,0.0,0.0,15.0,20.0,20.0,35.0,27.0,16.0,23.0,28.3,41.7,28.3,21.4,22.6,8.3,20.8,25.0
Gastes (40160),/management/ville/gastes/ville-40108,5.0,40.0,20.0,85.0,90.0,100.0,147.0,224.0,133.0,127.0,20.8,25.8,36.6,30.3,21.5,20.7,21.1,19.1
Ercourt (80210),/management/ville/ercourt/ville-80280,10.0,5.0,0.0,10.0,5.0,20.0,35.0,30.0,18.0,15.0,29.4,42.6,41.2,18.8,19.6,17.0,9.8,21.3
Grozon (39800),/management/ville/grozon/ville-39263,5.0,10.0,16.0,26.0,88.0,83.0,86.0,124.0,65.0,50.0,25.0,28.7,43.8,28.3,19.3,20.7,11.9,19.3
La Poterie-Cap-d'Antifer (76280),/management/ville/la-poterie-cap-d-antifer/ville-76508,5.0,15.0,15.0,91.0,50.0,35.0,92.0,82.0,51.0,90.0,24.5,33.8,33.3,18.5,15.7,16.9,26.4,30.5
Les Ormes (89110),/management/ville/les-ormes/ville-89281,20.0,10.0,20.0,25.0,65.0,40.0,65.0,80.0,42.0,68.0,21.2,30.5,40.1,21.6,10.9,22.9,27.7,25.4
Dormelles (77130),/management/ville/dormelles/ville-77161,15.0,45.0,80.0,150.0,70.0,35.0,122.0,144.0,117.0,247.0,19.7,19.0,26.0,19.5,18.2,19.0,36.1,42.4
Lalbenque (46230),/management/ville/lalbenque/ville-46148,30.0,80.0,65.0,169.0,274.0,145.0,337.0,352.0,251.0,367.0,21.0,30.4,31.5,21.6,20.5,18.0,27.1,28.9
Gouy (76520),/management/ville/gouy/ville-76313,0.0,31.0,81.0,168.0,81.0,86.0,107.0,149.0,108.0,217.0,17.1,19.9,29.1,21.4,16.7,20.6,37.1,37.9
Kœur-la-Petite (55300),/management/ville/koeur-la-petite/ville-55264,0.0,15.0,9.0,20.0,39.0,39.0,94.0,68.0,27.0,26.0,42.2,45.3,33.0,24.8,13.8,11.3,11.0,14.2
Fleurat (23320),/management/ville/fleurat/ville-23082,5.0,10.0,15.0,40.0,30.0,35.0,59.0,66.0,38.0,57.0,21.1,33.0,38.6,20.0,17.5,17.0,22.8,29.2
Lapenty (50600),/management/ville/lapenty/ville-50263,40.0,0.0,5.0,40.0,25.0,35.0,127.0,91.0,48.0,24.0,37.4,50.3,39.5,21.7,16.3,16.8,6.8,9.8
Jenlain (59144),/management/ville/jenlain/ville-59323,10.0,15.0,144.0,159.0,124.0,60.0,131.0,180.0,142.0,351.0,11.3,21.2,27.8,17.3,16.8,18.7,44.1,43.1
Deviat (16190),/management/ville/deviat/ville-16118,0.0,0.0,0.0,5.0,10.0,21.0,50.0,42.0,14.0,17.0,39.1,43.9,39.1,25.0,10.9,10.5,10.9,15.8
Fay (72550),/management/ville/fay/ville-72130,9.0,32.0,42.0,116.0,79.0,42.0,58.0,107.0,79.0,195.0,11.9,15.0,29.2,18.8,19.9,15.4,38.9,50.0
Lierval (02860),/management/ville/lierval/ville-02429,0.0,5.0,0.0,5.0,10.0,10.0,18.0,27.0,17.0,16.0,23.1,25.0,41.0,25.0,20.5,25.0,15.4,25.0
Forgès (19380),/management/ville/forges/ville-19084,0.0,17.0,6.0,39.0,45.0,28.0,77.0,79.0,54.0,44.0,24.6,34.8,38.1,24.1,22.0,20.7,15.3,19.3
Igney (88150),/management/ville/igney/ville-88247,5.0,30.0,51.0,112.0,248.0,168.0,262.0,308.0,125.0,188.0,26.7,32.6,40.6,26.0,12.0,16.3,20.7,21.7
Lavincourt (55170),/management/ville/lavincourt/ville-55284,0.0,0.0,0.0,0.0,5.0,10.0,19.0,14.0,11.0,10.0,37.0,34.5,44.4,12.5,11.1,27.6,7.4,27.6
Labastide-d'Anjou (11320),/management/ville/labastide-d-anjou/ville-11178,16.0,26.0,38.0,156.0,249.0,189.0,294.0,251.0,211.0,190.0,28.0,34.1,32.9,20.7,22.2,22.4,16.9,23.2
Écotay-l'Olme (42600),/management/ville/ecotay-l-olme/ville-42087,5.0,40.0,66.0,207.0,121.0,71.0,145.0,246.0,186.0,360.0,13.9,17.1,29.0,22.7,19.3,20.3,37.8,39.1
Hermes (60370),/management/ville/hermes/ville-60313,5.0,31.0,104.0,240.0,345.0,486.0,708.0,584.0,266.0,230.0,36.4,42.7,38.4,24.4,13.3,16.4,11.9,13.9
Gillonnay (38260),/management/ville/gillonnay/ville-38180,15.0,40.0,70.0,120.0,150.0,130.0,166.0,253.0,125.0,202.0,17.5,26.8,41.5,24.6,15.0,18.4,26.0,28.2
Hannogne-Saint-Rémy (08220),/management/ville/hannogne-saint-remy/ville-08210,10.0,0.0,0.0,10.0,5.0,5.0,38.0,19.0,14.0,13.0,48.8,42.9,20.9,21.7,18.6,14.3,11.6,19.0
Lempty (63190),/management/ville/lempty/ville-63194,21.0,16.0,16.0,31.0,63.0,47.0,76.0,81.0,48.0,71.0,26.5,28.4,32.4,24.5,17.6,17.0,23.5,27.7
La Framboisière (28250),/management/ville/la-framboisiere/ville-28159,0.0,10.0,15.0,35.0,66.0,40.0,86.0,93.0,41.0,33.0,33.3,34.4,40.3,28.2,16.3,16.4,10.1,16.4
Fresnes-sous-Coucy (02380),/management/ville/fresnes-sous-coucy/ville-02333,0.0,5.0,0.0,5.0,40.0,30.0,40.0,32.0,20.0,20.0,40.7,30.2,28.8,27.3,11.9,24.5,18.6,17.0
Le Grippon (50320),/management/ville/le-grippon/ville-50115,19.0,10.0,19.0,82.0,29.0,39.0,59.0,82.0,57.0,68.0,20.0,24.8,37.9,22.5,20.0,23.1,22.1,29.8
Le Port (09320),/management/ville/le-port/ville-09231,5.0,5.0,0.0,15.0,13.0,18.0,34.0,30.0,23.0,31.0,28.8,27.3,28.8,21.4,19.7,20.0,22.7,30.9
Gastines (53540),/management/ville/gastines/ville-53102,20.0,15.0,0.0,29.0,15.0,20.0,36.0,31.0,23.0,25.0,23.7,37.9,33.9,18.6,23.7,17.2,18.6,25.9
La Chapelle-Biche (61100),/management/ville/la-chapelle-biche/ville-61095,10.0,0.0,10.0,75.0,65.0,80.0,120.0,115.0,69.0,68.0,31.3,33.2,38.5,22.3,19.8,17.4,10.4,25.8
Étalondes (76260),/management/ville/etalondes/ville-76252,5.0,25.0,90.0,105.0,120.0,105.0,251.0,277.0,125.0,161.0,21.1,40.3,44.3,22.2,14.7,16.0,19.9,19.7
Gruchet-le-Valasse (76210),/management/ville/gruchet-le-valasse/ville-76329,10.0,45.0,70.0,370.0,405.0,365.0,782.0,732.0,372.0,356.0,28.6,40.6,40.4,23.3,17.2,16.0,13.8,17.8
La Poterie-Mathieu (27560),/management/ville/la-poterie-mathieu/ville-27475,5.0,0.0,0.0,21.0,5.0,42.0,50.0,40.0,20.0,27.0,34.7,39.1,34.7,21.1,15.3,12.5,15.3,25.0
Ercuis (60530),/management/ville/ercuis/ville-60212,11.0,65.0,75.0,227.0,274.0,257.0,389.0,379.0,215.0,180.0,33.1,33.9,37.9,25.0,17.8,19.3,11.3,20.0
Dornas (07160),/management/ville/dornas/ville-07082,0.0,19.0,9.0,14.0,9.0,42.0,81.0,41.0,25.0,20.0,43.6,54.9,36.2,11.5,8.5,23.9,11.7,11.3
Les Ormes-sur-Voulzie (77134),/management/ville/les-ormes-sur-voulzie/ville-77347,0.0,15.0,38.0,84.0,126.0,88.0,257.0,184.0,119.0,112.0,32.9,42.9,34.2,20.6,18.1,17.3,14.8,18.4
Laleu (61170),/management/ville/laleu/ville-61215,10.0,15.0,15.0,20.0,65.0,30.0,86.0,87.0,46.0,52.0,28.5,34.8,39.2,22.4,23.1,11.3,9.2,28.4
Fleurbaix (62840),/management/ville/fleurbaix/ville-62338,10.0,85.0,270.0,385.0,195.0,150.0,386.0,406.0,288.0,904.0,17.4,21.4,23.6,17.1,14.0,15.0,45.1,46.0
Gouy-en-Artois (62123),/management/ville/gouy-en-artois/ville-62379,0.0,10.0,30.0,5.0,44.0,44.0,83.0,70.0,37.0,61.0,28.9,36.6,33.9,21.0,12.4,16.8,24.8,24.4
L'Abergement-Clémenciat (01400),/management/ville/l-abergement-clemenciat/ville-01001,15.0,20.0,75.0,95.0,100.0,125.0,131.0,184.0,94.0,141.0,22.7,25.0,35.3,27.7,16.5,17.6,25.5,25.7
Laperche (47800),/management/ville/laperche/ville-47136,14.0,5.0,5.0,5.0,14.0,14.0,34.0,39.0,14.0,21.0,26.4,37.0,39.6,26.9,17.0,9.3,17.0,20.4
Jenzat (03800),/management/ville/jenzat/ville-03133,10.0,20.0,20.0,55.0,104.0,35.0,107.0,94.0,71.0,118.0,21.2,33.0,31.5,17.7,17.4,18.9,29.9,30.6
Lierville (60240),/management/ville/lierville/ville-60363,0.0,11.0,21.0,53.0,21.0,11.0,37.0,42.0,30.0,49.0,21.0,26.0,33.3,19.0,21.0,16.9,24.7,37.7
Fay (80200),/management/ville/fay/ville-80304,15.0,0.0,5.0,0.0,15.0,31.0,30.0,17.0,13.0,17.0,34.2,42.1,31.6,13.9,15.8,18.4,18.4,26.3
Ignol (18350),/management/ville/ignol/ville-18113,10.0,15.0,15.0,10.0,15.0,10.0,44.0,50.0,18.0,26.0,26.1,37.7,46.4,23.4,11.6,14.5,15.9,21.7
Dévillac (47210),/management/ville/devillac/ville-47080,0.0,20.0,5.0,10.0,15.0,10.0,30.0,40.0,16.0,29.0,16.9,35.7,45.8,21.3,13.6,14.3,23.7,26.8
Forges (77130),/management/ville/forges/ville-77194,10.0,10.0,25.0,71.0,51.0,66.0,79.0,97.0,53.0,70.0,26.2,26.6,37.2,25.1,18.6,16.9,17.9,28.6
Laviolle (07530),/management/ville/laviolle/ville-07139,5.0,10.0,5.0,5.0,0.0,0.0,38.0,24.0,14.0,24.0,20.4,54.9,32.7,15.1,16.3,11.8,30.6,17.6
Hermeville (76280),/management/ville/hermeville/ville-76357,15.0,0.0,15.0,40.0,51.0,25.0,63.0,81.0,66.0,63.0,17.8,28.5,37.8,22.1,25.2,22.6,19.3,27.0
Gilly-lès-Cîteaux (21640),/management/ville/gilly-les-citeaux/ville-21297,0.0,34.0,59.0,98.0,69.0,39.0,89.0,131.0,95.0,199.0,15.4,19.3,30.0,19.7,21.9,15.0,32.7,44.9
Écouché-les-Vallées (61150),/management/ville/ecouche-les-vallees/ville-61153,44.0,55.0,30.0,248.0,273.0,272.0,693.0,496.0,248.0,288.0,33.3,46.1,35.2,21.0,15.7,13.3,15.8,17.5
Labastide-d'Armagnac (40240),/management/ville/labastide-d-armagnac/ville-40131,20.0,15.0,15.0,50.0,95.0,80.0,180.0,192.0,117.0,101.0,29.0,31.9,32.0,28.8,20.8,19.1,18.2,16.3
Hannonville-sous-les-Côtes (55210),/management/ville/hannonville-sous-les-cotes/ville-55228,10.0,10.0,0.0,47.0,57.0,88.0,214.0,146.0,50.0,67.0,39.0,49.8,35.8,22.4,11.9,9.3,13.3,14.7
Lempzours (24800),/management/ville/lempzours/ville-24238,0.0,0.0,10.0,5.0,10.0,5.0,39.0,34.0,15.0,16.0,33.3,41.5,41.2,22.0,15.7,13.2,9.8,20.8
La Francheville (08000),/management/ville/la-francheville/ville-08180,5.0,20.0,110.0,245.0,254.0,175.0,344.0,407.0,200.0,293.0,24.1,31.0,38.6,24.5,15.5,16.6,21.8,25.4
Fresnes-sur-Apance (52400),/management/ville/fresnes-sur-apance/ville-52208,0.0,0.0,0.0,5.0,0.0,25.0,65.0,33.0,16.0,14.0,46.8,54.5,29.0,21.1,9.7,15.2,14.5,7.6
Le Gua (17600),/management/ville/le-gua/ville-17185,15.0,130.0,19.0,136.0,346.0,258.0,788.0,497.0,225.0,210.0,42.3,49.0,36.3,20.7,12.0,14.0,9.4,14.6
La Chapelle-Blanche (22350),/management/ville/la-chapelle-blanche/ville-22036,10.0,5.0,10.0,10.0,20.0,35.0,32.0,42.0,32.0,33.0,24.3,21.5,27.0,29.7,25.7,20.0,23.0,24.6
Gastins (77370),/management/ville/gastins/ville-77201,0.0,20.0,30.0,71.0,137.0,91.0,123.0,135.0,112.0,120.0,24.0,26.2,30.9,22.9,25.2,20.5,19.8,29.7
Étampes (91150),/management/ville/etampes/ville-91223,47.0,410.0,1176.0,2784.0,4342.0,2878.0,6289.0,3789.0,2764.0,4001.0,38.0,36.8,24.9,19.7,15.3,17.5,21.9,25.5
Dornecy (58530),/management/ville/dornecy/ville-58103,5.0,16.0,10.0,52.0,41.0,78.0,127.0,149.0,62.0,58.0,21.6,42.1,49.0,23.9,16.5,14.9,12.9,16.3
La Pouge (23250),/management/ville/la-pouge/ville-23157,0.0,10.0,0.0,0.0,20.0,0.0,21.0,26.0,11.0,14.0,30.0,29.0,35.0,29.7,15.0,16.1,20.0,19.4
Gruchet-Saint-Siméon (76810),/management/ville/gruchet-saint-simeon/ville-76330,15.0,45.0,30.0,55.0,104.0,115.0,192.0,140.0,71.0,102.0,28.9,46.7,39.0,16.3,13.7,14.4,18.5,22.2
Erdeven (56410),/management/ville/erdeven/ville-56054,15.0,212.0,151.0,327.0,383.0,328.0,783.0,844.0,524.0,668.0,23.6,31.8,35.2,23.5,18.0,19.0,23.1,24.2
Laleu (80270),/management/ville/laleu/ville-80459,0.0,6.0,12.0,12.0,17.0,6.0,26.0,21.0,16.0,23.0,22.0,37.8,36.6,14.3,17.1,20.0,24.4,28.9
Laperrière-sur-Saône (21170),/management/ville/laperriere-sur-saone/ville-21342,10.0,0.0,15.0,49.0,39.0,73.0,77.0,112.0,61.0,50.0,18.8,32.7,43.6,28.1,20.8,20.0,16.8,16.0
L'Abergement-de-Cuisery (71290),/management/ville/l-abergement-de-cuisery/ville-71001,10.0,34.0,44.0,69.0,93.0,98.0,217.0,182.0,98.0,114.0,30.9,40.1,37.1,21.2,15.3,16.8,16.6,20.7
Fleuré (61200),/management/ville/fleure/ville-61170,10.0,5.0,10.0,25.0,50.0,15.0,56.0,51.0,21.0,34.0,27.7,41.8,42.2,19.3,10.8,15.2,19.3,22.8
Gouy-en-Ternois (62127),/management/ville/gouy-en-ternois/ville-62381,0.0,0.0,5.0,14.0,14.0,14.0,23.0,34.0,24.0,24.0,16.4,27.5,38.2,24.1,25.5,19.6,20.0,27.5
Jésonville (88260),/management/ville/jesonville/ville-88252,20.0,0.0,0.0,5.0,15.0,40.0,32.0,30.0,15.0,18.0,28.6,39.1,42.9,20.5,8.2,23.9,20.4,17.4
Fay-aux-Loges (45450),/management/ville/fay-aux-loges/ville-45142,16.0,103.0,232.0,676.0,476.0,421.0,670.0,740.0,468.0,799.0,21.8,28.0,33.7,21.0,17.9,17.1,26.6,32.9
Igny (70700),/management/ville/igny/ville-70289,5.0,0.0,9.0,18.0,28.0,18.0,48.0,40.0,25.0,23.0,33.8,37.5,28.2,27.1,16.9,20.3,21.1,12.5
Lies (65200),/management/ville/lies/ville-65275,0.0,10.0,0.0,10.0,15.0,15.0,11.0,17.0,9.0,20.0,20.0,17.9,36.7,20.0,16.7,14.3,26.7,46.4
Laviron (25510),/management/ville/laviron/ville-25333,35.0,5.0,25.0,15.0,30.0,61.0,74.0,78.0,40.0,59.0,19.3,41.0,37.8,20.5,20.7,10.3,22.2,25.6
Deville (08800),/management/ville/deville/ville-08139,0.0,29.0,5.0,49.0,98.0,185.0,407.0,253.0,99.0,62.0,43.5,55.1,37.7,21.6,12.5,11.7,6.4,8.9
Forges de Lanouée (56120),/management/ville/forges-de-lanouee/ville-56102,67.0,60.0,60.0,198.0,246.0,392.0,661.0,539.0,275.0,225.0,33.4,44.5,38.9,22.1,17.1,15.2,10.5,16.3
Herméville-en-Woëvre (55400),/management/ville/hermeville-en-woevre/ville-55244,10.0,5.0,5.0,5.0,30.0,35.0,71.0,56.0,31.0,21.0,28.4,50.5,40.9,20.0,22.7,12.1,8.0,15.4
Le Port (97420),/management/ville/le-port/ville-97407,32.0,562.0,312.0,2086.0,5193.0,4645.0,13353.0,4897.0,2824.0,1819.0,55.6,60.8,24.4,17.6,12.0,12.6,7.9,8.0
Gilly-sur-Isère (73200),/management/ville/gilly-sur-isere/ville-73124,5.0,134.0,242.0,351.0,312.0,218.0,495.0,687.0,405.0,742.0,20.2,22.3,33.0,24.0,17.0,17.8,29.8,33.9
Écouen (95440),/management/ville/ecouen/ville-95205,0.0,135.0,655.0,1336.0,1171.0,470.0,1155.0,1222.0,1005.0,1643.0,23.3,22.7,27.4,21.4,19.3,20.6,30.0,35.1
Labastide-de-Lévis (81150),/management/ville/labastide-de-levis/ville-81112,0.0,35.0,54.0,163.0,109.0,89.0,195.0,169.0,141.0,202.0,25.4,29.8,28.5,19.5,19.0,20.9,27.1,30.1
Lemud (57580),/management/ville/lemud/ville-57392,0.0,9.0,18.0,82.0,78.0,50.0,63.0,106.0,68.0,82.0,19.6,20.0,37.9,27.0,19.6,23.0,22.9,28.5
La Frasnée (39130),/management/ville/la-frasnee/ville-39239,0.0,0.0,0.0,15.0,0.0,5.0,5.0,14.0,6.0,10.0,21.1,6.3,36.8,35.0,15.8,18.8,26.3,31.3
Hannonville-Suzémont (54800),/management/ville/hannonville-suzemont/ville-54249,0.0,10.0,5.0,31.0,25.0,56.0,52.0,65.0,56.0,35.0,22.1,27.9,33.7,27.9,30.8,23.1,13.5,19.2
Fresnes-sur-Escaut (59970),/management/ville/fresnes-sur-escaut/ville-59253,0.0,105.0,133.0,592.0,931.0,1319.0,2400.0,1583.0,815.0,670.0,38.0,49.3,34.9,21.5,15.7,14.2,11.4,13.0
Le Gua (38450),/management/ville/le-gua/ville-38187,5.0,35.0,172.0,278.0,242.0,162.0,280.0,344.0,258.0,458.0,19.5,22.3,30.5,20.5,17.8,20.8,32.1,36.5
Gasville-Oisème (28300),/management/ville/gasville-oiseme/ville-28173,10.0,54.0,129.0,178.0,149.0,109.0,290.0,262.0,182.0,332.0,22.1,32.2,33.4,16.8,13.5,20.5,30.9,31.2
Erdre-en-Anjou (49220),/management/ville/erdre-en-anjou/ville-49367,95.0,149.0,221.0,709.0,687.0,984.0,1169.0,1126.0,677.0,866.0,26.7,34.2,35.5,21.9,18.3,16.9,19.4,25.6
Dornes (58390),/management/ville/dornes/ville-58104,39.0,29.0,58.0,117.0,209.0,166.0,360.0,262.0,221.0,222.0,30.2,37.3,30.9,18.9,20.6,20.9,18.3,23.3
Grues (85580),/management/ville/grues/ville-85104,20.0,5.0,30.0,48.0,94.0,99.0,306.0,206.0,105.0,90.0,38.8,47.7,33.5,22.2,15.9,13.7,11.7,14.0
La Prénessaye (22210),/management/ville/la-prenessaye/ville-22255,15.0,25.0,20.0,71.0,107.0,132.0,247.0,166.0,129.0,112.0,32.7,42.8,30.9,19.9,19.6,19.9,16.8,17.4
Étampes-sur-Marne (02400),/management/ville/etampes-sur-marne/ville-02292,5.0,45.0,45.0,195.0,155.0,220.0,356.0,297.0,142.0,175.0,32.1,40.9,38.8,21.7,12.3,16.8,16.8,19.2
Lalevade-d'Ardèche (07380),/management/ville/lalevade-d-ardeche/ville-07127,0.0,34.0,0.0,89.0,104.0,133.0,426.0,222.0,118.0,103.0,44.6,52.2,33.5,18.7,10.8,15.7,11.1,12.7
La Chapelle-Blanche (73110),/management/ville/la-chapelle-blanche/ville-73075,5.0,20.0,25.0,105.0,61.0,50.0,83.0,118.0,75.0,146.0,18.3,21.4,34.7,21.4,13.6,21.4,33.3,35.7
Lapeyre (65220),/management/ville/lapeyre/ville-65260,5.0,5.0,11.0,0.0,32.0,5.0,17.0,27.0,16.0,15.0,19.4,24.3,38.9,31.1,25.0,16.2,16.7,21.6
L'Abergement-de-Varey (01640),/management/ville/l-abergement-de-varey/ville-01002,0.0,20.0,15.0,25.0,40.0,10.0,29.0,47.0,38.0,61.0,16.1,17.1,31.2,21.2,24.7,18.3,28.0,42.7
Gouy-les-Groseillers (60120),/management/ville/gouy-les-groseillers/ville-60283,0.0,0.0,0.0,5.0,0.0,0.0,8.0,5.0,1.0,6.0,44.4,36.4,22.2,23.1,0.0,9.1,33.3,27.3
Fleuré (86340),/management/ville/fleure/ville-86099,15.0,40.0,66.0,111.0,166.0,106.0,224.0,268.0,111.0,163.0,25.7,32.3,45.3,23.8,11.5,17.1,17.6,24.7
Jessains (10140),/management/ville/jessains/ville-10178,10.0,20.0,10.0,10.0,40.0,35.0,66.0,65.0,38.0,33.0,27.8,37.1,37.1,24.8,21.6,16.2,13.4,19.0
Fay-de-Bretagne (44130),/management/ville/fay-de-bretagne/ville-44056,61.0,111.0,187.0,510.0,439.0,444.0,500.0,780.0,516.0,700.0,16.0,24.0,36.2,24.7,22.2,19.1,25.6,30.5
Igny (91430),/management/ville/igny/ville-91312,0.0,218.0,1864.0,1347.0,856.0,468.0,1357.0,1123.0,1032.0,3357.0,18.2,21.3,18.1,14.8,14.6,15.5,49.2,48.6
Liesle (25440),/management/ville/liesle/ville-25336,15.0,15.0,50.0,50.0,70.0,55.0,129.0,115.0,61.0,93.0,30.0,34.5,29.0,25.0,17.5,13.2,23.5,23.4
Lavit (82120),/management/ville/lavit/ville-82097,39.0,29.0,24.0,117.0,214.0,97.0,680.0,305.0,165.0,163.0,49.8,53.6,26.9,18.3,13.1,12.2,10.1,14.5
Forges-la-Forêt (35640),/management/ville/forges-la-foret/ville-35114,15.0,5.0,5.0,20.0,15.0,61.0,57.0,61.0,36.0,42.0,26.0,32.2,37.5,21.6,21.2,15.6,15.4,28.9
Déville-lès-Rouen (76250),/management/ville/deville-les-rouen/ville-76216,0.0,235.0,620.0,1508.0,1822.0,1157.0,2376.0,1950.0,1154.0,2061.0,26.1,36.1,31.5,19.8,15.7,15.0,26.7,27.9
Hermies (62147),/management/ville/hermies/ville-62440,15.0,15.0,45.0,125.0,135.0,230.0,360.0,262.0,137.0,129.0,35.3,45.4,36.2,21.6,15.2,15.7,13.3,15.7
Gilly-sur-Loire (71160),/management/ville/gilly-sur-loire/ville-71220,5.0,16.0,16.0,36.0,78.0,41.0,122.0,144.0,71.0,50.0,25.0,38.5,43.4,27.8,16.3,20.3,15.3,10.4
Écouflant (49000),/management/ville/ecouflant/ville-49129,10.0,149.0,197.0,451.0,590.0,466.0,749.0,986.0,531.0,793.0,20.5,28.1,37.1,25.3,16.9,17.8,25.5,26.3
Le Port-Marly (78560),/management/ville/le-port-marly/ville-78502,0.0,135.0,867.0,793.0,844.0,329.0,646.0,675.0,659.0,1771.0,16.5,17.9,18.9,17.1,18.1,17.2,46.6,47.8
Labastide-de-Penne (82240),/management/ville/labastide-de-penne/ville-82078,10.0,10.0,5.0,0.0,0.0,20.0,38.0,27.0,19.0,19.0,27.1,45.5,33.3,19.0,22.9,14.5,16.7,20.0
Lemuy (39110),/management/ville/lemuy/ville-39291,10.0,21.0,0.0,20.0,20.0,15.0,75.0,59.0,23.0,32.0,30.4,49.0,42.4,19.2,9.8,14.3,17.4,16.3
La Freissinouse (05000),/management/ville/la-freissinouse/ville-05059,5.0,37.0,32.0,112.0,174.0,90.0,129.0,161.0,127.0,172.0,20.9,22.9,35.1,20.1,20.5,22.6,23.5,35.1
Le Gué-d'Alleré (17540),/management/ville/le-gue-d-allere/ville-17186,11.0,27.0,16.0,124.0,182.0,113.0,168.0,181.0,114.0,150.0,23.2,31.4,34.2,23.4,19.1,18.1,23.5,25.4
Hans (51800),/management/ville/hans/ville-51283,10.0,0.0,5.0,20.0,5.0,15.0,37.0,39.0,13.0,25.0,31.1,34.0,41.0,22.2,14.8,7.5,13.1,32.1
Gatey (39120),/management/ville/gatey/ville-39245,20.0,5.0,0.0,46.0,40.0,30.0,111.0,91.0,44.0,27.0,37.7,43.7,42.0,24.1,10.9,20.7,9.4,10.4
Éréac (22250),/management/ville/ereac/ville-22053,35.0,10.0,15.0,25.0,50.0,85.0,243.0,141.0,90.0,75.0,39.4,48.2,30.9,20.6,15.0,17.5,14.6,12.9
Étang-sur-Arroux (71190),/management/ville/etang-sur-arroux/ville-71192,24.0,39.0,29.0,143.0,286.0,231.0,591.0,450.0,224.0,198.0,29.0,49.5,41.0,20.8,17.4,13.5,12.6,14.3
Dorres (66760),/management/ville/dorres/ville-66062,10.0,5.0,5.0,34.0,5.0,15.0,33.0,37.0,25.0,41.0,20.0,28.4,40.0,16.9,15.4,20.3,24.6,35.1
Gruey-lès-Surance (88240),/management/ville/gruey-les-surance/ville-88221,5.0,15.0,0.0,20.0,25.0,51.0,85.0,70.0,14.0,15.0,44.7,47.7,41.5,27.0,7.4,8.0,6.4,10.2
La Prétière (25250),/management/ville/la-pretiere/ville-25470,5.0,0.0,0.0,25.0,15.0,10.0,48.0,36.0,20.0,20.0,28.8,47.7,40.7,17.6,18.6,13.8,11.9,20.0
Les Pavillons-sous-Bois (93320),/management/ville/les-pavillons-sous-bois/ville-93057,0.0,711.0,1808.0,3255.0,3640.0,2129.0,4980.0,3318.0,3126.0,4881.0,29.5,31.5,22.3,18.6,19.7,18.7,28.6,31.2
Lalheue (71240),/management/ville/lalheue/ville-71252,5.0,10.0,15.0,77.0,31.0,41.0,80.0,96.0,41.0,77.0,32.0,21.9,38.1,24.4,12.9,15.1,17.0,35.6
La Chapelle-Blanche-Saint-Martin (37240),/management/ville/la-chapelle-blanche-saint-martin/ville-37057,30.0,20.0,25.0,40.0,65.0,110.0,158.0,149.0,81.0,108.0,26.4,37.2,41.5,18.7,14.6,18.0,17.5,26.0
Lapeyrère (31310),/management/ville/lapeyrere/ville-31272,0.0,5.0,5.0,15.0,0.0,5.0,14.0,12.0,10.0,19.0,27.6,23.1,24.1,18.5,20.7,15.4,27.6,42.3
L'Abergement-Sainte-Colombe (71370),/management/ville/l-abergement-sainte-colombe/ville-71002,0.0,40.0,35.0,188.0,178.0,243.0,185.0,317.0,193.0,200.0,20.4,21.0,43.2,26.9,17.5,25.7,18.9,26.0
Fresnes-sur-Marne (77410),/management/ville/fresnes-sur-marne/ville-77196,0.0,30.0,65.0,175.0,140.0,50.0,122.0,159.0,127.0,210.0,18.3,21.1,33.7,18.6,20.7,20.4,27.3,40.3
Jetterswiller (67440),/management/ville/jetterswiller/ville-67229,15.0,0.0,15.0,29.0,19.0,15.0,32.0,51.0,19.0,40.0,16.4,28.0,43.3,23.6,19.4,9.3,20.9,34.7
Gouy-Saint-André (62870),/management/ville/gouy-saint-andre/ville-62382,5.0,15.0,15.0,89.0,74.0,75.0,176.0,128.0,72.0,82.0,31.4,45.3,39.4,16.5,16.8,14.7,12.4,23.3
Fleurey (25190),/management/ville/fleurey/ville-25244,5.0,5.0,10.0,10.0,0.0,25.0,20.0,15.0,14.0,18.0,22.2,38.7,27.8,16.7,22.2,19.4,27.8,25.8
Igny-Comblizy (51700),/management/ville/igny-comblizy/ville-51298,14.0,10.0,14.0,43.0,48.0,72.0,112.0,92.0,43.0,51.0,37.0,38.0,37.0,23.0,11.6,17.3,14.4,20.0
Devise (80200),/management/ville/devise/ville-80239,0.0,0.0,5.0,10.0,0.0,10.0,19.0,8.0,7.0,8.0,50.0,40.0,18.2,19.0,18.2,15.0,13.6,25.0
Liesse-Notre-Dame (02350),/management/ville/liesse-notre-dame/ville-02430,0.0,10.0,5.0,85.0,255.0,210.0,488.0,266.0,139.0,128.0,40.8,53.1,35.1,18.3,12.4,14.6,11.7,13.2
Lavoine (03250),/management/ville/lavoine/ville-03141,21.0,10.0,0.0,5.0,10.0,16.0,44.0,36.0,17.0,29.0,28.8,43.3,33.3,20.9,13.6,11.7,24.2,21.7
Fay-en-Montagne (39800),/management/ville/fay-en-montagne/ville-39222,0.0,10.0,0.0,25.0,5.0,0.0,20.0,11.0,17.0,24.0,19.4,36.1,22.2,9.1,30.6,16.7,27.8,38.9
Forges-les-Bains (91470),/management/ville/forges-les-bains/ville-91249,5.0,116.0,565.0,622.0,350.0,273.0,538.0,502.0,456.0,1173.0,19.3,21.0,21.4,16.4,16.4,17.7,42.8,45.1
Hermin (62150),/management/ville/hermin/ville-62441,10.0,5.0,5.0,65.0,15.0,10.0,41.0,32.0,27.0,61.0,18.5,32.5,24.7,14.8,19.8,13.8,37.0,38.8
Gilocourt (60129),/management/ville/gilocourt/ville-60272,5.0,37.0,37.0,83.0,78.0,110.0,126.0,133.0,88.0,110.0,26.7,28.6,34.2,23.2,17.3,21.2,21.8,26.4
Écouis (27440),/management/ville/ecouis/ville-27214,0.0,20.0,26.0,61.0,77.0,169.0,251.0,168.0,102.0,91.0,35.5,45.8,36.2,19.6,15.1,18.0,13.3,16.2
Le Gué-de-Longroi (28700),/management/ville/le-gue-de-longroi/ville-28188,10.0,50.0,74.0,144.0,164.0,84.0,123.0,191.0,142.0,188.0,18.5,20.1,32.1,25.5,22.4,21.8,27.1,31.4
Hantay (59496),/management/ville/hantay/ville-59281,10.0,15.0,137.0,162.0,162.0,81.0,230.0,205.0,153.0,269.0,23.3,29.9,28.4,19.4,18.1,17.6,30.1,32.6
La Frénaye (76170),/management/ville/la-frenaye/ville-76281,15.0,61.0,82.0,246.0,256.0,251.0,458.0,493.0,281.0,299.0,22.6,37.2,40.6,22.2,20.3,16.4,16.5,22.5
Le Portel (62480),/management/ville/le-portel/ville-62667,15.0,185.0,130.0,731.0,1236.0,1516.0,2892.0,2035.0,1040.0,792.0,35.9,48.6,35.5,23.1,16.1,14.8,12.6,11.0
Labastide-de-Virac (07150),/management/ville/labastide-de-virac/ville-07113,0.0,29.0,5.0,43.0,43.0,19.0,43.0,54.0,57.0,84.0,18.9,16.7,28.7,15.9,21.7,28.1,30.8,41.7
Lenax (03130),/management/ville/lenax/ville-03142,27.0,5.0,11.0,5.0,42.0,53.0,88.0,66.0,37.0,16.0,34.3,51.0,41.9,20.8,18.1,17.6,5.7,9.8
Dortan (01590),/management/ville/dortan/ville-01148,0.0,75.0,95.0,220.0,185.0,335.0,424.0,447.0,229.0,305.0,25.9,34.5,38.5,23.3,15.1,17.5,20.5,22.9
La Proiselière-et-Langle (70310),/management/ville/la-proiseliere-et-langle/ville-70425,5.0,0.0,5.0,10.0,15.0,29.0,47.0,24.0,15.0,20.0,36.7,53.2,30.0,14.3,16.7,10.6,16.7,21.3
Les Pechs du Vers (46360),/management/ville/les-pechs-du-vers/ville-46252,19.0,10.0,19.0,15.0,49.0,15.0,63.0,68.0,43.0,93.0,19.1,28.5,29.4,20.1,16.9,14.6,34.6,35.4
Lalinde (24150),/management/ville/lalinde/ville-24223,0.0,90.0,50.0,110.0,395.0,300.0,873.0,724.0,334.0,412.0,32.9,40.9,36.8,23.5,12.8,15.4,17.4,17.7
Étaples (62630),/management/ville/etaples/ville-62318,42.0,201.0,286.0,711.0,1841.0,1532.0,3410.0,2340.0,1297.0,1044.0,32.1,50.9,37.9,19.9,17.1,15.1,12.8,13.0
Ergersheim (67120),/management/ville/ergersheim/ville-67127,24.0,24.0,102.0,229.0,239.0,117.0,147.0,285.0,162.0,353.0,12.9,18.3,33.3,24.3,18.5,15.8,35.4,39.0
Gruffy (74540),/management/ville/gruffy/ville-74138,20.0,81.0,137.0,212.0,162.0,147.0,250.0,263.0,206.0,431.0,19.5,23.9,26.9,18.8,17.7,18.1,35.9,39.0
Gathemo (50150),/management/ville/gathemo/ville-50195,10.0,15.0,0.0,19.0,25.0,49.0,106.0,48.0,21.0,17.0,53.1,56.7,29.2,19.4,11.5,10.3,6.3,11.3
Lapeyrouse (01330),/management/ville/lapeyrouse/ville-01207,5.0,21.0,15.0,62.0,46.0,21.0,52.0,52.0,52.0,76.0,21.3,24.1,27.9,17.0,23.8,21.4,27.0,38.4
La Chapelle-Bouëxic (35330),/management/ville/la-chapelle-bouexic/ville-35057,24.0,39.0,73.0,166.0,205.0,190.0,198.0,284.0,205.0,258.0,19.5,22.4,35.0,24.3,21.2,22.2,24.3,30.3
Fleurey-lès-Faverney (70160),/management/ville/fleurey-les-faverney/ville-70236,5.0,5.0,0.0,30.0,75.0,95.0,99.0,118.0,73.0,66.0,25.6,29.9,43.0,23.9,16.9,23.9,14.5,22.3
L'Absie (79240),/management/ville/l-absie/ville-79001,5.0,20.0,10.0,78.0,94.0,139.0,327.0,229.0,102.0,143.0,34.4,47.1,35.4,19.8,14.8,10.8,15.5,20.1
Fresnes-Tilloloy (80140),/management/ville/fresnes-tilloloy/ville-80354,0.0,5.0,5.0,20.0,36.0,36.0,56.0,32.0,20.0,23.0,41.3,45.6,33.3,15.2,12.7,17.6,12.7,22.1
Lavoncourt (70120),/management/ville/lavoncourt/ville-70299,0.0,15.0,0.0,30.0,45.0,45.0,103.0,89.0,27.0,28.0,40.3,43.0,40.3,26.8,9.2,12.5,10.1,12.5
Dévoluy (05250),/management/ville/devoluy/ville-05139,39.0,69.0,29.0,112.0,175.0,111.0,192.0,206.0,210.0,192.0,25.3,22.5,30.9,21.8,24.6,27.9,19.3,29.5
Gouy-Servins (62530),/management/ville/gouy-servins/ville-62380,0.0,0.0,20.0,95.0,45.0,0.0,33.0,48.0,48.0,111.0,9.9,17.6,27.3,14.0,17.4,22.7,45.5,47.1
Jettingen (68130),/management/ville/jettingen/ville-68158,0.0,0.0,51.0,56.0,66.0,46.0,79.0,143.0,63.0,107.0,13.9,25.9,44.4,25.8,15.5,17.1,26.2,28.3
Liessies (59740),/management/ville/liessies/ville-59347,0.0,20.0,20.0,99.0,54.0,50.0,101.0,112.0,69.0,120.0,24.3,26.4,31.7,22.5,16.8,17.9,27.2,31.8
Fay-le-Clos (26240),/management/ville/fay-le-clos/ville-26133,10.0,0.0,0.0,21.0,16.0,5.0,37.0,35.0,19.0,46.0,31.1,23.4,33.8,16.9,5.4,23.4,29.7,37.5
Gimat (82500),/management/ville/gimat/ville-82068,19.0,14.0,0.0,34.0,19.0,24.0,37.0,37.0,42.0,36.0,26.3,22.2,27.5,23.1,25.0,30.6,21.3,26.4
Hanvec (29460),/management/ville/hanvec/ville-29078,70.0,80.0,175.0,165.0,225.0,215.0,260.0,383.0,304.0,506.0,14.6,21.1,32.2,20.7,20.8,21.0,32.4,37.2
Le Gué-de-Velluire (85770),/management/ville/le-gue-de-velluire/ville-85105,10.0,10.0,0.0,30.0,71.0,112.0,163.0,138.0,62.0,60.0,33.8,43.5,41.4,22.3,12.9,16.8,11.9,15.9
Labastide-du-Haut-Mont (46210),/management/ville/labastide-du-haut-mont/ville-46135,10.0,0.0,0.0,5.0,5.0,5.0,15.0,7.0,12.0,9.0,33.3,36.8,16.7,17.6,29.2,26.3,20.8,21.1
Hermival-les-Vaux (14100),/management/ville/hermival-les-vaux/ville-14326,15.0,25.0,15.0,95.0,110.0,100.0,162.0,170.0,117.0,158.0,25.1,28.3,35.5,20.6,16.9,21.7,22.5,29.7
La Fresnaie-Fayel (61230),/management/ville/la-fresnaie-fayel/ville-61178,0.0,10.0,5.0,0.0,5.0,15.0,13.0,12.0,4.0,10.0,36.8,30.0,26.3,26.9,15.8,5.0,21.1,30.0
Écourt-Saint-Quentin (62860),/management/ville/ecourt-saint-quentin/ville-62284,0.0,39.0,34.0,178.0,272.0,248.0,469.0,327.0,209.0,267.0,29.9,43.3,34.0,17.8,16.7,16.0,19.4,22.4
Lencloître (86140),/management/ville/lencloitre/ville-86128,10.0,75.0,45.0,210.0,305.0,360.0,741.0,605.0,272.0,277.0,30.8,46.2,40.7,22.1,15.0,13.8,13.5,15.6
Forges-les-Eaux (76440),/management/ville/forges-les-eaux/ville-76276,10.0,95.0,95.0,250.0,620.0,355.0,1554.0,775.0,356.0,385.0,45.5,54.7,31.6,18.7,10.0,12.9,12.8,12.3
Le Pouget (34230),/management/ville/le-pouget/ville-34210,20.0,107.0,132.0,284.0,228.0,188.0,451.0,331.0,298.0,403.0,28.8,31.9,27.2,18.5,19.7,20.4,24.4,29.7
La Puisaye (28250),/management/ville/la-puisaye/ville-28310,0.0,5.0,5.0,21.0,53.0,21.0,76.0,61.0,30.0,47.0,32.4,38.5,33.3,21.5,15.2,12.8,19.0,24.8
Étaule (89200),/management/ville/etaule/ville-89159,5.0,14.0,18.0,44.0,84.0,42.0,93.0,93.0,60.0,48.0,31.9,31.5,35.4,26.6,18.8,22.1,13.9,18.1
Lalizolle (03450),/management/ville/lalizolle/ville-03135,9.0,18.0,13.0,18.0,58.0,27.0,66.0,79.0,63.0,53.0,20.9,29.5,39.5,23.7,16.3,31.8,23.3,17.4
,16.0,12.3,13.1,18.0
Lapeyrouse (63700),/management/ville/lapeyrouse/ville-63187,20.0,25.0,10.0,30.0,76.0,71.0,143.0,163.0,68.0,76.0,28.6,35.3,42.0,26.3,15.2,15.1,14.3,19.3
La Chapelle-Cécelin (50800),/management/ville/la-chapelle-cecelin/ville-50121,20.0,15.0,0.0,10.0,44.0,64.0,58.0,54.0,41.0,40.0,24.2,35.4,36.4,19.6,20.2,22.9,19.2,22.9
Fleurey-lès-Lavoncourt (70120),/management/ville/fleurey-les-lavoncourt/ville-70237,0.0,0.0,0.0,0.0,5.0,15.0,39.0,33.0,7.0,7.0,26.8,62.2,56.1,20.0,4.9,11.1,12.2,4.4
L'Aigle (61300),/management/ville/l-aigle/ville-61214,15.0,185.0,216.0,557.0,1013.0,963.0,2859.0,1575.0,723.0,976.0,40.8,51.3,31.1,19.4,12.3,11.4,15.8,16.0
Fay-les-Étangs (60240),/management/ville/fay-les-etangs/ville-60228,0.0,25.0,70.0,50.0,60.0,40.0,73.0,113.0,57.0,90.0,21.0,22.9,37.7,26.9,16.2,18.1,25.1,28.9
Devrouze (71330),/management/ville/devrouze/ville-71173,10.0,5.0,5.0,25.0,25.0,65.0,74.0,69.0,36.0,57.0,31.1,31.6,31.1,24.6,14.3,16.2,23.5,24.8
Liesville-sur-Douve (50480),/management/ville/liesville-sur-douve/ville-50269,15.0,5.0,5.0,15.0,15.0,45.0,48.0,48.0,28.0,30.0,26.9,35.5,38.5,22.8,16.7,19.7,17.9,21.1
Gouy-sous-Bellonne (62112),/management/ville/gouy-sous-bellonne/ville-62383,0.0,30.0,114.0,208.0,134.0,109.0,206.0,270.0,205.0,318.0,14.1,26.7,30.7,22.4,22.8,18.4,32.4,31.3
Jeu-les-Bois (36120),/management/ville/jeu-les-bois/ville-36089,10.0,15.0,25.0,35.0,65.0,65.0,70.0,103.0,62.0,47.0,20.8,29.0,45.1,26.2,21.5,22.5,12.5,21.0
Igornay (71540),/management/ville/igornay/ville-71237,5.0,36.0,15.0,57.0,41.0,62.0,132.0,157.0,71.0,56.0,22.5,40.6,47.5,26.0,14.7,19.3,15.2,11.8
Lencouacq (40120),/management/ville/lencouacq/ville-40149,0.0,10.0,5.0,31.0,61.0,31.0,86.0,108.0,47.0,80.0,25.3,28.4,36.7,25.7,16.9,12.3,21.1,29.0
La Fresnais (35111),/management/ville/la-fresnais/ville-35116,30.0,65.0,70.0,220.0,395.0,360.0,510.0,675.0,296.0,327.0,22.7,33.4,44.9,26.5,16.6,16.2,15.9,20.2
Labastide-du-Temple (82100),/management/ville/labastide-du-temple/ville-82080,15.0,30.0,20.0,157.0,142.0,132.0,218.0,286.0,160.0,136.0,23.7,30.5,43.2,26.3,21.1,19.0,12.0,21.6
Hermonville (51220),/management/ville/hermonville/ville-51291,10.0,87.0,174.0,179.0,128.0,97.0,237.0,258.0,160.0,374.0,16.9,28.4,31.3,18.4,17.1,14.2,34.6,38.0
Le Guerno (56190),/management/ville/le-guerno/ville-56077,35.0,10.0,30.0,140.0,150.0,145.0,138.0,238.0,131.0,163.0,14.3,26.6,47.3,23.8,16.8,22.2,21.6,26.9
Hanviller (57230),/management/ville/hanviller/ville-57294,0.0,10.0,10.0,0.0,30.0,56.0,57.0,60.0,21.0,26.0,27.3,42.7,45.5,23.8,11.4,14.7,15.9,16.0
Gimbrède (32340),/management/ville/gimbrede/ville-32146,0.0,5.0,11.0,27.0,38.0,59.0,69.0,84.0,40.0,45.0,23.4,35.1,43.5,24.2,15.3,17.5,17.7,21.1
Forges-sur-Meuse (55110),/management/ville/forges-sur-meuse/ville-55193,25.0,0.0,0.0,25.0,5.0,10.0,26.0,38.0,16.0,20.0,21.6,30.6,43.1,29.1,11.8,20.4,23.5,16.3
Écoust-Saint-Mein (62128),/management/ville/ecoust-saint-mein/ville-62285,0.0,10.0,30.0,65.0,55.0,60.0,75.0,98.0,63.0,110.0,16.8,26.3,36.5,20.3,17.4,19.0,29.3,34.1
Le Poujol-sur-Orb (34600),/management/ville/le-poujol-sur-orb/ville-34211,0.0,61.0,25.0,137.0,158.0,132.0,295.0,249.0,141.0,143.0,33.4,37.6,36.2,23.4,14.0,20.0,16.5,18.1
Étaules (17750),/management/ville/etaules/ville-17155,36.0,76.0,56.0,187.0,319.0,183.0,738.0,578.0,317.0,306.0,33.6,41.9,35.1,23.3,15.5,17.2,15.8,15.7
Ergny (62650),/management/ville/ergny/ville-62302,5.0,10.0,10.0,31.0,36.0,25.0,65.0,42.0,25.0,41.0,28.6,48.8,29.7,16.9,15.4,13.8,26.4,20.0
Lapeyrouse-Fossat (31180),/management/ville/lapeyrouse-fossat/ville-31273,5.0,148.0,414.0,437.0,347.0,128.0,330.0,433.0,333.0,889.0,14.2,19.1,25.8,17.6,17.4,16.1,42.7,46.9
La Puye (86260),/management/ville/la-puye/ville-86202,10.0,21.0,10.0,57.0,87.0,82.0,191.0,151.0,68.0,88.0,31.4,43.4,37.6,22.0,16.7,11.5,14.3,20.1
Grugny (76690),/management/ville/grugny/ville-76331,6.0,21.0,26.0,63.0,85.0,85.0,493.0,200.0,53.0,103.0,53.1,63.0,31.1,15.2,5.1,7.3,10.8,13.2
Gattières (06510),/management/ville/gattieres/ville-06064,20.0,230.0,330.0,585.0,465.0,335.0,748.0,747.0,594.0,998.0,22.4,25.9,27.6,20.8,18.4,20.0,31.6,33.0
La Chapelle-Chaussée (35630),/management/ville/la-chapelle-chaussee/ville-35058,20.0,60.0,94.0,154.0,164.0,159.0,126.0,205.0,128.0,346.0,15.6,15.9,30.5,19.3,14.4,17.7,39.4,46.7
Dosnon (10700),/management/ville/dosnon/ville-10130,10.0,0.0,0.0,16.0,10.0,10.0,23.0,23.0,12.0,17.0,20.6,41.0,38.2,22.0,14.7,17.9,26.5,17.9
Lallaing (59167),/management/ville/lallaing/ville-59327,10.0,89.0,142.0,466.0,787.0,803.0,1970.0,1321.0,697.0,569.0,35.3,49.7,37.7,20.6,15.0,15.5,12.0,12.9
Fleurey-lès-Saint-Loup (70800),/management/ville/fleurey-les-saint-loup/ville-70238,5.0,5.0,5.0,5.0,15.0,30.0,31.0,55.0,11.0,7.0,22.0,37.0,62.0,33.3,10.0,11.1,6.0,7.4
Igoville (27460),/management/ville/igoville/ville-27348,5.0,35.0,70.0,285.0,275.0,230.0,375.0,392.0,241.0,298.0,27.1,30.3,35.6,23.5,16.7,20.2,20.6,25.0
L'Aiguillon (09300),/management/ville/l-aiguillon/ville-09003,0.0,15.0,5.0,25.0,56.0,61.0,158.0,109.0,47.0,39.0,34.6,55.9,39.0,19.7,15.4,11.2,11.0,11.2
Lavoûte-Chilhac (43380),/management/ville/lavoute-chilhac/ville-43118,0.0,17.0,16.0,25.0,20.0,26.0,74.0,67.0,41.0,50.0,24.8,37.8,31.4,24.1,20.0,15.7,23.8,19.7
Liettres (62145),/management/ville/liettres/ville-62509,5.0,0.0,30.0,35.0,25.0,65.0,48.0,63.0,43.0,60.0,20.8,24.1,35.8,21.7,23.6,16.7,19.8,36.1
Deycimont (88600),/management/ville/deycimont/ville-88131,15.0,0.0,10.0,40.0,35.0,35.0,63.0,61.0,33.0,56.0,26.4,32.7,35.8,20.9,13.2,17.3,24.5,28.2
Jeu-Maloches (36240),/management/ville/jeu-maloches/ville-36090,0.0,0.0,15.0,0.0,15.0,15.0,55.0,36.0,13.0,7.0,38.0,59.0,40.0,22.5,14.0,9.8,8.0,4.9
Fay-lès-Marcilly (10290),/management/ville/fay-les-marcilly/ville-10146,0.0,5.0,20.0,0.0,0.0,0.0,18.0,23.0,8.0,16.0,20.0,36.7,42.9,23.5,11.4,13.3,25.7,23.3
Fresney (27220),/management/ville/fresney/ville-27271,5.0,0.0,15.0,55.0,20.0,65.0,43.0,85.0,39.0,54.0,18.6,20.4,45.1,28.8,13.3,22.2,23.0,25.9
Gouzangrez (95450),/management/ville/gouzangrez/ville-95282,10.0,5.0,35.0,15.0,15.0,0.0,16.0,28.0,27.0,51.0,11.1,15.3,25.4,21.8,17.5,27.1,46.0,37.3
Les Pennes-Mirabeau (13170),/management/ville/les-pennes-mirabeau/ville-13071,23.0,620.0,1516.0,3016.0,2854.0,1482.0,4355.0,4234.0,2821.0,4792.0,26.0,27.6,29.4,22.1,16.8,18.0,27.8,31.2
Labastide-du-Vert (46150),/management/ville/labastide-du-vert/ville-46136,5.0,19.0,24.0,39.0,44.0,24.0,43.0,50.0,48.0,59.0,14.4,28.4,29.9,20.8,25.8,21.6,29.9,29.4
Lendou-en-Quercy (46800),/management/ville/lendou-en-quercy/ville-46262,69.0,48.0,25.0,15.0,64.0,64.0,161.0,142.0,85.0,124.0,29.1,34.1,36.0,19.1,14.3,18.8,20.5,27.8
Hernicourt (62130),/management/ville/hernicourt/ville-62442,5.0,10.0,20.0,50.0,65.0,60.0,119.0,115.0,80.0,83.0,27.2,32.8,34.2,22.3,22.3,17.9,16.3,25.6
Gimeaux (63200),/management/ville/gimeaux/ville-63167,5.0,20.0,15.0,45.0,35.0,65.0,70.0,76.0,74.0,81.0,17.1,29.0,34.2,17.8,26.7,22.6,21.9,31.6
Hanvoile (60650),/management/ville/hanvoile/ville-60298,5.0,20.0,30.0,45.0,120.0,75.0,117.0,137.0,80.0,118.0,23.5,28.1,39.2,21.5,16.1,19.1,21.2,30.6
17.8
Forgues (31370),/management/ville/forgues/ville-31189,10.0,15.0,10.0,29.0,20.0,25.0,27.0,26.0,42.0,54.0,20.8,16.2,18.2,18.8,27.3,29.7,33.8,37.8
Écouves (61250),/management/ville/ecouves/ville-61341,5.0,57.0,53.0,250.0,241.0,139.0,340.0,403.0,205.0,302.0,24.8,29.5,38.4,24.3,15.5,17.2,21.3,26.7
Le Pouliguen (44510),/management/ville/le-pouliguen/ville-44135,39.0,148.0,156.0,331.0,489.0,232.0,1298.0,930.0,728.0,880.0,26.5,39.6,29.0,20.2,18.7,19.1,25.8,20.7
